,0,1,2,3,4,5,6,status,Run,n_Mechanics,n_Vans,Response,Replace
0,2019-12-02 01:08:00.000000,2019-12-02 00:00:55.000000,2019-12-02 00:16:06.674511,2019-12-02 00:16:24.511386,,,,Onsite,1,40,40,-1 days +22:52:55.000000000,0 days 00:15:29.511386000
1,2019-12-02 00:46:00.000000,2019-12-02 00:46:35.000000,2019-12-02 01:05:51.354191,2019-12-02 01:06:05.377850,,,,Onsite,1,40,40,0 days 00:00:35.000000000,0 days 00:19:30.377850000
2,2019-12-02 02:17:00.000000,2019-12-02 02:17:35.000000,2019-12-02 02:33:34.843402,2019-12-02 02:34:09.843402,2019-12-02 03:12:49.548322,2019-12-02 03:13:24.548322,2019-12-02 03:28:36.647878,Replace,1,40,40,0 days 00:00:35.000000000,0 days 00:16:34.843402000
3,2019-12-02 03:38:00.000000,2019-12-02 03:38:30.000000,2019-12-02 03:52:57.528624,2019-12-02 03:53:27.528624,2019-12-02 04:22:08.853466,2019-12-02 04:22:38.853466,2019-12-02 04:35:23.161454,Replace,1,40,40,0 days 00:00:30.000000000,0 days 00:14:57.528624000
4,2019-12-02 04:45:00.000000,2019-12-02 04:45:30.000000,2019-12-02 05:03:03.308474,2019-12-02 05:03:15.714860,,,,Onsite,1,40,40,0 days 00:00:30.000000000,0 days 00:17:45.714860000
5,2019-12-02 05:40:00.000000,2019-12-02 05:40:45.000000,2019-12-02 05:54:38.838249,2019-12-02 05:55:23.838249,2019-12-02 06:20:42.097441,2019-12-02 06:21:27.097441,2019-12-02 06:36:25.376230,Replace,1,40,40,0 days 00:00:45.000000000,0 days 00:14:38.838249000
6,2019-12-02 06:54:00.000000,2019-12-02 06:54:50.000000,2019-12-02 07:13:08.576664,2019-12-02 07:13:18.810808,,,,Onsite,1,40,40,0 days 00:00:50.000000000,0 days 00:18:28.810808000
7,2019-12-02 08:02:00.000000,2019-12-02 08:02:35.000000,2019-12-02 08:20:15.795399,2019-12-02 08:20:47.106956,,,,Onsite,1,40,40,0 days 00:00:35.000000000,0 days 00:18:12.106956000
8,2019-12-02 09:14:00.000000,2019-12-02 09:14:25.000000,2019-12-02 09:28:01.592757,2019-12-02 09:28:10.001562,,,,Onsite,1,40,40,0 days 00:00:25.000000000,0 days 00:13:45.001562000
9,2019-12-02 10:26:00.000000,2019-12-02 10:26:35.000000,2019-12-02 10:47:45.643561,2019-12-02 10:48:20.643561,2019-12-02 11:16:59.715370,2019-12-02 11:17:34.715370,2019-12-02 11:29:33.131553,Replace,1,40,40,0 days 00:00:35.000000000,0 days 00:21:45.643561000
10,2019-12-02 11:35:00.000000,2019-12-02 11:35:45.000000,2019-12-02 11:49:42.057153,2019-12-02 11:50:27.057153,2019-12-02 12:20:30.473175,2019-12-02 12:21:15.473175,2019-12-02 12:41:38.312405,Replace,1,40,40,0 days 00:00:45.000000000,0 days 00:14:42.057153000
11,2019-12-02 12:43:00.000000,2019-12-02 12:43:35.000000,2019-12-02 12:57:32.385082,2019-12-02 12:58:01.503621,,,,Onsite,1,40,40,0 days 00:00:35.000000000,0 days 00:14:26.503621000
12,2019-12-02 13:47:00.000000,2019-12-02 13:47:30.000000,2019-12-02 14:03:03.736368,2019-12-02 14:03:13.821258,,,,Onsite,1,40,40,0 days 00:00:30.000000000,0 days 00:15:43.821258000
13,2019-12-02 14:58:00.000000,2019-12-02 14:58:50.000000,2019-12-02 15:14:38.907843,2019-12-02 15:14:53.147885,,,,Onsite,1,40,40,0 days 00:00:50.000000000,0 days 00:16:03.147885000
14,2019-12-02 16:16:00.000000,2019-12-02 16:16:25.000000,2019-12-02 16:34:12.905392,2019-12-02 16:34:37.905392,2019-12-02 17:23:26.766187,2019-12-02 17:23:51.766187,2019-12-02 17:42:04.237206,Replace,1,40,40,0 days 00:00:25.000000000,0 days 00:18:12.905392000
15,2019-12-02 17:13:00.000000,2019-12-02 17:13:30.000000,2019-12-02 17:23:41.390942,2019-12-02 17:24:11.390942,2019-12-02 18:03:24.752381,2019-12-02 18:03:54.752381,2019-12-02 18:21:32.271730,Replace,1,40,40,0 days 00:00:30.000000000,0 days 00:10:41.390942000
16,2019-12-02 18:19:00.000000,2019-12-02 18:19:30.000000,2019-12-02 18:37:57.985180,2019-12-02 18:38:04.497099,,,,Onsite,1,40,40,0 days 00:00:30.000000000,0 days 00:18:34.497099000
17,2019-12-02 19:13:00.000000,2019-12-02 19:13:45.000000,2019-12-02 19:30:19.921671,2019-12-02 19:30:32.001561,,,,Onsite,1,40,40,0 days 00:00:45.000000000,0 days 00:16:47.001561000
18,2019-12-02 20:32:00.000000,2019-12-02 20:32:25.000000,2019-12-02 20:46:58.835674,2019-12-02 20:47:28.553097,,,,Onsite,1,40,40,0 days 00:00:25.000000000,0 days 00:15:03.553097000
19,2019-12-02 21:28:00.000000,2019-12-02 21:28:45.000000,2019-12-02 21:47:39.989507,2019-12-02 21:48:24.989507,2019-12-02 22:27:04.639411,2019-12-02 22:27:49.639411,2019-12-02 22:42:35.964047,Replace,1,40,40,0 days 00:00:45.000000000,0 days 00:19:39.989507000
0,2019-12-02 01:20:00.000000,2019-12-02 00:00:35.000000,2019-12-02 00:17:59.184527,2019-12-02 00:18:12.602772,,,,Onsite,2,40,40,-1 days +22:40:35.000000000,0 days 00:17:37.602772000
1,2019-12-02 01:26:00.000000,2019-12-02 01:26:30.000000,2019-12-02 01:44:24.769522,2019-12-02 01:44:54.769522,2019-12-02 02:23:57.796065,2019-12-02 02:24:27.796065,2019-12-02 02:46:29.912203,Replace,2,40,40,0 days 00:00:30.000000000,0 days 00:18:24.769522000
2,2019-12-02 02:35:00.000000,2019-12-02 02:35:45.000000,2019-12-02 02:51:52.997272,2019-12-02 02:52:37.997272,2019-12-02 03:35:09.000527,2019-12-02 03:35:54.000527,2019-12-02 03:57:08.025271,Replace,2,40,40,0 days 00:00:45.000000000,0 days 00:16:52.997272000
3,2019-12-02 03:47:00.000000,2019-12-02 03:47:35.000000,2019-12-02 04:07:29.012712,2019-12-02 04:08:04.012712,2019-12-02 04:50:19.264457,2019-12-02 04:50:54.264457,2019-12-02 05:11:20.954329,Replace,2,40,40,0 days 00:00:35.000000000,0 days 00:20:29.012712000
4,2019-12-02 04:55:00.000000,2019-12-02 04:55:50.000000,2019-12-02 05:10:03.395506,2019-12-02 05:10:19.668541,,,,Onsite,2,40,40,0 days 00:00:50.000000000,0 days 00:14:29.668541000
5,2019-12-02 05:59:00.000000,2019-12-02 05:59:55.000000,2019-12-02 06:11:26.450752,2019-12-02 06:12:21.450752,2019-12-02 06:46:57.212141,2019-12-02 06:47:52.212141,2019-12-02 07:00:54.618725,Replace,2,40,40,0 days 00:00:55.000000000,0 days 00:12:26.450752000
6,2019-12-02 07:06:00.000000,2019-12-02 07:06:30.000000,2019-12-02 07:24:59.825856,2019-12-02 07:25:29.825856,2019-12-02 07:55:05.274507,2019-12-02 07:55:35.274507,2019-12-02 08:07:12.558740,Replace,2,40,40,0 days 00:00:30.000000000,0 days 00:18:59.825856000
7,2019-12-02 07:59:00.000000,2019-12-02 07:59:45.000000,2019-12-02 08:16:53.166624,2019-12-02 08:16:59.472429,,,,Onsite,2,40,40,0 days 00:00:45.000000000,0 days 00:17:14.472429000
8,2019-12-02 09:15:00.000000,2019-12-02 09:15:45.000000,2019-12-02 09:32:31.669266,2019-12-02 09:33:16.669266,2019-12-02 10:04:45.066320,2019-12-02 10:05:30.066320,2019-12-02 10:21:45.892028,Replace,2,40,40,0 days 00:00:45.000000000,0 days 00:17:31.669266000
9,2019-12-02 10:18:00.000000,2019-12-02 10:18:50.000000,2019-12-02 10:29:49.768638,2019-12-02 10:30:39.768638,2019-12-02 11:04:38.915247,2019-12-02 11:05:28.915247,2019-12-02 11:22:48.265834,Replace,2,40,40,0 days 00:00:50.000000000,0 days 00:11:49.768638000
10,2019-12-02 11:25:00.000000,2019-12-02 11:25:55.000000,2019-12-02 11:45:04.315495,2019-12-02 11:45:13.923743,,,,Onsite,2,40,40,0 days 00:00:55.000000000,0 days 00:19:18.923743000
11,2019-12-02 12:21:00.000000,2019-12-02 12:21:25.000000,2019-12-02 12:39:59.028121,2019-12-02 12:40:24.028121,2019-12-02 13:08:13.543150,2019-12-02 13:08:38.543150,2019-12-02 13:26:43.525491,Replace,2,40,40,0 days 00:00:25.000000000,0 days 00:18:59.028121000
12,2019-12-02 13:30:00.000000,2019-12-02 13:30:45.000000,2019-12-02 13:47:35.523790,2019-12-02 13:48:20.523790,2019-12-02 14:22:56.458026,2019-12-02 14:23:41.458026,2019-12-02 14:40:10.000602,Replace,2,40,40,0 days 00:00:45.000000000,0 days 00:17:35.523790000
13,2019-12-02 14:51:00.000000,2019-12-02 14:51:55.000000,2019-12-02 15:06:31.090212,2019-12-02 15:06:52.919040,,,,Onsite,2,40,40,0 days 00:00:55.000000000,0 days 00:14:57.919040000
14,2019-12-02 16:01:00.000000,2019-12-02 16:01:35.000000,2019-12-02 16:16:04.161150,2019-12-02 16:16:39.161150,2019-12-02 16:44:16.710106,2019-12-02 16:44:51.710106,2019-12-02 17:06:47.419714,Replace,2,40,40,0 days 00:00:35.000000000,0 days 00:15:04.161150000
15,2019-12-02 17:21:00.000000,2019-12-02 17:21:45.000000,2019-12-02 17:39:23.573788,2019-12-02 17:40:08.573788,2019-12-02 18:07:33.746308,2019-12-02 18:08:18.746308,2019-12-02 18:26:30.530957,Replace,2,40,40,0 days 00:00:45.000000000,0 days 00:18:23.573788000
16,2019-12-02 18:40:00.000000,2019-12-02 18:40:45.000000,2019-12-02 18:53:01.662362,2019-12-02 18:53:13.322002,,,,Onsite,2,40,40,0 days 00:00:45.000000000,0 days 00:12:28.322002000
17,2019-12-02 19:55:00.000000,2019-12-02 19:55:50.000000,2019-12-02 20:06:15.424804,2019-12-02 20:06:35.628795,,,,Onsite,2,40,40,0 days 00:00:50.000000000,0 days 00:10:45.628795000
18,2019-12-02 21:02:00.000000,2019-12-02 21:02:35.000000,2019-12-02 21:15:41.168572,2019-12-02 21:15:59.510261,,,,Onsite,2,40,40,0 days 00:00:35.000000000,0 days 00:13:24.510261000
19,2019-12-02 21:58:00.000000,2019-12-02 21:58:50.000000,2019-12-02 22:11:09.040306,2019-12-02 22:11:11.788870,,,,Onsite,2,40,40,0 days 00:00:50.000000000,0 days 00:12:21.788870000
0,2019-12-02 01:07:00.000000,2019-12-02 00:00:35.000000,2019-12-02 00:08:56.606434,2019-12-02 00:09:06.678741,,,,Onsite,3,40,40,-1 days +22:53:35.000000000,0 days 00:08:31.678741000
1,2019-12-02 01:10:00.000000,2019-12-02 01:10:35.000000,2019-12-02 01:27:58.484711,2019-12-02 01:28:29.193968,,,,Onsite,3,40,40,0 days 00:00:35.000000000,0 days 00:17:54.193968000
2,2019-12-02 02:06:00.000000,2019-12-02 02:06:30.000000,2019-12-02 02:22:21.531824,2019-12-02 02:22:43.292929,,,,Onsite,3,40,40,0 days 00:00:30.000000000,0 days 00:16:13.292929000
3,2019-12-02 03:34:00.000000,2019-12-02 03:34:45.000000,2019-12-02 03:49:30.456256,2019-12-02 03:49:43.931304,,,,Onsite,3,40,40,0 days 00:00:45.000000000,0 days 00:14:58.931304000
4,2019-12-02 04:36:00.000000,2019-12-02 04:36:35.000000,2019-12-02 04:51:35.386110,2019-12-02 04:51:42.951008,,,,Onsite,3,40,40,0 days 00:00:35.000000000,0 days 00:15:07.951008000
5,2019-12-02 05:49:00.000000,2019-12-02 05:49:45.000000,2019-12-02 06:07:26.618384,2019-12-02 06:08:11.618384,2019-12-02 06:39:01.830182,2019-12-02 06:39:46.830182,2019-12-02 06:52:31.131357,Replace,3,40,40,0 days 00:00:45.000000000,0 days 00:18:26.618384000
6,2019-12-02 06:53:00.000000,2019-12-02 06:53:35.000000,2019-12-02 07:12:11.726763,2019-12-02 07:12:26.981409,,,,Onsite,3,40,40,0 days 00:00:35.000000000,0 days 00:18:51.981409000
7,2019-12-02 08:12:00.000000,2019-12-02 08:12:45.000000,2019-12-02 08:30:11.034331,2019-12-02 08:30:56.034331,2019-12-02 09:20:05.017463,2019-12-02 09:20:50.017463,2019-12-02 09:42:36.477487,Replace,3,40,40,0 days 00:00:45.000000000,0 days 00:18:11.034331000
8,2019-12-02 09:28:00.000000,2019-12-02 09:28:35.000000,2019-12-02 09:46:19.663983,2019-12-02 09:46:55.768301,,,,Onsite,3,40,40,0 days 00:00:35.000000000,0 days 00:18:20.768301000
9,2019-12-02 10:25:00.000000,2019-12-02 10:25:35.000000,2019-12-02 10:38:10.193083,2019-12-02 10:38:19.158184,,,,Onsite,3,40,40,0 days 00:00:35.000000000,0 days 00:12:44.158184000
10,2019-12-02 11:27:00.000000,2019-12-02 11:27:30.000000,2019-12-02 11:44:21.630777,2019-12-02 11:44:34.015638,,,,Onsite,3,40,40,0 days 00:00:30.000000000,0 days 00:17:04.015638000
11,2019-12-02 12:37:00.000000,2019-12-02 12:37:35.000000,2019-12-02 12:51:47.297855,2019-12-02 12:52:22.297855,2019-12-02 13:27:33.642443,2019-12-02 13:28:08.642443,2019-12-02 13:47:59.495209,Replace,3,40,40,0 days 00:00:35.000000000,0 days 00:14:47.297855000
12,2019-12-02 13:41:00.000000,2019-12-02 13:41:35.000000,2019-12-02 13:58:11.891051,2019-12-02 13:58:46.891051,2019-12-02 14:33:38.470528,2019-12-02 14:34:13.470528,2019-12-02 14:47:47.508400,Replace,3,40,40,0 days 00:00:35.000000000,0 days 00:17:11.891051000
13,2019-12-02 14:53:00.000000,2019-12-02 14:53:55.000000,2019-12-02 15:05:49.870024,2019-12-02 15:06:44.870024,2019-12-02 15:37:57.968204,2019-12-02 15:38:52.968204,2019-12-02 15:55:33.291638,Replace,3,40,40,0 days 00:00:55.000000000,0 days 00:12:49.870024000
14,2019-12-02 16:00:00.000000,2019-12-02 16:00:45.000000,2019-12-02 16:13:53.779266,2019-12-02 16:14:38.779266,2019-12-02 16:56:46.226467,2019-12-02 16:57:31.226467,2019-12-02 17:12:37.833757,Replace,3,40,40,0 days 00:00:45.000000000,0 days 00:13:53.779266000
15,2019-12-02 17:16:00.000000,2019-12-02 17:16:45.000000,2019-12-02 17:33:30.860407,2019-12-02 17:34:15.860407,2019-12-02 17:58:12.467765,2019-12-02 17:58:57.467765,2019-12-02 18:17:33.964791,Replace,3,40,40,0 days 00:00:45.000000000,0 days 00:17:30.860407000
16,2019-12-02 18:25:00.000000,2019-12-02 18:25:25.000000,2019-12-02 18:41:25.971670,2019-12-02 18:41:50.971670,2019-12-02 19:14:29.703214,2019-12-02 19:14:54.703214,2019-12-02 19:28:00.685703,Replace,3,40,40,0 days 00:00:25.000000000,0 days 00:16:25.971670000
17,2019-12-02 19:38:00.000000,2019-12-02 19:38:30.000000,2019-12-02 19:52:04.255520,2019-12-02 19:52:21.661872,,,,Onsite,3,40,40,0 days 00:00:30.000000000,0 days 00:13:51.661872000
18,2019-12-02 20:56:00.000000,2019-12-02 20:56:50.000000,2019-12-02 21:12:29.095892,2019-12-02 21:13:19.095892,2019-12-02 22:02:43.734446,2019-12-02 22:03:33.734446,2019-12-02 22:22:44.564962,Replace,3,40,40,0 days 00:00:50.000000000,0 days 00:16:29.095892000
0,2019-12-02 00:58:00.000000,2019-12-02 00:00:45.000000,2019-12-02 00:17:22.170490,2019-12-02 00:18:07.170490,2019-12-02 00:57:50.056903,2019-12-02 00:58:35.056903,2019-12-02 01:19:03.194676,Replace,4,40,40,-1 days +23:02:45.000000000,0 days 00:17:22.170490000
1,2019-12-02 01:27:00.000000,2019-12-02 01:27:35.000000,2019-12-02 01:38:41.885246,2019-12-02 01:39:16.885246,2019-12-02 02:22:23.504473,2019-12-02 02:22:58.504473,2019-12-02 02:37:53.018590,Replace,4,40,40,0 days 00:00:35.000000000,0 days 00:11:41.885246000
2,2019-12-02 02:42:00.000000,2019-12-02 02:42:55.000000,2019-12-02 03:06:42.870523,2019-12-02 03:07:37.870523,2019-12-02 03:52:02.513535,2019-12-02 03:52:57.513535,2019-12-02 04:09:02.904206,Replace,4,40,40,0 days 00:00:55.000000000,0 days 00:24:42.870523000
3,2019-12-02 03:53:00.000000,2019-12-02 03:53:25.000000,2019-12-02 04:07:29.348789,2019-12-02 04:07:54.348789,2019-12-02 04:36:15.430818,2019-12-02 04:36:40.430818,2019-12-02 04:49:30.723457,Replace,4,40,40,0 days 00:00:25.000000000,0 days 00:14:29.348789000
4,2019-12-02 04:44:00.000000,2019-12-02 04:44:50.000000,2019-12-02 05:01:13.090126,2019-12-02 05:01:30.148134,,,,Onsite,4,40,40,0 days 00:00:50.000000000,0 days 00:16:40.148134000
5,2019-12-02 05:42:00.000000,2019-12-02 05:42:35.000000,2019-12-02 05:56:34.095616,2019-12-02 05:57:09.095616,2019-12-02 06:25:10.524092,2019-12-02 06:25:45.524092,2019-12-02 06:40:18.406397,Replace,4,40,40,0 days 00:00:35.000000000,0 days 00:14:34.095616000
6,2019-12-02 06:51:00.000000,2019-12-02 06:51:25.000000,2019-12-02 07:09:17.826990,2019-12-02 07:09:42.826990,2019-12-02 07:41:34.053412,2019-12-02 07:41:59.053412,2019-12-02 07:54:08.644189,Replace,4,40,40,0 days 00:00:25.000000000,0 days 00:18:17.826990000
7,2019-12-02 08:14:00.000000,2019-12-02 08:14:30.000000,2019-12-02 08:34:31.705001,2019-12-02 08:34:45.336251,,,,Onsite,4,40,40,0 days 00:00:30.000000000,0 days 00:20:15.336251000
8,2019-12-02 09:20:00.000000,2019-12-02 09:20:35.000000,2019-12-02 09:39:01.803409,2019-12-02 09:39:15.502501,,,,Onsite,4,40,40,0 days 00:00:35.000000000,0 days 00:18:40.502501000
9,2019-12-02 10:23:00.000000,2019-12-02 10:23:55.000000,2019-12-02 10:41:04.092526,2019-12-02 10:41:59.092526,2019-12-02 11:10:06.903926,2019-12-02 11:11:01.903926,2019-12-02 11:29:24.340444,Replace,4,40,40,0 days 00:00:55.000000000,0 days 00:18:04.092526000
10,2019-12-02 11:34:00.000000,2019-12-02 11:34:45.000000,2019-12-02 11:55:20.327959,2019-12-02 11:55:51.435999,,,,Onsite,4,40,40,0 days 00:00:45.000000000,0 days 00:21:06.435999000
11,2019-12-02 12:48:00.000000,2019-12-02 12:48:35.000000,2019-12-02 13:08:08.974356,2019-12-02 13:08:43.974356,2019-12-02 13:38:30.230214,2019-12-02 13:39:05.230214,2019-12-02 13:49:10.455502,Replace,4,40,40,0 days 00:00:35.000000000,0 days 00:20:08.974356000
12,2019-12-02 13:53:00.000000,2019-12-02 13:53:35.000000,2019-12-02 14:08:04.220048,2019-12-02 14:08:39.220048,2019-12-02 14:46:22.308442,2019-12-02 14:46:57.308442,2019-12-02 15:04:47.665581,Replace,4,40,40,0 days 00:00:35.000000000,0 days 00:15:04.220048000
13,2019-12-02 15:01:00.000000,2019-12-02 15:01:55.000000,2019-12-02 15:18:10.717363,2019-12-02 15:19:05.717363,2019-12-02 15:52:58.506514,2019-12-02 15:53:53.506514,2019-12-02 16:09:50.175514,Replace,4,40,40,0 days 00:00:55.000000000,0 days 00:17:10.717363000
14,2019-12-02 16:14:00.000000,2019-12-02 16:14:45.000000,2019-12-02 16:29:26.451275,2019-12-02 16:30:11.451275,2019-12-02 17:09:24.345219,2019-12-02 17:10:09.345219,2019-12-02 17:22:35.070879,Replace,4,40,40,0 days 00:00:45.000000000,0 days 00:15:26.451275000
15,2019-12-02 18:11:00.000000,2019-12-02 18:11:45.000000,2019-12-02 18:27:28.595072,2019-12-02 18:27:38.693613,,,,Onsite,4,40,40,0 days 00:00:45.000000000,0 days 00:15:53.693613000
16,2019-12-02 17:12:00.000000,2019-12-02 17:12:45.000000,2019-12-02 17:28:11.633700,2019-12-02 17:28:56.633700,2019-12-02 18:11:37.722665,2019-12-02 18:12:22.722665,2019-12-02 18:23:46.193582,Replace,4,40,40,0 days 00:00:45.000000000,0 days 00:16:11.633700000
17,2019-12-02 19:24:00.000000,2019-12-02 19:24:35.000000,2019-12-02 19:43:42.836379,2019-12-02 19:44:17.836379,2019-12-02 20:31:13.366912,2019-12-02 20:31:48.366912,2019-12-02 20:49:30.666223,Replace,4,40,40,0 days 00:00:35.000000000,0 days 00:19:42.836379000
18,2019-12-02 20:32:00.000000,2019-12-02 20:32:45.000000,2019-12-02 20:49:59.281642,2019-12-02 20:50:44.281642,2019-12-02 21:18:28.774963,2019-12-02 21:19:13.774963,2019-12-02 21:41:28.995479,Replace,4,40,40,0 days 00:00:45.000000000,0 days 00:17:59.281642000
19,2019-12-02 21:42:00.000000,2019-12-02 21:42:35.000000,2019-12-02 21:59:33.953209,2019-12-02 21:59:46.647362,,,,Onsite,4,40,40,0 days 00:00:35.000000000,0 days 00:17:11.647362000
0,2019-12-02 01:16:00.000000,2019-12-02 00:00:35.000000,2019-12-02 00:14:38.906636,2019-12-02 00:14:46.054947,,,,Onsite,5,40,40,-1 days +22:44:35.000000000,0 days 00:14:11.054947000
1,2019-12-02 01:11:00.000000,2019-12-02 01:11:45.000000,2019-12-02 01:27:19.989479,2019-12-02 01:28:04.989479,2019-12-02 01:59:56.438529,2019-12-02 02:00:41.438529,2019-12-02 02:18:27.586769,Replace,5,40,40,0 days 00:00:45.000000000,0 days 00:16:19.989479000
2,2019-12-02 02:11:00.000000,2019-12-02 02:11:55.000000,2019-12-02 02:23:43.394916,2019-12-02 02:24:38.394916,2019-12-02 03:23:37.464426,2019-12-02 03:24:32.464426,2019-12-02 03:41:12.958563,Replace,5,40,40,0 days 00:00:55.000000000,0 days 00:12:43.394916000
3,2019-12-02 03:26:00.000000,2019-12-02 03:26:45.000000,2019-12-02 03:36:40.257662,2019-12-02 03:37:25.257662,2019-12-02 04:17:49.061965,2019-12-02 04:18:34.061965,2019-12-02 04:33:41.002974,Replace,5,40,40,0 days 00:00:45.000000000,0 days 00:10:40.257662000
4,2019-12-02 04:36:00.000000,2019-12-02 04:36:45.000000,2019-12-02 04:51:05.707098,2019-12-02 04:51:50.707098,2019-12-02 05:18:14.905669,2019-12-02 05:18:59.905669,2019-12-02 05:40:34.457521,Replace,5,40,40,0 days 00:00:45.000000000,0 days 00:15:05.707098000
5,2019-12-02 05:40:00.000000,2019-12-02 05:40:30.000000,2019-12-02 05:59:03.662214,2019-12-02 05:59:19.986795,,,,Onsite,5,40,40,0 days 00:00:30.000000000,0 days 00:18:49.986795000
6,2019-12-02 06:58:00.000000,2019-12-02 06:58:30.000000,2019-12-02 07:12:34.950127,2019-12-02 07:12:50.374163,,,,Onsite,5,40,40,0 days 00:00:30.000000000,0 days 00:14:20.374163000
7,2019-12-02 07:57:00.000000,2019-12-02 07:57:25.000000,2019-12-02 08:10:43.809415,2019-12-02 08:11:08.809415,2019-12-02 09:05:36.390538,2019-12-02 09:06:01.390538,2019-12-02 09:19:00.381522,Replace,5,40,40,0 days 00:00:25.000000000,0 days 00:13:43.809415000
8,2019-12-02 09:04:00.000000,2019-12-02 09:04:30.000000,2019-12-02 09:23:56.439157,2019-12-02 09:24:16.235818,,,,Onsite,5,40,40,0 days 00:00:30.000000000,0 days 00:19:46.235818000
9,2019-12-02 10:10:00.000000,2019-12-02 10:10:25.000000,2019-12-02 10:27:27.965283,2019-12-02 10:27:52.965283,2019-12-02 10:53:21.609987,2019-12-02 10:53:46.609987,2019-12-02 11:12:27.536609,Replace,5,40,40,0 days 00:00:25.000000000,0 days 00:17:27.965283000
10,2019-12-02 11:31:00.000000,2019-12-02 11:31:35.000000,2019-12-02 11:47:08.725823,2019-12-02 11:47:20.296670,,,,Onsite,5,40,40,0 days 00:00:35.000000000,0 days 00:15:45.296670000
11,2019-12-02 12:35:00.000000,2019-12-02 12:35:30.000000,2019-12-02 12:49:44.258720,2019-12-02 12:50:14.258720,2019-12-02 13:44:52.299980,2019-12-02 13:45:22.299980,2019-12-02 14:05:48.876762,Replace,5,40,40,0 days 00:00:30.000000000,0 days 00:14:44.258720000
12,2019-12-02 13:44:00.000000,2019-12-02 13:44:45.000000,2019-12-02 14:03:43.428991,2019-12-02 14:04:28.428991,2019-12-02 14:49:58.646321,2019-12-02 14:50:43.646321,2019-12-02 15:09:12.105871,Replace,5,40,40,0 days 00:00:45.000000000,0 days 00:19:43.428991000
13,2019-12-02 14:53:00.000000,2019-12-02 14:53:25.000000,2019-12-02 15:03:35.327469,2019-12-02 15:03:57.103770,,,,Onsite,5,40,40,0 days 00:00:25.000000000,0 days 00:10:32.103770000
14,2019-12-02 16:07:00.000000,2019-12-02 16:07:35.000000,2019-12-02 16:27:39.275256,2019-12-02 16:28:14.275256,2019-12-02 16:59:52.632333,2019-12-02 17:00:27.632333,2019-12-02 17:21:16.422494,Replace,5,40,40,0 days 00:00:35.000000000,0 days 00:20:39.275256000
15,2019-12-02 17:14:00.000000,2019-12-02 17:14:35.000000,2019-12-02 17:33:22.211852,2019-12-02 17:33:57.211852,2019-12-02 18:11:01.567743,2019-12-02 18:11:36.567743,2019-12-02 18:30:17.045375,Replace,5,40,40,0 days 00:00:35.000000000,0 days 00:19:22.211852000
16,2019-12-02 18:19:00.000000,2019-12-02 18:19:55.000000,2019-12-02 18:33:00.439232,2019-12-02 18:33:55.439232,2019-12-02 19:03:47.966762,2019-12-02 19:04:42.966762,2019-12-02 19:17:09.365213,Replace,5,40,40,0 days 00:00:55.000000000,0 days 00:14:00.439232000
17,2019-12-02 19:30:00.000000,2019-12-02 19:30:35.000000,2019-12-02 19:46:04.114887,2019-12-02 19:46:18.710652,,,,Onsite,5,40,40,0 days 00:00:35.000000000,0 days 00:15:43.710652000
18,2019-12-02 20:38:00.000000,2019-12-02 20:38:30.000000,2019-12-02 20:55:25.163786,2019-12-02 20:55:31.758876,,,,Onsite,5,40,40,0 days 00:00:30.000000000,0 days 00:17:01.758876000
19,2019-12-02 21:49:00.000000,2019-12-02 21:49:25.000000,2019-12-02 22:05:23.775016,2019-12-02 22:05:48.775016,2019-12-02 22:33:23.893075,2019-12-02 22:33:48.893075,2019-12-02 22:51:39.211569,Replace,5,40,40,0 days 00:00:25.000000000,0 days 00:16:23.775016000
0,2019-12-02 01:06:00.000000,2019-12-02 00:00:45.000000,2019-12-02 00:16:41.166126,2019-12-02 00:16:52.871216,,,,Onsite,6,40,40,-1 days +22:54:45.000000000,0 days 00:16:07.871216000
1,2019-12-02 01:04:00.000000,2019-12-02 01:04:45.000000,2019-12-02 01:18:57.772377,2019-12-02 01:19:42.772377,2019-12-02 02:00:43.778093,2019-12-02 02:01:28.778093,2019-12-02 02:14:17.069355,Replace,6,40,40,0 days 00:00:45.000000000,0 days 00:14:57.772377000
2,2019-12-02 02:11:00.000000,2019-12-02 02:11:50.000000,2019-12-02 02:27:40.742694,2019-12-02 02:28:30.742694,2019-12-02 03:16:05.148206,2019-12-02 03:16:55.148206,2019-12-02 03:34:05.255935,Replace,6,40,40,0 days 00:00:50.000000000,0 days 00:16:40.742694000
3,2019-12-02 03:26:00.000000,2019-12-02 03:26:45.000000,2019-12-02 03:37:17.176213,2019-12-02 03:38:02.176213,2019-12-02 04:15:59.577508,2019-12-02 04:16:44.577508,2019-12-02 04:32:16.876163,Replace,6,40,40,0 days 00:00:45.000000000,0 days 00:11:17.176213000
4,2019-12-02 04:47:00.000000,2019-12-02 04:47:25.000000,2019-12-02 05:03:51.476341,2019-12-02 05:04:16.476341,2019-12-02 05:35:09.333068,2019-12-02 05:35:34.333068,2019-12-02 05:54:55.732031,Replace,6,40,40,0 days 00:00:25.000000000,0 days 00:16:51.476341000
5,2019-12-02 05:51:00.000000,2019-12-02 05:51:45.000000,2019-12-02 06:08:27.254779,2019-12-02 06:08:49.295588,,,,Onsite,6,40,40,0 days 00:00:45.000000000,0 days 00:17:04.295588000
6,2019-12-02 07:00:00.000000,2019-12-02 07:00:35.000000,2019-12-02 07:14:22.394059,2019-12-02 07:14:42.508206,,,,Onsite,6,40,40,0 days 00:00:35.000000000,0 days 00:14:07.508206000
7,2019-12-02 09:10:00.000000,2019-12-02 09:10:30.000000,2019-12-02 09:22:00.908483,2019-12-02 09:22:30.908483,2019-12-02 10:01:44.550034,2019-12-02 10:02:14.550034,2019-12-02 10:17:02.375974,Replace,6,40,40,0 days 00:00:30.000000000,0 days 00:12:00.908483000
8,2019-12-02 08:09:00.000000,2019-12-02 08:09:45.000000,2019-12-02 08:27:15.526519,2019-12-02 08:28:00.526519,2019-12-02 09:09:34.393494,2019-12-02 09:10:19.393494,2019-12-02 09:29:18.757273,Replace,6,40,40,0 days 00:00:45.000000000,0 days 00:18:15.526519000
9,2019-12-02 10:21:00.000000,2019-12-02 10:21:55.000000,2019-12-02 10:36:35.895358,2019-12-02 10:36:51.919112,,,,Onsite,6,40,40,0 days 00:00:55.000000000,0 days 00:14:56.919112000
10,2019-12-02 11:29:00.000000,2019-12-02 11:29:45.000000,2019-12-02 11:46:40.021866,2019-12-02 11:46:56.449231,,,,Onsite,6,40,40,0 days 00:00:45.000000000,0 days 00:17:11.449231000
11,2019-12-02 12:52:00.000000,2019-12-02 12:52:50.000000,2019-12-02 13:12:36.299033,2019-12-02 13:13:26.299033,2019-12-02 13:47:00.994006,2019-12-02 13:47:50.994006,2019-12-02 14:00:38.301075,Replace,6,40,40,0 days 00:00:50.000000000,0 days 00:20:36.299033000
12,2019-12-02 14:02:00.000000,2019-12-02 14:02:35.000000,2019-12-02 14:14:50.267586,2019-12-02 14:15:25.267586,2019-12-02 15:02:55.756296,2019-12-02 15:03:30.756296,2019-12-02 15:21:08.309895,Replace,6,40,40,0 days 00:00:35.000000000,0 days 00:12:50.267586000
13,2019-12-02 15:05:00.000000,2019-12-02 15:05:35.000000,2019-12-02 15:18:56.748254,2019-12-02 15:19:31.748254,2019-12-02 15:49:44.517914,2019-12-02 15:50:19.517914,2019-12-02 16:09:41.129573,Replace,6,40,40,0 days 00:00:35.000000000,0 days 00:13:56.748254000
14,2019-12-02 16:13:00.000000,2019-12-02 16:13:30.000000,2019-12-02 16:31:39.521841,2019-12-02 16:32:09.521841,2019-12-02 17:15:53.245548,2019-12-02 17:16:23.245548,2019-12-02 17:37:01.842615,Replace,6,40,40,0 days 00:00:30.000000000,0 days 00:18:39.521841000
15,2019-12-02 17:10:00.000000,2019-12-02 17:10:35.000000,2019-12-02 17:29:49.296078,2019-12-02 17:29:53.949947,,,,Onsite,6,40,40,0 days 00:00:35.000000000,0 days 00:19:18.949947000
16,2019-12-02 18:10:00.000000,2019-12-02 18:10:45.000000,2019-12-02 18:26:13.187895,2019-12-02 18:26:58.187895,2019-12-02 18:52:48.977312,2019-12-02 18:53:33.977312,2019-12-02 19:08:51.355610,Replace,6,40,40,0 days 00:00:45.000000000,0 days 00:16:13.187895000
17,2019-12-02 19:20:00.000000,2019-12-02 19:20:45.000000,2019-12-02 19:40:12.244044,2019-12-02 19:40:23.187409,,,,Onsite,6,40,40,0 days 00:00:45.000000000,0 days 00:19:38.187409000
18,2019-12-02 20:19:00.000000,2019-12-02 20:19:25.000000,2019-12-02 20:37:35.604758,2019-12-02 20:38:00.604758,2019-12-02 21:25:33.004438,2019-12-02 21:25:58.004438,2019-12-02 21:42:15.140058,Replace,6,40,40,0 days 00:00:25.000000000,0 days 00:18:35.604758000
0,2019-12-02 01:03:00.000000,2019-12-02 00:00:30.000000,2019-12-02 00:18:45.734891,2019-12-02 00:19:12.778029,,,,Onsite,7,40,40,-1 days +22:57:30.000000000,0 days 00:18:42.778029000
1,2019-12-02 01:11:00.000000,2019-12-02 01:11:45.000000,2019-12-02 01:24:04.422913,2019-12-02 01:24:49.422913,2019-12-02 01:58:38.359453,2019-12-02 01:59:23.359453,2019-12-02 02:15:15.738248,Replace,7,40,40,0 days 00:00:45.000000000,0 days 00:13:04.422913000
2,2019-12-02 03:13:00.000000,2019-12-02 03:13:55.000000,2019-12-02 03:31:39.151326,2019-12-02 03:32:34.151326,2019-12-02 04:04:13.467914,2019-12-02 04:05:08.467914,2019-12-02 04:22:15.096238,Replace,7,40,40,0 days 00:00:55.000000000,0 days 00:18:39.151326000
3,2019-12-02 02:17:00.000000,2019-12-02 02:17:35.000000,2019-12-02 02:33:34.565372,2019-12-02 02:34:09.565372,2019-12-02 03:13:48.679886,2019-12-02 03:14:23.679886,2019-12-02 03:35:54.328014,Replace,7,40,40,0 days 00:00:35.000000000,0 days 00:16:34.565372000
4,2019-12-02 04:25:00.000000,2019-12-02 04:25:45.000000,2019-12-02 04:43:46.022374,2019-12-02 04:44:07.916312,,,,Onsite,7,40,40,0 days 00:00:45.000000000,0 days 00:18:22.916312000
5,2019-12-02 05:26:00.000000,2019-12-02 05:26:45.000000,2019-12-02 05:44:10.029603,2019-12-02 05:44:32.133935,,,,Onsite,7,40,40,0 days 00:00:45.000000000,0 days 00:17:47.133935000
6,2019-12-02 06:17:00.000000,2019-12-02 06:17:45.000000,2019-12-02 06:31:42.762333,2019-12-02 06:31:56.361666,,,,Onsite,7,40,40,0 days 00:00:45.000000000,0 days 00:14:11.361666000
7,2019-12-02 07:22:00.000000,2019-12-02 07:22:25.000000,2019-12-02 07:40:18.153870,2019-12-02 07:40:43.153870,2019-12-02 08:06:01.322029,2019-12-02 08:06:26.322029,2019-12-02 08:21:36.548885,Replace,7,40,40,0 days 00:00:25.000000000,0 days 00:18:18.153870000
8,2019-12-02 08:27:00.000000,2019-12-02 08:27:55.000000,2019-12-02 08:45:23.206848,2019-12-02 08:45:40.886978,,,,Onsite,7,40,40,0 days 00:00:55.000000000,0 days 00:17:45.886978000
9,2019-12-02 09:27:00.000000,2019-12-02 09:27:30.000000,2019-12-02 09:44:11.916620,2019-12-02 09:44:41.916620,2019-12-02 10:25:26.327380,2019-12-02 10:25:56.327380,2019-12-02 10:45:08.724254,Replace,7,40,40,0 days 00:00:30.000000000,0 days 00:17:11.916620000
10,2019-12-02 10:39:00.000000,2019-12-02 10:39:25.000000,2019-12-02 10:55:44.446429,2019-12-02 10:56:09.446429,2019-12-02 11:45:57.072689,2019-12-02 11:46:22.072689,2019-12-02 12:03:55.937285,Replace,7,40,40,0 days 00:00:25.000000000,0 days 00:16:44.446429000
11,2019-12-02 11:39:00.000000,2019-12-02 11:39:35.000000,2019-12-02 11:56:28.637291,2019-12-02 11:57:03.637291,2019-12-02 12:25:08.331242,2019-12-02 12:25:43.331242,2019-12-02 12:40:03.902478,Replace,7,40,40,0 days 00:00:35.000000000,0 days 00:17:28.637291000
12,2019-12-02 12:48:00.000000,2019-12-02 12:48:55.000000,2019-12-02 13:13:14.696389,2019-12-02 13:13:43.214640,,,,Onsite,7,40,40,0 days 00:00:55.000000000,0 days 00:24:48.214640000
13,2019-12-02 14:00:00.000000,2019-12-02 14:00:35.000000,2019-12-02 14:16:55.300715,2019-12-02 14:17:30.300715,2019-12-02 14:54:30.710040,2019-12-02 14:55:05.710040,2019-12-02 15:09:31.119280,Replace,7,40,40,0 days 00:00:35.000000000,0 days 00:16:55.300715000
14,2019-12-02 15:16:00.000000,2019-12-02 15:16:25.000000,2019-12-02 15:30:11.942157,2019-12-02 15:30:36.942157,2019-12-02 16:00:06.836970,2019-12-02 16:00:31.836970,2019-12-02 16:20:21.596137,Replace,7,40,40,0 days 00:00:25.000000000,0 days 00:14:11.942157000
15,2019-12-02 16:24:00.000000,2019-12-02 16:24:45.000000,2019-12-02 16:41:23.804141,2019-12-02 16:42:08.804141,2019-12-02 17:15:59.178941,2019-12-02 17:16:44.178941,2019-12-02 17:39:56.012390,Replace,7,40,40,0 days 00:00:45.000000000,0 days 00:17:23.804141000
16,2019-12-02 17:42:00.000000,2019-12-02 17:42:45.000000,2019-12-02 17:59:35.983354,2019-12-02 18:00:20.983354,2019-12-02 18:32:01.115781,2019-12-02 18:32:46.115781,2019-12-02 18:47:20.032368,Replace,7,40,40,0 days 00:00:45.000000000,0 days 00:17:35.983354000
17,2019-12-02 18:58:00.000000,2019-12-02 18:58:55.000000,2019-12-02 19:17:36.010934,2019-12-02 19:18:07.476792,,,,Onsite,7,40,40,0 days 00:00:55.000000000,0 days 00:19:12.476792000
18,2019-12-02 19:47:00.000000,2019-12-02 19:47:45.000000,2019-12-02 20:06:09.651596,2019-12-02 20:06:54.651596,2019-12-02 20:48:46.070797,2019-12-02 20:49:31.070797,2019-12-02 21:01:18.435971,Replace,7,40,40,0 days 00:00:45.000000000,0 days 00:19:09.651596000
19,2019-12-02 20:54:00.000000,2019-12-02 20:54:45.000000,2019-12-02 21:14:23.920697,2019-12-02 21:15:08.920697,2019-12-02 21:44:36.154981,2019-12-02 21:45:21.154981,2019-12-02 22:02:41.689946,Replace,7,40,40,0 days 00:00:45.000000000,0 days 00:20:23.920697000
20,2019-12-02 21:58:00.000000,2019-12-02 21:58:50.000000,2019-12-02 22:19:13.950657,2019-12-02 22:19:36.937294,,,,Onsite,7,40,40,0 days 00:00:50.000000000,0 days 00:20:46.937294000
0,2019-12-02 01:21:00.000000,2019-12-02 00:00:45.000000,2019-12-02 00:17:24.121090,2019-12-02 00:18:09.121090,2019-12-02 00:53:18.576742,2019-12-02 00:54:03.576742,2019-12-02 01:08:21.389963,Replace,8,40,40,-1 days +22:39:45.000000000,0 days 00:17:24.121090000
1,2019-12-02 01:07:00.000000,2019-12-02 01:07:30.000000,2019-12-02 01:21:55.029304,2019-12-02 01:22:12.274270,,,,Onsite,8,40,40,0 days 00:00:30.000000000,0 days 00:14:42.274270000
2,2019-12-02 02:25:00.000000,2019-12-02 02:25:50.000000,2019-12-02 02:42:37.162933,2019-12-02 02:43:27.162933,2019-12-02 03:20:39.020762,2019-12-02 03:21:29.020762,2019-12-02 03:38:24.516074,Replace,8,40,40,0 days 00:00:50.000000000,0 days 00:17:37.162933000
3,2019-12-02 03:44:00.000000,2019-12-02 03:44:35.000000,2019-12-02 04:02:32.170651,2019-12-02 04:02:59.272453,,,,Onsite,8,40,40,0 days 00:00:35.000000000,0 days 00:18:24.272453000
4,2019-12-02 04:48:00.000000,2019-12-02 04:48:45.000000,2019-12-02 05:02:25.602460,2019-12-02 05:02:36.470405,,,,Onsite,8,40,40,0 days 00:00:45.000000000,0 days 00:13:51.470405000
5,2019-12-02 07:12:00.000000,2019-12-02 07:12:45.000000,2019-12-02 07:23:03.151019,2019-12-02 07:23:48.151019,2019-12-02 07:59:17.115608,2019-12-02 08:00:02.115608,2019-12-02 08:16:48.563808,Replace,8,40,40,0 days 00:00:45.000000000,0 days 00:11:03.151019000
6,2019-12-02 06:05:00.000000,2019-12-02 06:05:35.000000,2019-12-02 06:23:01.343881,2019-12-02 06:23:36.343881,2019-12-02 07:00:07.303831,2019-12-02 07:00:42.303831,2019-12-02 07:12:10.507755,Replace,8,40,40,0 days 00:00:35.000000000,0 days 00:18:01.343881000
7,2019-12-02 08:23:00.000000,2019-12-02 08:23:45.000000,2019-12-02 08:47:25.131008,2019-12-02 08:48:10.131008,2019-12-02 09:27:24.940090,2019-12-02 09:28:09.940090,2019-12-02 09:43:49.549463,Replace,8,40,40,0 days 00:00:45.000000000,0 days 00:24:25.131008000
8,2019-12-02 09:32:00.000000,2019-12-02 09:32:30.000000,2019-12-02 09:45:22.896940,2019-12-02 09:45:52.896940,2019-12-02 10:27:35.724195,2019-12-02 10:28:05.724195,2019-12-02 10:44:41.389653,Replace,8,40,40,0 days 00:00:30.000000000,0 days 00:13:22.896940000
9,2019-12-02 10:44:00.000000,2019-12-02 10:44:35.000000,2019-12-02 11:00:20.800339,2019-12-02 11:00:29.204267,,,,Onsite,8,40,40,0 days 00:00:35.000000000,0 days 00:15:54.204267000
10,2019-12-02 11:57:00.000000,2019-12-02 11:57:55.000000,2019-12-02 12:19:45.486850,2019-12-02 12:20:40.486850,2019-12-02 12:52:14.260764,2019-12-02 12:53:09.260764,2019-12-02 13:09:07.895361,Replace,8,40,40,0 days 00:00:55.000000000,0 days 00:22:45.486850000
11,2019-12-02 13:15:00.000000,2019-12-02 13:15:45.000000,2019-12-02 13:30:45.350782,2019-12-02 13:31:30.350782,2019-12-02 14:08:20.508590,2019-12-02 14:09:05.508590,2019-12-02 14:21:43.157016,Replace,8,40,40,0 days 00:00:45.000000000,0 days 00:15:45.350782000
12,2019-12-02 14:14:00.000000,2019-12-02 14:14:30.000000,2019-12-02 14:29:46.243564,2019-12-02 14:30:16.243564,2019-12-02 15:09:32.664476,2019-12-02 15:10:02.664476,2019-12-02 15:22:44.051436,Replace,8,40,40,0 days 00:00:30.000000000,0 days 00:15:46.243564000
13,2019-12-02 15:17:00.000000,2019-12-02 15:17:45.000000,2019-12-02 15:31:32.235261,2019-12-02 15:31:39.433766,,,,Onsite,8,40,40,0 days 00:00:45.000000000,0 days 00:13:54.433766000
14,2019-12-02 16:24:00.000000,2019-12-02 16:24:35.000000,2019-12-02 16:41:49.707285,2019-12-02 16:42:18.405057,,,,Onsite,8,40,40,0 days 00:00:35.000000000,0 days 00:17:43.405057000
15,2019-12-02 17:28:00.000000,2019-12-02 17:28:45.000000,2019-12-02 17:43:29.545321,2019-12-02 17:44:14.545321,2019-12-02 18:13:25.674980,2019-12-02 18:14:10.674980,2019-12-02 18:33:29.030977,Replace,8,40,40,0 days 00:00:45.000000000,0 days 00:15:29.545321000
16,2019-12-02 18:17:00.000000,2019-12-02 18:17:45.000000,2019-12-02 18:36:18.239449,2019-12-02 18:36:23.897186,,,,Onsite,8,40,40,0 days 00:00:45.000000000,0 days 00:18:38.897186000
17,2019-12-02 19:32:00.000000,2019-12-02 19:32:55.000000,2019-12-02 19:50:41.515105,2019-12-02 19:51:36.515105,2019-12-02 20:46:34.581449,2019-12-02 20:47:29.581449,2019-12-02 21:02:59.065283,Replace,8,40,40,0 days 00:00:55.000000000,0 days 00:18:41.515105000
18,2019-12-02 20:35:00.000000,2019-12-02 20:35:55.000000,2019-12-02 20:54:46.772746,2019-12-02 20:55:41.772746,2019-12-02 21:24:30.879147,2019-12-02 21:25:25.879147,2019-12-02 21:41:25.579647,Replace,8,40,40,0 days 00:00:55.000000000,0 days 00:19:46.772746000
19,2019-12-02 21:33:00.000000,2019-12-02 21:33:45.000000,2019-12-02 21:49:13.271525,2019-12-02 21:49:58.271525,2019-12-02 22:25:14.586159,2019-12-02 22:25:59.586159,2019-12-02 22:38:41.632982,Replace,8,40,40,0 days 00:00:45.000000000,0 days 00:16:13.271525000
20,2019-12-02 22:37:00.000000,2019-12-02 22:37:55.000000,2019-12-02 22:53:06.999925,2019-12-02 22:53:16.157125,,,,Onsite,8,40,40,0 days 00:00:55.000000000,0 days 00:15:21.157125000
0,2019-12-02 01:07:00.000000,2019-12-02 00:00:30.000000,2019-12-02 00:15:37.698921,2019-12-02 00:16:07.698921,2019-12-02 00:58:40.451601,2019-12-02 00:59:10.451601,2019-12-02 01:17:58.620276,Replace,9,40,40,-1 days +22:53:30.000000000,0 days 00:15:37.698921000
1,2019-12-02 01:26:00.000000,2019-12-02 01:26:35.000000,2019-12-02 01:45:05.788151,2019-12-02 01:45:19.621928,,,,Onsite,9,40,40,0 days 00:00:35.000000000,0 days 00:18:44.621928000
2,2019-12-02 02:45:00.000000,2019-12-02 02:45:45.000000,2019-12-02 03:07:04.298226,2019-12-02 03:07:17.994543,,,,Onsite,9,40,40,0 days 00:00:45.000000000,0 days 00:21:32.994543000
3,2019-12-02 03:51:00.000000,2019-12-02 03:51:30.000000,2019-12-02 04:10:17.106090,2019-12-02 04:10:47.106090,2019-12-02 04:41:31.540478,2019-12-02 04:42:01.540478,2019-12-02 04:57:01.044562,Replace,9,40,40,0 days 00:00:30.000000000,0 days 00:19:17.106090000
4,2019-12-02 05:02:00.000000,2019-12-02 05:02:25.000000,2019-12-02 05:13:34.979246,2019-12-02 05:13:44.560273,,,,Onsite,9,40,40,0 days 00:00:25.000000000,0 days 00:11:19.560273000
5,2019-12-02 06:10:00.000000,2019-12-02 06:10:45.000000,2019-12-02 06:31:25.305782,2019-12-02 06:32:10.305782,2019-12-02 06:59:24.387158,2019-12-02 07:00:09.387158,2019-12-02 07:16:45.179621,Replace,9,40,40,0 days 00:00:45.000000000,0 days 00:21:25.305782000
6,2019-12-02 07:03:00.000000,2019-12-02 07:03:50.000000,2019-12-02 07:19:29.517932,2019-12-02 07:20:19.517932,2019-12-02 07:55:42.821709,2019-12-02 07:56:32.821709,2019-12-02 08:14:44.708037,Replace,9,40,40,0 days 00:00:50.000000000,0 days 00:16:29.517932000
7,2019-12-02 08:16:00.000000,2019-12-02 08:16:45.000000,2019-12-02 08:26:26.840518,2019-12-02 08:26:45.849447,,,,Onsite,9,40,40,0 days 00:00:45.000000000,0 days 00:10:00.849447000
8,2019-12-02 09:20:00.000000,2019-12-02 09:20:35.000000,2019-12-02 09:32:28.741163,2019-12-02 09:32:45.669283,,,,Onsite,9,40,40,0 days 00:00:35.000000000,0 days 00:12:10.669283000
9,2019-12-02 10:33:00.000000,2019-12-02 10:33:30.000000,2019-12-02 10:49:35.312605,2019-12-02 10:50:05.312605,2019-12-02 11:15:43.294356,2019-12-02 11:16:13.294356,2019-12-02 11:35:08.830937,Replace,9,40,40,0 days 00:00:30.000000000,0 days 00:16:35.312605000
10,2019-12-02 11:36:00.000000,2019-12-02 11:36:35.000000,2019-12-02 11:54:14.804224,2019-12-02 11:54:49.804224,2019-12-02 12:31:29.579079,2019-12-02 12:32:04.579079,2019-12-02 12:47:31.764410,Replace,9,40,40,0 days 00:00:35.000000000,0 days 00:18:14.804224000
11,2019-12-02 12:44:00.000000,2019-12-02 12:44:45.000000,2019-12-02 13:03:58.376884,2019-12-02 13:04:43.376884,2019-12-02 13:48:26.473944,2019-12-02 13:49:11.473944,2019-12-02 14:05:32.746092,Replace,9,40,40,0 days 00:00:45.000000000,0 days 00:19:58.376884000
12,2019-12-02 14:12:00.000000,2019-12-02 14:12:30.000000,2019-12-02 14:29:36.032856,2019-12-02 14:30:06.032856,2019-12-02 14:56:33.274769,2019-12-02 14:57:03.274769,2019-12-02 15:11:22.812773,Replace,9,40,40,0 days 00:00:30.000000000,0 days 00:17:36.032856000
13,2019-12-02 15:19:00.000000,2019-12-02 15:19:35.000000,2019-12-02 15:33:40.367813,2019-12-02 15:34:15.367813,2019-12-02 16:14:07.341913,2019-12-02 16:14:42.341913,2019-12-02 16:38:45.649224,Replace,9,40,40,0 days 00:00:35.000000000,0 days 00:14:40.367813000
14,2019-12-02 16:26:00.000000,2019-12-02 16:26:25.000000,2019-12-02 16:42:40.706717,2019-12-02 16:42:57.265806,,,,Onsite,9,40,40,0 days 00:00:25.000000000,0 days 00:16:32.265806000
15,2019-12-02 17:31:00.000000,2019-12-02 17:31:35.000000,2019-12-02 17:47:27.310652,2019-12-02 17:48:02.310652,2019-12-02 18:27:22.243290,2019-12-02 18:27:57.243290,2019-12-02 18:40:07.687977,Replace,9,40,40,0 days 00:00:35.000000000,0 days 00:16:27.310652000
16,2019-12-02 18:37:00.000000,2019-12-02 18:37:45.000000,2019-12-02 18:56:15.078360,2019-12-02 18:56:38.357518,,,,Onsite,9,40,40,0 days 00:00:45.000000000,0 days 00:18:53.357518000
17,2019-12-02 19:38:00.000000,2019-12-02 19:38:45.000000,2019-12-02 19:48:58.413030,2019-12-02 19:49:43.413030,2019-12-02 20:23:19.066132,2019-12-02 20:24:04.066132,2019-12-02 20:45:29.844132,Replace,9,40,40,0 days 00:00:45.000000000,0 days 00:10:58.413030000
18,2019-12-02 21:00:00.000000,2019-12-02 21:00:50.000000,2019-12-02 21:16:40.687355,2019-12-02 21:16:53.454674,,,,Onsite,9,40,40,0 days 00:00:50.000000000,0 days 00:16:03.454674000
19,2019-12-02 22:02:00.000000,2019-12-02 22:02:25.000000,2019-12-02 22:12:58.237658,2019-12-02 22:13:03.982506,,,,Onsite,9,40,40,0 days 00:00:25.000000000,0 days 00:10:38.982506000
0,2019-12-02 00:59:00.000000,2019-12-02 00:00:55.000000,2019-12-02 00:12:40.594642,2019-12-02 00:13:35.594642,2019-12-02 00:53:18.242042,2019-12-02 00:54:13.242042,2019-12-02 01:05:51.833544,Replace,1,40,41,-1 days +23:01:55.000000000,0 days 00:12:40.594642000
1,2019-12-02 02:22:00.000000,2019-12-02 02:22:30.000000,2019-12-02 02:39:48.097479,2019-12-02 02:40:00.377985,,,,Onsite,1,40,41,0 days 00:00:30.000000000,0 days 00:17:30.377985000
2,2019-12-02 01:24:00.000000,2019-12-02 01:24:45.000000,2019-12-02 01:39:41.006943,2019-12-02 01:40:26.006943,2019-12-02 02:09:43.417509,2019-12-02 02:10:28.417509,2019-12-02 02:22:12.463782,Replace,1,40,41,0 days 00:00:45.000000000,0 days 00:15:41.006943000
3,2019-12-02 04:30:00.000000,2019-12-02 04:30:55.000000,2019-12-02 04:51:08.848244,2019-12-02 04:51:31.582951,,,,Onsite,1,40,41,0 days 00:00:55.000000000,0 days 00:20:36.582951000
4,2019-12-02 03:26:00.000000,2019-12-02 03:26:50.000000,2019-12-02 03:39:29.395922,2019-12-02 03:40:19.395922,2019-12-02 04:13:23.631939,2019-12-02 04:14:13.631939,2019-12-02 04:30:29.993359,Replace,1,40,41,0 days 00:00:50.000000000,0 days 00:13:29.395922000
5,2019-12-02 05:32:00.000000,2019-12-02 05:32:55.000000,2019-12-02 05:49:19.516174,2019-12-02 05:50:14.516174,2019-12-02 06:26:02.031931,2019-12-02 06:26:57.031931,2019-12-02 06:40:33.738007,Replace,1,40,41,0 days 00:00:55.000000000,0 days 00:17:19.516174000
6,2019-12-02 06:47:00.000000,2019-12-02 06:47:35.000000,2019-12-02 07:04:47.381603,2019-12-02 07:05:22.381603,2019-12-02 07:37:26.463632,2019-12-02 07:38:01.463632,2019-12-02 07:52:15.881541,Replace,1,40,41,0 days 00:00:35.000000000,0 days 00:17:47.381603000
7,2019-12-02 07:56:00.000000,2019-12-02 07:56:45.000000,2019-12-02 08:12:09.108941,2019-12-02 08:12:54.108941,2019-12-02 09:08:34.912146,2019-12-02 09:09:19.912146,2019-12-02 09:29:43.938736,Replace,1,40,41,0 days 00:00:45.000000000,0 days 00:16:09.108941000
8,2019-12-02 08:58:00.000000,2019-12-02 08:58:45.000000,2019-12-02 09:18:56.171950,2019-12-02 09:19:41.171950,2019-12-02 09:59:58.127452,2019-12-02 10:00:43.127452,2019-12-02 10:13:54.813543,Replace,1,40,41,0 days 00:00:45.000000000,0 days 00:20:56.171950000
9,2019-12-02 09:56:00.000000,2019-12-02 09:56:35.000000,2019-12-02 10:14:15.405322,2019-12-02 10:14:23.206081,,,,Onsite,1,40,41,0 days 00:00:35.000000000,0 days 00:17:48.206081000
10,2019-12-02 10:59:00.000000,2019-12-02 10:59:35.000000,2019-12-02 11:22:02.407182,2019-12-02 11:22:16.115791,,,,Onsite,1,40,41,0 days 00:00:35.000000000,0 days 00:22:41.115791000
11,2019-12-02 12:07:00.000000,2019-12-02 12:07:55.000000,2019-12-02 12:22:57.456225,2019-12-02 12:23:52.456225,2019-12-02 13:06:25.483744,2019-12-02 13:07:20.483744,2019-12-02 13:26:36.034502,Replace,1,40,41,0 days 00:00:55.000000000,0 days 00:15:57.456225000
12,2019-12-02 13:13:00.000000,2019-12-02 13:13:35.000000,2019-12-02 13:28:01.650391,2019-12-02 13:28:36.650391,2019-12-02 14:02:37.111337,2019-12-02 14:03:12.111337,2019-12-02 14:20:12.300801,Replace,1,40,41,0 days 00:00:35.000000000,0 days 00:15:01.650391000
13,2019-12-02 14:34:00.000000,2019-12-02 14:34:35.000000,2019-12-02 14:51:55.276088,2019-12-02 14:52:30.276088,2019-12-02 15:38:13.802191,2019-12-02 15:38:48.802191,2019-12-02 15:56:46.938918,Replace,1,40,41,0 days 00:00:35.000000000,0 days 00:17:55.276088000
14,2019-12-02 15:57:00.000000,2019-12-02 15:57:45.000000,2019-12-02 16:15:33.045137,2019-12-02 16:16:18.045137,2019-12-02 16:58:07.977705,2019-12-02 16:58:52.977705,2019-12-02 17:12:55.610441,Replace,1,40,41,0 days 00:00:45.000000000,0 days 00:18:33.045137000
15,2019-12-02 17:08:00.000000,2019-12-02 17:08:25.000000,2019-12-02 17:16:34.346038,2019-12-02 17:16:54.189189,,,,Onsite,1,40,41,0 days 00:00:25.000000000,0 days 00:08:29.189189000
16,2019-12-02 18:19:00.000000,2019-12-02 18:19:35.000000,2019-12-02 18:37:23.770003,2019-12-02 18:37:32.706157,,,,Onsite,1,40,41,0 days 00:00:35.000000000,0 days 00:17:57.706157000
17,2019-12-02 19:21:00.000000,2019-12-02 19:21:25.000000,2019-12-02 19:34:49.485431,2019-12-02 19:34:55.623137,,,,Onsite,1,40,41,0 days 00:00:25.000000000,0 days 00:13:30.623137000
18,2019-12-02 20:32:00.000000,2019-12-02 20:32:50.000000,2019-12-02 20:49:40.172008,2019-12-02 20:49:52.173053,,,,Onsite,1,40,41,0 days 00:00:50.000000000,0 days 00:17:02.173053000
19,2019-12-02 21:30:00.000000,2019-12-02 21:30:45.000000,2019-12-02 21:43:16.168386,2019-12-02 21:43:32.715584,,,,Onsite,1,40,41,0 days 00:00:45.000000000,0 days 00:12:47.715584000
0,2019-12-02 01:15:00.000000,2019-12-02 00:00:45.000000,2019-12-02 00:15:12.100274,2019-12-02 00:15:20.184942,,,,Onsite,2,40,41,-1 days +22:45:45.000000000,0 days 00:14:35.184942000
1,2019-12-02 01:11:00.000000,2019-12-02 01:11:45.000000,2019-12-02 01:25:50.110749,2019-12-02 01:26:15.984026,,,,Onsite,2,40,41,0 days 00:00:45.000000000,0 days 00:14:30.984026000
2,2019-12-02 02:06:00.000000,2019-12-02 02:06:45.000000,2019-12-02 02:24:40.069980,2019-12-02 02:24:56.357456,,,,Onsite,2,40,41,0 days 00:00:45.000000000,0 days 00:18:11.357456000
3,2019-12-02 03:10:00.000000,2019-12-02 03:10:25.000000,2019-12-02 03:19:38.853766,2019-12-02 03:20:03.853766,2019-12-02 03:52:35.871745,2019-12-02 03:53:00.871745,2019-12-02 04:05:57.350314,Replace,2,40,41,0 days 00:00:25.000000000,0 days 00:09:38.853766000
4,2019-12-02 04:18:00.000000,2019-12-02 04:18:30.000000,2019-12-02 04:36:53.001683,2019-12-02 04:37:12.204642,,,,Onsite,2,40,41,0 days 00:00:30.000000000,0 days 00:18:42.204642000
5,2019-12-02 05:20:00.000000,2019-12-02 05:20:25.000000,2019-12-02 05:36:18.036579,2019-12-02 05:36:43.036579,2019-12-02 06:14:32.210021,2019-12-02 06:14:57.210021,2019-12-02 06:27:59.545821,Replace,2,40,41,0 days 00:00:25.000000000,0 days 00:16:18.036579000
6,2019-12-02 06:10:00.000000,2019-12-02 06:10:35.000000,2019-12-02 06:25:42.936724,2019-12-02 06:25:46.555145,,,,Onsite,2,40,41,0 days 00:00:35.000000000,0 days 00:15:11.555145000
7,2019-12-02 07:15:00.000000,2019-12-02 07:15:45.000000,2019-12-02 07:33:14.073991,2019-12-02 07:33:59.073991,2019-12-02 07:59:03.211260,2019-12-02 07:59:48.211260,2019-12-02 08:21:21.448585,Replace,2,40,41,0 days 00:00:45.000000000,0 days 00:18:14.073991000
8,2019-12-02 08:31:00.000000,2019-12-02 08:31:45.000000,2019-12-02 08:52:15.411448,2019-12-02 08:52:35.838194,,,,Onsite,2,40,41,0 days 00:00:45.000000000,0 days 00:20:50.838194000
9,2019-12-02 09:48:00.000000,2019-12-02 09:48:25.000000,2019-12-02 10:09:40.758473,2019-12-02 10:09:58.199628,,,,Onsite,2,40,41,0 days 00:00:25.000000000,0 days 00:21:33.199628000
10,2019-12-02 10:52:00.000000,2019-12-02 10:52:30.000000,2019-12-02 11:10:05.682852,2019-12-02 11:10:08.909860,,,,Onsite,2,40,41,0 days 00:00:30.000000000,0 days 00:17:38.909860000
11,2019-12-02 11:45:00.000000,2019-12-02 11:45:45.000000,2019-12-02 12:05:55.191349,2019-12-02 12:06:40.191349,2019-12-02 12:31:04.336805,2019-12-02 12:31:49.336805,2019-12-02 12:47:00.556201,Replace,2,40,41,0 days 00:00:45.000000000,0 days 00:20:55.191349000
12,2019-12-02 12:48:00.000000,2019-12-02 12:48:35.000000,2019-12-02 13:04:01.033433,2019-12-02 13:04:36.033433,2019-12-02 13:38:18.521189,2019-12-02 13:38:53.521189,2019-12-02 13:50:37.875923,Replace,2,40,41,0 days 00:00:35.000000000,0 days 00:16:01.033433000
13,2019-12-02 14:16:00.000000,2019-12-02 14:16:45.000000,2019-12-02 14:37:38.969945,2019-12-02 14:37:46.233110,,,,Onsite,2,40,41,0 days 00:00:45.000000000,0 days 00:21:01.233110000
14,2019-12-02 15:27:00.000000,2019-12-02 15:27:30.000000,2019-12-02 15:42:42.857523,2019-12-02 15:42:59.429098,,,,Onsite,2,40,41,0 days 00:00:30.000000000,0 days 00:15:29.429098000
15,2019-12-02 16:43:00.000000,2019-12-02 16:43:35.000000,2019-12-02 16:58:22.444808,2019-12-02 16:58:42.683903,,,,Onsite,2,40,41,0 days 00:00:35.000000000,0 days 00:15:07.683903000
16,2019-12-02 17:55:00.000000,2019-12-02 17:55:30.000000,2019-12-02 18:10:19.980595,2019-12-02 18:10:36.702108,,,,Onsite,2,40,41,0 days 00:00:30.000000000,0 days 00:15:06.702108000
17,2019-12-02 18:57:00.000000,2019-12-02 18:57:45.000000,2019-12-02 19:13:38.911135,2019-12-02 19:14:23.911135,2019-12-02 20:06:01.359720,2019-12-02 20:06:46.359720,2019-12-02 20:23:53.899493,Replace,2,40,41,0 days 00:00:45.000000000,0 days 00:16:38.911135000
18,2019-12-02 21:17:00.000000,2019-12-02 21:17:45.000000,2019-12-02 21:29:00.812340,2019-12-02 21:29:45.812340,2019-12-02 22:05:31.313727,2019-12-02 22:06:16.313727,2019-12-02 22:23:53.473106,Replace,2,40,41,0 days 00:00:45.000000000,0 days 00:12:00.812340000
0,2019-12-02 01:04:00.000000,2019-12-02 00:00:50.000000,2019-12-02 00:18:23.083080,2019-12-02 00:19:13.083080,2019-12-02 00:51:42.999573,2019-12-02 00:52:32.999573,2019-12-02 01:11:49.005998,Replace,3,40,41,-1 days +22:56:50.000000000,0 days 00:18:23.083080000
1,2019-12-02 00:56:00.000000,2019-12-02 00:56:45.000000,2019-12-02 01:09:46.427066,2019-12-02 01:10:31.427066,2019-12-02 01:44:19.201650,2019-12-02 01:45:04.201650,2019-12-02 01:59:42.234813,Replace,3,40,41,0 days 00:00:45.000000000,0 days 00:13:46.427066000
2,2019-12-02 01:57:00.000000,2019-12-02 01:57:50.000000,2019-12-02 02:08:09.935638,2019-12-02 02:08:59.935638,2019-12-02 02:33:34.449495,2019-12-02 02:34:24.449495,2019-12-02 02:49:57.121479,Replace,3,40,41,0 days 00:00:50.000000000,0 days 00:11:09.935638000
3,2019-12-02 03:10:00.000000,2019-12-02 03:10:35.000000,2019-12-02 03:27:45.378227,2019-12-02 03:28:00.458739,,,,Onsite,3,40,41,0 days 00:00:35.000000000,0 days 00:17:25.458739000
4,2019-12-02 04:04:00.000000,2019-12-02 04:04:55.000000,2019-12-02 04:21:28.330560,2019-12-02 04:21:40.564923,,,,Onsite,3,40,41,0 days 00:00:55.000000000,0 days 00:16:45.564923000
5,2019-12-02 05:23:00.000000,2019-12-02 05:23:50.000000,2019-12-02 05:38:08.067476,2019-12-02 05:38:12.974047,,,,Onsite,3,40,41,0 days 00:00:50.000000000,0 days 00:14:22.974047000
6,2019-12-02 06:25:00.000000,2019-12-02 06:25:55.000000,2019-12-02 06:42:38.044059,2019-12-02 06:42:48.798132,,,,Onsite,3,40,41,0 days 00:00:55.000000000,0 days 00:16:53.798132000
7,2019-12-02 07:35:00.000000,2019-12-02 07:35:55.000000,2019-12-02 07:55:39.340782,2019-12-02 07:56:34.340782,2019-12-02 08:20:09.217349,2019-12-02 08:21:04.217349,2019-12-02 08:34:34.980240,Replace,3,40,41,0 days 00:00:55.000000000,0 days 00:20:39.340782000
8,2019-12-02 08:31:00.000000,2019-12-02 08:31:25.000000,2019-12-02 08:48:43.787699,2019-12-02 08:49:08.787699,2019-12-02 09:24:24.019738,2019-12-02 09:24:49.019738,2019-12-02 09:40:56.167308,Replace,3,40,41,0 days 00:00:25.000000000,0 days 00:17:43.787699000
9,2019-12-02 09:44:00.000000,2019-12-02 09:44:50.000000,2019-12-02 10:00:37.759323,2019-12-02 10:01:27.759323,2019-12-02 10:33:00.129355,2019-12-02 10:33:50.129355,2019-12-02 10:50:08.215724,Replace,3,40,41,0 days 00:00:50.000000000,0 days 00:16:37.759323000
10,2019-12-02 11:13:00.000000,2019-12-02 11:13:55.000000,2019-12-02 11:30:36.196223,2019-12-02 11:30:45.285705,,,,Onsite,3,40,41,0 days 00:00:55.000000000,0 days 00:16:50.285705000
11,2019-12-02 12:28:00.000000,2019-12-02 12:28:45.000000,2019-12-02 12:45:37.963682,2019-12-02 12:46:22.963682,2019-12-02 13:24:09.092700,2019-12-02 13:24:54.092700,2019-12-02 13:40:15.736332,Replace,3,40,41,0 days 00:00:45.000000000,0 days 00:17:37.963682000
12,2019-12-02 13:48:00.000000,2019-12-02 13:48:30.000000,2019-12-02 14:03:38.283996,2019-12-02 14:04:08.283996,2019-12-02 14:29:51.984176,2019-12-02 14:30:21.984176,2019-12-02 14:51:32.933104,Replace,3,40,41,0 days 00:00:30.000000000,0 days 00:15:38.283996000
13,2019-12-02 14:54:00.000000,2019-12-02 14:54:55.000000,2019-12-02 15:15:59.732582,2019-12-02 15:16:54.732582,2019-12-02 16:01:25.252309,2019-12-02 16:02:20.252309,2019-12-02 16:26:42.207107,Replace,3,40,41,0 days 00:00:55.000000000,0 days 00:21:59.732582000
14,2019-12-02 16:04:00.000000,2019-12-02 16:04:35.000000,2019-12-02 16:14:42.307153,2019-12-02 16:15:17.307153,2019-12-02 16:51:28.878666,2019-12-02 16:52:03.878666,2019-12-02 17:03:45.720573,Replace,3,40,41,0 days 00:00:35.000000000,0 days 00:10:42.307153000
15,2019-12-02 17:15:00.000000,2019-12-02 17:15:25.000000,2019-12-02 17:32:51.683420,2019-12-02 17:33:16.683420,2019-12-02 18:06:53.872502,2019-12-02 18:07:18.872502,2019-12-02 18:21:11.042835,Replace,3,40,41,0 days 00:00:25.000000000,0 days 00:17:51.683420000
16,2019-12-02 18:14:00.000000,2019-12-02 18:14:45.000000,2019-12-02 18:34:58.741609,2019-12-02 18:35:11.392946,,,,Onsite,3,40,41,0 days 00:00:45.000000000,0 days 00:20:26.392946000
17,2019-12-02 19:19:00.000000,2019-12-02 19:19:35.000000,2019-12-02 19:33:42.504506,2019-12-02 19:34:17.504506,2019-12-02 20:03:12.746968,2019-12-02 20:03:47.746968,2019-12-02 20:21:08.409940,Replace,3,40,41,0 days 00:00:35.000000000,0 days 00:14:42.504506000
18,2019-12-02 20:12:00.000000,2019-12-02 20:12:55.000000,2019-12-02 20:29:05.399766,2019-12-02 20:29:11.135357,,,,Onsite,3,40,41,0 days 00:00:55.000000000,0 days 00:16:16.135357000
19,2019-12-02 21:04:00.000000,2019-12-02 21:04:45.000000,2019-12-02 21:21:36.362243,2019-12-02 21:22:21.362243,2019-12-02 21:49:26.779385,2019-12-02 21:50:11.779385,2019-12-02 22:03:28.453805,Replace,3,40,41,0 days 00:00:45.000000000,0 days 00:17:36.362243000
20,2019-12-02 22:18:00.000000,2019-12-02 22:18:45.000000,2019-12-02 22:29:36.038169,2019-12-02 22:29:45.430557,,,,Onsite,3,40,41,0 days 00:00:45.000000000,0 days 00:11:00.430557000
0,2019-12-02 01:26:00.000000,2019-12-02 00:00:55.000000,2019-12-02 00:17:03.180061,2019-12-02 00:17:58.180061,2019-12-02 01:03:50.982822,2019-12-02 01:04:45.982822,2019-12-02 01:21:57.477823,Replace,4,40,41,-1 days +22:34:55.000000000,0 days 00:17:03.180061000
1,2019-12-02 01:14:00.000000,2019-12-02 01:14:55.000000,2019-12-02 01:26:57.111009,2019-12-02 01:27:25.159768,,,,Onsite,4,40,41,0 days 00:00:55.000000000,0 days 00:12:30.159768000
2,2019-12-02 02:18:00.000000,2019-12-02 02:18:25.000000,2019-12-02 02:38:14.067231,2019-12-02 02:38:20.253924,,,,Onsite,4,40,41,0 days 00:00:25.000000000,0 days 00:19:55.253924000
3,2019-12-02 03:22:00.000000,2019-12-02 03:22:45.000000,2019-12-02 03:34:11.284963,2019-12-02 03:34:29.588206,,,,Onsite,4,40,41,0 days 00:00:45.000000000,0 days 00:11:44.588206000
4,2019-12-02 04:28:00.000000,2019-12-02 04:28:45.000000,2019-12-02 04:43:31.126866,2019-12-02 04:44:16.126866,2019-12-02 05:13:23.108809,2019-12-02 05:14:08.108809,2019-12-02 05:36:28.245174,Replace,4,40,41,0 days 00:00:45.000000000,0 days 00:15:31.126866000
5,2019-12-02 05:35:00.000000,2019-12-02 05:35:30.000000,2019-12-02 05:48:45.821465,2019-12-02 05:48:49.860653,,,,Onsite,4,40,41,0 days 00:00:30.000000000,0 days 00:13:19.860653000
6,2019-12-02 06:40:00.000000,2019-12-02 06:40:30.000000,2019-12-02 06:55:28.579577,2019-12-02 06:55:49.115181,,,,Onsite,4,40,41,0 days 00:00:30.000000000,0 days 00:15:19.115181000
7,2019-12-02 07:47:00.000000,2019-12-02 07:47:30.000000,2019-12-02 08:01:02.397539,2019-12-02 08:01:23.760937,,,,Onsite,4,40,41,0 days 00:00:30.000000000,0 days 00:13:53.760937000
8,2019-12-02 09:01:00.000000,2019-12-02 09:01:50.000000,2019-12-02 09:21:36.941422,2019-12-02 09:21:58.923725,,,,Onsite,4,40,41,0 days 00:00:50.000000000,0 days 00:20:08.923725000
9,2019-12-02 10:03:00.000000,2019-12-02 10:03:45.000000,2019-12-02 10:19:32.275673,2019-12-02 10:19:48.950954,,,,Onsite,4,40,41,0 days 00:00:45.000000000,0 days 00:16:03.950954000
10,2019-12-02 11:20:00.000000,2019-12-02 11:20:50.000000,2019-12-02 11:36:19.284549,2019-12-02 11:36:32.036340,,,,Onsite,4,40,41,0 days 00:00:50.000000000,0 days 00:15:42.036340000
11,2019-12-02 12:19:00.000000,2019-12-02 12:19:55.000000,2019-12-02 12:35:54.522614,2019-12-02 12:36:07.356466,,,,Onsite,4,40,41,0 days 00:00:55.000000000,0 days 00:16:12.356466000
12,2019-12-02 13:20:00.000000,2019-12-02 13:20:55.000000,2019-12-02 13:34:28.098644,2019-12-02 13:34:42.305534,,,,Onsite,4,40,41,0 days 00:00:55.000000000,0 days 00:13:47.305534000
13,2019-12-02 14:30:00.000000,2019-12-02 14:30:45.000000,2019-12-02 14:50:27.800450,2019-12-02 14:51:12.800450,2019-12-02 15:19:24.924133,2019-12-02 15:20:09.924133,2019-12-02 15:38:15.883744,Replace,4,40,41,0 days 00:00:45.000000000,0 days 00:20:27.800450000
14,2019-12-02 15:43:00.000000,2019-12-02 15:43:25.000000,2019-12-02 16:00:45.461929,2019-12-02 16:01:10.461929,2019-12-02 16:58:16.926936,2019-12-02 16:58:41.926936,2019-12-02 17:14:51.249470,Replace,4,40,41,0 days 00:00:25.000000000,0 days 00:17:45.461929000
15,2019-12-02 16:55:00.000000,2019-12-02 16:55:35.000000,2019-12-02 17:12:29.701427,2019-12-02 17:12:42.383480,,,,Onsite,4,40,41,0 days 00:00:35.000000000,0 days 00:17:07.383480000
16,2019-12-02 18:08:00.000000,2019-12-02 18:08:35.000000,2019-12-02 18:29:31.303637,2019-12-02 18:29:35.206686,,,,Onsite,4,40,41,0 days 00:00:35.000000000,0 days 00:21:00.206686000
17,2019-12-02 19:00:00.000000,2019-12-02 19:00:35.000000,2019-12-02 19:19:06.352644,2019-12-02 19:19:41.352644,2019-12-02 20:03:20.645880,2019-12-02 20:03:55.645880,2019-12-02 20:20:18.096279,Replace,4,40,41,0 days 00:00:35.000000000,0 days 00:19:06.352644000
18,2019-12-02 20:11:00.000000,2019-12-02 20:11:45.000000,2019-12-02 20:32:08.892255,2019-12-02 20:32:27.852481,,,,Onsite,4,40,41,0 days 00:00:45.000000000,0 days 00:20:42.852481000
19,2019-12-02 21:23:00.000000,2019-12-02 21:23:45.000000,2019-12-02 21:40:06.827593,2019-12-02 21:40:51.827593,2019-12-02 22:30:13.749019,2019-12-02 22:30:58.749019,2019-12-02 22:53:21.795445,Replace,4,40,41,0 days 00:00:45.000000000,0 days 00:17:06.827593000
0,2019-12-02 01:17:00.000000,2019-12-02 00:00:30.000000,2019-12-02 00:15:10.363968,2019-12-02 00:15:40.363968,2019-12-02 00:51:39.165281,2019-12-02 00:52:09.165281,2019-12-02 01:08:41.872625,Replace,5,40,41,-1 days +22:43:30.000000000,0 days 00:15:10.363968000
1,2019-12-02 01:05:00.000000,2019-12-02 01:05:45.000000,2019-12-02 01:22:51.822506,2019-12-02 01:23:36.822506,2019-12-02 01:55:11.407196,2019-12-02 01:55:56.407196,2019-12-02 02:19:52.258690,Replace,5,40,41,0 days 00:00:45.000000000,0 days 00:17:51.822506000
2,2019-12-02 02:09:00.000000,2019-12-02 02:09:25.000000,2019-12-02 02:24:24.497796,2019-12-02 02:24:49.497796,2019-12-02 03:02:57.530394,2019-12-02 03:03:22.530394,2019-12-02 03:19:41.489794,Replace,5,40,41,0 days 00:00:25.000000000,0 days 00:15:24.497796000
3,2019-12-02 03:13:00.000000,2019-12-02 03:13:30.000000,2019-12-02 03:28:35.111784,2019-12-02 03:29:05.111784,2019-12-02 04:00:20.307037,2019-12-02 04:00:50.307037,2019-12-02 04:20:58.709037,Replace,5,40,41,0 days 00:00:30.000000000,0 days 00:15:35.111784000
4,2019-12-02 04:29:00.000000,2019-12-02 04:29:45.000000,2019-12-02 04:48:38.293077,2019-12-02 04:49:04.898230,,,,Onsite,5,40,41,0 days 00:00:45.000000000,0 days 00:19:19.898230000
5,2019-12-02 05:40:00.000000,2019-12-02 05:40:30.000000,2019-12-02 05:57:50.097712,2019-12-02 05:58:20.097712,2019-12-02 06:40:30.698176,2019-12-02 06:41:00.698176,2019-12-02 06:53:08.762554,Replace,5,40,41,0 days 00:00:30.000000000,0 days 00:17:50.097712000
6,2019-12-02 06:47:00.000000,2019-12-02 06:47:45.000000,2019-12-02 07:09:46.273747,2019-12-02 07:10:31.273747,2019-12-02 07:36:29.305410,2019-12-02 07:37:14.305410,2019-12-02 07:52:00.263079,Replace,5,40,41,0 days 00:00:45.000000000,0 days 00:22:46.273747000
7,2019-12-02 07:47:00.000000,2019-12-02 07:47:55.000000,2019-12-02 08:01:02.310450,2019-12-02 08:01:26.035676,,,,Onsite,5,40,41,0 days 00:00:55.000000000,0 days 00:13:31.035676000
8,2019-12-02 08:56:00.000000,2019-12-02 08:56:45.000000,2019-12-02 09:12:21.187707,2019-12-02 09:13:06.187707,2019-12-02 09:50:44.022940,2019-12-02 09:51:29.022940,2019-12-02 10:06:48.660636,Replace,5,40,41,0 days 00:00:45.000000000,0 days 00:16:21.187707000
9,2019-12-02 09:56:00.000000,2019-12-02 09:56:45.000000,2019-12-02 10:12:16.530929,2019-12-02 10:13:01.530929,2019-12-02 11:08:51.582690,2019-12-02 11:09:36.582690,2019-12-02 11:25:58.703546,Replace,5,40,41,0 days 00:00:45.000000000,0 days 00:16:16.530929000
10,2019-12-02 11:03:00.000000,2019-12-02 11:03:45.000000,2019-12-02 11:19:06.742837,2019-12-02 11:19:51.742837,2019-12-02 12:08:19.873573,2019-12-02 12:09:04.873573,2019-12-02 12:21:54.605350,Replace,5,40,41,0 days 00:00:45.000000000,0 days 00:16:06.742837000
11,2019-12-02 12:11:00.000000,2019-12-02 12:11:45.000000,2019-12-02 12:25:35.546900,2019-12-02 12:26:20.546900,2019-12-02 12:51:21.157922,2019-12-02 12:52:06.157922,2019-12-02 13:15:07.349257,Replace,5,40,41,0 days 00:00:45.000000000,0 days 00:14:35.546900000
12,2019-12-02 13:20:00.000000,2019-12-02 13:20:30.000000,2019-12-02 13:40:15.941601,2019-12-02 13:40:36.007590,,,,Onsite,5,40,41,0 days 00:00:30.000000000,0 days 00:20:06.007590000
13,2019-12-02 14:24:00.000000,2019-12-02 14:24:45.000000,2019-12-02 14:39:20.929868,2019-12-02 14:39:54.129450,,,,Onsite,5,40,41,0 days 00:00:45.000000000,0 days 00:15:09.129450000
14,2019-12-02 15:31:00.000000,2019-12-02 15:31:50.000000,2019-12-02 15:49:56.971210,2019-12-02 15:50:46.971210,2019-12-02 16:29:34.339259,2019-12-02 16:30:24.339259,2019-12-02 16:50:29.401835,Replace,5,40,41,0 days 00:00:50.000000000,0 days 00:18:56.971210000
15,2019-12-02 16:37:00.000000,2019-12-02 16:37:25.000000,2019-12-02 16:51:59.052535,2019-12-02 16:52:18.647902,,,,Onsite,5,40,41,0 days 00:00:25.000000000,0 days 00:14:53.647902000
16,2019-12-02 17:47:00.000000,2019-12-02 17:47:45.000000,2019-12-02 17:56:53.576915,2019-12-02 17:57:38.576915,2019-12-02 18:45:21.921249,2019-12-02 18:46:06.921249,2019-12-02 19:07:49.122849,Replace,5,40,41,0 days 00:00:45.000000000,0 days 00:09:53.576915000
17,2019-12-02 19:01:00.000000,2019-12-02 19:01:55.000000,2019-12-02 19:16:47.855435,2019-12-02 19:16:51.629185,,,,Onsite,5,40,41,0 days 00:00:55.000000000,0 days 00:14:56.629185000
18,2019-12-02 20:10:00.000000,2019-12-02 20:10:35.000000,2019-12-02 20:27:58.434594,2019-12-02 20:28:33.434594,2019-12-02 21:01:44.526936,2019-12-02 21:02:19.526936,2019-12-02 21:15:39.516095,Replace,5,40,41,0 days 00:00:35.000000000,0 days 00:17:58.434594000
19,2019-12-02 21:16:00.000000,2019-12-02 21:16:25.000000,2019-12-02 21:33:34.727457,2019-12-02 21:33:59.727457,2019-12-02 22:19:11.879727,2019-12-02 22:19:36.879727,2019-12-02 22:36:48.372232,Replace,5,40,41,0 days 00:00:25.000000000,0 days 00:17:34.727457000
0,2019-12-02 00:58:00.000000,2019-12-02 00:00:30.000000,2019-12-02 00:18:15.389803,2019-12-02 00:18:33.609017,,,,Onsite,6,40,41,-1 days +23:02:30.000000000,0 days 00:18:03.609017000
1,2019-12-02 01:02:00.000000,2019-12-02 01:02:35.000000,2019-12-02 01:25:19.937227,2019-12-02 01:25:54.937227,2019-12-02 02:04:52.182897,2019-12-02 02:05:27.182897,2019-12-02 02:24:02.260540,Replace,6,40,41,0 days 00:00:35.000000000,0 days 00:23:19.937227000
2,2019-12-02 02:21:00.000000,2019-12-02 02:21:30.000000,2019-12-02 02:35:33.213711,2019-12-02 02:36:03.213711,2019-12-02 03:11:35.438604,2019-12-02 03:12:05.438604,2019-12-02 03:27:38.576770,Replace,6,40,41,0 days 00:00:30.000000000,0 days 00:14:33.213711000
3,2019-12-02 03:45:00.000000,2019-12-02 03:45:45.000000,2019-12-02 04:00:06.604501,2019-12-02 04:00:51.604501,2019-12-02 04:42:55.462260,2019-12-02 04:43:40.462260,2019-12-02 05:03:24.190508,Replace,6,40,41,0 days 00:00:45.000000000,0 days 00:15:06.604501000
4,2019-12-02 04:39:00.000000,2019-12-02 04:39:30.000000,2019-12-02 04:54:37.800502,2019-12-02 04:54:47.604972,,,,Onsite,6,40,41,0 days 00:00:30.000000000,0 days 00:15:17.604972000
5,2019-12-02 05:53:00.000000,2019-12-02 05:53:45.000000,2019-12-02 06:05:34.290694,2019-12-02 06:06:19.290694,2019-12-02 06:37:36.752803,2019-12-02 06:38:21.752803,2019-12-02 06:49:00.183395,Replace,6,40,41,0 days 00:00:45.000000000,0 days 00:12:34.290694000
6,2019-12-02 06:43:00.000000,2019-12-02 06:43:25.000000,2019-12-02 07:03:03.802891,2019-12-02 07:03:28.802891,2019-12-02 07:31:48.594111,2019-12-02 07:32:13.594111,2019-12-02 07:47:38.720026,Replace,6,40,41,0 days 00:00:25.000000000,0 days 00:20:03.802891000
7,2019-12-02 07:41:00.000000,2019-12-02 07:41:55.000000,2019-12-02 07:56:14.669614,2019-12-02 07:56:41.471641,,,,Onsite,6,40,41,0 days 00:00:55.000000000,0 days 00:14:46.471641000
8,2019-12-02 08:36:00.000000,2019-12-02 08:36:50.000000,2019-12-02 08:50:45.777531,2019-12-02 08:51:35.777531,2019-12-02 09:18:49.143653,2019-12-02 09:19:39.143653,2019-12-02 09:41:30.247518,Replace,6,40,41,0 days 00:00:50.000000000,0 days 00:14:45.777531000
9,2019-12-02 09:54:00.000000,2019-12-02 09:54:50.000000,2019-12-02 10:08:24.601171,2019-12-02 10:09:14.601171,2019-12-02 10:53:06.197236,2019-12-02 10:53:56.197236,2019-12-02 11:06:27.565315,Replace,6,40,41,0 days 00:00:50.000000000,0 days 00:14:24.601171000
10,2019-12-02 10:56:00.000000,2019-12-02 10:56:45.000000,2019-12-02 11:06:28.683887,2019-12-02 11:07:13.683887,2019-12-02 11:58:53.646611,2019-12-02 11:59:38.646611,2019-12-02 12:18:59.188957,Replace,6,40,41,0 days 00:00:45.000000000,0 days 00:10:28.683887000
11,2019-12-02 12:02:00.000000,2019-12-02 12:02:45.000000,2019-12-02 12:16:41.724789,2019-12-02 12:17:26.724789,2019-12-02 12:44:54.363285,2019-12-02 12:45:39.363285,2019-12-02 13:02:35.296221,Replace,6,40,41,0 days 00:00:45.000000000,0 days 00:14:41.724789000
12,2019-12-02 13:03:00.000000,2019-12-02 13:03:35.000000,2019-12-02 13:17:01.042184,2019-12-02 13:17:36.042184,2019-12-02 13:55:14.161743,2019-12-02 13:55:49.161743,2019-12-02 14:14:48.506035,Replace,6,40,41,0 days 00:00:35.000000000,0 days 00:14:01.042184000
13,2019-12-02 14:15:00.000000,2019-12-02 14:15:35.000000,2019-12-02 14:36:53.683638,2019-12-02 14:37:23.774879,,,,Onsite,6,40,41,0 days 00:00:35.000000000,0 days 00:21:48.774879000
14,2019-12-02 15:07:00.000000,2019-12-02 15:07:55.000000,2019-12-02 15:21:56.056991,2019-12-02 15:22:51.056991,2019-12-02 16:10:35.169748,2019-12-02 16:11:30.169748,2019-12-02 16:31:53.375937,Replace,6,40,41,0 days 00:00:55.000000000,0 days 00:14:56.056991000
15,2019-12-02 16:26:00.000000,2019-12-02 16:26:30.000000,2019-12-02 16:35:46.949626,2019-12-02 16:35:56.449830,,,,Onsite,6,40,41,0 days 00:00:30.000000000,0 days 00:09:26.449830000
16,2019-12-02 17:31:00.000000,2019-12-02 17:31:35.000000,2019-12-02 17:45:17.591461,2019-12-02 17:45:52.591461,2019-12-02 18:33:47.739392,2019-12-02 18:34:22.739392,2019-12-02 18:49:35.238978,Replace,6,40,41,0 days 00:00:35.000000000,0 days 00:14:17.591461000
17,2019-12-02 18:41:00.000000,2019-12-02 18:41:55.000000,2019-12-02 18:53:38.453572,2019-12-02 18:53:47.360491,,,,Onsite,6,40,41,0 days 00:00:55.000000000,0 days 00:11:52.360491000
18,2019-12-02 19:42:00.000000,2019-12-02 19:42:45.000000,2019-12-02 19:58:45.317311,2019-12-02 19:59:30.317311,2019-12-02 20:50:04.751666,2019-12-02 20:50:49.751666,2019-12-02 21:12:21.722273,Replace,6,40,41,0 days 00:00:45.000000000,0 days 00:16:45.317311000
19,2019-12-02 20:57:00.000000,2019-12-02 20:57:35.000000,2019-12-02 21:17:10.661590,2019-12-02 21:17:23.349751,,,,Onsite,6,40,41,0 days 00:00:35.000000000,0 days 00:19:48.349751000
20,2019-12-02 21:59:00.000000,2019-12-02 21:59:45.000000,2019-12-02 22:11:28.776094,2019-12-02 22:12:02.230681,,,,Onsite,6,40,41,0 days 00:00:45.000000000,0 days 00:12:17.230681000
0,2019-12-02 01:17:00.000000,2019-12-02 00:00:45.000000,2019-12-02 00:20:08.220415,2019-12-02 00:20:53.220415,2019-12-02 01:16:36.682025,2019-12-02 01:17:21.682025,2019-12-02 01:31:37.639079,Replace,7,40,41,-1 days +22:43:45.000000000,0 days 00:20:08.220415000
1,2019-12-02 02:06:00.000000,2019-12-02 02:06:45.000000,2019-12-02 02:26:39.481515,2019-12-02 02:27:24.481515,2019-12-02 03:09:31.125775,2019-12-02 03:10:16.125775,2019-12-02 03:25:04.838454,Replace,7,40,41,0 days 00:00:45.000000000,0 days 00:20:39.481515000
2,2019-12-02 03:20:00.000000,2019-12-02 03:20:45.000000,2019-12-02 03:34:49.611363,2019-12-02 03:35:01.221112,,,,Onsite,7,40,41,0 days 00:00:45.000000000,0 days 00:14:16.221112000
3,2019-12-02 01:04:00.000000,2019-12-02 01:04:35.000000,2019-12-02 01:22:31.184159,2019-12-02 01:23:06.184159,2019-12-02 02:06:43.972044,2019-12-02 02:07:18.972044,2019-12-02 02:22:28.560761,Replace,7,40,41,0 days 00:00:35.000000000,0 days 00:18:31.184159000
4,2019-12-02 04:32:00.000000,2019-12-02 04:32:25.000000,2019-12-02 04:49:07.931264,2019-12-02 04:49:15.126283,,,,Onsite,7,40,41,0 days 00:00:25.000000000,0 days 00:16:50.126283000
5,2019-12-02 05:37:00.000000,2019-12-02 05:37:45.000000,2019-12-02 05:55:06.786343,2019-12-02 05:55:19.178737,,,,Onsite,7,40,41,0 days 00:00:45.000000000,0 days 00:17:34.178737000
6,2019-12-02 06:33:00.000000,2019-12-02 06:33:45.000000,2019-12-02 06:47:10.427235,2019-12-02 06:47:40.392252,,,,Onsite,7,40,41,0 days 00:00:45.000000000,0 days 00:13:55.392252000
7,2019-12-02 07:31:00.000000,2019-12-02 07:31:50.000000,2019-12-02 07:47:41.331693,2019-12-02 07:48:31.331693,2019-12-02 08:26:50.466545,2019-12-02 08:27:40.466545,2019-12-02 08:46:13.028492,Replace,7,40,41,0 days 00:00:50.000000000,0 days 00:16:41.331693000
8,2019-12-02 08:45:00.000000,2019-12-02 08:45:45.000000,2019-12-02 09:01:44.579057,2019-12-02 09:01:59.077185,,,,Onsite,7,40,41,0 days 00:00:45.000000000,0 days 00:16:14.077185000
9,2019-12-02 09:38:00.000000,2019-12-02 09:38:25.000000,2019-12-02 09:56:54.569937,2019-12-02 09:57:04.329554,,,,Onsite,7,40,41,0 days 00:00:25.000000000,0 days 00:18:39.329554000
10,2019-12-02 10:39:00.000000,2019-12-02 10:39:55.000000,2019-12-02 10:53:00.889768,2019-12-02 10:53:55.889768,2019-12-02 11:44:37.713265,2019-12-02 11:45:32.713265,2019-12-02 12:01:06.431493,Replace,7,40,41,0 days 00:00:55.000000000,0 days 00:14:00.889768000
11,2019-12-02 11:48:00.000000,2019-12-02 11:48:45.000000,2019-12-02 12:09:56.239239,2019-12-02 12:10:41.239239,2019-12-02 12:45:50.761195,2019-12-02 12:46:35.761195,2019-12-02 13:11:04.233925,Replace,7,40,41,0 days 00:00:45.000000000,0 days 00:21:56.239239000
12,2019-12-02 13:18:00.000000,2019-12-02 13:18:45.000000,2019-12-02 13:38:31.539771,2019-12-02 13:39:16.539771,2019-12-02 14:10:24.313140,2019-12-02 14:11:09.313140,2019-12-02 14:23:53.474607,Replace,7,40,41,0 days 00:00:45.000000000,0 days 00:20:31.539771000
13,2019-12-02 14:34:00.000000,2019-12-02 14:34:30.000000,2019-12-02 14:52:33.095773,2019-12-02 14:53:03.095773,2019-12-02 15:38:33.131014,2019-12-02 15:39:03.131014,2019-12-02 15:53:27.438771,Replace,7,40,41,0 days 00:00:30.000000000,0 days 00:18:33.095773000
14,2019-12-02 15:52:00.000000,2019-12-02 15:52:30.000000,2019-12-02 16:10:43.315926,2019-12-02 16:11:13.315926,2019-12-02 16:40:48.218862,2019-12-02 16:41:18.218862,2019-12-02 16:54:20.971389,Replace,7,40,41,0 days 00:00:30.000000000,0 days 00:18:43.315926000
15,2019-12-02 17:15:00.000000,2019-12-02 17:15:50.000000,2019-12-02 17:40:16.204956,2019-12-02 17:41:06.204956,2019-12-02 18:10:22.253293,2019-12-02 18:11:12.253293,2019-12-02 18:29:21.134005,Replace,7,40,41,0 days 00:00:50.000000000,0 days 00:25:16.204956000
16,2019-12-02 18:15:00.000000,2019-12-02 18:15:35.000000,2019-12-02 18:33:15.958147,2019-12-02 18:33:50.958147,2019-12-02 19:07:40.290177,2019-12-02 19:08:15.290177,2019-12-02 19:27:20.560412,Replace,7,40,41,0 days 00:00:35.000000000,0 days 00:18:15.958147000
17,2019-12-02 19:35:00.000000,2019-12-02 19:35:50.000000,2019-12-02 19:52:13.112629,2019-12-02 19:53:03.112629,2019-12-02 20:47:06.589903,2019-12-02 20:47:56.589903,2019-12-02 21:00:46.275721,Replace,7,40,41,0 days 00:00:50.000000000,0 days 00:17:13.112629000
18,2019-12-02 20:48:00.000000,2019-12-02 20:48:45.000000,2019-12-02 21:05:12.275397,2019-12-02 21:05:57.275397,2019-12-02 21:54:58.661052,2019-12-02 21:55:43.661052,2019-12-02 22:13:23.199550,Replace,7,40,41,0 days 00:00:45.000000000,0 days 00:17:12.275397000
19,2019-12-02 21:58:00.000000,2019-12-02 21:58:45.000000,2019-12-02 22:12:54.963683,2019-12-02 22:12:59.604501,,,,Onsite,7,40,41,0 days 00:00:45.000000000,0 days 00:14:14.604501000
0,2019-12-02 01:06:00.000000,2019-12-02 00:00:45.000000,2019-12-02 00:16:53.887481,2019-12-02 00:17:38.887481,2019-12-02 00:55:35.969769,2019-12-02 00:56:20.969769,2019-12-02 01:16:26.591807,Replace,8,40,41,-1 days +22:54:45.000000000,0 days 00:16:53.887481000
1,2019-12-02 01:07:00.000000,2019-12-02 01:07:45.000000,2019-12-02 01:24:02.085721,2019-12-02 01:24:23.900630,,,,Onsite,8,40,41,0 days 00:00:45.000000000,0 days 00:16:38.900630000
2,2019-12-02 02:14:00.000000,2019-12-02 02:14:45.000000,2019-12-02 02:35:55.015903,2019-12-02 02:36:02.026100,,,,Onsite,8,40,41,0 days 00:00:45.000000000,0 days 00:21:17.026100000
3,2019-12-02 03:18:00.000000,2019-12-02 03:18:35.000000,2019-12-02 03:34:31.440918,2019-12-02 03:35:06.440918,2019-12-02 04:30:27.603980,2019-12-02 04:31:02.603980,2019-12-02 04:47:25.053617,Replace,8,40,41,0 days 00:00:35.000000000,0 days 00:16:31.440918000
4,2019-12-02 04:12:00.000000,2019-12-02 04:12:55.000000,2019-12-02 04:33:43.970440,2019-12-02 04:33:53.787495,,,,Onsite,8,40,41,0 days 00:00:55.000000000,0 days 00:20:58.787495000
5,2019-12-02 05:06:00.000000,2019-12-02 05:06:45.000000,2019-12-02 05:22:17.868498,2019-12-02 05:22:44.588316,,,,Onsite,8,40,41,0 days 00:00:45.000000000,0 days 00:15:59.588316000
6,2019-12-02 06:12:00.000000,2019-12-02 06:12:25.000000,2019-12-02 06:26:22.594033,2019-12-02 06:26:47.594033,2019-12-02 07:06:59.101519,2019-12-02 07:07:24.101519,2019-12-02 07:26:33.123308,Replace,8,40,41,0 days 00:00:25.000000000,0 days 00:14:22.594033000
7,2019-12-02 07:14:00.000000,2019-12-02 07:14:35.000000,2019-12-02 07:31:29.530238,2019-12-02 07:31:31.731240,,,,Onsite,8,40,41,0 days 00:00:35.000000000,0 days 00:16:56.731240000
8,2019-12-02 08:23:00.000000,2019-12-02 08:23:35.000000,2019-12-02 08:38:21.772165,2019-12-02 08:38:33.715205,,,,Onsite,8,40,41,0 days 00:00:35.000000000,0 days 00:14:58.715205000
9,2019-12-02 09:20:00.000000,2019-12-02 09:20:45.000000,2019-12-02 09:33:39.813006,2019-12-02 09:34:02.083366,,,,Onsite,8,40,41,0 days 00:00:45.000000000,0 days 00:13:17.083366000
10,2019-12-02 10:35:00.000000,2019-12-02 10:35:45.000000,2019-12-02 10:51:41.591663,2019-12-02 10:52:26.591663,2019-12-02 11:43:38.500750,2019-12-02 11:44:23.500750,2019-12-02 12:00:42.677761,Replace,8,40,41,0 days 00:00:45.000000000,0 days 00:16:41.591663000
11,2019-12-02 11:38:00.000000,2019-12-02 11:38:35.000000,2019-12-02 11:50:59.524490,2019-12-02 11:51:22.314775,,,,Onsite,8,40,41,0 days 00:00:35.000000000,0 days 00:12:47.314775000
12,2019-12-02 13:56:00.000000,2019-12-02 13:56:45.000000,2019-12-02 14:13:56.008435,2019-12-02 14:14:41.008435,2019-12-02 14:44:34.537533,2019-12-02 14:45:19.537533,2019-12-02 14:58:53.291731,Replace,8,40,41,0 days 00:00:45.000000000,0 days 00:17:56.008435000
13,2019-12-02 12:57:00.000000,2019-12-02 12:57:35.000000,2019-12-02 13:13:41.303496,2019-12-02 13:14:16.303496,2019-12-02 13:56:04.630825,2019-12-02 13:56:39.630825,2019-12-02 14:10:43.885864,Replace,8,40,41,0 days 00:00:35.000000000,0 days 00:16:41.303496000
14,2019-12-02 15:21:00.000000,2019-12-02 15:21:25.000000,2019-12-02 15:35:49.281653,2019-12-02 15:36:14.281653,2019-12-02 16:05:55.045277,2019-12-02 16:06:20.045277,2019-12-02 16:20:03.790055,Replace,8,40,41,0 days 00:00:25.000000000,0 days 00:14:49.281653000
15,2019-12-02 16:32:00.000000,2019-12-02 16:32:30.000000,2019-12-02 16:51:07.071729,2019-12-02 16:51:37.071729,2019-12-02 17:22:50.241923,2019-12-02 17:23:20.241923,2019-12-02 17:42:13.504134,Replace,8,40,41,0 days 00:00:30.000000000,0 days 00:19:07.071729000
16,2019-12-02 17:41:00.000000,2019-12-02 17:41:35.000000,2019-12-02 17:58:09.374496,2019-12-02 17:58:28.927922,,,,Onsite,8,40,41,0 days 00:00:35.000000000,0 days 00:16:53.927922000
17,2019-12-02 18:51:00.000000,2019-12-02 18:51:45.000000,2019-12-02 19:07:58.948208,2019-12-02 19:08:43.948208,2019-12-02 19:52:12.354321,2019-12-02 19:52:57.354321,2019-12-02 20:07:05.922689,Replace,8,40,41,0 days 00:00:45.000000000,0 days 00:16:58.948208000
18,2019-12-02 20:05:00.000000,2019-12-02 20:05:55.000000,2019-12-02 20:14:38.440483,2019-12-02 20:15:33.440483,2019-12-02 21:00:26.677021,2019-12-02 21:01:21.677021,2019-12-02 21:20:33.544515,Replace,8,40,41,0 days 00:00:55.000000000,0 days 00:09:38.440483000
19,2019-12-02 21:17:00.000000,2019-12-02 21:17:30.000000,2019-12-02 21:28:43.471125,2019-12-02 21:29:13.471125,2019-12-02 21:56:24.744393,2019-12-02 21:56:54.744393,2019-12-02 22:19:09.208246,Replace,8,40,41,0 days 00:00:30.000000000,0 days 00:11:43.471125000
0,2019-12-02 01:06:00.000000,2019-12-02 00:00:45.000000,2019-12-02 00:15:14.099393,2019-12-02 00:15:59.099393,2019-12-02 00:59:31.671356,2019-12-02 01:00:16.671356,2019-12-02 01:11:52.608684,Replace,9,40,41,-1 days +22:54:45.000000000,0 days 00:15:14.099393000
1,2019-12-02 01:09:00.000000,2019-12-02 01:09:45.000000,2019-12-02 01:25:22.857122,2019-12-02 01:26:07.857122,2019-12-02 02:08:13.375763,2019-12-02 02:08:58.375763,2019-12-02 02:22:25.241367,Replace,9,40,41,0 days 00:00:45.000000000,0 days 00:16:22.857122000
2,2019-12-02 02:12:00.000000,2019-12-02 02:12:55.000000,2019-12-02 02:29:39.242136,2019-12-02 02:30:34.242136,2019-12-02 03:18:26.206431,2019-12-02 03:19:21.206431,2019-12-02 03:34:32.920170,Replace,9,40,41,0 days 00:00:55.000000000,0 days 00:17:39.242136000
3,2019-12-02 03:11:00.000000,2019-12-02 03:11:45.000000,2019-12-02 03:30:17.310576,2019-12-02 03:31:02.310576,2019-12-02 04:15:10.431608,2019-12-02 04:15:55.431608,2019-12-02 04:40:05.445026,Replace,9,40,41,0 days 00:00:45.000000000,0 days 00:19:17.310576000
4,2019-12-02 04:11:00.000000,2019-12-02 04:11:45.000000,2019-12-02 04:25:36.915463,2019-12-02 04:25:56.919473,,,,Onsite,9,40,41,0 days 00:00:45.000000000,0 days 00:14:11.919473000
5,2019-12-02 05:07:00.000000,2019-12-02 05:07:45.000000,2019-12-02 05:23:08.516410,2019-12-02 05:23:27.713104,,,,Onsite,9,40,41,0 days 00:00:45.000000000,0 days 00:15:42.713104000
6,2019-12-02 06:11:00.000000,2019-12-02 06:11:25.000000,2019-12-02 06:27:36.828787,2019-12-02 06:27:45.724229,,,,Onsite,9,40,41,0 days 00:00:25.000000000,0 days 00:16:20.724229000
7,2019-12-02 07:31:00.000000,2019-12-02 07:31:25.000000,2019-12-02 07:47:54.488075,2019-12-02 07:48:19.488075,2019-12-02 08:18:02.300597,2019-12-02 08:18:27.300597,2019-12-02 08:39:08.528289,Replace,9,40,41,0 days 00:00:25.000000000,0 days 00:16:54.488075000
8,2019-12-02 08:38:00.000000,2019-12-02 08:38:55.000000,2019-12-02 08:54:49.153020,2019-12-02 08:55:44.153020,2019-12-02 09:47:19.956692,2019-12-02 09:48:14.956692,2019-12-02 10:00:26.548501,Replace,9,40,41,0 days 00:00:55.000000000,0 days 00:16:49.153020000
9,2019-12-02 09:43:00.000000,2019-12-02 09:43:55.000000,2019-12-02 09:57:24.028704,2019-12-02 09:58:19.028704,2019-12-02 10:31:05.414204,2019-12-02 10:32:00.414204,2019-12-02 10:49:59.805048,Replace,9,40,41,0 days 00:00:55.000000000,0 days 00:14:24.028704000
10,2019-12-02 11:03:00.000000,2019-12-02 11:03:25.000000,2019-12-02 11:20:26.156434,2019-12-02 11:20:34.703642,,,,Onsite,9,40,41,0 days 00:00:25.000000000,0 days 00:17:09.703642000
11,2019-12-02 12:16:00.000000,2019-12-02 12:16:25.000000,2019-12-02 12:28:08.520033,2019-12-02 12:28:31.145621,,,,Onsite,9,40,41,0 days 00:00:25.000000000,0 days 00:12:06.145621000
12,2019-12-02 13:22:00.000000,2019-12-02 13:22:25.000000,2019-12-02 13:41:21.920297,2019-12-02 13:41:46.920297,2019-12-02 14:17:26.670135,2019-12-02 14:17:51.670135,2019-12-02 14:36:53.783122,Replace,9,40,41,0 days 00:00:25.000000000,0 days 00:19:21.920297000
13,2019-12-02 14:36:00.000000,2019-12-02 14:36:50.000000,2019-12-02 14:52:38.724274,2019-12-02 14:52:43.522837,,,,Onsite,9,40,41,0 days 00:00:50.000000000,0 days 00:15:53.522837000
14,2019-12-02 15:42:00.000000,2019-12-02 15:42:35.000000,2019-12-02 16:07:22.116410,2019-12-02 16:07:33.576142,,,,Onsite,9,40,41,0 days 00:00:35.000000000,0 days 00:24:58.576142000
15,2019-12-02 16:50:00.000000,2019-12-02 16:50:50.000000,2019-12-02 17:06:13.379319,2019-12-02 17:07:03.379319,2019-12-02 17:46:50.047699,2019-12-02 17:47:40.047699,2019-12-02 18:05:35.675894,Replace,9,40,41,0 days 00:00:50.000000000,0 days 00:16:13.379319000
16,2019-12-02 18:01:00.000000,2019-12-02 18:01:25.000000,2019-12-02 18:12:22.576897,2019-12-02 18:12:47.576897,2019-12-02 19:05:11.549020,2019-12-02 19:05:36.549020,2019-12-02 19:28:49.593647,Replace,9,40,41,0 days 00:00:25.000000000,0 days 00:11:22.576897000
17,2019-12-02 19:01:00.000000,2019-12-02 19:01:25.000000,2019-12-02 19:19:26.215350,2019-12-02 19:19:37.615536,,,,Onsite,9,40,41,0 days 00:00:25.000000000,0 days 00:18:12.615536000
18,2019-12-02 20:21:00.000000,2019-12-02 20:21:35.000000,2019-12-02 20:39:01.410184,2019-12-02 20:39:36.410184,2019-12-02 21:28:18.354421,2019-12-02 21:28:53.354421,2019-12-02 21:47:44.878664,Replace,9,40,41,0 days 00:00:35.000000000,0 days 00:18:01.410184000
19,2019-12-02 21:33:00.000000,2019-12-02 21:33:25.000000,2019-12-02 21:51:43.817789,2019-12-02 21:52:08.817789,2019-12-02 22:45:07.427419,2019-12-02 22:45:32.427419,2019-12-02 22:56:57.807440,Replace,9,40,41,0 days 00:00:25.000000000,0 days 00:18:43.817789000
0,2019-12-02 01:12:00.000000,2019-12-02 00:00:35.000000,2019-12-02 00:14:52.481977,2019-12-02 00:15:27.481977,2019-12-02 00:48:54.222898,2019-12-02 00:49:29.222898,2019-12-02 01:06:07.507236,Replace,1,40,42,-1 days +22:48:35.000000000,0 days 00:14:52.481977000
1,2019-12-02 01:11:00.000000,2019-12-02 01:11:35.000000,2019-12-02 01:26:51.428581,2019-12-02 01:27:26.428581,2019-12-02 02:13:42.684828,2019-12-02 02:14:17.684828,2019-12-02 02:36:01.237449,Replace,1,40,42,0 days 00:00:35.000000000,0 days 00:15:51.428581000
2,2019-12-02 02:25:00.000000,2019-12-02 02:25:50.000000,2019-12-02 02:36:49.846235,2019-12-02 02:37:39.846235,2019-12-02 03:28:08.697984,2019-12-02 03:28:58.697984,2019-12-02 03:47:54.546496,Replace,1,40,42,0 days 00:00:50.000000000,0 days 00:11:49.846235000
3,2019-12-02 03:31:00.000000,2019-12-02 03:31:35.000000,2019-12-02 03:48:00.730971,2019-12-02 03:48:08.964121,,,,Onsite,1,40,42,0 days 00:00:35.000000000,0 days 00:16:33.964121000
4,2019-12-02 05:22:00.000000,2019-12-02 05:22:35.000000,2019-12-02 05:42:48.902843,2019-12-02 05:43:01.419663,,,,Onsite,1,40,42,0 days 00:00:35.000000000,0 days 00:20:26.419663000
5,2019-12-02 04:18:00.000000,2019-12-02 04:18:35.000000,2019-12-02 04:36:34.508258,2019-12-02 04:37:09.508258,2019-12-02 05:22:07.597597,2019-12-02 05:22:42.597597,2019-12-02 05:37:29.646244,Replace,1,40,42,0 days 00:00:35.000000000,0 days 00:18:34.508258000
6,2019-12-02 06:30:00.000000,2019-12-02 06:30:25.000000,2019-12-02 06:48:56.908543,2019-12-02 06:49:21.908543,2019-12-02 07:19:17.255594,2019-12-02 07:19:42.255594,2019-12-02 07:38:48.547925,Replace,1,40,42,0 days 00:00:25.000000000,0 days 00:18:56.908543000
7,2019-12-02 07:29:00.000000,2019-12-02 07:29:45.000000,2019-12-02 07:47:57.572682,2019-12-02 07:48:04.771124,,,,Onsite,1,40,42,0 days 00:00:45.000000000,0 days 00:18:19.771124000
8,2019-12-02 09:00:00.000000,2019-12-02 09:00:25.000000,2019-12-02 09:18:54.097838,2019-12-02 09:19:19.097838,2019-12-02 09:51:23.419995,2019-12-02 09:51:48.419995,2019-12-02 10:06:55.031153,Replace,1,40,42,0 days 00:00:25.000000000,0 days 00:18:54.097838000
9,2019-12-02 10:04:00.000000,2019-12-02 10:04:55.000000,2019-12-02 10:20:49.047099,2019-12-02 10:21:44.047099,2019-12-02 11:09:45.339824,2019-12-02 11:10:40.339824,2019-12-02 11:31:04.408743,Replace,1,40,42,0 days 00:00:55.000000000,0 days 00:16:49.047099000
10,2019-12-02 11:19:00.000000,2019-12-02 11:19:50.000000,2019-12-02 11:36:21.736347,2019-12-02 11:37:11.736347,2019-12-02 11:57:39.033400,2019-12-02 11:58:29.033400,2019-12-02 12:09:41.328822,Replace,1,40,42,0 days 00:00:50.000000000,0 days 00:17:21.736347000
11,2019-12-02 12:13:00.000000,2019-12-02 12:13:25.000000,2019-12-02 12:31:42.510326,2019-12-02 12:32:07.510326,2019-12-02 13:09:42.282084,2019-12-02 13:10:07.282084,2019-12-02 13:27:58.900920,Replace,1,40,42,0 days 00:00:25.000000000,0 days 00:18:42.510326000
12,2019-12-02 13:15:00.000000,2019-12-02 13:15:45.000000,2019-12-02 13:32:14.672075,2019-12-02 13:32:37.494378,,,,Onsite,1,40,42,0 days 00:00:45.000000000,0 days 00:16:52.494378000
13,2019-12-02 14:28:00.000000,2019-12-02 14:28:30.000000,2019-12-02 14:42:12.607716,2019-12-02 14:42:40.873476,,,,Onsite,1,40,42,0 days 00:00:30.000000000,0 days 00:14:10.873476000
14,2019-12-02 15:44:00.000000,2019-12-02 15:44:35.000000,2019-12-02 16:00:35.701315,2019-12-02 16:01:01.341630,,,,Onsite,1,40,42,0 days 00:00:35.000000000,0 days 00:16:26.341630000
15,2019-12-02 16:50:00.000000,2019-12-02 16:50:30.000000,2019-12-02 17:05:05.105456,2019-12-02 17:05:24.891674,,,,Onsite,1,40,42,0 days 00:00:30.000000000,0 days 00:14:54.891674000
16,2019-12-02 18:06:00.000000,2019-12-02 18:06:25.000000,2019-12-02 18:22:06.299082,2019-12-02 18:22:31.299082,2019-12-02 18:55:54.268451,2019-12-02 18:56:19.268451,2019-12-02 19:10:18.688789,Replace,1,40,42,0 days 00:00:25.000000000,0 days 00:16:06.299082000
17,2019-12-02 19:13:00.000000,2019-12-02 19:13:30.000000,2019-12-02 19:27:29.366346,2019-12-02 19:27:59.366346,2019-12-02 19:54:40.067022,2019-12-02 19:55:10.067022,2019-12-02 20:15:02.648303,Replace,1,40,42,0 days 00:00:30.000000000,0 days 00:14:29.366346000
18,2019-12-02 20:17:00.000000,2019-12-02 20:17:30.000000,2019-12-02 20:38:07.372969,2019-12-02 20:38:25.937213,,,,Onsite,1,40,42,0 days 00:00:30.000000000,0 days 00:20:55.937213000
0,2019-12-02 01:14:00.000000,2019-12-02 00:00:45.000000,2019-12-02 00:16:56.404562,2019-12-02 00:17:07.622553,,,,Onsite,2,40,42,-1 days +22:46:45.000000000,0 days 00:16:22.622553000
1,2019-12-02 01:06:00.000000,2019-12-02 01:06:35.000000,2019-12-02 01:20:35.063207,2019-12-02 01:21:10.063207,2019-12-02 02:04:22.521201,2019-12-02 02:04:57.521201,2019-12-02 02:21:44.500748,Replace,2,40,42,0 days 00:00:35.000000000,0 days 00:14:35.063207000
2,2019-12-02 02:08:00.000000,2019-12-02 02:08:45.000000,2019-12-02 02:28:47.346595,2019-12-02 02:29:32.346595,2019-12-02 02:56:45.286027,2019-12-02 02:57:30.286027,2019-12-02 03:21:17.995605,Replace,2,40,42,0 days 00:00:45.000000000,0 days 00:20:47.346595000
3,2019-12-02 03:13:00.000000,2019-12-02 03:13:30.000000,2019-12-02 03:29:20.771330,2019-12-02 03:29:50.771330,2019-12-02 04:02:43.172440,2019-12-02 04:03:13.172440,2019-12-02 04:25:09.564843,Replace,2,40,42,0 days 00:00:30.000000000,0 days 00:16:20.771330000
4,2019-12-02 04:06:00.000000,2019-12-02 04:06:30.000000,2019-12-02 04:23:46.799408,2019-12-02 04:24:16.799408,2019-12-02 04:52:13.192710,2019-12-02 04:52:43.192710,2019-12-02 05:11:14.796821,Replace,2,40,42,0 days 00:00:30.000000000,0 days 00:17:46.799408000
5,2019-12-02 05:12:00.000000,2019-12-02 05:12:45.000000,2019-12-02 05:27:40.381684,2019-12-02 05:28:25.381684,2019-12-02 06:07:03.792787,2019-12-02 06:07:48.792787,2019-12-02 06:25:50.668263,Replace,2,40,42,0 days 00:00:45.000000000,0 days 00:15:40.381684000
6,2019-12-02 06:19:00.000000,2019-12-02 06:19:55.000000,2019-12-02 06:36:35.588998,2019-12-02 06:36:51.166710,,,,Onsite,2,40,42,0 days 00:00:55.000000000,0 days 00:16:56.166710000
7,2019-12-02 07:37:00.000000,2019-12-02 07:37:55.000000,2019-12-02 07:48:51.338691,2019-12-02 07:49:46.338691,2019-12-02 08:20:48.864949,2019-12-02 08:21:43.864949,2019-12-02 08:35:36.053068,Replace,2,40,42,0 days 00:00:55.000000000,0 days 00:11:51.338691000
8,2019-12-02 08:41:00.000000,2019-12-02 08:41:45.000000,2019-12-02 08:59:02.196888,2019-12-02 08:59:13.000828,,,,Onsite,2,40,42,0 days 00:00:45.000000000,0 days 00:17:28.000828000
9,2019-12-02 09:45:00.000000,2019-12-02 09:45:35.000000,2019-12-02 10:01:00.845474,2019-12-02 10:01:31.960241,,,,Onsite,2,40,42,0 days 00:00:35.000000000,0 days 00:15:56.960241000
10,2019-12-02 10:53:00.000000,2019-12-02 10:53:45.000000,2019-12-02 11:10:56.482552,2019-12-02 11:11:41.482552,2019-12-02 11:58:24.343740,2019-12-02 11:59:09.343740,2019-12-02 12:13:26.564875,Replace,2,40,42,0 days 00:00:45.000000000,0 days 00:17:56.482552000
11,2019-12-02 13:05:00.000000,2019-12-02 13:05:45.000000,2019-12-02 13:24:05.331958,2019-12-02 13:24:50.331958,2019-12-02 14:02:24.051820,2019-12-02 14:03:09.051820,2019-12-02 14:18:11.910357,Replace,2,40,42,0 days 00:00:45.000000000,0 days 00:19:05.331958000
12,2019-12-02 11:58:00.000000,2019-12-02 11:58:30.000000,2019-12-02 12:15:24.265015,2019-12-02 12:15:54.265015,2019-12-02 13:08:23.712559,2019-12-02 13:08:53.712559,2019-12-02 13:22:05.097106,Replace,2,40,42,0 days 00:00:30.000000000,0 days 00:17:24.265015000
13,2019-12-02 14:28:00.000000,2019-12-02 14:28:55.000000,2019-12-02 14:46:16.399099,2019-12-02 14:47:11.399099,2019-12-02 15:14:04.865225,2019-12-02 15:14:59.865225,2019-12-02 15:31:21.607839,Replace,2,40,42,0 days 00:00:55.000000000,0 days 00:18:16.399099000
14,2019-12-02 15:30:00.000000,2019-12-02 15:30:50.000000,2019-12-02 15:49:36.535210,2019-12-02 15:50:04.550553,,,,Onsite,2,40,42,0 days 00:00:50.000000000,0 days 00:19:14.550553000
15,2019-12-02 16:42:00.000000,2019-12-02 16:42:30.000000,2019-12-02 17:01:06.116469,2019-12-02 17:01:36.116469,2019-12-02 17:33:24.311892,2019-12-02 17:33:54.311892,2019-12-02 17:46:19.479572,Replace,2,40,42,0 days 00:00:30.000000000,0 days 00:19:06.116469000
16,2019-12-02 17:53:00.000000,2019-12-02 17:53:50.000000,2019-12-02 18:02:11.417341,2019-12-02 18:03:01.417341,2019-12-02 18:35:18.139861,2019-12-02 18:36:08.139861,2019-12-02 18:58:15.006926,Replace,2,40,42,0 days 00:00:50.000000000,0 days 00:09:11.417341000
17,2019-12-02 19:09:00.000000,2019-12-02 19:09:45.000000,2019-12-02 19:27:09.232107,2019-12-02 19:27:54.232107,2019-12-02 19:57:35.883501,2019-12-02 19:58:20.883501,2019-12-02 20:11:24.923858,Replace,2,40,42,0 days 00:00:45.000000000,0 days 00:18:09.232107000
18,2019-12-02 20:28:00.000000,2019-12-02 20:28:35.000000,2019-12-02 20:46:37.384928,2019-12-02 20:47:12.384928,2019-12-02 21:11:34.602961,2019-12-02 21:12:09.602961,2019-12-02 21:26:49.411206,Replace,2,40,42,0 days 00:00:35.000000000,0 days 00:18:37.384928000
19,2019-12-02 21:41:00.000000,2019-12-02 21:41:30.000000,2019-12-02 21:52:25.811730,2019-12-02 21:52:55.811730,2019-12-02 22:31:25.141218,2019-12-02 22:31:55.141218,2019-12-02 22:50:06.233864,Replace,2,40,42,0 days 00:00:30.000000000,0 days 00:11:25.811730000
0,2019-12-02 01:00:00.000000,2019-12-02 00:00:25.000000,2019-12-02 00:13:13.920884,2019-12-02 00:13:32.736741,,,,Onsite,3,40,42,-1 days +23:00:25.000000000,0 days 00:13:07.736741000
1,2019-12-02 01:11:00.000000,2019-12-02 01:11:30.000000,2019-12-02 01:24:41.445524,2019-12-02 01:24:51.320482,,,,Onsite,3,40,42,0 days 00:00:30.000000000,0 days 00:13:21.320482000
2,2019-12-02 02:17:00.000000,2019-12-02 02:17:25.000000,2019-12-02 02:30:35.557350,2019-12-02 02:31:00.557350,2019-12-02 02:56:18.897479,2019-12-02 02:56:43.897479,2019-12-02 03:12:06.772538,Replace,3,40,42,0 days 00:00:25.000000000,0 days 00:13:35.557350000
3,2019-12-02 03:15:00.000000,2019-12-02 03:15:45.000000,2019-12-02 03:33:26.446797,2019-12-02 03:34:11.446797,2019-12-02 04:06:15.800369,2019-12-02 04:07:00.800369,2019-12-02 04:29:34.615278,Replace,3,40,42,0 days 00:00:45.000000000,0 days 00:18:26.446797000
4,2019-12-02 04:30:00.000000,2019-12-02 04:30:45.000000,2019-12-02 04:46:12.892280,2019-12-02 04:46:57.892280,2019-12-02 05:29:19.817036,2019-12-02 05:30:04.817036,2019-12-02 05:47:35.846762,Replace,3,40,42,0 days 00:00:45.000000000,0 days 00:16:12.892280000
5,2019-12-02 05:36:00.000000,2019-12-02 05:36:45.000000,2019-12-02 05:51:12.579044,2019-12-02 05:51:23.487804,,,,Onsite,3,40,42,0 days 00:00:45.000000000,0 days 00:14:38.487804000
6,2019-12-02 07:46:00.000000,2019-12-02 07:46:50.000000,2019-12-02 07:58:26.413954,2019-12-02 07:58:48.830068,,,,Onsite,3,40,42,0 days 00:00:50.000000000,0 days 00:11:58.830068000
7,2019-12-02 06:46:00.000000,2019-12-02 06:46:35.000000,2019-12-02 07:02:10.934061,2019-12-02 07:02:45.934061,2019-12-02 07:24:59.531415,2019-12-02 07:25:34.531415,2019-12-02 07:46:01.610407,Replace,3,40,42,0 days 00:00:35.000000000,0 days 00:16:10.934061000
8,2019-12-02 09:00:00.000000,2019-12-02 09:00:35.000000,2019-12-02 09:17:21.508036,2019-12-02 09:17:29.195694,,,,Onsite,3,40,42,0 days 00:00:35.000000000,0 days 00:16:54.195694000
9,2019-12-02 10:13:00.000000,2019-12-02 10:13:45.000000,2019-12-02 10:33:07.792627,2019-12-02 10:33:21.923353,,,,Onsite,3,40,42,0 days 00:00:45.000000000,0 days 00:19:36.923353000
10,2019-12-02 11:18:00.000000,2019-12-02 11:18:45.000000,2019-12-02 11:33:26.549280,2019-12-02 11:33:43.136349,,,,Onsite,3,40,42,0 days 00:00:45.000000000,0 days 00:14:58.136349000
11,2019-12-02 12:49:00.000000,2019-12-02 12:49:55.000000,2019-12-02 13:08:49.700129,2019-12-02 13:09:44.700129,2019-12-02 13:47:50.553033,2019-12-02 13:48:45.553033,2019-12-02 14:07:38.769705,Replace,3,40,42,0 days 00:00:55.000000000,0 days 00:19:49.700129000
12,2019-12-02 13:55:00.000000,2019-12-02 13:55:35.000000,2019-12-02 14:09:42.688122,2019-12-02 14:10:17.688122,2019-12-02 14:50:01.515615,2019-12-02 14:50:36.515615,2019-12-02 15:09:07.917426,Replace,3,40,42,0 days 00:00:35.000000000,0 days 00:14:42.688122000
13,2019-12-02 15:05:00.000000,2019-12-02 15:05:45.000000,2019-12-02 15:23:31.255402,2019-12-02 15:23:47.386809,,,,Onsite,3,40,42,0 days 00:00:45.000000000,0 days 00:18:02.386809000
14,2019-12-02 16:05:00.000000,2019-12-02 16:05:55.000000,2019-12-02 16:22:59.788038,2019-12-02 16:23:54.788038,2019-12-02 16:58:06.246552,2019-12-02 16:59:01.246552,2019-12-02 17:19:44.792545,Replace,3,40,42,0 days 00:00:55.000000000,0 days 00:17:59.788038000
15,2019-12-02 17:20:00.000000,2019-12-02 17:20:35.000000,2019-12-02 17:34:23.228299,2019-12-02 17:34:26.531348,,,,Onsite,3,40,42,0 days 00:00:35.000000000,0 days 00:13:51.531348000
16,2019-12-02 18:23:00.000000,2019-12-02 18:23:35.000000,2019-12-02 18:32:19.888789,2019-12-02 18:32:44.927955,,,,Onsite,3,40,42,0 days 00:00:35.000000000,0 days 00:09:09.927955000
17,2019-12-02 20:20:00.000000,2019-12-02 20:20:50.000000,2019-12-02 20:36:19.653303,2019-12-02 20:37:09.653303,2019-12-02 21:23:03.222186,2019-12-02 21:23:53.222186,2019-12-02 21:39:07.598594,Replace,3,40,42,0 days 00:00:50.000000000,0 days 00:16:19.653303000
18,2019-12-02 21:31:00.000000,2019-12-02 21:31:45.000000,2019-12-02 21:48:24.140372,2019-12-02 21:48:43.059105,,,,Onsite,3,40,42,0 days 00:00:45.000000000,0 days 00:16:58.059105000
19,2019-12-02 19:32:00.000000,2019-12-02 19:32:25.000000,2019-12-02 19:50:27.888288,2019-12-02 19:50:52.888288,2019-12-02 20:20:22.864420,2019-12-02 20:20:47.864420,2019-12-02 20:34:33.975933,Replace,3,40,42,0 days 00:00:25.000000000,0 days 00:18:27.888288000
20,2019-12-02 22:37:00.000000,2019-12-02 22:37:25.000000,2019-12-02 22:52:57.565320,2019-12-02 22:53:20.132937,,,,Onsite,3,40,42,0 days 00:00:25.000000000,0 days 00:15:55.132937000
0,2019-12-02 01:15:00.000000,2019-12-02 00:00:45.000000,2019-12-02 00:16:43.657234,2019-12-02 00:17:28.657234,2019-12-02 00:50:16.292637,2019-12-02 00:51:01.292637,2019-12-02 01:05:09.968212,Replace,4,40,42,-1 days +22:45:45.000000000,0 days 00:16:43.657234000
1,2019-12-02 01:08:00.000000,2019-12-02 01:08:45.000000,2019-12-02 01:20:57.583946,2019-12-02 01:21:19.119320,,,,Onsite,4,40,42,0 days 00:00:45.000000000,0 days 00:12:34.119320000
2,2019-12-02 02:18:00.000000,2019-12-02 02:18:35.000000,2019-12-02 02:33:48.310393,2019-12-02 02:34:01.757219,,,,Onsite,4,40,42,0 days 00:00:35.000000000,0 days 00:15:26.757219000
3,2019-12-02 03:26:00.000000,2019-12-02 03:26:25.000000,2019-12-02 03:42:59.467278,2019-12-02 03:43:18.403355,,,,Onsite,4,40,42,0 days 00:00:25.000000000,0 days 00:16:53.403355000
4,2019-12-02 04:29:00.000000,2019-12-02 04:29:35.000000,2019-12-02 04:49:10.872141,2019-12-02 04:49:24.459602,,,,Onsite,4,40,42,0 days 00:00:35.000000000,0 days 00:19:49.459602000
5,2019-12-02 05:34:00.000000,2019-12-02 05:34:45.000000,2019-12-02 05:50:45.737200,2019-12-02 05:51:30.737200,2019-12-02 06:25:01.632416,2019-12-02 06:25:46.632416,2019-12-02 06:40:08.638862,Replace,4,40,42,0 days 00:00:45.000000000,0 days 00:16:45.737200000
6,2019-12-02 06:43:00.000000,2019-12-02 06:43:45.000000,2019-12-02 07:02:50.984826,2019-12-02 07:03:07.449089,,,,Onsite,4,40,42,0 days 00:00:45.000000000,0 days 00:19:22.449089000
7,2019-12-02 07:53:00.000000,2019-12-02 07:53:30.000000,2019-12-02 08:05:28.165469,2019-12-02 08:05:58.165469,2019-12-02 08:51:55.138283,2019-12-02 08:52:25.138283,2019-12-02 09:04:41.196492,Replace,4,40,42,0 days 00:00:30.000000000,0 days 00:12:28.165469000
8,2019-12-02 09:01:00.000000,2019-12-02 09:01:45.000000,2019-12-02 09:16:19.779646,2019-12-02 09:17:04.779646,2019-12-02 09:59:46.735114,2019-12-02 10:00:31.735114,2019-12-02 10:19:07.747515,Replace,4,40,42,0 days 00:00:45.000000000,0 days 00:15:19.779646000
9,2019-12-02 10:01:00.000000,2019-12-02 10:01:30.000000,2019-12-02 10:18:10.634761,2019-12-02 10:18:40.634761,2019-12-02 10:49:09.341519,2019-12-02 10:49:39.341519,2019-12-02 11:04:45.804136,Replace,4,40,42,0 days 00:00:30.000000000,0 days 00:17:10.634761000
10,2019-12-02 11:13:00.000000,2019-12-02 11:13:50.000000,2019-12-02 11:27:34.066022,2019-12-02 11:28:24.066022,2019-12-02 12:03:34.044121,2019-12-02 12:04:24.044121,2019-12-02 12:21:53.439042,Replace,4,40,42,0 days 00:00:50.000000000,0 days 00:14:34.066022000
11,2019-12-02 12:23:00.000000,2019-12-02 12:23:45.000000,2019-12-02 12:44:34.695596,2019-12-02 12:45:19.695596,2019-12-02 13:28:41.745310,2019-12-02 13:29:26.745310,2019-12-02 13:47:34.517481,Replace,4,40,42,0 days 00:00:45.000000000,0 days 00:21:34.695596000
12,2019-12-02 13:26:00.000000,2019-12-02 13:26:55.000000,2019-12-02 13:47:14.822499,2019-12-02 13:48:09.822499,2019-12-02 14:25:59.490167,2019-12-02 14:26:54.490167,2019-12-02 14:47:20.971902,Replace,4,40,42,0 days 00:00:55.000000000,0 days 00:21:14.822499000
13,2019-12-02 14:30:00.000000,2019-12-02 14:30:35.000000,2019-12-02 14:42:14.101153,2019-12-02 14:42:34.868653,,,,Onsite,4,40,42,0 days 00:00:35.000000000,0 days 00:11:59.868653000
14,2019-12-02 15:47:00.000000,2019-12-02 15:47:45.000000,2019-12-02 16:03:28.099932,2019-12-02 16:03:48.295208,,,,Onsite,4,40,42,0 days 00:00:45.000000000,0 days 00:16:03.295208000
15,2019-12-02 16:58:00.000000,2019-12-02 16:58:45.000000,2019-12-02 17:14:43.102234,2019-12-02 17:14:54.045795,,,,Onsite,4,40,42,0 days 00:00:45.000000000,0 days 00:16:09.045795000
16,2019-12-02 18:06:00.000000,2019-12-02 18:06:50.000000,2019-12-02 18:21:15.505851,2019-12-02 18:22:05.505851,2019-12-02 18:56:40.404545,2019-12-02 18:57:30.404545,2019-12-02 19:17:00.848119,Replace,4,40,42,0 days 00:00:50.000000000,0 days 00:15:15.505851000
17,2019-12-02 19:02:00.000000,2019-12-02 19:02:45.000000,2019-12-02 19:19:31.199978,2019-12-02 19:20:16.199978,2019-12-02 19:58:38.464584,2019-12-02 19:59:23.464584,2019-12-02 20:12:03.840415,Replace,4,40,42,0 days 00:00:45.000000000,0 days 00:17:31.199978000
18,2019-12-02 20:16:00.000000,2019-12-02 20:16:50.000000,2019-12-02 20:34:45.132222,2019-12-02 20:35:08.989361,,,,Onsite,4,40,42,0 days 00:00:50.000000000,0 days 00:18:18.989361000
19,2019-12-02 21:37:00.000000,2019-12-02 21:37:35.000000,2019-12-02 21:55:51.320710,2019-12-02 21:56:26.320710,2019-12-02 22:35:53.563564,2019-12-02 22:36:28.563564,2019-12-02 22:47:13.007840,Replace,4,40,42,0 days 00:00:35.000000000,0 days 00:18:51.320710000
0,2019-12-02 01:14:00.000000,2019-12-02 00:00:25.000000,2019-12-02 00:17:58.058142,2019-12-02 00:18:23.058142,2019-12-02 00:41:47.562664,2019-12-02 00:42:12.562664,2019-12-02 00:59:05.638558,Replace,5,40,42,-1 days +22:46:25.000000000,0 days 00:17:58.058142000
1,2019-12-02 01:07:00.000000,2019-12-02 01:07:45.000000,2019-12-02 01:27:08.085547,2019-12-02 01:27:53.085547,2019-12-02 02:01:41.423106,2019-12-02 02:02:26.423106,2019-12-02 02:17:12.374980,Replace,5,40,42,0 days 00:00:45.000000000,0 days 00:20:08.085547000
2,2019-12-02 02:23:00.000000,2019-12-02 02:23:45.000000,2019-12-02 02:35:50.837711,2019-12-02 02:36:01.837406,,,,Onsite,5,40,42,0 days 00:00:45.000000000,0 days 00:12:16.837406000
3,2019-12-02 03:33:00.000000,2019-12-02 03:33:45.000000,2019-12-02 03:53:30.242965,2019-12-02 03:54:15.242965,2019-12-02 04:24:00.765382,2019-12-02 04:24:45.765382,2019-12-02 04:39:52.122858,Replace,5,40,42,0 days 00:00:45.000000000,0 days 00:20:30.242965000
4,2019-12-02 04:54:00.000000,2019-12-02 04:54:50.000000,2019-12-02 05:12:35.166654,2019-12-02 05:13:25.166654,2019-12-02 06:06:44.245553,2019-12-02 06:07:34.245553,2019-12-02 06:20:13.197076,Replace,5,40,42,0 days 00:00:50.000000000,0 days 00:18:35.166654000
5,2019-12-02 05:55:00.000000,2019-12-02 05:55:35.000000,2019-12-02 06:15:26.131169,2019-12-02 06:15:52.125063,,,,Onsite,5,40,42,0 days 00:00:35.000000000,0 days 00:20:17.125063000
6,2019-12-02 07:05:00.000000,2019-12-02 07:05:35.000000,2019-12-02 07:21:05.869706,2019-12-02 07:21:28.861131,,,,Onsite,5,40,42,0 days 00:00:35.000000000,0 days 00:15:53.861131000
7,2019-12-02 08:22:00.000000,2019-12-02 08:22:30.000000,2019-12-02 08:34:43.331628,2019-12-02 08:34:47.773673,,,,Onsite,5,40,42,0 days 00:00:30.000000000,0 days 00:12:17.773673000
8,2019-12-02 09:53:00.000000,2019-12-02 09:53:45.000000,2019-12-02 10:12:26.622911,2019-12-02 10:12:49.458223,,,,Onsite,5,40,42,0 days 00:00:45.000000000,0 days 00:19:04.458223000
9,2019-12-02 11:01:00.000000,2019-12-02 11:01:45.000000,2019-12-02 11:22:11.793146,2019-12-02 11:22:56.793146,2019-12-02 12:03:04.337185,2019-12-02 12:03:49.337185,2019-12-02 12:18:45.528848,Replace,5,40,42,0 days 00:00:45.000000000,0 days 00:21:11.793146000
10,2019-12-02 11:56:00.000000,2019-12-02 11:56:35.000000,2019-12-02 12:10:44.381821,2019-12-02 12:11:19.381821,2019-12-02 12:55:33.337098,2019-12-02 12:56:08.337098,2019-12-02 13:11:14.942863,Replace,5,40,42,0 days 00:00:35.000000000,0 days 00:14:44.381821000
11,2019-12-02 12:59:00.000000,2019-12-02 12:59:35.000000,2019-12-02 13:14:13.287734,2019-12-02 13:14:48.287734,2019-12-02 13:42:16.140785,2019-12-02 13:42:51.140785,2019-12-02 13:58:27.859189,Replace,5,40,42,0 days 00:00:35.000000000,0 days 00:15:13.287734000
12,2019-12-02 14:08:00.000000,2019-12-02 14:08:45.000000,2019-12-02 14:23:21.074036,2019-12-02 14:24:06.074036,2019-12-02 14:46:40.521200,2019-12-02 14:47:25.521200,2019-12-02 15:05:35.753557,Replace,5,40,42,0 days 00:00:45.000000000,0 days 00:15:21.074036000
13,2019-12-02 15:15:00.000000,2019-12-02 15:15:25.000000,2019-12-02 15:31:05.110062,2019-12-02 15:31:30.110062,2019-12-02 16:14:59.409650,2019-12-02 16:15:24.409650,2019-12-02 16:36:26.424829,Replace,5,40,42,0 days 00:00:25.000000000,0 days 00:16:05.110062000
14,2019-12-02 16:41:00.000000,2019-12-02 16:41:30.000000,2019-12-02 16:55:58.787059,2019-12-02 16:56:19.673323,,,,Onsite,5,40,42,0 days 00:00:30.000000000,0 days 00:14:49.673323000
15,2019-12-02 17:38:00.000000,2019-12-02 17:38:55.000000,2019-12-02 17:55:25.318812,2019-12-02 17:56:20.318812,2019-12-02 18:34:48.285199,2019-12-02 18:35:43.285199,2019-12-02 18:48:49.700938,Replace,5,40,42,0 days 00:00:55.000000000,0 days 00:17:25.318812000
16,2019-12-02 18:40:00.000000,2019-12-02 18:40:45.000000,2019-12-02 18:57:22.551662,2019-12-02 18:58:07.551662,2019-12-02 19:31:28.810805,2019-12-02 19:32:13.810805,2019-12-02 19:47:16.622475,Replace,5,40,42,0 days 00:00:45.000000000,0 days 00:17:22.551662000
17,2019-12-02 19:40:00.000000,2019-12-02 19:40:35.000000,2019-12-02 20:01:39.316659,2019-12-02 20:02:14.316659,2019-12-02 20:27:55.226366,2019-12-02 20:28:30.226366,2019-12-02 20:45:31.758576,Replace,5,40,42,0 days 00:00:35.000000000,0 days 00:21:39.316659000
18,2019-12-02 20:48:00.000000,2019-12-02 20:48:35.000000,2019-12-02 21:05:27.776702,2019-12-02 21:06:02.776702,2019-12-02 21:42:14.490537,2019-12-02 21:42:49.490537,2019-12-02 21:57:28.813401,Replace,5,40,42,0 days 00:00:35.000000000,0 days 00:17:27.776702000
0,2019-12-02 01:06:00.000000,2019-12-02 00:00:45.000000,2019-12-02 00:17:22.018513,2019-12-02 00:18:07.018513,2019-12-02 00:49:43.086821,2019-12-02 00:50:28.086821,2019-12-02 01:10:51.232694,Replace,6,40,42,-1 days +22:54:45.000000000,0 days 00:17:22.018513000
1,2019-12-02 01:05:00.000000,2019-12-02 01:05:45.000000,2019-12-02 01:27:12.022126,2019-12-02 01:27:57.022126,2019-12-02 01:57:53.028413,2019-12-02 01:58:38.028413,2019-12-02 02:11:40.585712,Replace,6,40,42,0 days 00:00:45.000000000,0 days 00:22:12.022126000
2,2019-12-02 02:03:00.000000,2019-12-02 02:03:35.000000,2019-12-02 02:22:29.485683,2019-12-02 02:23:04.485683,2019-12-02 03:10:31.813357,2019-12-02 03:11:06.813357,2019-12-02 03:31:29.830787,Replace,6,40,42,0 days 00:00:35.000000000,0 days 00:19:29.485683000
3,2019-12-02 03:14:00.000000,2019-12-02 03:14:30.000000,2019-12-02 03:31:37.577721,2019-12-02 03:32:07.577721,2019-12-02 04:20:59.924519,2019-12-02 04:21:29.924519,2019-12-02 04:42:34.708854,Replace,6,40,42,0 days 00:00:30.000000000,0 days 00:17:37.577721000
4,2019-12-02 04:16:00.000000,2019-12-02 04:16:35.000000,2019-12-02 04:34:28.459775,2019-12-02 04:35:03.459775,2019-12-02 05:21:56.546382,2019-12-02 05:22:31.546382,2019-12-02 05:35:16.315246,Replace,6,40,42,0 days 00:00:35.000000000,0 days 00:18:28.459775000
5,2019-12-02 05:24:00.000000,2019-12-02 05:24:45.000000,2019-12-02 05:41:04.838354,2019-12-02 05:41:49.838354,2019-12-02 06:26:41.491817,2019-12-02 06:27:26.491817,2019-12-02 06:49:11.197375,Replace,6,40,42,0 days 00:00:45.000000000,0 days 00:17:04.838354000
6,2019-12-02 06:21:00.000000,2019-12-02 06:21:30.000000,2019-12-02 06:38:53.705849,2019-12-02 06:39:07.348929,,,,Onsite,6,40,42,0 days 00:00:30.000000000,0 days 00:17:37.348929000
7,2019-12-02 07:18:00.000000,2019-12-02 07:18:45.000000,2019-12-02 07:32:43.801442,2019-12-02 07:32:53.607335,,,,Onsite,6,40,42,0 days 00:00:45.000000000,0 days 00:14:08.607335000
8,2019-12-02 08:19:00.000000,2019-12-02 08:19:35.000000,2019-12-02 08:35:35.879349,2019-12-02 08:36:10.879349,2019-12-02 09:00:36.332306,2019-12-02 09:01:11.332306,2019-12-02 09:17:15.995788,Replace,6,40,42,0 days 00:00:35.000000000,0 days 00:16:35.879349000
9,2019-12-02 09:39:00.000000,2019-12-02 09:39:55.000000,2019-12-02 09:55:42.651830,2019-12-02 09:56:06.004948,,,,Onsite,6,40,42,0 days 00:00:55.000000000,0 days 00:16:11.004948000
10,2019-12-02 10:46:00.000000,2019-12-02 10:46:45.000000,2019-12-02 11:01:33.590487,2019-12-02 11:02:18.590487,2019-12-02 11:42:36.845515,2019-12-02 11:43:21.845515,2019-12-02 12:04:49.739774,Replace,6,40,42,0 days 00:00:45.000000000,0 days 00:15:33.590487000
11,2019-12-02 11:57:00.000000,2019-12-02 11:57:55.000000,2019-12-02 12:13:22.587232,2019-12-02 12:13:33.467624,,,,Onsite,6,40,42,0 days 00:00:55.000000000,0 days 00:15:38.467624000
12,2019-12-02 13:22:00.000000,2019-12-02 13:22:45.000000,2019-12-02 13:37:18.571635,2019-12-02 13:38:03.571635,2019-12-02 14:23:57.629851,2019-12-02 14:24:42.629851,2019-12-02 14:39:40.671431,Replace,6,40,42,0 days 00:00:45.000000000,0 days 00:15:18.571635000
13,2019-12-02 14:11:00.000000,2019-12-02 14:11:45.000000,2019-12-02 14:30:34.571360,2019-12-02 14:31:19.571360,2019-12-02 14:55:50.576307,2019-12-02 14:56:35.576307,2019-12-02 15:16:02.506622,Replace,6,40,42,0 days 00:00:45.000000000,0 days 00:19:34.571360000
14,2019-12-02 15:18:00.000000,2019-12-02 15:18:35.000000,2019-12-02 15:35:27.454149,2019-12-02 15:36:02.454149,2019-12-02 16:19:58.634440,2019-12-02 16:20:33.634440,2019-12-02 16:40:09.421482,Replace,6,40,42,0 days 00:00:35.000000000,0 days 00:17:27.454149000
15,2019-12-02 16:27:00.000000,2019-12-02 16:27:50.000000,2019-12-02 16:48:25.344383,2019-12-02 16:48:45.622121,,,,Onsite,6,40,42,0 days 00:00:50.000000000,0 days 00:20:55.622121000
16,2019-12-02 17:43:00.000000,2019-12-02 17:43:30.000000,2019-12-02 17:57:40.132766,2019-12-02 17:58:10.132766,2019-12-02 18:26:01.528143,2019-12-02 18:26:31.528143,2019-12-02 18:39:47.012666,Replace,6,40,42,0 days 00:00:30.000000000,0 days 00:14:40.132766000
17,2019-12-02 18:49:00.000000,2019-12-02 18:49:55.000000,2019-12-02 19:05:34.926401,2019-12-02 19:06:29.926401,2019-12-02 19:38:16.577114,2019-12-02 19:39:11.577114,2019-12-02 20:01:07.335786,Replace,6,40,42,0 days 00:00:55.000000000,0 days 00:16:34.926401000
18,2019-12-02 19:55:00.000000,2019-12-02 19:55:50.000000,2019-12-02 20:11:25.739748,2019-12-02 20:11:40.079812,,,,Onsite,6,40,42,0 days 00:00:50.000000000,0 days 00:15:50.079812000
19,2019-12-02 20:56:00.000000,2019-12-02 20:56:30.000000,2019-12-02 21:13:35.789443,2019-12-02 21:14:05.789443,2019-12-02 22:00:48.049816,2019-12-02 22:01:18.049816,2019-12-02 22:14:52.846846,Replace,6,40,42,0 days 00:00:30.000000000,0 days 00:17:35.789443000
20,2019-12-02 21:59:00.000000,2019-12-02 21:59:55.000000,2019-12-02 22:16:59.146754,2019-12-02 22:17:07.471193,,,,Onsite,6,40,42,0 days 00:00:55.000000000,0 days 00:17:12.471193000
0,2019-12-02 01:05:00.000000,2019-12-02 00:00:45.000000,2019-12-02 00:18:38.908428,2019-12-02 00:18:58.217507,,,,Onsite,7,40,42,-1 days +22:55:45.000000000,0 days 00:18:13.217507000
1,2019-12-02 01:11:00.000000,2019-12-02 01:11:55.000000,2019-12-02 01:30:02.811955,2019-12-02 01:30:57.811955,2019-12-02 02:12:27.905717,2019-12-02 02:13:22.905717,2019-12-02 02:34:24.477898,Replace,7,40,42,0 days 00:00:55.000000000,0 days 00:19:02.811955000
2,2019-12-02 02:17:00.000000,2019-12-02 02:17:30.000000,2019-12-02 02:39:22.671415,2019-12-02 02:39:52.671415,2019-12-02 03:34:02.023873,2019-12-02 03:34:32.023873,2019-12-02 03:53:26.443360,Replace,7,40,42,0 days 00:00:30.000000000,0 days 00:22:22.671415000
3,2019-12-02 03:23:00.000000,2019-12-02 03:23:30.000000,2019-12-02 03:37:21.765156,2019-12-02 03:37:51.765156,2019-12-02 04:11:27.334939,2019-12-02 04:11:57.334939,2019-12-02 04:24:31.587727,Replace,7,40,42,0 days 00:00:30.000000000,0 days 00:14:21.765156000
4,2019-12-02 04:47:00.000000,2019-12-02 04:47:55.000000,2019-12-02 05:06:45.550710,2019-12-02 05:06:52.357167,,,,Onsite,7,40,42,0 days 00:00:55.000000000,0 days 00:18:57.357167000
5,2019-12-02 05:55:00.000000,2019-12-02 05:55:30.000000,2019-12-02 06:09:25.221033,2019-12-02 06:09:55.221033,2019-12-02 06:42:25.667382,2019-12-02 06:42:55.667382,2019-12-02 06:59:29.982747,Replace,7,40,42,0 days 00:00:30.000000000,0 days 00:14:25.221033000
6,2019-12-02 06:44:00.000000,2019-12-02 06:44:35.000000,2019-12-02 07:03:54.756686,2019-12-02 07:04:29.756686,2019-12-02 07:42:44.165281,2019-12-02 07:43:19.165281,2019-12-02 08:03:54.397439,Replace,7,40,42,0 days 00:00:35.000000000,0 days 00:19:54.756686000
7,2019-12-02 07:52:00.000000,2019-12-02 07:52:55.000000,2019-12-02 08:09:41.891260,2019-12-02 08:10:36.891260,2019-12-02 08:49:20.646869,2019-12-02 08:50:15.646869,2019-12-02 09:06:04.884471,Replace,7,40,42,0 days 00:00:55.000000000,0 days 00:17:41.891260000
8,2019-12-02 08:54:00.000000,2019-12-02 08:54:45.000000,2019-12-02 09:08:22.323840,2019-12-02 09:09:07.323840,2019-12-02 09:49:06.900115,2019-12-02 09:49:51.900115,2019-12-02 10:07:59.956847,Replace,7,40,42,0 days 00:00:45.000000000,0 days 00:14:22.323840000
9,2019-12-02 09:53:00.000000,2019-12-02 09:53:45.000000,2019-12-02 10:05:10.187060,2019-12-02 10:05:55.187060,2019-12-02 10:40:19.374676,2019-12-02 10:41:04.374676,2019-12-02 10:58:27.211368,Replace,7,40,42,0 days 00:00:45.000000000,0 days 00:12:10.187060000
10,2019-12-02 11:01:00.000000,2019-12-02 11:01:30.000000,2019-12-02 11:16:56.490436,2019-12-02 11:17:01.410391,,,,Onsite,7,40,42,0 days 00:00:30.000000000,0 days 00:15:31.410391000
11,2019-12-02 12:00:00.000000,2019-12-02 12:00:45.000000,2019-12-02 12:20:08.989618,2019-12-02 12:20:53.989618,2019-12-02 13:12:45.024664,2019-12-02 13:13:30.024664,2019-12-02 13:27:43.050647,Replace,7,40,42,0 days 00:00:45.000000000,0 days 00:20:08.989618000
12,2019-12-02 13:00:00.000000,2019-12-02 13:00:55.000000,2019-12-02 13:14:35.981487,2019-12-02 13:15:30.981487,2019-12-02 13:56:04.207472,2019-12-02 13:56:59.207472,2019-12-02 14:11:31.069771,Replace,7,40,42,0 days 00:00:55.000000000,0 days 00:14:35.981487000
13,2019-12-02 14:01:00.000000,2019-12-02 14:01:55.000000,2019-12-02 14:24:15.452105,2019-12-02 14:25:10.452105,2019-12-02 15:11:26.261601,2019-12-02 15:12:21.261601,2019-12-02 15:27:41.412806,Replace,7,40,42,0 days 00:00:55.000000000,0 days 00:23:15.452105000
14,2019-12-02 14:58:00.000000,2019-12-02 14:58:45.000000,2019-12-02 15:09:43.454847,2019-12-02 15:09:56.213423,,,,Onsite,7,40,42,0 days 00:00:45.000000000,0 days 00:11:11.213423000
15,2019-12-02 16:15:00.000000,2019-12-02 16:15:25.000000,2019-12-02 16:33:51.398659,2019-12-02 16:34:16.398659,2019-12-02 17:09:15.154719,2019-12-02 17:09:40.154719,2019-12-02 17:23:51.309807,Replace,7,40,42,0 days 00:00:25.000000000,0 days 00:18:51.398659000
16,2019-12-02 17:18:00.000000,2019-12-02 17:18:50.000000,2019-12-02 17:31:18.860868,2019-12-02 17:32:08.860868,2019-12-02 18:09:20.004587,2019-12-02 18:10:10.004587,2019-12-02 18:31:28.627616,Replace,7,40,42,0 days 00:00:50.000000000,0 days 00:13:18.860868000
17,2019-12-02 18:27:00.000000,2019-12-02 18:27:45.000000,2019-12-02 18:46:56.054876,2019-12-02 18:47:12.598008,,,,Onsite,7,40,42,0 days 00:00:45.000000000,0 days 00:19:27.598008000
18,2019-12-02 19:28:00.000000,2019-12-02 19:28:45.000000,2019-12-02 19:43:47.036002,2019-12-02 19:44:32.036002,2019-12-02 20:24:30.769118,2019-12-02 20:25:15.769118,2019-12-02 20:46:19.186964,Replace,7,40,42,0 days 00:00:45.000000000,0 days 00:15:47.036002000
19,2019-12-02 20:33:00.000000,2019-12-02 20:33:45.000000,2019-12-02 20:43:43.316662,2019-12-02 20:44:28.316662,2019-12-02 21:12:02.315458,2019-12-02 21:12:47.315458,2019-12-02 21:27:51.903542,Replace,7,40,42,0 days 00:00:45.000000000,0 days 00:10:43.316662000
20,2019-12-02 21:54:00.000000,2019-12-02 21:54:35.000000,2019-12-02 22:11:10.554627,2019-12-02 22:11:29.582022,,,,Onsite,7,40,42,0 days 00:00:35.000000000,0 days 00:16:54.582022000
0,2019-12-02 01:01:00.000000,2019-12-02 00:00:45.000000,2019-12-02 00:14:36.194316,2019-12-02 00:15:10.318580,,,,Onsite,8,40,42,-1 days +22:59:45.000000000,0 days 00:14:25.318580000
1,2019-12-02 01:11:00.000000,2019-12-02 01:11:35.000000,2019-12-02 01:27:21.746602,2019-12-02 01:27:56.746602,2019-12-02 02:17:05.307919,2019-12-02 02:17:40.307919,2019-12-02 02:35:43.613564,Replace,8,40,42,0 days 00:00:35.000000000,0 days 00:16:21.746602000
2,2019-12-02 02:14:00.000000,2019-12-02 02:14:50.000000,2019-12-02 02:33:54.350317,2019-12-02 02:34:44.350317,2019-12-02 03:26:11.207733,2019-12-02 03:27:01.207733,2019-12-02 03:49:42.273595,Replace,8,40,42,0 days 00:00:50.000000000,0 days 00:19:54.350317000
3,2019-12-02 03:17:00.000000,2019-12-02 03:17:45.000000,2019-12-02 03:31:23.395534,2019-12-02 03:31:39.430873,,,,Onsite,8,40,42,0 days 00:00:45.000000000,0 days 00:13:54.430873000
4,2019-12-02 04:18:00.000000,2019-12-02 04:18:35.000000,2019-12-02 04:35:50.332891,2019-12-02 04:36:25.332891,2019-12-02 05:05:44.189341,2019-12-02 05:06:19.189341,2019-12-02 05:22:41.048088,Replace,8,40,42,0 days 00:00:35.000000000,0 days 00:17:50.332891000
5,2019-12-02 05:17:00.000000,2019-12-02 05:17:45.000000,2019-12-02 05:38:30.361821,2019-12-02 05:38:44.509767,,,,Onsite,8,40,42,0 days 00:00:45.000000000,0 days 00:20:59.509767000
6,2019-12-02 06:15:00.000000,2019-12-02 06:15:30.000000,2019-12-02 06:30:40.754015,2019-12-02 06:30:46.465924,,,,Onsite,8,40,42,0 days 00:00:30.000000000,0 days 00:15:16.465924000
7,2019-12-02 07:16:00.000000,2019-12-02 07:16:30.000000,2019-12-02 07:38:00.141437,2019-12-02 07:38:21.217402,,,,Onsite,8,40,42,0 days 00:00:30.000000000,0 days 00:21:51.217402000
8,2019-12-02 08:26:00.000000,2019-12-02 08:26:55.000000,2019-12-02 08:41:47.775007,2019-12-02 08:42:42.775007,2019-12-02 09:13:33.241557,2019-12-02 09:14:28.241557,2019-12-02 09:30:16.165192,Replace,8,40,42,0 days 00:00:55.000000000,0 days 00:15:47.775007000
9,2019-12-02 09:45:00.000000,2019-12-02 09:45:30.000000,2019-12-02 10:04:20.181124,2019-12-02 10:04:34.749580,,,,Onsite,8,40,42,0 days 00:00:30.000000000,0 days 00:19:04.749580000
10,2019-12-02 10:40:00.000000,2019-12-02 10:40:30.000000,2019-12-02 10:57:55.734775,2019-12-02 10:58:16.392656,,,,Onsite,8,40,42,0 days 00:00:30.000000000,0 days 00:17:46.392656000
11,2019-12-02 11:47:00.000000,2019-12-02 11:47:30.000000,2019-12-02 12:04:09.466980,2019-12-02 12:04:39.466980,2019-12-02 12:49:26.926462,2019-12-02 12:49:56.926462,2019-12-02 13:01:36.153061,Replace,8,40,42,0 days 00:00:30.000000000,0 days 00:17:09.466980000
12,2019-12-02 12:47:00.000000,2019-12-02 12:47:35.000000,2019-12-02 12:58:54.353177,2019-12-02 12:59:10.118957,,,,Onsite,8,40,42,0 days 00:00:35.000000000,0 days 00:11:35.118957000
13,2019-12-02 13:54:00.000000,2019-12-02 13:54:45.000000,2019-12-02 14:07:33.331310,2019-12-02 14:08:18.331310,2019-12-02 14:37:17.371206,2019-12-02 14:38:02.371206,2019-12-02 14:54:13.551979,Replace,8,40,42,0 days 00:00:45.000000000,0 days 00:13:33.331310000
14,2019-12-02 15:10:00.000000,2019-12-02 15:10:55.000000,2019-12-02 15:24:22.527240,2019-12-02 15:24:58.620340,,,,Onsite,8,40,42,0 days 00:00:55.000000000,0 days 00:14:03.620340000
15,2019-12-02 16:06:00.000000,2019-12-02 16:06:45.000000,2019-12-02 16:23:08.710876,2019-12-02 16:23:53.710876,2019-12-02 16:47:10.162226,2019-12-02 16:47:55.162226,2019-12-02 17:00:49.265791,Replace,8,40,42,0 days 00:00:45.000000000,0 days 00:17:08.710876000
16,2019-12-02 18:17:00.000000,2019-12-02 18:17:25.000000,2019-12-02 18:31:56.600488,2019-12-02 18:32:21.600488,2019-12-02 18:58:52.099212,2019-12-02 18:59:17.099212,2019-12-02 19:10:47.501721,Replace,8,40,42,0 days 00:00:25.000000000,0 days 00:14:56.600488000
17,2019-12-02 17:08:00.000000,2019-12-02 17:08:45.000000,2019-12-02 17:22:19.120102,2019-12-02 17:23:04.120102,2019-12-02 18:03:03.642789,2019-12-02 18:03:48.642789,2019-12-02 18:17:01.218767,Replace,8,40,42,0 days 00:00:45.000000000,0 days 00:14:19.120102000
18,2019-12-02 19:31:00.000000,2019-12-02 19:31:45.000000,2019-12-02 19:51:54.141313,2019-12-02 19:52:04.233581,,,,Onsite,8,40,42,0 days 00:00:45.000000000,0 days 00:20:19.233581000
19,2019-12-02 20:42:00.000000,2019-12-02 20:42:35.000000,2019-12-02 20:56:51.900047,2019-12-02 20:57:17.775337,,,,Onsite,8,40,42,0 days 00:00:35.000000000,0 days 00:14:42.775337000
20,2019-12-02 21:47:00.000000,2019-12-02 21:47:55.000000,2019-12-02 22:06:26.317247,2019-12-02 22:06:49.761796,,,,Onsite,8,40,42,0 days 00:00:55.000000000,0 days 00:18:54.761796000
0,2019-12-02 01:11:00.000000,2019-12-02 00:00:35.000000,2019-12-02 00:14:13.136781,2019-12-02 00:14:48.136781,2019-12-02 00:49:30.984062,2019-12-02 00:50:05.984062,2019-12-02 01:08:01.901633,Replace,9,40,42,-1 days +22:49:35.000000000,0 days 00:14:13.136781000
1,2019-12-02 01:09:00.000000,2019-12-02 01:09:35.000000,2019-12-02 01:29:37.141552,2019-12-02 01:29:59.479575,,,,Onsite,9,40,42,0 days 00:00:35.000000000,0 days 00:20:24.479575000
2,2019-12-02 02:23:00.000000,2019-12-02 02:23:45.000000,2019-12-02 02:35:10.452838,2019-12-02 02:35:34.240030,,,,Onsite,9,40,42,0 days 00:00:45.000000000,0 days 00:11:49.240030000
3,2019-12-02 03:35:00.000000,2019-12-02 03:35:45.000000,2019-12-02 03:49:53.005998,2019-12-02 03:50:38.005998,2019-12-02 04:20:33.070333,2019-12-02 04:21:18.070333,2019-12-02 04:32:48.368734,Replace,9,40,42,0 days 00:00:45.000000000,0 days 00:14:53.005998000
4,2019-12-02 04:37:00.000000,2019-12-02 04:37:50.000000,2019-12-02 04:46:51.045043,2019-12-02 04:47:13.796617,,,,Onsite,9,40,42,0 days 00:00:50.000000000,0 days 00:09:23.796617000
5,2019-12-02 05:40:00.000000,2019-12-02 05:40:45.000000,2019-12-02 06:01:13.201584,2019-12-02 06:01:58.201584,2019-12-02 06:45:22.924183,2019-12-02 06:46:07.924183,2019-12-02 07:06:14.270510,Replace,9,40,42,0 days 00:00:45.000000000,0 days 00:21:13.201584000
6,2019-12-02 07:49:00.000000,2019-12-02 07:49:35.000000,2019-12-02 08:04:17.087418,2019-12-02 08:04:24.990673,,,,Onsite,9,40,42,0 days 00:00:35.000000000,0 days 00:14:49.990673000
7,2019-12-02 06:46:00.000000,2019-12-02 06:46:30.000000,2019-12-02 06:59:58.947642,2019-12-02 07:00:28.947642,2019-12-02 07:41:13.494254,2019-12-02 07:41:43.494254,2019-12-02 07:53:02.356884,Replace,9,40,42,0 days 00:00:30.000000000,0 days 00:13:58.947642000
8,2019-12-02 08:51:00.000000,2019-12-02 08:51:55.000000,2019-12-02 09:05:21.382438,2019-12-02 09:06:16.382438,2019-12-02 09:57:27.885116,2019-12-02 09:58:22.885116,2019-12-02 10:12:07.122467,Replace,9,40,42,0 days 00:00:55.000000000,0 days 00:14:21.382438000
9,2019-12-02 10:01:00.000000,2019-12-02 10:01:50.000000,2019-12-02 10:18:58.889885,2019-12-02 10:19:48.889885,2019-12-02 10:55:48.213914,2019-12-02 10:56:38.213914,2019-12-02 11:11:21.334897,Replace,9,40,42,0 days 00:00:50.000000000,0 days 00:17:58.889885000
10,2019-12-02 11:03:00.000000,2019-12-02 11:03:25.000000,2019-12-02 11:22:08.892119,2019-12-02 11:22:33.892119,2019-12-02 11:54:05.784110,2019-12-02 11:54:30.784110,2019-12-02 12:10:15.556380,Replace,9,40,42,0 days 00:00:25.000000000,0 days 00:19:08.892119000
11,2019-12-02 12:28:00.000000,2019-12-02 12:28:30.000000,2019-12-02 12:41:59.204681,2019-12-02 12:42:14.789256,,,,Onsite,9,40,42,0 days 00:00:30.000000000,0 days 00:13:44.789256000
12,2019-12-02 13:34:00.000000,2019-12-02 13:34:35.000000,2019-12-02 13:47:27.991164,2019-12-02 13:48:02.991164,2019-12-02 14:36:03.417945,2019-12-02 14:36:38.417945,2019-12-02 14:55:41.904712,Replace,9,40,42,0 days 00:00:35.000000000,0 days 00:13:27.991164000
13,2019-12-02 14:53:00.000000,2019-12-02 14:53:45.000000,2019-12-02 15:08:21.532598,2019-12-02 15:08:35.260212,,,,Onsite,9,40,42,0 days 00:00:45.000000000,0 days 00:14:50.260212000
14,2019-12-02 15:53:00.000000,2019-12-02 15:53:45.000000,2019-12-02 16:14:09.176943,2019-12-02 16:14:54.176943,2019-12-02 16:37:06.756415,2019-12-02 16:37:51.756415,2019-12-02 16:49:20.005233,Replace,9,40,42,0 days 00:00:45.000000000,0 days 00:21:09.176943000
15,2019-12-02 17:04:00.000000,2019-12-02 17:04:30.000000,2019-12-02 17:18:00.177871,2019-12-02 17:18:30.177871,2019-12-02 17:47:15.616202,2019-12-02 17:47:45.616202,2019-12-02 18:01:51.364566,Replace,9,40,42,0 days 00:00:30.000000000,0 days 00:14:00.177871000
16,2019-12-02 18:13:00.000000,2019-12-02 18:13:50.000000,2019-12-02 18:33:12.878891,2019-12-02 18:33:17.304175,,,,Onsite,9,40,42,0 days 00:00:50.000000000,0 days 00:19:27.304175000
17,2019-12-02 19:29:00.000000,2019-12-02 19:29:25.000000,2019-12-02 19:45:55.905329,2019-12-02 19:46:20.905329,2019-12-02 20:22:23.732760,2019-12-02 20:22:48.732760,2019-12-02 20:38:36.750471,Replace,9,40,42,0 days 00:00:25.000000000,0 days 00:16:55.905329000
18,2019-12-02 20:24:00.000000,2019-12-02 20:24:45.000000,2019-12-02 20:39:32.594728,2019-12-02 20:39:44.914994,,,,Onsite,9,40,42,0 days 00:00:45.000000000,0 days 00:14:59.914994000
19,2019-12-02 21:31:00.000000,2019-12-02 21:31:55.000000,2019-12-02 21:44:55.965074,2019-12-02 21:45:50.965074,2019-12-02 22:16:17.763683,2019-12-02 22:17:12.763683,2019-12-02 22:33:26.639927,Replace,9,40,42,0 days 00:00:55.000000000,0 days 00:13:55.965074000
0,2019-12-02 01:12:00.000000,2019-12-02 00:00:45.000000,2019-12-02 00:11:07.646582,2019-12-02 00:11:35.905561,,,,Onsite,1,40,43,-1 days +22:48:45.000000000,0 days 00:10:50.905561000
1,2019-12-02 01:13:00.000000,2019-12-02 01:13:45.000000,2019-12-02 01:31:26.290863,2019-12-02 01:31:37.028159,,,,Onsite,1,40,43,0 days 00:00:45.000000000,0 days 00:17:52.028159000
2,2019-12-02 02:36:00.000000,2019-12-02 02:36:45.000000,2019-12-02 02:50:47.577953,2019-12-02 02:51:32.577953,2019-12-02 03:21:14.619766,2019-12-02 03:21:59.619766,2019-12-02 03:33:47.929149,Replace,1,40,43,0 days 00:00:45.000000000,0 days 00:14:47.577953000
3,2019-12-02 04:38:00.000000,2019-12-02 04:38:35.000000,2019-12-02 04:56:28.987282,2019-12-02 04:56:38.889280,,,,Onsite,1,40,43,0 days 00:00:35.000000000,0 days 00:18:03.889280000
4,2019-12-02 03:46:00.000000,2019-12-02 03:46:45.000000,2019-12-02 04:04:34.679902,2019-12-02 04:05:19.679902,2019-12-02 04:37:21.047009,2019-12-02 04:38:06.047009,2019-12-02 04:59:27.153716,Replace,1,40,43,0 days 00:00:45.000000000,0 days 00:18:34.679902000
5,2019-12-02 05:45:00.000000,2019-12-02 05:45:50.000000,2019-12-02 06:01:17.442683,2019-12-02 06:01:25.081426,,,,Onsite,1,40,43,0 days 00:00:50.000000000,0 days 00:15:35.081426000
6,2019-12-02 06:57:00.000000,2019-12-02 06:57:25.000000,2019-12-02 07:11:26.021286,2019-12-02 07:11:46.827757,,,,Onsite,1,40,43,0 days 00:00:25.000000000,0 days 00:14:21.827757000
7,2019-12-02 08:11:00.000000,2019-12-02 08:11:45.000000,2019-12-02 08:27:00.975606,2019-12-02 08:27:45.975606,2019-12-02 09:05:38.896094,2019-12-02 09:06:23.896094,2019-12-02 09:20:00.757184,Replace,1,40,43,0 days 00:00:45.000000000,0 days 00:16:00.975606000
8,2019-12-02 09:22:00.000000,2019-12-02 09:22:45.000000,2019-12-02 09:36:57.390684,2019-12-02 09:37:42.390684,2019-12-02 10:04:31.752016,2019-12-02 10:05:16.752016,2019-12-02 10:17:50.317689,Replace,1,40,43,0 days 00:00:45.000000000,0 days 00:14:57.390684000
9,2019-12-02 10:32:00.000000,2019-12-02 10:32:45.000000,2019-12-02 10:48:29.333405,2019-12-02 10:49:14.333405,2019-12-02 11:14:57.248857,2019-12-02 11:15:42.248857,2019-12-02 11:31:49.364384,Replace,1,40,43,0 days 00:00:45.000000000,0 days 00:16:29.333405000
10,2019-12-02 11:30:00.000000,2019-12-02 11:30:25.000000,2019-12-02 11:48:00.880548,2019-12-02 11:48:05.181776,,,,Onsite,1,40,43,0 days 00:00:25.000000000,0 days 00:17:40.181776000
11,2019-12-02 12:52:00.000000,2019-12-02 12:52:50.000000,2019-12-02 13:08:49.589594,2019-12-02 13:09:39.589594,2019-12-02 13:52:40.288937,2019-12-02 13:53:30.288937,2019-12-02 14:07:25.032848,Replace,1,40,43,0 days 00:00:50.000000000,0 days 00:16:49.589594000
12,2019-12-02 13:50:00.000000,2019-12-02 13:50:35.000000,2019-12-02 14:03:39.236831,2019-12-02 14:04:02.543916,,,,Onsite,1,40,43,0 days 00:00:35.000000000,0 days 00:13:27.543916000
13,2019-12-02 14:55:00.000000,2019-12-02 14:55:25.000000,2019-12-02 15:13:21.763471,2019-12-02 15:13:46.763471,2019-12-02 16:10:49.257604,2019-12-02 16:11:14.257604,2019-12-02 16:30:16.620510,Replace,1,40,43,0 days 00:00:25.000000000,0 days 00:18:21.763471000
14,2019-12-02 15:51:00.000000,2019-12-02 15:51:55.000000,2019-12-02 16:04:56.626637,2019-12-02 16:05:51.626637,2019-12-02 16:44:18.972632,2019-12-02 16:45:13.972632,2019-12-02 17:02:43.061016,Replace,1,40,43,0 days 00:00:55.000000000,0 days 00:13:56.626637000
15,2019-12-02 17:09:00.000000,2019-12-02 17:09:45.000000,2019-12-02 17:26:55.858174,2019-12-02 17:27:40.858174,2019-12-02 17:55:11.276415,2019-12-02 17:55:56.276415,2019-12-02 18:18:12.746131,Replace,1,40,43,0 days 00:00:45.000000000,0 days 00:17:55.858174000
16,2019-12-02 18:13:00.000000,2019-12-02 18:13:30.000000,2019-12-02 18:28:06.772524,2019-12-02 18:28:13.219324,,,,Onsite,1,40,43,0 days 00:00:30.000000000,0 days 00:14:43.219324000
17,2019-12-02 20:13:00.000000,2019-12-02 20:13:45.000000,2019-12-02 20:32:14.819397,2019-12-02 20:32:59.819397,2019-12-02 21:05:39.102886,2019-12-02 21:06:24.102886,2019-12-02 21:22:14.159527,Replace,1,40,43,0 days 00:00:45.000000000,0 days 00:19:14.819397000
18,2019-12-02 19:10:00.000000,2019-12-02 19:10:35.000000,2019-12-02 19:27:47.244908,2019-12-02 19:28:22.244908,2019-12-02 19:56:42.041240,2019-12-02 19:57:17.041240,2019-12-02 20:13:06.051665,Replace,1,40,43,0 days 00:00:35.000000000,0 days 00:17:47.244908000
19,2019-12-02 21:50:00.000000,2019-12-02 21:50:50.000000,2019-12-02 22:03:33.595955,2019-12-02 22:04:23.595955,2019-12-02 22:39:09.928872,2019-12-02 22:39:59.928872,2019-12-02 22:58:31.272671,Replace,1,40,43,0 days 00:00:50.000000000,0 days 00:13:33.595955000
0,2019-12-02 01:05:00.000000,2019-12-02 00:00:35.000000,2019-12-02 00:16:25.461805,2019-12-02 00:16:35.129844,,,,Onsite,2,40,43,-1 days +22:55:35.000000000,0 days 00:16:00.129844000
1,2019-12-02 01:15:00.000000,2019-12-02 01:15:55.000000,2019-12-02 01:29:50.800664,2019-12-02 01:30:45.800664,2019-12-02 02:08:22.457370,2019-12-02 02:09:17.457370,2019-12-02 02:27:09.567105,Replace,2,40,43,0 days 00:00:55.000000000,0 days 00:14:50.800664000
2,2019-12-02 02:37:00.000000,2019-12-02 02:37:30.000000,2019-12-02 02:52:18.462413,2019-12-02 02:52:31.358018,,,,Onsite,2,40,43,0 days 00:00:30.000000000,0 days 00:15:01.358018000
3,2019-12-02 03:40:00.000000,2019-12-02 03:40:45.000000,2019-12-02 03:57:55.104782,2019-12-02 03:58:07.208860,,,,Onsite,2,40,43,0 days 00:00:45.000000000,0 days 00:17:22.208860000
4,2019-12-02 04:38:00.000000,2019-12-02 04:38:35.000000,2019-12-02 04:55:20.523097,2019-12-02 04:55:55.523097,2019-12-02 05:27:36.126500,2019-12-02 05:28:11.126500,2019-12-02 05:46:31.177741,Replace,2,40,43,0 days 00:00:35.000000000,0 days 00:17:20.523097000
5,2019-12-02 05:45:00.000000,2019-12-02 05:45:55.000000,2019-12-02 06:04:03.796713,2019-12-02 06:04:58.796713,2019-12-02 06:53:00.175577,2019-12-02 06:53:55.175577,2019-12-02 07:12:57.355202,Replace,2,40,43,0 days 00:00:55.000000000,0 days 00:19:03.796713000
6,2019-12-02 06:41:00.000000,2019-12-02 06:41:45.000000,2019-12-02 06:58:48.838745,2019-12-02 06:58:59.372713,,,,Onsite,2,40,43,0 days 00:00:45.000000000,0 days 00:17:14.372713000
7,2019-12-02 07:45:00.000000,2019-12-02 07:45:50.000000,2019-12-02 08:09:40.202697,2019-12-02 08:09:47.985686,,,,Onsite,2,40,43,0 days 00:00:50.000000000,0 days 00:23:57.985686000
8,2019-12-02 09:47:00.000000,2019-12-02 09:47:30.000000,2019-12-02 10:04:40.190374,2019-12-02 10:05:00.137128,,,,Onsite,2,40,43,0 days 00:00:30.000000000,0 days 00:17:30.137128000
9,2019-12-02 08:51:00.000000,2019-12-02 08:51:45.000000,2019-12-02 09:08:27.479992,2019-12-02 09:09:12.479992,2019-12-02 09:46:23.243580,2019-12-02 09:47:08.243580,2019-12-02 10:04:05.121674,Replace,2,40,43,0 days 00:00:45.000000000,0 days 00:17:27.479992000
10,2019-12-02 10:48:00.000000,2019-12-02 10:48:50.000000,2019-12-02 11:00:39.739462,2019-12-02 11:01:29.739462,2019-12-02 11:50:55.472930,2019-12-02 11:51:45.472930,2019-12-02 12:08:42.549972,Replace,2,40,43,0 days 00:00:50.000000000,0 days 00:12:39.739462000
11,2019-12-02 11:54:00.000000,2019-12-02 11:54:45.000000,2019-12-02 12:04:53.379489,2019-12-02 12:05:03.364735,,,,Onsite,2,40,43,0 days 00:00:45.000000000,0 days 00:10:18.364735000
12,2019-12-02 13:03:00.000000,2019-12-02 13:03:35.000000,2019-12-02 13:19:05.422418,2019-12-02 13:19:40.422418,2019-12-02 13:52:36.781947,2019-12-02 13:53:11.781947,2019-12-02 14:09:28.417977,Replace,2,40,43,0 days 00:00:35.000000000,0 days 00:16:05.422418000
13,2019-12-02 14:12:00.000000,2019-12-02 14:12:35.000000,2019-12-02 14:20:53.365525,2019-12-02 14:20:59.591804,,,,Onsite,2,40,43,0 days 00:00:35.000000000,0 days 00:08:24.591804000
14,2019-12-02 15:29:00.000000,2019-12-02 15:29:45.000000,2019-12-02 15:43:08.528457,2019-12-02 15:43:53.528457,2019-12-02 16:10:47.922417,2019-12-02 16:11:32.922417,2019-12-02 16:31:03.580098,Replace,2,40,43,0 days 00:00:45.000000000,0 days 00:14:08.528457000
15,2019-12-02 16:38:00.000000,2019-12-02 16:38:45.000000,2019-12-02 16:55:54.428639,2019-12-02 16:56:10.523917,,,,Onsite,2,40,43,0 days 00:00:45.000000000,0 days 00:17:25.523917000
16,2019-12-02 17:41:00.000000,2019-12-02 17:41:50.000000,2019-12-02 17:59:27.200667,2019-12-02 18:00:17.200667,2019-12-02 18:36:43.510420,2019-12-02 18:37:33.510420,2019-12-02 18:57:04.406052,Replace,2,40,43,0 days 00:00:50.000000000,0 days 00:18:27.200667000
17,2019-12-02 18:52:00.000000,2019-12-02 18:52:55.000000,2019-12-02 19:07:13.998010,2019-12-02 19:08:08.998010,2019-12-02 19:53:08.595228,2019-12-02 19:54:03.595228,2019-12-02 20:09:15.777756,Replace,2,40,43,0 days 00:00:55.000000000,0 days 00:15:13.998010000
18,2019-12-02 20:11:00.000000,2019-12-02 20:11:45.000000,2019-12-02 20:30:01.060003,2019-12-02 20:30:46.060003,2019-12-02 21:22:39.701873,2019-12-02 21:23:24.701873,2019-12-02 21:34:38.398645,Replace,2,40,43,0 days 00:00:45.000000000,0 days 00:19:01.060003000
19,2019-12-02 21:19:00.000000,2019-12-02 21:19:30.000000,2019-12-02 21:32:29.298684,2019-12-02 21:32:59.298684,2019-12-02 22:08:49.794350,2019-12-02 22:09:19.794350,2019-12-02 22:24:40.592628,Replace,2,40,43,0 days 00:00:30.000000000,0 days 00:13:29.298684000
20,2019-12-02 22:26:00.000000,2019-12-02 22:26:50.000000,2019-12-02 22:42:46.401884,2019-12-02 22:43:04.147246,,,,Onsite,2,40,43,0 days 00:00:50.000000000,0 days 00:16:14.147246000
0,2019-12-02 01:09:00.000000,2019-12-02 00:00:55.000000,2019-12-02 00:20:52.569217,2019-12-02 00:21:47.569217,2019-12-02 00:55:50.384854,2019-12-02 00:56:45.384854,2019-12-02 01:13:43.140476,Replace,3,40,43,-1 days +22:51:55.000000000,0 days 00:20:52.569217000
1,2019-12-02 01:16:00.000000,2019-12-02 01:16:45.000000,2019-12-02 01:33:06.508114,2019-12-02 01:33:51.508114,2019-12-02 02:02:22.440183,2019-12-02 02:03:07.440183,2019-12-02 02:20:33.282372,Replace,3,40,43,0 days 00:00:45.000000000,0 days 00:17:06.508114000
2,2019-12-02 02:11:00.000000,2019-12-02 02:11:25.000000,2019-12-02 02:27:09.781709,2019-12-02 02:27:40.010031,,,,Onsite,3,40,43,0 days 00:00:25.000000000,0 days 00:16:15.010031000
3,2019-12-02 03:23:00.000000,2019-12-02 03:23:35.000000,2019-12-02 03:36:40.287411,2019-12-02 03:37:12.342753,,,,Onsite,3,40,43,0 days 00:00:35.000000000,0 days 00:13:37.342753000
4,2019-12-02 04:37:00.000000,2019-12-02 04:37:35.000000,2019-12-02 04:55:07.852902,2019-12-02 04:55:12.975845,,,,Onsite,3,40,43,0 days 00:00:35.000000000,0 days 00:17:37.975845000
5,2019-12-02 05:34:00.000000,2019-12-02 05:34:45.000000,2019-12-02 05:48:39.595696,2019-12-02 05:49:24.595696,2019-12-02 06:35:28.361761,2019-12-02 06:36:13.361761,2019-12-02 06:55:33.147854,Replace,3,40,43,0 days 00:00:45.000000000,0 days 00:14:39.595696000
6,2019-12-02 06:48:00.000000,2019-12-02 06:48:45.000000,2019-12-02 07:07:53.101893,2019-12-02 07:08:38.101893,2019-12-02 07:41:43.993394,2019-12-02 07:42:28.993394,2019-12-02 07:57:56.695034,Replace,3,40,43,0 days 00:00:45.000000000,0 days 00:19:53.101893000
7,2019-12-02 07:44:00.000000,2019-12-02 07:44:45.000000,2019-12-02 07:59:01.705545,2019-12-02 07:59:46.705545,2019-12-02 08:40:57.104195,2019-12-02 08:41:42.104195,2019-12-02 09:00:16.450590,Replace,3,40,43,0 days 00:00:45.000000000,0 days 00:15:01.705545000
8,2019-12-02 08:48:00.000000,2019-12-02 08:48:50.000000,2019-12-02 09:06:18.845891,2019-12-02 09:07:08.845891,2019-12-02 09:42:28.319064,2019-12-02 09:43:18.319064,2019-12-02 10:02:14.665464,Replace,3,40,43,0 days 00:00:50.000000000,0 days 00:18:18.845891000
9,2019-12-02 10:11:00.000000,2019-12-02 10:11:35.000000,2019-12-02 10:26:41.947542,2019-12-02 10:27:16.947542,2019-12-02 11:04:39.609631,2019-12-02 11:05:14.609631,2019-12-02 11:22:44.522889,Replace,3,40,43,0 days 00:00:35.000000000,0 days 00:15:41.947542000
10,2019-12-02 11:29:00.000000,2019-12-02 11:29:35.000000,2019-12-02 11:41:40.968377,2019-12-02 11:42:13.445949,,,,Onsite,3,40,43,0 days 00:00:35.000000000,0 days 00:12:38.445949000
11,2019-12-02 12:41:00.000000,2019-12-02 12:41:35.000000,2019-12-02 12:58:56.457293,2019-12-02 12:59:31.457293,2019-12-02 13:23:12.657175,2019-12-02 13:23:47.657175,2019-12-02 13:37:40.059129,Replace,3,40,43,0 days 00:00:35.000000000,0 days 00:17:56.457293000
12,2019-12-02 13:53:00.000000,2019-12-02 13:53:30.000000,2019-12-02 14:12:02.823066,2019-12-02 14:12:07.969499,,,,Onsite,3,40,43,0 days 00:00:30.000000000,0 days 00:18:37.969499000
13,2019-12-02 15:00:00.000000,2019-12-02 15:00:30.000000,2019-12-02 15:16:56.589066,2019-12-02 15:17:23.782551,,,,Onsite,3,40,43,0 days 00:00:30.000000000,0 days 00:16:53.782551000
14,2019-12-02 16:05:00.000000,2019-12-02 16:05:35.000000,2019-12-02 16:20:05.871958,2019-12-02 16:20:40.871958,2019-12-02 17:02:29.101085,2019-12-02 17:03:04.101085,2019-12-02 17:19:02.472651,Replace,3,40,43,0 days 00:00:35.000000000,0 days 00:15:05.871958000
15,2019-12-02 17:12:00.000000,2019-12-02 17:12:30.000000,2019-12-02 17:32:56.245892,2019-12-02 17:33:11.924110,,,,Onsite,3,40,43,0 days 00:00:30.000000000,0 days 00:20:41.924110000
16,2019-12-02 18:22:00.000000,2019-12-02 18:22:45.000000,2019-12-02 18:36:56.563016,2019-12-02 18:37:03.391327,,,,Onsite,3,40,43,0 days 00:00:45.000000000,0 days 00:14:18.391327000
17,2019-12-02 19:32:00.000000,2019-12-02 19:32:50.000000,2019-12-02 19:47:32.262557,2019-12-02 19:48:22.262557,2019-12-02 20:24:34.822608,2019-12-02 20:25:24.822608,2019-12-02 20:38:55.639039,Replace,3,40,43,0 days 00:00:50.000000000,0 days 00:15:32.262557000
18,2019-12-02 20:39:00.000000,2019-12-02 20:39:35.000000,2019-12-02 20:55:37.766544,2019-12-02 20:56:12.766544,2019-12-02 21:28:39.869917,2019-12-02 21:29:14.869917,2019-12-02 21:49:57.366996,Replace,3,40,43,0 days 00:00:35.000000000,0 days 00:16:37.766544000
19,2019-12-02 21:49:00.000000,2019-12-02 21:49:55.000000,2019-12-02 22:07:43.757316,2019-12-02 22:07:54.811002,,,,Onsite,3,40,43,0 days 00:00:55.000000000,0 days 00:17:59.811002000
0,2019-12-02 01:08:00.000000,2019-12-02 00:00:45.000000,2019-12-02 00:11:03.864675,2019-12-02 00:11:48.864675,2019-12-02 00:43:05.683895,2019-12-02 00:43:50.683895,2019-12-02 01:03:50.752245,Replace,4,40,43,-1 days +22:52:45.000000000,0 days 00:11:03.864675000
1,2019-12-02 00:57:00.000000,2019-12-02 00:57:55.000000,2019-12-02 01:18:35.975264,2019-12-02 01:18:55.500037,,,,Onsite,4,40,43,0 days 00:00:55.000000000,0 days 00:21:00.500037000
2,2019-12-02 02:21:00.000000,2019-12-02 02:21:45.000000,2019-12-02 02:43:13.232768,2019-12-02 02:43:23.294714,,,,Onsite,4,40,43,0 days 00:00:45.000000000,0 days 00:21:38.294714000
3,2019-12-02 03:32:00.000000,2019-12-02 03:32:45.000000,2019-12-02 03:43:48.694985,2019-12-02 03:44:05.986671,,,,Onsite,4,40,43,0 days 00:00:45.000000000,0 days 00:11:20.986671000
4,2019-12-02 04:32:00.000000,2019-12-02 04:32:55.000000,2019-12-02 04:45:11.660738,2019-12-02 04:46:06.660738,2019-12-02 05:10:54.968899,2019-12-02 05:11:49.968899,2019-12-02 05:24:30.051894,Replace,4,40,43,0 days 00:00:55.000000000,0 days 00:13:11.660738000
5,2019-12-02 05:50:00.000000,2019-12-02 05:50:45.000000,2019-12-02 06:08:54.850124,2019-12-02 06:09:39.850124,2019-12-02 06:40:19.210779,2019-12-02 06:41:04.210779,2019-12-02 06:58:42.730676,Replace,4,40,43,0 days 00:00:45.000000000,0 days 00:18:54.850124000
6,2019-12-02 07:04:00.000000,2019-12-02 07:04:45.000000,2019-12-02 07:23:03.784745,2019-12-02 07:23:48.784745,2019-12-02 07:46:05.810029,2019-12-02 07:46:50.810029,2019-12-02 08:02:20.519040,Replace,4,40,43,0 days 00:00:45.000000000,0 days 00:19:03.784745000
7,2019-12-02 08:08:00.000000,2019-12-02 08:08:35.000000,2019-12-02 08:23:18.933459,2019-12-02 08:23:36.224599,,,,Onsite,4,40,43,0 days 00:00:35.000000000,0 days 00:15:01.224599000
8,2019-12-02 09:06:00.000000,2019-12-02 09:06:45.000000,2019-12-02 09:24:50.308461,2019-12-02 09:25:15.569264,,,,Onsite,4,40,43,0 days 00:00:45.000000000,0 days 00:18:30.569264000
9,2019-12-02 10:27:00.000000,2019-12-02 10:27:50.000000,2019-12-02 10:48:09.714997,2019-12-02 10:48:32.144460,,,,Onsite,4,40,43,0 days 00:00:50.000000000,0 days 00:20:42.144460000
10,2019-12-02 11:22:00.000000,2019-12-02 11:22:25.000000,2019-12-02 11:39:07.345668,2019-12-02 11:39:32.345668,2019-12-02 12:25:44.486718,2019-12-02 12:26:09.486718,2019-12-02 12:44:42.082805,Replace,4,40,43,0 days 00:00:25.000000000,0 days 00:17:07.345668000
11,2019-12-02 12:24:00.000000,2019-12-02 12:24:45.000000,2019-12-02 12:37:32.694654,2019-12-02 12:38:17.694654,2019-12-02 13:09:08.946082,2019-12-02 13:09:53.946082,2019-12-02 13:23:46.934459,Replace,4,40,43,0 days 00:00:45.000000000,0 days 00:13:32.694654000
12,2019-12-02 13:22:00.000000,2019-12-02 13:22:35.000000,2019-12-02 13:39:15.213590,2019-12-02 13:39:50.213590,2019-12-02 14:12:19.071772,2019-12-02 14:12:54.071772,2019-12-02 14:34:39.874696,Replace,4,40,43,0 days 00:00:35.000000000,0 days 00:17:15.213590000
13,2019-12-02 14:17:00.000000,2019-12-02 14:17:50.000000,2019-12-02 14:37:01.821044,2019-12-02 14:37:51.821044,2019-12-02 15:22:05.099348,2019-12-02 15:22:55.099348,2019-12-02 15:40:12.858475,Replace,4,40,43,0 days 00:00:50.000000000,0 days 00:20:01.821044000
14,2019-12-02 15:21:00.000000,2019-12-02 15:21:55.000000,2019-12-02 15:31:36.408087,2019-12-02 15:31:54.670408,,,,Onsite,4,40,43,0 days 00:00:55.000000000,0 days 00:09:59.670408000
15,2019-12-02 16:21:00.000000,2019-12-02 16:21:30.000000,2019-12-02 16:38:48.383077,2019-12-02 16:38:58.859766,,,,Onsite,4,40,43,0 days 00:00:30.000000000,0 days 00:17:28.859766000
16,2019-12-02 17:28:00.000000,2019-12-02 17:28:25.000000,2019-12-02 17:42:50.421323,2019-12-02 17:43:15.421323,2019-12-02 18:29:24.146748,2019-12-02 18:29:49.146748,2019-12-02 18:47:58.161378,Replace,4,40,43,0 days 00:00:25.000000000,0 days 00:14:50.421323000
17,2019-12-02 18:30:00.000000,2019-12-02 18:30:50.000000,2019-12-02 18:44:51.254654,2019-12-02 18:45:41.254654,2019-12-02 19:29:06.209304,2019-12-02 19:29:56.209304,2019-12-02 19:44:28.583015,Replace,4,40,43,0 days 00:00:50.000000000,0 days 00:14:51.254654000
18,2019-12-02 19:27:00.000000,2019-12-02 19:27:55.000000,2019-12-02 19:44:51.747898,2019-12-02 19:45:46.747898,2019-12-02 20:25:28.044830,2019-12-02 20:26:23.044830,2019-12-02 20:43:41.678231,Replace,4,40,43,0 days 00:00:55.000000000,0 days 00:17:51.747898000
19,2019-12-02 20:30:00.000000,2019-12-02 20:30:45.000000,2019-12-02 20:42:02.963019,2019-12-02 20:42:10.335786,,,,Onsite,4,40,43,0 days 00:00:45.000000000,0 days 00:11:25.335786000
0,2019-12-02 00:59:00.000000,2019-12-02 00:00:45.000000,2019-12-02 00:13:08.530484,2019-12-02 00:13:23.914183,,,,Onsite,5,40,43,-1 days +23:01:45.000000000,0 days 00:12:38.914183000
1,2019-12-02 00:53:00.000000,2019-12-02 00:53:35.000000,2019-12-02 01:09:05.905468,2019-12-02 01:09:40.905468,2019-12-02 01:44:32.087428,2019-12-02 01:45:07.087428,2019-12-02 02:05:34.049648,Replace,5,40,43,0 days 00:00:35.000000000,0 days 00:16:05.905468000
2,2019-12-02 01:57:00.000000,2019-12-02 01:57:50.000000,2019-12-02 02:13:04.613846,2019-12-02 02:13:54.613846,2019-12-02 02:54:49.867084,2019-12-02 02:55:39.867084,2019-12-02 03:15:01.542519,Replace,5,40,43,0 days 00:00:50.000000000,0 days 00:16:04.613846000
3,2019-12-02 03:06:00.000000,2019-12-02 03:06:25.000000,2019-12-02 03:23:08.722582,2019-12-02 03:23:22.328257,,,,Onsite,5,40,43,0 days 00:00:25.000000000,0 days 00:16:57.328257000
4,2019-12-02 04:11:00.000000,2019-12-02 04:11:55.000000,2019-12-02 04:24:39.812196,2019-12-02 04:25:34.812196,2019-12-02 05:13:26.050573,2019-12-02 05:14:21.050573,2019-12-02 05:25:02.211781,Replace,5,40,43,0 days 00:00:55.000000000,0 days 00:13:39.812196000
5,2019-12-02 05:02:00.000000,2019-12-02 05:02:45.000000,2019-12-02 05:17:28.261672,2019-12-02 05:18:13.261672,2019-12-02 06:14:50.334378,2019-12-02 06:15:35.334378,2019-12-02 06:33:14.185822,Replace,5,40,43,0 days 00:00:45.000000000,0 days 00:15:28.261672000
6,2019-12-02 06:19:00.000000,2019-12-02 06:19:45.000000,2019-12-02 06:38:00.365910,2019-12-02 06:38:45.365910,2019-12-02 07:28:40.784581,2019-12-02 07:29:25.784581,2019-12-02 07:44:25.010875,Replace,5,40,43,0 days 00:00:45.000000000,0 days 00:19:00.365910000
7,2019-12-02 07:19:00.000000,2019-12-02 07:19:45.000000,2019-12-02 07:30:53.176486,2019-12-02 07:31:38.176486,2019-12-02 08:14:20.537157,2019-12-02 08:15:05.537157,2019-12-02 08:29:31.485311,Replace,5,40,43,0 days 00:00:45.000000000,0 days 00:11:53.176486000
8,2019-12-02 08:25:00.000000,2019-12-02 08:25:55.000000,2019-12-02 08:37:59.614542,2019-12-02 08:38:04.657525,,,,Onsite,5,40,43,0 days 00:00:55.000000000,0 days 00:12:09.657525000
9,2019-12-02 09:43:00.000000,2019-12-02 09:43:45.000000,2019-12-02 10:00:35.896542,2019-12-02 10:01:00.598295,,,,Onsite,5,40,43,0 days 00:00:45.000000000,0 days 00:17:15.598295000
10,2019-12-02 10:37:00.000000,2019-12-02 10:37:45.000000,2019-12-02 10:52:19.996789,2019-12-02 10:53:04.996789,2019-12-02 11:40:14.084074,2019-12-02 11:40:59.084074,2019-12-02 11:59:09.635944,Replace,5,40,43,0 days 00:00:45.000000000,0 days 00:15:19.996789000
11,2019-12-02 11:55:00.000000,2019-12-02 11:55:25.000000,2019-12-02 12:12:44.225785,2019-12-02 12:13:09.225785,2019-12-02 12:59:17.501734,2019-12-02 12:59:42.501734,2019-12-02 13:17:36.058955,Replace,5,40,43,0 days 00:00:25.000000000,0 days 00:17:44.225785000
12,2019-12-02 13:05:00.000000,2019-12-02 13:05:30.000000,2019-12-02 13:23:57.907148,2019-12-02 13:24:20.200954,,,,Onsite,5,40,43,0 days 00:00:30.000000000,0 days 00:18:50.200954000
13,2019-12-02 14:19:00.000000,2019-12-02 14:19:50.000000,2019-12-02 14:37:10.678293,2019-12-02 14:38:00.678293,2019-12-02 15:02:27.679133,2019-12-02 15:03:17.679133,2019-12-02 15:18:46.955940,Replace,5,40,43,0 days 00:00:50.000000000,0 days 00:18:10.678293000
14,2019-12-02 15:41:00.000000,2019-12-02 15:41:30.000000,2019-12-02 15:53:28.495318,2019-12-02 15:53:58.495318,2019-12-02 16:18:23.836423,2019-12-02 16:18:53.836423,2019-12-02 16:39:55.199646,Replace,5,40,43,0 days 00:00:30.000000000,0 days 00:12:28.495318000
15,2019-12-02 16:50:00.000000,2019-12-02 16:50:35.000000,2019-12-02 17:01:32.274600,2019-12-02 17:01:45.128330,,,,Onsite,5,40,43,0 days 00:00:35.000000000,0 days 00:11:10.128330000
16,2019-12-02 18:08:00.000000,2019-12-02 18:08:45.000000,2019-12-02 18:23:56.360486,2019-12-02 18:24:41.360486,2019-12-02 18:47:54.716611,2019-12-02 18:48:39.716611,2019-12-02 19:03:26.037717,Replace,5,40,43,0 days 00:00:45.000000000,0 days 00:15:56.360486000
17,2019-12-02 20:21:00.000000,2019-12-02 20:21:55.000000,2019-12-02 20:37:28.544215,2019-12-02 20:38:23.544215,2019-12-02 21:02:08.024277,2019-12-02 21:03:03.024277,2019-12-02 21:18:17.394830,Replace,5,40,43,0 days 00:00:55.000000000,0 days 00:16:28.544215000
18,2019-12-02 19:16:00.000000,2019-12-02 19:16:35.000000,2019-12-02 19:33:03.087881,2019-12-02 19:33:38.087881,2019-12-02 20:04:09.477935,2019-12-02 20:04:44.477935,2019-12-02 20:21:47.375311,Replace,5,40,43,0 days 00:00:35.000000000,0 days 00:17:03.087881000
19,2019-12-02 21:28:00.000000,2019-12-02 21:28:25.000000,2019-12-02 21:48:58.867700,2019-12-02 21:49:23.867700,2019-12-02 22:18:10.430952,2019-12-02 22:18:35.430952,2019-12-02 22:34:26.818300,Replace,5,40,43,0 days 00:00:25.000000000,0 days 00:20:58.867700000
0,2019-12-02 00:56:00.000000,2019-12-02 00:00:35.000000,2019-12-02 00:19:47.257900,2019-12-02 00:20:22.257900,2019-12-02 00:46:34.452817,2019-12-02 00:47:09.452817,2019-12-02 01:00:28.149751,Replace,6,40,43,-1 days +23:04:35.000000000,0 days 00:19:47.257900000
1,2019-12-02 00:59:00.000000,2019-12-02 00:59:35.000000,2019-12-02 01:12:54.189506,2019-12-02 01:13:29.189506,2019-12-02 01:39:53.860655,2019-12-02 01:40:28.860655,2019-12-02 02:00:56.803244,Replace,6,40,43,0 days 00:00:35.000000000,0 days 00:13:54.189506000
2,2019-12-02 02:06:00.000000,2019-12-02 02:06:35.000000,2019-12-02 02:17:46.647234,2019-12-02 02:18:21.647234,2019-12-02 02:45:05.237701,2019-12-02 02:45:40.237701,2019-12-02 03:05:42.217240,Replace,6,40,43,0 days 00:00:35.000000000,0 days 00:11:46.647234000
3,2019-12-02 04:12:00.000000,2019-12-02 04:12:50.000000,2019-12-02 04:30:43.376036,2019-12-02 04:31:01.606561,,,,Onsite,6,40,43,0 days 00:00:50.000000000,0 days 00:18:11.606561000
4,2019-12-02 03:06:00.000000,2019-12-02 03:06:30.000000,2019-12-02 03:27:07.489008,2019-12-02 03:27:37.489008,2019-12-02 04:12:33.691277,2019-12-02 04:13:03.691277,2019-12-02 04:35:15.705920,Replace,6,40,43,0 days 00:00:30.000000000,0 days 00:21:07.489008000
5,2019-12-02 05:19:00.000000,2019-12-02 05:19:45.000000,2019-12-02 05:32:04.688794,2019-12-02 05:32:49.688794,2019-12-02 06:06:20.943813,2019-12-02 06:07:05.943813,2019-12-02 06:20:52.565445,Replace,6,40,43,0 days 00:00:45.000000000,0 days 00:13:04.688794000
6,2019-12-02 07:35:00.000000,2019-12-02 07:35:55.000000,2019-12-02 07:48:01.930375,2019-12-02 07:48:11.732974,,,,Onsite,6,40,43,0 days 00:00:55.000000000,0 days 00:12:16.732974000
7,2019-12-02 06:20:00.000000,2019-12-02 06:20:55.000000,2019-12-02 06:37:30.458398,2019-12-02 06:38:25.458398,2019-12-02 07:19:39.159848,2019-12-02 07:20:34.159848,2019-12-02 07:35:18.921943,Replace,6,40,43,0 days 00:00:55.000000000,0 days 00:17:30.458398000
8,2019-12-02 08:49:00.000000,2019-12-02 08:49:25.000000,2019-12-02 09:07:22.510471,2019-12-02 09:07:47.510471,2019-12-02 10:06:12.092363,2019-12-02 10:06:37.092363,2019-12-02 10:30:17.422879,Replace,6,40,43,0 days 00:00:25.000000000,0 days 00:18:22.510471000
9,2019-12-02 10:10:00.000000,2019-12-02 10:10:45.000000,2019-12-02 10:21:35.144660,2019-12-02 10:22:12.780403,,,,Onsite,6,40,43,0 days 00:00:45.000000000,0 days 00:11:27.780403000
10,2019-12-02 11:23:00.000000,2019-12-02 11:23:25.000000,2019-12-02 11:40:28.880545,2019-12-02 11:40:53.880545,2019-12-02 12:09:46.380122,2019-12-02 12:10:11.380122,2019-12-02 12:23:26.890197,Replace,6,40,43,0 days 00:00:25.000000000,0 days 00:17:28.880545000
11,2019-12-02 12:12:00.000000,2019-12-02 12:12:45.000000,2019-12-02 12:25:47.363591,2019-12-02 12:26:32.363591,2019-12-02 12:47:56.086119,2019-12-02 12:48:41.086119,2019-12-02 13:04:35.382286,Replace,6,40,43,0 days 00:00:45.000000000,0 days 00:13:47.363591000
12,2019-12-02 14:13:00.000000,2019-12-02 14:13:35.000000,2019-12-02 14:26:16.723605,2019-12-02 14:26:51.723605,2019-12-02 15:09:20.769607,2019-12-02 15:09:55.769607,2019-12-02 15:23:46.839628,Replace,6,40,43,0 days 00:00:35.000000000,0 days 00:13:16.723605000
13,2019-12-02 15:22:00.000000,2019-12-02 15:22:50.000000,2019-12-02 15:36:42.743365,2019-12-02 15:37:04.628713,,,,Onsite,6,40,43,0 days 00:00:50.000000000,0 days 00:14:14.628713000
14,2019-12-02 13:20:00.000000,2019-12-02 13:20:45.000000,2019-12-02 13:33:31.976763,2019-12-02 13:34:16.976763,2019-12-02 14:13:29.859011,2019-12-02 14:14:14.859011,2019-12-02 14:29:10.219686,Replace,6,40,43,0 days 00:00:45.000000000,0 days 00:13:31.976763000
15,2019-12-02 16:40:00.000000,2019-12-02 16:40:50.000000,2019-12-02 16:57:12.708924,2019-12-02 16:57:35.747050,,,,Onsite,6,40,43,0 days 00:00:50.000000000,0 days 00:16:45.747050000
16,2019-12-02 17:39:00.000000,2019-12-02 17:39:30.000000,2019-12-02 17:53:56.829492,2019-12-02 17:54:18.907950,,,,Onsite,6,40,43,0 days 00:00:30.000000000,0 days 00:14:48.907950000
17,2019-12-02 18:45:00.000000,2019-12-02 18:45:45.000000,2019-12-02 19:02:02.705340,2019-12-02 19:02:30.662428,,,,Onsite,6,40,43,0 days 00:00:45.000000000,0 days 00:16:45.662428000
18,2019-12-02 20:00:00.000000,2019-12-02 20:00:45.000000,2019-12-02 20:12:55.022474,2019-12-02 20:13:40.022474,2019-12-02 20:49:30.992749,2019-12-02 20:50:15.992749,2019-12-02 21:04:05.039406,Replace,6,40,43,0 days 00:00:45.000000000,0 days 00:12:55.022474000
19,2019-12-02 21:11:00.000000,2019-12-02 21:11:25.000000,2019-12-02 21:27:44.720007,2019-12-02 21:28:04.569760,,,,Onsite,6,40,43,0 days 00:00:25.000000000,0 days 00:16:39.569760000
20,2019-12-02 22:35:00.000000,2019-12-02 22:35:30.000000,2019-12-02 22:55:47.250796,2019-12-02 22:55:55.462079,,,,Onsite,6,40,43,0 days 00:00:30.000000000,0 days 00:20:25.462079000
0,2019-12-02 01:08:00.000000,2019-12-02 00:00:25.000000,2019-12-02 00:18:17.789427,2019-12-02 00:18:42.789427,2019-12-02 01:14:41.960739,2019-12-02 01:15:06.960739,2019-12-02 01:31:31.591723,Replace,7,40,43,-1 days +22:52:25.000000000,0 days 00:18:17.789427000
1,2019-12-02 01:04:00.000000,2019-12-02 01:04:50.000000,2019-12-02 01:20:56.034881,2019-12-02 01:21:46.034881,2019-12-02 02:06:23.575148,2019-12-02 02:07:13.575148,2019-12-02 02:27:22.769817,Replace,7,40,43,0 days 00:00:50.000000000,0 days 00:16:56.034881000
2,2019-12-02 02:14:00.000000,2019-12-02 02:14:45.000000,2019-12-02 02:30:19.951654,2019-12-02 02:30:35.405128,,,,Onsite,7,40,43,0 days 00:00:45.000000000,0 days 00:15:50.405128000
3,2019-12-02 03:13:00.000000,2019-12-02 03:13:30.000000,2019-12-02 03:32:12.156949,2019-12-02 03:32:26.612375,,,,Onsite,7,40,43,0 days 00:00:30.000000000,0 days 00:18:56.612375000
4,2019-12-02 04:13:00.000000,2019-12-02 04:13:35.000000,2019-12-02 04:32:20.265697,2019-12-02 04:32:24.192145,,,,Onsite,7,40,43,0 days 00:00:35.000000000,0 days 00:18:49.192145000
5,2019-12-02 05:02:00.000000,2019-12-02 05:02:45.000000,2019-12-02 05:17:23.902692,2019-12-02 05:18:08.902692,2019-12-02 05:50:16.682026,2019-12-02 05:51:01.682026,2019-12-02 06:10:10.796228,Replace,7,40,43,0 days 00:00:45.000000000,0 days 00:15:23.902692000
6,2019-12-02 05:59:00.000000,2019-12-02 05:59:25.000000,2019-12-02 06:11:21.368290,2019-12-02 06:11:29.384319,,,,Onsite,7,40,43,0 days 00:00:25.000000000,0 days 00:12:04.384319000
7,2019-12-02 07:09:00.000000,2019-12-02 07:09:35.000000,2019-12-02 07:24:13.177916,2019-12-02 07:24:27.625909,,,,Onsite,7,40,43,0 days 00:00:35.000000000,0 days 00:14:52.625909000
8,2019-12-02 08:32:00.000000,2019-12-02 08:32:55.000000,2019-12-02 08:52:58.267028,2019-12-02 08:53:53.267028,2019-12-02 09:47:14.597701,2019-12-02 09:48:09.597701,2019-12-02 10:06:18.132684,Replace,7,40,43,0 days 00:00:55.000000000,0 days 00:20:58.267028000
9,2019-12-02 09:37:00.000000,2019-12-02 09:37:30.000000,2019-12-02 09:57:17.429673,2019-12-02 09:57:47.429673,2019-12-02 10:45:56.728710,2019-12-02 10:46:26.728710,2019-12-02 11:01:33.118625,Replace,7,40,43,0 days 00:00:30.000000000,0 days 00:20:17.429673000
10,2019-12-02 10:51:00.000000,2019-12-02 10:51:45.000000,2019-12-02 11:05:09.226930,2019-12-02 11:05:23.407605,,,,Onsite,7,40,43,0 days 00:00:45.000000000,0 days 00:13:38.407605000
11,2019-12-02 12:12:00.000000,2019-12-02 12:12:45.000000,2019-12-02 12:27:02.616219,2019-12-02 12:27:47.616219,2019-12-02 12:58:39.837037,2019-12-02 12:59:24.837037,2019-12-02 13:18:44.360504,Replace,7,40,43,0 days 00:00:45.000000000,0 days 00:15:02.616219000
12,2019-12-02 13:07:00.000000,2019-12-02 13:07:45.000000,2019-12-02 13:26:25.464802,2019-12-02 13:27:10.464802,2019-12-02 14:25:16.205663,2019-12-02 14:26:01.205663,2019-12-02 14:40:53.439326,Replace,7,40,43,0 days 00:00:45.000000000,0 days 00:19:25.464802000
13,2019-12-02 14:04:00.000000,2019-12-02 14:04:35.000000,2019-12-02 14:16:37.305358,2019-12-02 14:17:12.305358,2019-12-02 14:49:31.339090,2019-12-02 14:50:06.339090,2019-12-02 15:08:09.295539,Replace,7,40,43,0 days 00:00:35.000000000,0 days 00:12:37.305358000
14,2019-12-02 15:19:00.000000,2019-12-02 15:19:55.000000,2019-12-02 15:37:05.616232,2019-12-02 15:37:27.572730,,,,Onsite,7,40,43,0 days 00:00:55.000000000,0 days 00:17:32.572730000
15,2019-12-02 16:26:00.000000,2019-12-02 16:26:45.000000,2019-12-02 16:44:51.160386,2019-12-02 16:45:36.160386,2019-12-02 17:31:43.852535,2019-12-02 17:32:28.852535,2019-12-02 17:49:42.303811,Replace,7,40,43,0 days 00:00:45.000000000,0 days 00:18:51.160386000
16,2019-12-02 17:33:00.000000,2019-12-02 17:33:45.000000,2019-12-02 17:53:28.652679,2019-12-02 17:53:37.920512,,,,Onsite,7,40,43,0 days 00:00:45.000000000,0 days 00:19:52.920512000
17,2019-12-02 18:38:00.000000,2019-12-02 18:38:35.000000,2019-12-02 18:51:43.008728,2019-12-02 18:51:45.928586,,,,Onsite,7,40,43,0 days 00:00:35.000000000,0 days 00:13:10.928586000
18,2019-12-02 19:45:00.000000,2019-12-02 19:45:45.000000,2019-12-02 19:57:45.413674,2019-12-02 19:58:30.413674,2019-12-02 20:40:18.346172,2019-12-02 20:41:03.346172,2019-12-02 20:59:07.384258,Replace,7,40,43,0 days 00:00:45.000000000,0 days 00:12:45.413674000
19,2019-12-02 20:55:00.000000,2019-12-02 20:55:35.000000,2019-12-02 21:10:17.119117,2019-12-02 21:10:52.119117,2019-12-02 21:40:19.013079,2019-12-02 21:40:54.013079,2019-12-02 21:54:42.448175,Replace,7,40,43,0 days 00:00:35.000000000,0 days 00:15:17.119117000
0,2019-12-02 01:02:00.000000,2019-12-02 00:00:45.000000,2019-12-02 00:22:25.787871,2019-12-02 00:22:32.128894,,,,Onsite,8,40,43,-1 days +22:58:45.000000000,0 days 00:21:47.128894000
1,2019-12-02 01:10:00.000000,2019-12-02 01:10:35.000000,2019-12-02 01:24:15.837775,2019-12-02 01:24:50.837775,2019-12-02 02:15:40.046105,2019-12-02 02:16:15.046105,2019-12-02 02:36:27.120042,Replace,8,40,43,0 days 00:00:35.000000000,0 days 00:14:15.837775000
2,2019-12-02 02:22:00.000000,2019-12-02 02:22:25.000000,2019-12-02 02:40:44.913418,2019-12-02 02:41:09.913418,2019-12-02 03:08:56.037385,2019-12-02 03:09:21.037385,2019-12-02 03:24:10.681122,Replace,8,40,43,0 days 00:00:25.000000000,0 days 00:18:44.913418000
3,2019-12-02 03:38:00.000000,2019-12-02 03:38:45.000000,2019-12-02 03:52:15.871858,2019-12-02 03:53:00.871858,2019-12-02 04:21:49.182876,2019-12-02 04:22:34.182876,2019-12-02 04:38:31.070046,Replace,8,40,43,0 days 00:00:45.000000000,0 days 00:14:15.871858000
4,2019-12-02 04:44:00.000000,2019-12-02 04:44:30.000000,2019-12-02 05:04:57.490413,2019-12-02 05:05:27.490413,2019-12-02 05:46:22.304390,2019-12-02 05:46:52.304390,2019-12-02 05:59:27.212578,Replace,8,40,43,0 days 00:00:30.000000000,0 days 00:20:57.490413000
5,2019-12-02 05:37:00.000000,2019-12-02 05:37:55.000000,2019-12-02 05:50:57.359442,2019-12-02 05:51:52.359442,2019-12-02 06:23:40.276866,2019-12-02 06:24:35.276866,2019-12-02 06:38:30.955755,Replace,8,40,43,0 days 00:00:55.000000000,0 days 00:13:57.359442000
6,2019-12-02 06:40:00.000000,2019-12-02 06:40:45.000000,2019-12-02 06:58:05.566687,2019-12-02 06:58:50.566687,2019-12-02 07:30:23.658246,2019-12-02 07:31:08.658246,2019-12-02 07:42:20.387381,Replace,8,40,43,0 days 00:00:45.000000000,0 days 00:18:05.566687000
7,2019-12-02 07:40:00.000000,2019-12-02 07:40:45.000000,2019-12-02 07:55:08.474688,2019-12-02 07:55:53.474688,2019-12-02 08:30:07.270158,2019-12-02 08:30:52.270158,2019-12-02 08:42:38.094880,Replace,8,40,43,0 days 00:00:45.000000000,0 days 00:15:08.474688000
8,2019-12-02 08:37:00.000000,2019-12-02 08:37:30.000000,2019-12-02 08:52:41.517238,2019-12-02 08:52:49.672168,,,,Onsite,8,40,43,0 days 00:00:30.000000000,0 days 00:15:19.672168000
9,2019-12-02 09:35:00.000000,2019-12-02 09:35:45.000000,2019-12-02 09:53:04.964077,2019-12-02 09:53:10.699854,,,,Onsite,8,40,43,0 days 00:00:45.000000000,0 days 00:17:25.699854000
10,2019-12-02 10:35:00.000000,2019-12-02 10:35:45.000000,2019-12-02 10:53:07.668920,2019-12-02 10:53:52.668920,2019-12-02 11:21:33.445507,2019-12-02 11:22:18.445507,2019-12-02 11:39:11.422758,Replace,8,40,43,0 days 00:00:45.000000000,0 days 00:18:07.668920000
11,2019-12-02 11:38:00.000000,2019-12-02 11:38:35.000000,2019-12-02 11:57:41.682290,2019-12-02 11:58:05.040783,,,,Onsite,8,40,43,0 days 00:00:35.000000000,0 days 00:19:30.040783000
12,2019-12-02 12:37:00.000000,2019-12-02 12:37:30.000000,2019-12-02 12:55:00.417410,2019-12-02 12:55:30.417410,2019-12-02 13:32:44.121142,2019-12-02 13:33:14.121142,2019-12-02 13:49:20.364791,Replace,8,40,43,0 days 00:00:30.000000000,0 days 00:18:00.417410000
13,2019-12-02 13:53:00.000000,2019-12-02 13:53:35.000000,2019-12-02 14:14:42.139366,2019-12-02 14:15:17.139366,2019-12-02 14:42:42.511364,2019-12-02 14:43:17.511364,2019-12-02 15:04:18.527064,Replace,8,40,43,0 days 00:00:35.000000000,0 days 00:21:42.139366000
14,2019-12-02 15:01:00.000000,2019-12-02 15:01:45.000000,2019-12-02 15:09:52.755480,2019-12-02 15:10:37.755480,2019-12-02 15:58:26.756076,2019-12-02 15:59:11.756076,2019-12-02 16:15:19.345361,Replace,8,40,43,0 days 00:00:45.000000000,0 days 00:08:52.755480000
15,2019-12-02 16:01:00.000000,2019-12-02 16:01:45.000000,2019-12-02 16:16:52.430579,2019-12-02 16:17:15.337608,,,,Onsite,8,40,43,0 days 00:00:45.000000000,0 days 00:15:30.337608000
16,2019-12-02 17:03:00.000000,2019-12-02 17:03:45.000000,2019-12-02 17:14:48.654207,2019-12-02 17:14:57.821878,,,,Onsite,8,40,43,0 days 00:00:45.000000000,0 days 00:11:12.821878000
17,2019-12-02 18:21:00.000000,2019-12-02 18:21:25.000000,2019-12-02 18:39:33.641799,2019-12-02 18:39:58.641799,2019-12-02 19:19:10.873778,2019-12-02 19:19:35.873778,2019-12-02 19:41:31.448144,Replace,8,40,43,0 days 00:00:25.000000000,0 days 00:18:33.641799000
18,2019-12-02 19:23:00.000000,2019-12-02 19:23:30.000000,2019-12-02 19:31:13.490764,2019-12-02 19:31:31.646379,,,,Onsite,8,40,43,0 days 00:00:30.000000000,0 days 00:08:01.646379000
19,2019-12-02 20:43:00.000000,2019-12-02 20:43:55.000000,2019-12-02 20:56:30.497518,2019-12-02 20:56:38.917539,,,,Onsite,8,40,43,0 days 00:00:55.000000000,0 days 00:12:43.917539000
20,2019-12-02 21:42:00.000000,2019-12-02 21:42:25.000000,2019-12-02 21:56:25.987177,2019-12-02 21:56:50.987177,2019-12-02 22:27:36.061824,2019-12-02 22:28:01.061824,2019-12-02 22:40:35.579264,Replace,8,40,43,0 days 00:00:25.000000000,0 days 00:14:25.987177000
0,2019-12-02 01:05:00.000000,2019-12-02 00:00:45.000000,2019-12-02 00:19:54.073253,2019-12-02 00:20:39.073253,2019-12-02 01:03:07.774652,2019-12-02 01:03:52.774652,2019-12-02 01:19:15.333418,Replace,9,40,43,-1 days +22:55:45.000000000,0 days 00:19:54.073253000
1,2019-12-02 01:12:00.000000,2019-12-02 01:12:45.000000,2019-12-02 01:33:11.687739,2019-12-02 01:33:56.687739,2019-12-02 02:02:39.655950,2019-12-02 02:03:24.655950,2019-12-02 02:23:37.762569,Replace,9,40,43,0 days 00:00:45.000000000,0 days 00:21:11.687739000
2,2019-12-02 02:24:00.000000,2019-12-02 02:24:45.000000,2019-12-02 02:38:57.507107,2019-12-02 02:39:05.010574,,,,Onsite,9,40,43,0 days 00:00:45.000000000,0 days 00:14:20.010574000
3,2019-12-02 03:28:00.000000,2019-12-02 03:28:50.000000,2019-12-02 03:47:43.409368,2019-12-02 03:48:33.409368,2019-12-02 04:27:12.045678,2019-12-02 04:28:02.045678,2019-12-02 04:44:08.971133,Replace,9,40,43,0 days 00:00:50.000000000,0 days 00:19:43.409368000
4,2019-12-02 04:41:00.000000,2019-12-02 04:41:35.000000,2019-12-02 04:56:34.598310,2019-12-02 04:57:09.598310,2019-12-02 05:24:59.894334,2019-12-02 05:25:34.894334,2019-12-02 05:41:53.561433,Replace,9,40,43,0 days 00:00:35.000000000,0 days 00:15:34.598310000
5,2019-12-02 05:41:00.000000,2019-12-02 05:41:55.000000,2019-12-02 06:02:15.587555,2019-12-02 06:03:10.587555,2019-12-02 06:33:12.022996,2019-12-02 06:34:07.022996,2019-12-02 06:51:11.701120,Replace,9,40,43,0 days 00:00:55.000000000,0 days 00:21:15.587555000
6,2019-12-02 06:48:00.000000,2019-12-02 06:48:45.000000,2019-12-02 07:02:50.894390,2019-12-02 07:03:06.134427,,,,Onsite,9,40,43,0 days 00:00:45.000000000,0 days 00:14:21.134427000
7,2019-12-02 07:53:00.000000,2019-12-02 07:53:25.000000,2019-12-02 08:06:44.050464,2019-12-02 08:07:09.050464,2019-12-02 08:41:13.489412,2019-12-02 08:41:38.489412,2019-12-02 08:52:31.708799,Replace,9,40,43,0 days 00:00:25.000000000,0 days 00:13:44.050464000
8,2019-12-02 09:02:00.000000,2019-12-02 09:02:50.000000,2019-12-02 09:15:45.115880,2019-12-02 09:16:35.115880,2019-12-02 09:50:26.299130,2019-12-02 09:51:16.299130,2019-12-02 10:10:05.878478,Replace,9,40,43,0 days 00:00:50.000000000,0 days 00:13:45.115880000
9,2019-12-02 10:07:00.000000,2019-12-02 10:07:50.000000,2019-12-02 10:25:17.088966,2019-12-02 10:26:07.088966,2019-12-02 11:00:00.184210,2019-12-02 11:00:50.184210,2019-12-02 11:11:34.102693,Replace,9,40,43,0 days 00:00:50.000000000,0 days 00:18:17.088966000
10,2019-12-02 11:18:00.000000,2019-12-02 11:18:25.000000,2019-12-02 11:34:05.785303,2019-12-02 11:34:26.467693,,,,Onsite,9,40,43,0 days 00:00:25.000000000,0 days 00:16:01.467693000
11,2019-12-02 12:27:00.000000,2019-12-02 12:27:45.000000,2019-12-02 12:45:28.364732,2019-12-02 12:46:13.364732,2019-12-02 13:22:58.879458,2019-12-02 13:23:43.879458,2019-12-02 13:39:40.844070,Replace,9,40,43,0 days 00:00:45.000000000,0 days 00:18:28.364732000
12,2019-12-02 13:51:00.000000,2019-12-02 13:51:45.000000,2019-12-02 14:06:31.230875,2019-12-02 14:07:16.230875,2019-12-02 14:35:05.653261,2019-12-02 14:35:50.653261,2019-12-02 14:47:47.982813,Replace,9,40,43,0 days 00:00:45.000000000,0 days 00:15:31.230875000
13,2019-12-02 14:53:00.000000,2019-12-02 14:53:30.000000,2019-12-02 15:06:22.050496,2019-12-02 15:06:41.985090,,,,Onsite,9,40,43,0 days 00:00:30.000000000,0 days 00:13:11.985090000
14,2019-12-02 15:47:00.000000,2019-12-02 15:47:55.000000,2019-12-02 16:06:34.628131,2019-12-02 16:07:29.628131,2019-12-02 16:46:36.339334,2019-12-02 16:47:31.339334,2019-12-02 17:02:59.222445,Replace,9,40,43,0 days 00:00:55.000000000,0 days 00:19:34.628131000
15,2019-12-02 16:54:00.000000,2019-12-02 16:54:45.000000,2019-12-02 17:17:33.587496,2019-12-02 17:18:18.587496,2019-12-02 17:59:11.076545,2019-12-02 17:59:56.076545,2019-12-02 18:18:06.007625,Replace,9,40,43,0 days 00:00:45.000000000,0 days 00:23:33.587496000
16,2019-12-02 18:01:00.000000,2019-12-02 18:01:45.000000,2019-12-02 18:20:05.617150,2019-12-02 18:20:50.617150,2019-12-02 18:52:44.015280,2019-12-02 18:53:29.015280,2019-12-02 19:03:57.984783,Replace,9,40,43,0 days 00:00:45.000000000,0 days 00:19:05.617150000
17,2019-12-02 19:12:00.000000,2019-12-02 19:12:30.000000,2019-12-02 19:30:59.338918,2019-12-02 19:31:29.338918,2019-12-02 20:12:54.432818,2019-12-02 20:13:24.432818,2019-12-02 20:32:32.285555,Replace,9,40,43,0 days 00:00:30.000000000,0 days 00:18:59.338918000
18,2019-12-02 20:26:00.000000,2019-12-02 20:26:30.000000,2019-12-02 20:44:37.585947,2019-12-02 20:45:07.585947,2019-12-02 21:24:41.536202,2019-12-02 21:25:11.536202,2019-12-02 21:49:07.010962,Replace,9,40,43,0 days 00:00:30.000000000,0 days 00:18:37.585947000
19,2019-12-02 21:30:00.000000,2019-12-02 21:30:55.000000,2019-12-02 21:50:19.599168,2019-12-02 21:50:43.339663,,,,Onsite,9,40,43,0 days 00:00:55.000000000,0 days 00:19:48.339663000
20,2019-12-02 22:31:00.000000,2019-12-02 22:31:30.000000,2019-12-02 22:48:33.780505,2019-12-02 22:48:45.467908,,,,Onsite,9,40,43,0 days 00:00:30.000000000,0 days 00:17:15.467908000
0,2019-12-02 00:59:00.000000,2019-12-02 00:00:55.000000,2019-12-02 00:15:19.249256,2019-12-02 00:15:38.303625,,,,Onsite,1,40,44,-1 days +23:01:55.000000000,0 days 00:14:43.303625000
1,2019-12-02 01:13:00.000000,2019-12-02 01:13:50.000000,2019-12-02 01:31:03.500174,2019-12-02 01:31:53.500174,2019-12-02 02:01:23.607937,2019-12-02 02:02:13.607937,2019-12-02 02:17:52.442491,Replace,1,40,44,0 days 00:00:50.000000000,0 days 00:18:03.500174000
2,2019-12-02 02:15:00.000000,2019-12-02 02:15:45.000000,2019-12-02 02:36:05.622911,2019-12-02 02:36:50.622911,2019-12-02 03:13:44.216034,2019-12-02 03:14:29.216034,2019-12-02 03:26:34.871682,Replace,1,40,44,0 days 00:00:45.000000000,0 days 00:21:05.622911000
3,2019-12-02 03:38:00.000000,2019-12-02 03:38:25.000000,2019-12-02 03:56:21.158346,2019-12-02 03:56:38.043336,,,,Onsite,1,40,44,0 days 00:00:25.000000000,0 days 00:18:13.043336000
4,2019-12-02 04:50:00.000000,2019-12-02 04:50:30.000000,2019-12-02 05:07:39.771267,2019-12-02 05:08:09.771267,2019-12-02 06:05:16.732669,2019-12-02 06:05:46.732669,2019-12-02 06:21:25.724188,Replace,1,40,44,0 days 00:00:30.000000000,0 days 00:17:39.771267000
5,2019-12-02 05:55:00.000000,2019-12-02 05:55:55.000000,2019-12-02 06:15:19.158102,2019-12-02 06:16:14.158102,2019-12-02 06:42:41.125209,2019-12-02 06:43:36.125209,2019-12-02 06:57:35.523057,Replace,1,40,44,0 days 00:00:55.000000000,0 days 00:20:19.158102000
6,2019-12-02 07:06:00.000000,2019-12-02 07:06:35.000000,2019-12-02 07:28:10.893765,2019-12-02 07:28:45.893765,2019-12-02 07:58:16.296620,2019-12-02 07:58:51.296620,2019-12-02 08:17:22.541788,Replace,1,40,44,0 days 00:00:35.000000000,0 days 00:22:10.893765000
7,2019-12-02 08:08:00.000000,2019-12-02 08:08:45.000000,2019-12-02 08:29:01.125843,2019-12-02 08:29:06.775507,,,,Onsite,1,40,44,0 days 00:00:45.000000000,0 days 00:20:21.775507000
8,2019-12-02 09:12:00.000000,2019-12-02 09:12:35.000000,2019-12-02 09:25:02.167227,2019-12-02 09:25:37.167227,2019-12-02 09:48:27.985763,2019-12-02 09:49:02.985763,2019-12-02 10:07:16.881995,Replace,1,40,44,0 days 00:00:35.000000000,0 days 00:13:02.167227000
9,2019-12-02 10:22:00.000000,2019-12-02 10:22:35.000000,2019-12-02 10:40:57.981556,2019-12-02 10:41:07.438649,,,,Onsite,1,40,44,0 days 00:00:35.000000000,0 days 00:18:32.438649000
10,2019-12-02 11:24:00.000000,2019-12-02 11:24:45.000000,2019-12-02 11:39:07.065720,2019-12-02 11:39:26.847032,,,,Onsite,1,40,44,0 days 00:00:45.000000000,0 days 00:14:41.847032000
11,2019-12-02 12:47:00.000000,2019-12-02 12:47:30.000000,2019-12-02 13:08:04.410737,2019-12-02 13:08:13.794363,,,,Onsite,1,40,44,0 days 00:00:30.000000000,0 days 00:20:43.794363000
12,2019-12-02 14:07:00.000000,2019-12-02 14:07:30.000000,2019-12-02 14:28:55.762564,2019-12-02 14:29:25.762564,2019-12-02 15:01:29.555856,2019-12-02 15:01:59.555856,2019-12-02 15:16:32.673720,Replace,1,40,44,0 days 00:00:30.000000000,0 days 00:21:55.762564000
13,2019-12-02 15:06:00.000000,2019-12-02 15:06:50.000000,2019-12-02 15:20:26.816126,2019-12-02 15:20:57.110724,,,,Onsite,1,40,44,0 days 00:00:50.000000000,0 days 00:14:07.110724000
14,2019-12-02 16:16:00.000000,2019-12-02 16:16:35.000000,2019-12-02 16:29:49.920769,2019-12-02 16:29:53.853163,,,,Onsite,1,40,44,0 days 00:00:35.000000000,0 days 00:13:18.853163000
15,2019-12-02 17:22:00.000000,2019-12-02 17:22:25.000000,2019-12-02 17:38:45.103899,2019-12-02 17:39:07.141524,,,,Onsite,1,40,44,0 days 00:00:25.000000000,0 days 00:16:42.141524000
16,2019-12-02 18:36:00.000000,2019-12-02 18:36:30.000000,2019-12-02 18:55:05.843802,2019-12-02 18:55:35.843802,2019-12-02 19:23:19.580682,2019-12-02 19:23:49.580682,2019-12-02 19:43:47.567608,Replace,1,40,44,0 days 00:00:30.000000000,0 days 00:19:05.843802000
17,2019-12-02 19:35:00.000000,2019-12-02 19:35:35.000000,2019-12-02 19:49:12.400355,2019-12-02 19:49:36.980744,,,,Onsite,1,40,44,0 days 00:00:35.000000000,0 days 00:14:01.980744000
18,2019-12-02 20:36:00.000000,2019-12-02 20:36:45.000000,2019-12-02 20:52:18.546938,2019-12-02 20:52:31.944561,,,,Onsite,1,40,44,0 days 00:00:45.000000000,0 days 00:15:46.944561000
0,2019-12-02 01:04:00.000000,2019-12-02 00:00:55.000000,2019-12-02 00:14:30.929050,2019-12-02 00:15:25.929050,2019-12-02 01:04:57.297514,2019-12-02 01:05:52.297514,2019-12-02 01:25:24.312028,Replace,2,40,44,-1 days +22:56:55.000000000,0 days 00:14:30.929050000
1,2019-12-02 01:04:00.000000,2019-12-02 01:04:45.000000,2019-12-02 01:21:49.439539,2019-12-02 01:22:34.439539,2019-12-02 01:53:39.560449,2019-12-02 01:54:24.560449,2019-12-02 02:10:03.673448,Replace,2,40,44,0 days 00:00:45.000000000,0 days 00:17:49.439539000
2,2019-12-02 02:02:00.000000,2019-12-02 02:02:55.000000,2019-12-02 02:14:07.306694,2019-12-02 02:15:02.306694,2019-12-02 02:56:00.615115,2019-12-02 02:56:55.615115,2019-12-02 03:19:36.465102,Replace,2,40,44,0 days 00:00:55.000000000,0 days 00:12:07.306694000
3,2019-12-02 03:08:00.000000,2019-12-02 03:08:45.000000,2019-12-02 03:21:56.361014,2019-12-02 03:22:41.361014,2019-12-02 03:47:48.919625,2019-12-02 03:48:33.919625,2019-12-02 04:12:31.597399,Replace,2,40,44,0 days 00:00:45.000000000,0 days 00:13:56.361014000
4,2019-12-02 04:31:00.000000,2019-12-02 04:31:35.000000,2019-12-02 04:43:07.896282,2019-12-02 04:43:42.896282,2019-12-02 05:31:01.440410,2019-12-02 05:31:36.440410,2019-12-02 05:45:43.951250,Replace,2,40,44,0 days 00:00:35.000000000,0 days 00:12:07.896282000
5,2019-12-02 05:53:00.000000,2019-12-02 05:53:45.000000,2019-12-02 06:15:00.401116,2019-12-02 06:15:45.401116,2019-12-02 06:52:05.918634,2019-12-02 06:52:50.918634,2019-12-02 07:08:21.984509,Replace,2,40,44,0 days 00:00:45.000000000,0 days 00:22:00.401116000
6,2019-12-02 07:09:00.000000,2019-12-02 07:09:35.000000,2019-12-02 07:27:10.911742,2019-12-02 07:27:12.732311,,,,Onsite,2,40,44,0 days 00:00:35.000000000,0 days 00:17:37.732311000
7,2019-12-02 08:02:00.000000,2019-12-02 08:02:25.000000,2019-12-02 08:22:03.732968,2019-12-02 08:22:23.426563,,,,Onsite,2,40,44,0 days 00:00:25.000000000,0 days 00:19:58.426563000
8,2019-12-02 09:15:00.000000,2019-12-02 09:15:45.000000,2019-12-02 09:32:21.041859,2019-12-02 09:33:06.041859,2019-12-02 10:28:42.174506,2019-12-02 10:29:27.174506,2019-12-02 10:43:12.281094,Replace,2,40,44,0 days 00:00:45.000000000,0 days 00:17:21.041859000
9,2019-12-02 10:14:00.000000,2019-12-02 10:14:50.000000,2019-12-02 10:30:16.590131,2019-12-02 10:31:06.590131,2019-12-02 11:04:43.229834,2019-12-02 11:05:33.229834,2019-12-02 11:26:58.251210,Replace,2,40,44,0 days 00:00:50.000000000,0 days 00:16:16.590131000
10,2019-12-02 11:27:00.000000,2019-12-02 11:27:45.000000,2019-12-02 11:43:25.799421,2019-12-02 11:44:10.799421,2019-12-02 12:18:50.000211,2019-12-02 12:19:35.000211,2019-12-02 12:34:44.020339,Replace,2,40,44,0 days 00:00:45.000000000,0 days 00:16:25.799421000
11,2019-12-02 12:38:00.000000,2019-12-02 12:38:45.000000,2019-12-02 12:54:37.464574,2019-12-02 12:55:22.464574,2019-12-02 13:27:54.839171,2019-12-02 13:28:39.839171,2019-12-02 13:41:28.552288,Replace,2,40,44,0 days 00:00:45.000000000,0 days 00:16:37.464574000
12,2019-12-02 13:52:00.000000,2019-12-02 13:52:35.000000,2019-12-02 14:09:14.725042,2019-12-02 14:09:49.725042,2019-12-02 14:49:51.463757,2019-12-02 14:50:26.463757,2019-12-02 15:03:31.414100,Replace,2,40,44,0 days 00:00:35.000000000,0 days 00:17:14.725042000
13,2019-12-02 14:52:00.000000,2019-12-02 14:52:25.000000,2019-12-02 15:08:21.416699,2019-12-02 15:08:46.416699,2019-12-02 15:42:26.120228,2019-12-02 15:42:51.120228,2019-12-02 16:00:44.884151,Replace,2,40,44,0 days 00:00:25.000000000,0 days 00:16:21.416699000
14,2019-12-02 15:59:00.000000,2019-12-02 15:59:45.000000,2019-12-02 16:12:27.054123,2019-12-02 16:12:48.806411,,,,Onsite,2,40,44,0 days 00:00:45.000000000,0 days 00:13:03.806411000
15,2019-12-02 17:15:00.000000,2019-12-02 17:15:30.000000,2019-12-02 17:32:13.173309,2019-12-02 17:32:43.793074,,,,Onsite,2,40,44,0 days 00:00:30.000000000,0 days 00:17:13.793074000
16,2019-12-02 18:14:00.000000,2019-12-02 18:14:45.000000,2019-12-02 18:31:04.412200,2019-12-02 18:31:49.412200,2019-12-02 19:07:15.796347,2019-12-02 19:08:00.796347,2019-12-02 19:21:08.436397,Replace,2,40,44,0 days 00:00:45.000000000,0 days 00:17:04.412200000
17,2019-12-02 19:27:00.000000,2019-12-02 19:27:35.000000,2019-12-02 19:44:40.906741,2019-12-02 19:45:15.906741,2019-12-02 20:23:53.787015,2019-12-02 20:24:28.787015,2019-12-02 20:43:01.626977,Replace,2,40,44,0 days 00:00:35.000000000,0 days 00:17:40.906741000
18,2019-12-02 20:30:00.000000,2019-12-02 20:30:35.000000,2019-12-02 20:46:45.236241,2019-12-02 20:46:50.623850,,,,Onsite,2,40,44,0 days 00:00:35.000000000,0 days 00:16:15.623850000
0,2019-12-02 00:55:00.000000,2019-12-02 00:00:25.000000,2019-12-02 00:15:30.610674,2019-12-02 00:15:55.610674,2019-12-02 01:10:20.753403,2019-12-02 01:10:45.753403,2019-12-02 01:33:42.363021,Replace,3,40,44,-1 days +23:05:25.000000000,0 days 00:15:30.610674000
1,2019-12-02 02:13:00.000000,2019-12-02 02:13:30.000000,2019-12-02 02:26:49.888502,2019-12-02 02:27:19.888502,2019-12-02 03:00:47.392930,2019-12-02 03:01:17.392930,2019-12-02 03:18:40.200735,Replace,3,40,44,0 days 00:00:30.000000000,0 days 00:13:49.888502000
2,2019-12-02 01:17:00.000000,2019-12-02 01:17:55.000000,2019-12-02 01:32:03.253666,2019-12-02 01:32:58.253666,2019-12-02 02:12:22.418992,2019-12-02 02:13:17.418992,2019-12-02 02:30:14.629111,Replace,3,40,44,0 days 00:00:55.000000000,0 days 00:15:03.253666000
3,2019-12-02 03:28:00.000000,2019-12-02 03:28:45.000000,2019-12-02 03:40:41.798305,2019-12-02 03:41:26.798305,2019-12-02 04:19:54.584740,2019-12-02 04:20:39.584740,2019-12-02 04:35:54.490302,Replace,3,40,44,0 days 00:00:45.000000000,0 days 00:12:41.798305000
4,2019-12-02 04:42:00.000000,2019-12-02 04:42:35.000000,2019-12-02 05:04:53.485634,2019-12-02 05:05:28.485634,2019-12-02 05:47:21.429475,2019-12-02 05:47:56.429475,2019-12-02 06:05:08.439061,Replace,3,40,44,0 days 00:00:35.000000000,0 days 00:22:53.485634000
5,2019-12-02 05:51:00.000000,2019-12-02 05:51:45.000000,2019-12-02 06:08:24.399842,2019-12-02 06:08:46.485351,,,,Onsite,3,40,44,0 days 00:00:45.000000000,0 days 00:17:01.485351000
6,2019-12-02 07:07:00.000000,2019-12-02 07:07:45.000000,2019-12-02 07:21:40.816159,2019-12-02 07:22:02.303225,,,,Onsite,3,40,44,0 days 00:00:45.000000000,0 days 00:14:17.303225000
7,2019-12-02 08:29:00.000000,2019-12-02 08:29:35.000000,2019-12-02 08:47:02.201681,2019-12-02 08:47:09.929916,,,,Onsite,3,40,44,0 days 00:00:35.000000000,0 days 00:17:34.929916000
8,2019-12-02 09:45:00.000000,2019-12-02 09:45:45.000000,2019-12-02 10:01:02.013712,2019-12-02 10:01:05.389451,,,,Onsite,3,40,44,0 days 00:00:45.000000000,0 days 00:15:20.389451000
9,2019-12-02 10:51:00.000000,2019-12-02 10:51:55.000000,2019-12-02 11:10:25.945595,2019-12-02 11:11:20.945595,2019-12-02 11:53:24.335971,2019-12-02 11:54:19.335971,2019-12-02 12:11:10.307951,Replace,3,40,44,0 days 00:00:55.000000000,0 days 00:19:25.945595000
10,2019-12-02 11:55:00.000000,2019-12-02 11:55:45.000000,2019-12-02 12:14:16.689554,2019-12-02 12:14:42.386642,,,,Onsite,3,40,44,0 days 00:00:45.000000000,0 days 00:18:57.386642000
11,2019-12-02 13:06:00.000000,2019-12-02 13:06:45.000000,2019-12-02 13:21:03.072396,2019-12-02 13:21:16.276003,,,,Onsite,3,40,44,0 days 00:00:45.000000000,0 days 00:14:31.276003000
12,2019-12-02 15:06:00.000000,2019-12-02 15:06:55.000000,2019-12-02 15:20:24.593721,2019-12-02 15:21:19.593721,2019-12-02 16:15:42.727097,2019-12-02 16:16:37.727097,2019-12-02 16:36:27.823928,Replace,3,40,44,0 days 00:00:55.000000000,0 days 00:14:24.593721000
13,2019-12-02 16:28:00.000000,2019-12-02 16:28:45.000000,2019-12-02 16:45:51.240257,2019-12-02 16:45:57.807098,,,,Onsite,3,40,44,0 days 00:00:45.000000000,0 days 00:17:12.807098000
14,2019-12-02 14:01:00.000000,2019-12-02 14:01:50.000000,2019-12-02 14:21:54.351231,2019-12-02 14:22:44.351231,2019-12-02 15:06:42.827720,2019-12-02 15:07:32.827720,2019-12-02 15:25:04.717689,Replace,3,40,44,0 days 00:00:50.000000000,0 days 00:20:54.351231000
15,2019-12-02 17:42:00.000000,2019-12-02 17:42:25.000000,2019-12-02 17:58:19.726425,2019-12-02 17:58:44.726425,2019-12-02 18:32:17.171218,2019-12-02 18:32:42.171218,2019-12-02 18:51:14.961274,Replace,3,40,44,0 days 00:00:25.000000000,0 days 00:16:19.726425000
16,2019-12-02 18:52:00.000000,2019-12-02 18:52:25.000000,2019-12-02 19:08:07.041077,2019-12-02 19:08:27.508755,,,,Onsite,3,40,44,0 days 00:00:25.000000000,0 days 00:16:02.508755000
17,2019-12-02 20:01:00.000000,2019-12-02 20:01:45.000000,2019-12-02 20:19:51.532938,2019-12-02 20:20:36.532938,2019-12-02 20:49:17.497021,2019-12-02 20:50:02.497021,2019-12-02 21:05:19.770197,Replace,3,40,44,0 days 00:00:45.000000000,0 days 00:18:51.532938000
18,2019-12-02 21:07:00.000000,2019-12-02 21:07:45.000000,2019-12-02 21:25:08.472420,2019-12-02 21:25:53.472420,2019-12-02 22:02:39.153225,2019-12-02 22:03:24.153225,2019-12-02 22:24:09.329415,Replace,3,40,44,0 days 00:00:45.000000000,0 days 00:18:08.472420000
19,2019-12-02 22:17:00.000000,2019-12-02 22:17:30.000000,2019-12-02 22:33:38.446323,2019-12-02 22:34:02.710012,,,,Onsite,3,40,44,0 days 00:00:30.000000000,0 days 00:16:32.710012000
0,2019-12-02 01:09:00.000000,2019-12-02 00:00:55.000000,2019-12-02 00:15:07.459720,2019-12-02 00:15:14.674369,,,,Onsite,4,40,44,-1 days +22:51:55.000000000,0 days 00:14:19.674369000
1,2019-12-02 01:17:00.000000,2019-12-02 01:17:25.000000,2019-12-02 01:39:38.793162,2019-12-02 01:40:03.793162,2019-12-02 02:07:45.607777,2019-12-02 02:08:10.607777,2019-12-02 02:25:36.053692,Replace,4,40,44,0 days 00:00:25.000000000,0 days 00:22:38.793162000
2,2019-12-02 02:17:00.000000,2019-12-02 02:17:30.000000,2019-12-02 02:32:05.665426,2019-12-02 02:32:41.479152,,,,Onsite,4,40,44,0 days 00:00:30.000000000,0 days 00:15:11.479152000
3,2019-12-02 03:21:00.000000,2019-12-02 03:21:25.000000,2019-12-02 03:33:12.844407,2019-12-02 03:33:21.770304,,,,Onsite,4,40,44,0 days 00:00:25.000000000,0 days 00:11:56.770304000
4,2019-12-02 04:28:00.000000,2019-12-02 04:28:30.000000,2019-12-02 04:45:29.270870,2019-12-02 04:45:34.260313,,,,Onsite,4,40,44,0 days 00:00:30.000000000,0 days 00:17:04.260313000
5,2019-12-02 05:34:00.000000,2019-12-02 05:34:55.000000,2019-12-02 05:56:12.423149,2019-12-02 05:57:07.423149,2019-12-02 06:36:24.808752,2019-12-02 06:37:19.808752,2019-12-02 06:55:24.177055,Replace,4,40,44,0 days 00:00:55.000000000,0 days 00:22:12.423149000
6,2019-12-02 06:48:00.000000,2019-12-02 06:48:55.000000,2019-12-02 07:04:18.404116,2019-12-02 07:05:13.404116,2019-12-02 07:48:04.372884,2019-12-02 07:48:59.372884,2019-12-02 08:03:38.649623,Replace,4,40,44,0 days 00:00:55.000000000,0 days 00:16:18.404116000
7,2019-12-02 08:59:00.000000,2019-12-02 08:59:50.000000,2019-12-02 09:17:25.398772,2019-12-02 09:18:15.398772,2019-12-02 09:49:27.322273,2019-12-02 09:50:17.322273,2019-12-02 10:05:42.394866,Replace,4,40,44,0 days 00:00:50.000000000,0 days 00:18:25.398772000
8,2019-12-02 07:59:00.000000,2019-12-02 07:59:45.000000,2019-12-02 08:18:39.773048,2019-12-02 08:19:24.773048,2019-12-02 08:59:39.020625,2019-12-02 09:00:24.020625,2019-12-02 09:13:30.149688,Replace,4,40,44,0 days 00:00:45.000000000,0 days 00:19:39.773048000
9,2019-12-02 10:08:00.000000,2019-12-02 10:08:55.000000,2019-12-02 10:29:46.137414,2019-12-02 10:30:41.137414,2019-12-02 10:59:51.085954,2019-12-02 11:00:46.085954,2019-12-02 11:23:37.586185,Replace,4,40,44,0 days 00:00:55.000000000,0 days 00:21:46.137414000
10,2019-12-02 11:14:00.000000,2019-12-02 11:14:50.000000,2019-12-02 11:28:44.167829,2019-12-02 11:29:34.167829,2019-12-02 12:08:43.411600,2019-12-02 12:09:33.411600,2019-12-02 12:22:29.941893,Replace,4,40,44,0 days 00:00:50.000000000,0 days 00:14:44.167829000
11,2019-12-02 12:33:00.000000,2019-12-02 12:33:50.000000,2019-12-02 12:49:52.568311,2019-12-02 12:49:59.172651,,,,Onsite,4,40,44,0 days 00:00:50.000000000,0 days 00:16:09.172651000
12,2019-12-02 13:49:00.000000,2019-12-02 13:49:50.000000,2019-12-02 14:05:33.838407,2019-12-02 14:06:23.838407,2019-12-02 14:47:41.171968,2019-12-02 14:48:31.171968,2019-12-02 15:10:30.432297,Replace,4,40,44,0 days 00:00:50.000000000,0 days 00:16:33.838407000
13,2019-12-02 14:37:00.000000,2019-12-02 14:37:45.000000,2019-12-02 14:50:10.896870,2019-12-02 14:50:17.302742,,,,Onsite,4,40,44,0 days 00:00:45.000000000,0 days 00:12:32.302742000
14,2019-12-02 15:39:00.000000,2019-12-02 15:39:35.000000,2019-12-02 15:56:17.736094,2019-12-02 15:56:52.736094,2019-12-02 16:53:56.306283,2019-12-02 16:54:31.306283,2019-12-02 17:15:45.896417,Replace,4,40,44,0 days 00:00:35.000000000,0 days 00:17:17.736094000
15,2019-12-02 16:55:00.000000,2019-12-02 16:55:35.000000,2019-12-02 17:08:23.058903,2019-12-02 17:08:58.058903,2019-12-02 17:36:52.874732,2019-12-02 17:37:27.874732,2019-12-02 17:51:48.018388,Replace,4,40,44,0 days 00:00:35.000000000,0 days 00:13:23.058903000
16,2019-12-02 17:56:00.000000,2019-12-02 17:56:35.000000,2019-12-02 18:10:49.588180,2019-12-02 18:10:58.688759,,,,Onsite,4,40,44,0 days 00:00:35.000000000,0 days 00:14:23.688759000
17,2019-12-02 19:11:00.000000,2019-12-02 19:11:30.000000,2019-12-02 19:30:01.505075,2019-12-02 19:30:31.994397,,,,Onsite,4,40,44,0 days 00:00:30.000000000,0 days 00:19:01.994397000
18,2019-12-02 20:32:00.000000,2019-12-02 20:32:50.000000,2019-12-02 20:47:58.773824,2019-12-02 20:48:48.773824,2019-12-02 21:31:57.169319,2019-12-02 21:32:47.169319,2019-12-02 21:48:30.764766,Replace,4,40,44,0 days 00:00:50.000000000,0 days 00:15:58.773824000
19,2019-12-02 21:20:00.000000,2019-12-02 21:20:30.000000,2019-12-02 21:37:01.968749,2019-12-02 21:37:31.968749,2019-12-02 22:14:03.103176,2019-12-02 22:14:33.103176,2019-12-02 22:30:16.018541,Replace,4,40,44,0 days 00:00:30.000000000,0 days 00:17:01.968749000
0,2019-12-02 01:06:00.000000,2019-12-02 00:00:35.000000,2019-12-02 00:17:25.593854,2019-12-02 00:18:00.593854,2019-12-02 00:53:52.953358,2019-12-02 00:54:27.953358,2019-12-02 01:18:15.998994,Replace,5,40,44,-1 days +22:54:35.000000000,0 days 00:17:25.593854000
1,2019-12-02 01:08:00.000000,2019-12-02 01:08:45.000000,2019-12-02 01:24:04.960045,2019-12-02 01:24:49.960045,2019-12-02 01:56:36.055609,2019-12-02 01:57:21.055609,2019-12-02 02:12:33.610187,Replace,5,40,44,0 days 00:00:45.000000000,0 days 00:16:04.960045000
2,2019-12-02 02:10:00.000000,2019-12-02 02:10:30.000000,2019-12-02 02:27:13.702112,2019-12-02 02:27:43.702112,2019-12-02 03:01:10.158023,2019-12-02 03:01:40.158023,2019-12-02 03:17:30.065207,Replace,5,40,44,0 days 00:00:30.000000000,0 days 00:17:13.702112000
3,2019-12-02 03:29:00.000000,2019-12-02 03:29:45.000000,2019-12-02 03:44:28.287780,2019-12-02 03:44:54.519878,,,,Onsite,5,40,44,0 days 00:00:45.000000000,0 days 00:15:09.519878000
4,2019-12-02 04:41:00.000000,2019-12-02 04:41:45.000000,2019-12-02 05:02:55.678613,2019-12-02 05:03:11.522977,,,,Onsite,5,40,44,0 days 00:00:45.000000000,0 days 00:21:26.522977000
5,2019-12-02 05:46:00.000000,2019-12-02 05:46:30.000000,2019-12-02 06:06:43.594355,2019-12-02 06:07:13.594355,2019-12-02 06:31:31.388361,2019-12-02 06:32:01.388361,2019-12-02 06:49:52.244198,Replace,5,40,44,0 days 00:00:30.000000000,0 days 00:20:43.594355000
6,2019-12-02 06:42:00.000000,2019-12-02 06:42:35.000000,2019-12-02 06:57:57.068951,2019-12-02 06:58:08.640603,,,,Onsite,5,40,44,0 days 00:00:35.000000000,0 days 00:15:33.640603000
7,2019-12-02 07:59:00.000000,2019-12-02 07:59:45.000000,2019-12-02 08:16:13.467662,2019-12-02 08:16:58.467662,2019-12-02 09:07:14.905168,2019-12-02 09:07:59.905168,2019-12-02 09:21:51.972230,Replace,5,40,44,0 days 00:00:45.000000000,0 days 00:17:13.467662000
8,2019-12-02 09:00:00.000000,2019-12-02 09:00:45.000000,2019-12-02 09:15:59.834432,2019-12-02 09:16:28.847172,,,,Onsite,5,40,44,0 days 00:00:45.000000000,0 days 00:15:43.847172000
9,2019-12-02 10:17:00.000000,2019-12-02 10:17:35.000000,2019-12-02 10:31:35.886007,2019-12-02 10:31:42.034467,,,,Onsite,5,40,44,0 days 00:00:35.000000000,0 days 00:14:07.034467000
10,2019-12-02 11:22:00.000000,2019-12-02 11:22:30.000000,2019-12-02 11:35:32.507584,2019-12-02 11:36:02.507584,2019-12-02 12:10:16.333205,2019-12-02 12:10:46.333205,2019-12-02 12:24:39.729215,Replace,5,40,44,0 days 00:00:30.000000000,0 days 00:13:32.507584000
11,2019-12-02 12:14:00.000000,2019-12-02 12:14:30.000000,2019-12-02 12:34:50.831643,2019-12-02 12:35:01.852608,,,,Onsite,5,40,44,0 days 00:00:30.000000000,0 days 00:20:31.852608000
12,2019-12-02 13:25:00.000000,2019-12-02 13:25:55.000000,2019-12-02 13:38:35.443152,2019-12-02 13:39:30.443152,2019-12-02 14:10:58.683537,2019-12-02 14:11:53.683537,2019-12-02 14:28:17.747274,Replace,5,40,44,0 days 00:00:55.000000000,0 days 00:13:35.443152000
13,2019-12-02 14:37:00.000000,2019-12-02 14:37:45.000000,2019-12-02 14:50:38.034964,2019-12-02 14:51:00.226117,,,,Onsite,5,40,44,0 days 00:00:45.000000000,0 days 00:13:15.226117000
14,2019-12-02 15:42:00.000000,2019-12-02 15:42:45.000000,2019-12-02 16:02:44.859038,2019-12-02 16:03:29.859038,2019-12-02 16:49:23.326052,2019-12-02 16:50:08.326052,2019-12-02 17:04:58.293869,Replace,5,40,44,0 days 00:00:45.000000000,0 days 00:20:44.859038000
15,2019-12-02 17:02:00.000000,2019-12-02 17:02:25.000000,2019-12-02 17:18:12.049132,2019-12-02 17:18:37.049132,2019-12-02 17:57:16.261424,2019-12-02 17:57:41.261424,2019-12-02 18:18:34.930756,Replace,5,40,44,0 days 00:00:25.000000000,0 days 00:16:12.049132000
16,2019-12-02 18:00:00.000000,2019-12-02 18:00:55.000000,2019-12-02 18:13:04.000927,2019-12-02 18:13:59.000927,2019-12-02 18:45:10.740848,2019-12-02 18:46:05.740848,2019-12-02 19:01:54.168766,Replace,5,40,44,0 days 00:00:55.000000000,0 days 00:13:04.000927000
17,2019-12-02 19:21:00.000000,2019-12-02 19:21:50.000000,2019-12-02 19:38:13.795079,2019-12-02 19:38:24.046095,,,,Onsite,5,40,44,0 days 00:00:50.000000000,0 days 00:16:34.046095000
18,2019-12-02 20:26:00.000000,2019-12-02 20:26:55.000000,2019-12-02 20:45:13.600394,2019-12-02 20:45:34.595101,,,,Onsite,5,40,44,0 days 00:00:55.000000000,0 days 00:18:39.595101000
19,2019-12-02 21:47:00.000000,2019-12-02 21:47:25.000000,2019-12-02 22:03:00.780074,2019-12-02 22:03:25.780074,2019-12-02 22:40:42.726861,2019-12-02 22:41:07.726861,2019-12-02 22:53:10.462727,Replace,5,40,44,0 days 00:00:25.000000000,0 days 00:16:00.780074000
0,2019-12-02 01:08:00.000000,2019-12-02 00:00:45.000000,2019-12-02 00:15:53.279750,2019-12-02 00:16:38.279750,2019-12-02 00:47:36.146991,2019-12-02 00:48:21.146991,2019-12-02 01:02:15.577752,Replace,6,40,44,-1 days +22:52:45.000000000,0 days 00:15:53.279750000
1,2019-12-02 01:00:00.000000,2019-12-02 01:00:50.000000,2019-12-02 01:15:45.485615,2019-12-02 01:16:16.975512,,,,Onsite,6,40,44,0 days 00:00:50.000000000,0 days 00:15:26.975512000
2,2019-12-02 02:07:00.000000,2019-12-02 02:07:35.000000,2019-12-02 02:24:21.728142,2019-12-02 02:24:56.728142,2019-12-02 02:47:43.162730,2019-12-02 02:48:18.162730,2019-12-02 03:01:58.667483,Replace,6,40,44,0 days 00:00:35.000000000,0 days 00:17:21.728142000
3,2019-12-02 03:24:00.000000,2019-12-02 03:24:45.000000,2019-12-02 03:35:52.591191,2019-12-02 03:36:15.269081,,,,Onsite,6,40,44,0 days 00:00:45.000000000,0 days 00:11:30.269081000
4,2019-12-02 04:35:00.000000,2019-12-02 04:35:55.000000,2019-12-02 04:54:17.509061,2019-12-02 04:55:12.509061,2019-12-02 05:38:42.650212,2019-12-02 05:39:37.650212,2019-12-02 05:55:11.393506,Replace,6,40,44,0 days 00:00:55.000000000,0 days 00:19:17.509061000
5,2019-12-02 05:49:00.000000,2019-12-02 05:49:45.000000,2019-12-02 06:07:58.920417,2019-12-02 06:08:24.794502,,,,Onsite,6,40,44,0 days 00:00:45.000000000,0 days 00:18:39.794502000
6,2019-12-02 06:42:00.000000,2019-12-02 06:42:35.000000,2019-12-02 06:59:01.332667,2019-12-02 06:59:11.943789,,,,Onsite,6,40,44,0 days 00:00:35.000000000,0 days 00:16:36.943789000
7,2019-12-02 07:45:00.000000,2019-12-02 07:45:25.000000,2019-12-02 07:57:49.811234,2019-12-02 07:58:14.811234,2019-12-02 08:28:55.717019,2019-12-02 08:29:20.717019,2019-12-02 08:52:26.242732,Replace,6,40,44,0 days 00:00:25.000000000,0 days 00:12:49.811234000
8,2019-12-02 08:53:00.000000,2019-12-02 08:53:55.000000,2019-12-02 09:12:25.771433,2019-12-02 09:13:20.771433,2019-12-02 09:53:09.399335,2019-12-02 09:54:04.399335,2019-12-02 10:07:23.100083,Replace,6,40,44,0 days 00:00:55.000000000,0 days 00:19:25.771433000
9,2019-12-02 09:52:00.000000,2019-12-02 09:52:55.000000,2019-12-02 10:10:53.204185,2019-12-02 10:11:10.898486,,,,Onsite,6,40,44,0 days 00:00:55.000000000,0 days 00:18:15.898486000
10,2019-12-02 10:53:00.000000,2019-12-02 10:53:25.000000,2019-12-02 11:08:15.072078,2019-12-02 11:08:40.072078,2019-12-02 11:41:42.625319,2019-12-02 11:42:07.625319,2019-12-02 12:01:59.663947,Replace,6,40,44,0 days 00:00:25.000000000,0 days 00:15:15.072078000
11,2019-12-02 12:04:00.000000,2019-12-02 12:04:25.000000,2019-12-02 12:22:21.538511,2019-12-02 12:22:46.538511,2019-12-02 12:53:33.938133,2019-12-02 12:53:58.938133,2019-12-02 13:08:16.890572,Replace,6,40,44,0 days 00:00:25.000000000,0 days 00:18:21.538511000
12,2019-12-02 13:16:00.000000,2019-12-02 13:16:55.000000,2019-12-02 13:36:04.075153,2019-12-02 13:36:59.075153,2019-12-02 13:59:38.339944,2019-12-02 14:00:33.339944,2019-12-02 14:22:32.616457,Replace,6,40,44,0 days 00:00:55.000000000,0 days 00:20:04.075153000
13,2019-12-02 14:26:00.000000,2019-12-02 14:26:45.000000,2019-12-02 14:41:19.388899,2019-12-02 14:42:04.388899,2019-12-02 15:10:10.628964,2019-12-02 15:10:55.628964,2019-12-02 15:27:45.521744,Replace,6,40,44,0 days 00:00:45.000000000,0 days 00:15:19.388899000
14,2019-12-02 15:30:00.000000,2019-12-02 15:30:45.000000,2019-12-02 15:46:54.072783,2019-12-02 15:47:39.072783,2019-12-02 16:44:08.066415,2019-12-02 16:44:53.066415,2019-12-02 17:03:44.991779,Replace,6,40,44,0 days 00:00:45.000000000,0 days 00:16:54.072783000
15,2019-12-02 16:46:00.000000,2019-12-02 16:46:30.000000,2019-12-02 17:03:01.185315,2019-12-02 17:03:11.482823,,,,Onsite,6,40,44,0 days 00:00:30.000000000,0 days 00:16:41.482823000
16,2019-12-02 17:44:00.000000,2019-12-02 17:44:45.000000,2019-12-02 17:59:15.487956,2019-12-02 18:00:00.487956,2019-12-02 18:30:23.746870,2019-12-02 18:31:08.746870,2019-12-02 18:50:41.187474,Replace,6,40,44,0 days 00:00:45.000000000,0 days 00:15:15.487956000
17,2019-12-02 18:53:00.000000,2019-12-02 18:53:55.000000,2019-12-02 19:07:19.342151,2019-12-02 19:08:14.342151,2019-12-02 19:55:18.911878,2019-12-02 19:56:13.911878,2019-12-02 20:10:09.345417,Replace,6,40,44,0 days 00:00:55.000000000,0 days 00:14:19.342151000
18,2019-12-02 19:53:00.000000,2019-12-02 19:53:35.000000,2019-12-02 20:08:55.130214,2019-12-02 20:09:06.831544,,,,Onsite,6,40,44,0 days 00:00:35.000000000,0 days 00:15:31.831544000
19,2019-12-02 20:53:00.000000,2019-12-02 20:53:35.000000,2019-12-02 21:12:09.949197,2019-12-02 21:12:44.949197,2019-12-02 22:04:46.977337,2019-12-02 22:05:21.977337,2019-12-02 22:20:52.701469,Replace,6,40,44,0 days 00:00:35.000000000,0 days 00:19:09.949197000
0,2019-12-02 00:55:00.000000,2019-12-02 00:00:30.000000,2019-12-02 00:13:47.500767,2019-12-02 00:13:59.574826,,,,Onsite,7,40,44,-1 days +23:05:30.000000000,0 days 00:13:29.574826000
1,2019-12-02 01:09:00.000000,2019-12-02 01:09:30.000000,2019-12-02 01:30:02.040841,2019-12-02 01:30:32.040841,2019-12-02 02:01:05.739809,2019-12-02 02:01:35.739809,2019-12-02 02:14:43.340349,Replace,7,40,44,0 days 00:00:30.000000000,0 days 00:21:02.040841000
2,2019-12-02 02:20:00.000000,2019-12-02 02:20:35.000000,2019-12-02 02:34:19.494598,2019-12-02 02:34:54.494598,2019-12-02 03:05:04.876093,2019-12-02 03:05:39.876093,2019-12-02 03:20:11.681035,Replace,7,40,44,0 days 00:00:35.000000000,0 days 00:14:19.494598000
3,2019-12-02 03:32:00.000000,2019-12-02 03:32:25.000000,2019-12-02 03:50:31.084783,2019-12-02 03:50:56.084783,2019-12-02 04:19:47.527229,2019-12-02 04:20:12.527229,2019-12-02 04:40:55.632379,Replace,7,40,44,0 days 00:00:25.000000000,0 days 00:18:31.084783000
4,2019-12-02 04:41:00.000000,2019-12-02 04:41:45.000000,2019-12-02 04:57:10.007669,2019-12-02 04:57:55.007669,2019-12-02 05:41:24.124076,2019-12-02 05:42:09.124076,2019-12-02 05:58:46.315658,Replace,7,40,44,0 days 00:00:45.000000000,0 days 00:16:10.007669000
5,2019-12-02 05:51:00.000000,2019-12-02 05:51:45.000000,2019-12-02 06:08:52.374575,2019-12-02 06:09:37.374575,2019-12-02 06:42:55.820029,2019-12-02 06:43:40.820029,2019-12-02 06:59:35.131779,Replace,7,40,44,0 days 00:00:45.000000000,0 days 00:17:52.374575000
6,2019-12-02 06:58:00.000000,2019-12-02 06:58:55.000000,2019-12-02 07:09:33.235740,2019-12-02 07:09:38.387289,,,,Onsite,7,40,44,0 days 00:00:55.000000000,0 days 00:10:43.387289000
7,2019-12-02 08:16:00.000000,2019-12-02 08:16:35.000000,2019-12-02 08:35:18.228297,2019-12-02 08:35:36.248430,,,,Onsite,7,40,44,0 days 00:00:35.000000000,0 days 00:19:01.248430000
8,2019-12-02 09:26:00.000000,2019-12-02 09:26:30.000000,2019-12-02 09:45:04.893151,2019-12-02 09:45:30.269356,,,,Onsite,7,40,44,0 days 00:00:30.000000000,0 days 00:19:00.269356000
9,2019-12-02 10:30:00.000000,2019-12-02 10:30:45.000000,2019-12-02 10:44:25.893901,2019-12-02 10:45:10.893901,2019-12-02 11:24:39.224836,2019-12-02 11:25:24.224836,2019-12-02 11:41:12.549733,Replace,7,40,44,0 days 00:00:45.000000000,0 days 00:14:25.893901000
10,2019-12-02 11:42:00.000000,2019-12-02 11:42:30.000000,2019-12-02 11:54:33.461325,2019-12-02 11:54:39.771058,,,,Onsite,7,40,44,0 days 00:00:30.000000000,0 days 00:12:09.771058000
11,2019-12-02 12:41:00.000000,2019-12-02 12:41:45.000000,2019-12-02 12:52:39.120726,2019-12-02 12:53:24.120726,2019-12-02 13:32:53.681631,2019-12-02 13:33:38.681631,2019-12-02 13:53:45.105635,Replace,7,40,44,0 days 00:00:45.000000000,0 days 00:11:39.120726000
12,2019-12-02 13:40:00.000000,2019-12-02 13:40:45.000000,2019-12-02 13:59:16.444450,2019-12-02 13:59:40.244508,,,,Onsite,7,40,44,0 days 00:00:45.000000000,0 days 00:18:55.244508000
13,2019-12-02 15:00:00.000000,2019-12-02 15:00:50.000000,2019-12-02 15:19:56.409689,2019-12-02 15:20:46.409689,2019-12-02 16:00:52.590581,2019-12-02 16:01:42.590581,2019-12-02 16:15:57.545771,Replace,7,40,44,0 days 00:00:50.000000000,0 days 00:19:56.409689000
14,2019-12-02 16:17:00.000000,2019-12-02 16:17:35.000000,2019-12-02 16:33:36.379670,2019-12-02 16:33:48.595373,,,,Onsite,7,40,44,0 days 00:00:35.000000000,0 days 00:16:13.595373000
15,2019-12-02 17:41:00.000000,2019-12-02 17:41:35.000000,2019-12-02 18:01:45.499965,2019-12-02 18:02:02.441418,,,,Onsite,7,40,44,0 days 00:00:35.000000000,0 days 00:20:27.441418000
16,2019-12-02 18:37:00.000000,2019-12-02 18:37:25.000000,2019-12-02 18:51:28.621669,2019-12-02 18:51:53.621669,2019-12-02 19:24:34.454404,2019-12-02 19:24:59.454404,2019-12-02 19:40:09.604185,Replace,7,40,44,0 days 00:00:25.000000000,0 days 00:14:28.621669000
17,2019-12-02 20:10:00.000000,2019-12-02 20:10:45.000000,2019-12-02 20:25:47.170291,2019-12-02 20:26:10.821052,,,,Onsite,7,40,44,0 days 00:00:45.000000000,0 days 00:15:25.821052000
18,2019-12-02 21:32:00.000000,2019-12-02 21:32:35.000000,2019-12-02 21:49:26.210421,2019-12-02 21:49:39.584439,,,,Onsite,7,40,44,0 days 00:00:35.000000000,0 days 00:17:04.584439000
0,2019-12-02 01:13:00.000000,2019-12-02 00:00:55.000000,2019-12-02 00:15:12.835389,2019-12-02 00:16:07.835389,2019-12-02 00:51:10.155043,2019-12-02 00:52:05.155043,2019-12-02 01:08:43.412431,Replace,8,40,44,-1 days +22:47:55.000000000,0 days 00:15:12.835389000
1,2019-12-02 01:16:00.000000,2019-12-02 01:16:55.000000,2019-12-02 01:34:11.826941,2019-12-02 01:35:06.826941,2019-12-02 02:12:57.727420,2019-12-02 02:13:52.727420,2019-12-02 02:28:13.554150,Replace,8,40,44,0 days 00:00:55.000000000,0 days 00:18:11.826941000
2,2019-12-02 02:14:00.000000,2019-12-02 02:14:45.000000,2019-12-02 02:31:27.649564,2019-12-02 02:31:44.614819,,,,Onsite,8,40,44,0 days 00:00:45.000000000,0 days 00:16:59.614819000
3,2019-12-02 03:32:00.000000,2019-12-02 03:32:45.000000,2019-12-02 03:51:38.731047,2019-12-02 03:51:45.346808,,,,Onsite,8,40,44,0 days 00:00:45.000000000,0 days 00:19:00.346808000
4,2019-12-02 04:41:00.000000,2019-12-02 04:41:30.000000,2019-12-02 05:00:13.323292,2019-12-02 05:00:43.323292,2019-12-02 05:43:33.525165,2019-12-02 05:44:03.525165,2019-12-02 06:07:15.372188,Replace,8,40,44,0 days 00:00:30.000000000,0 days 00:19:13.323292000
5,2019-12-02 05:57:00.000000,2019-12-02 05:57:35.000000,2019-12-02 06:10:08.313654,2019-12-02 06:10:34.823615,,,,Onsite,8,40,44,0 days 00:00:35.000000000,0 days 00:12:59.823615000
6,2019-12-02 07:03:00.000000,2019-12-02 07:03:35.000000,2019-12-02 07:15:59.865971,2019-12-02 07:16:03.537013,,,,Onsite,8,40,44,0 days 00:00:35.000000000,0 days 00:12:28.537013000
7,2019-12-02 08:19:00.000000,2019-12-02 08:19:45.000000,2019-12-02 08:37:51.909214,2019-12-02 08:38:36.909214,2019-12-02 09:08:01.216383,2019-12-02 09:08:46.216383,2019-12-02 09:22:41.994604,Replace,8,40,44,0 days 00:00:45.000000000,0 days 00:18:51.909214000
8,2019-12-02 09:35:00.000000,2019-12-02 09:35:45.000000,2019-12-02 09:50:08.106624,2019-12-02 09:50:53.106624,2019-12-02 10:37:47.655517,2019-12-02 10:38:32.655517,2019-12-02 10:51:34.965192,Replace,8,40,44,0 days 00:00:45.000000000,0 days 00:15:08.106624000
9,2019-12-02 10:43:00.000000,2019-12-02 10:43:55.000000,2019-12-02 10:55:04.830727,2019-12-02 10:55:37.045537,,,,Onsite,8,40,44,0 days 00:00:55.000000000,0 days 00:11:42.045537000
10,2019-12-02 11:54:00.000000,2019-12-02 11:54:25.000000,2019-12-02 12:12:56.176859,2019-12-02 12:13:21.176859,2019-12-02 12:36:12.097526,2019-12-02 12:36:37.097526,2019-12-02 12:57:26.628537,Replace,8,40,44,0 days 00:00:25.000000000,0 days 00:18:56.176859000
11,2019-12-02 13:26:00.000000,2019-12-02 13:26:45.000000,2019-12-02 13:36:56.999492,2019-12-02 13:37:41.999492,2019-12-02 14:07:08.560026,2019-12-02 14:07:53.560026,2019-12-02 14:25:11.022971,Replace,8,40,44,0 days 00:00:45.000000000,0 days 00:10:56.999492000
12,2019-12-02 14:37:00.000000,2019-12-02 14:37:50.000000,2019-12-02 14:52:39.621990,2019-12-02 14:53:29.621990,2019-12-02 15:15:33.411084,2019-12-02 15:16:23.411084,2019-12-02 15:31:32.701777,Replace,8,40,44,0 days 00:00:50.000000000,0 days 00:15:39.621990000
13,2019-12-02 15:51:00.000000,2019-12-02 15:51:25.000000,2019-12-02 16:07:05.852520,2019-12-02 16:07:15.873197,,,,Onsite,8,40,44,0 days 00:00:25.000000000,0 days 00:15:50.873197000
14,2019-12-02 17:05:00.000000,2019-12-02 17:05:30.000000,2019-12-02 17:16:04.650586,2019-12-02 17:16:34.650586,2019-12-02 17:56:47.105786,2019-12-02 17:57:17.105786,2019-12-02 18:14:29.368457,Replace,8,40,44,0 days 00:00:30.000000000,0 days 00:11:04.650586000
15,2019-12-02 18:16:00.000000,2019-12-02 18:16:50.000000,2019-12-02 18:32:27.706120,2019-12-02 18:33:04.597560,,,,Onsite,8,40,44,0 days 00:00:50.000000000,0 days 00:16:14.597560000
16,2019-12-02 19:26:00.000000,2019-12-02 19:26:45.000000,2019-12-02 19:44:50.982105,2019-12-02 19:45:35.982105,2019-12-02 20:27:01.836478,2019-12-02 20:27:46.836478,2019-12-02 20:47:25.868983,Replace,8,40,44,0 days 00:00:45.000000000,0 days 00:18:50.982105000
17,2019-12-02 20:31:00.000000,2019-12-02 20:31:50.000000,2019-12-02 20:44:35.630413,2019-12-02 20:45:25.630413,2019-12-02 21:17:58.685676,2019-12-02 21:18:48.685676,2019-12-02 21:32:39.963692,Replace,8,40,44,0 days 00:00:50.000000000,0 days 00:13:35.630413000
18,2019-12-02 21:13:00.000000,2019-12-02 21:13:35.000000,2019-12-02 21:30:58.170109,2019-12-02 21:31:33.170109,2019-12-02 21:54:00.505808,2019-12-02 21:54:35.505808,2019-12-02 22:05:33.895404,Replace,8,40,44,0 days 00:00:35.000000000,0 days 00:17:58.170109000
0,2019-12-02 01:02:00.000000,2019-12-02 00:00:35.000000,2019-12-02 00:21:17.317388,2019-12-02 00:21:36.198477,,,,Onsite,9,40,44,-1 days +22:58:35.000000000,0 days 00:21:01.198477000
1,2019-12-02 01:07:00.000000,2019-12-02 01:07:45.000000,2019-12-02 01:24:30.103953,2019-12-02 01:25:15.103953,2019-12-02 02:23:04.301877,2019-12-02 02:23:49.301877,2019-12-02 02:39:02.907028,Replace,9,40,44,0 days 00:00:45.000000000,0 days 00:17:30.103953000
2,2019-12-02 02:21:00.000000,2019-12-02 02:21:50.000000,2019-12-02 02:34:08.249216,2019-12-02 02:34:22.062945,,,,Onsite,9,40,44,0 days 00:00:50.000000000,0 days 00:12:32.062945000
3,2019-12-02 03:26:00.000000,2019-12-02 03:26:45.000000,2019-12-02 03:45:00.183025,2019-12-02 03:45:29.544789,,,,Onsite,9,40,44,0 days 00:00:45.000000000,0 days 00:18:44.544789000
4,2019-12-02 04:43:00.000000,2019-12-02 04:43:55.000000,2019-12-02 04:58:06.909037,2019-12-02 04:59:01.909037,2019-12-02 05:27:33.659218,2019-12-02 05:28:28.659218,2019-12-02 05:48:30.366498,Replace,9,40,44,0 days 00:00:55.000000000,0 days 00:15:06.909037000
5,2019-12-02 05:39:00.000000,2019-12-02 05:39:50.000000,2019-12-02 05:57:02.289929,2019-12-02 05:57:52.289929,2019-12-02 06:21:46.723623,2019-12-02 06:22:36.723623,2019-12-02 06:45:01.526354,Replace,9,40,44,0 days 00:00:50.000000000,0 days 00:18:02.289929000
6,2019-12-02 07:05:00.000000,2019-12-02 07:05:30.000000,2019-12-02 07:21:54.371733,2019-12-02 07:22:24.371733,2019-12-02 07:57:48.416076,2019-12-02 07:58:18.416076,2019-12-02 08:14:11.188589,Replace,9,40,44,0 days 00:00:30.000000000,0 days 00:16:54.371733000
7,2019-12-02 08:17:00.000000,2019-12-02 08:17:25.000000,2019-12-02 08:35:45.828974,2019-12-02 08:36:10.828974,2019-12-02 09:31:10.954805,2019-12-02 09:31:35.954805,2019-12-02 09:49:18.744624,Replace,9,40,44,0 days 00:00:25.000000000,0 days 00:18:45.828974000
8,2019-12-02 09:19:00.000000,2019-12-02 09:19:45.000000,2019-12-02 09:31:56.847382,2019-12-02 09:32:30.638629,,,,Onsite,9,40,44,0 days 00:00:45.000000000,0 days 00:12:45.638629000
9,2019-12-02 10:36:00.000000,2019-12-02 10:36:45.000000,2019-12-02 10:52:02.385152,2019-12-02 10:52:25.890657,,,,Onsite,9,40,44,0 days 00:00:45.000000000,0 days 00:15:40.890657000
10,2019-12-02 11:42:00.000000,2019-12-02 11:42:50.000000,2019-12-02 11:58:30.606243,2019-12-02 11:58:48.836152,,,,Onsite,9,40,44,0 days 00:00:50.000000000,0 days 00:15:58.836152000
11,2019-12-02 12:41:00.000000,2019-12-02 12:41:55.000000,2019-12-02 12:58:32.639710,2019-12-02 12:58:33.585037,,,,Onsite,9,40,44,0 days 00:00:55.000000000,0 days 00:16:38.585037000
12,2019-12-02 13:48:00.000000,2019-12-02 13:48:45.000000,2019-12-02 14:02:09.334952,2019-12-02 14:02:54.334952,2019-12-02 14:35:40.333231,2019-12-02 14:36:25.333231,2019-12-02 14:52:25.692968,Replace,9,40,44,0 days 00:00:45.000000000,0 days 00:14:09.334952000
13,2019-12-02 15:03:00.000000,2019-12-02 15:03:45.000000,2019-12-02 15:19:12.799455,2019-12-02 15:19:57.799455,2019-12-02 16:01:09.087783,2019-12-02 16:01:54.087783,2019-12-02 16:15:07.877532,Replace,9,40,44,0 days 00:00:45.000000000,0 days 00:16:12.799455000
14,2019-12-02 16:18:00.000000,2019-12-02 16:18:45.000000,2019-12-02 16:38:11.725105,2019-12-02 16:38:26.357653,,,,Onsite,9,40,44,0 days 00:00:45.000000000,0 days 00:19:41.357653000
15,2019-12-02 17:28:00.000000,2019-12-02 17:28:25.000000,2019-12-02 17:46:16.457340,2019-12-02 17:46:41.457340,2019-12-02 18:25:44.100497,2019-12-02 18:26:09.100497,2019-12-02 18:46:44.703751,Replace,9,40,44,0 days 00:00:25.000000000,0 days 00:18:16.457340000
16,2019-12-02 18:27:00.000000,2019-12-02 18:27:35.000000,2019-12-02 18:45:34.170761,2019-12-02 18:46:09.170761,2019-12-02 19:12:22.287928,2019-12-02 19:12:57.287928,2019-12-02 19:28:08.570765,Replace,9,40,44,0 days 00:00:35.000000000,0 days 00:18:34.170761000
17,2019-12-02 19:38:00.000000,2019-12-02 19:38:30.000000,2019-12-02 19:54:59.491591,2019-12-02 19:55:29.491591,2019-12-02 20:41:48.354481,2019-12-02 20:42:18.354481,2019-12-02 20:55:14.149076,Replace,9,40,44,0 days 00:00:30.000000000,0 days 00:16:59.491591000
18,2019-12-02 20:51:00.000000,2019-12-02 20:51:45.000000,2019-12-02 21:11:43.541442,2019-12-02 21:11:47.223655,,,,Onsite,9,40,44,0 days 00:00:45.000000000,0 days 00:20:02.223655000
19,2019-12-02 22:05:00.000000,2019-12-02 22:05:45.000000,2019-12-02 22:24:00.381821,2019-12-02 22:24:11.717657,,,,Onsite,9,40,44,0 days 00:00:45.000000000,0 days 00:18:26.717657000
0,2019-12-02 01:12:00.000000,2019-12-02 00:00:55.000000,2019-12-02 00:17:38.938549,2019-12-02 00:18:33.938549,2019-12-02 00:41:56.340810,2019-12-02 00:42:51.340810,2019-12-02 01:02:48.712029,Replace,1,40,45,-1 days +22:48:55.000000000,0 days 00:17:38.938549000
1,2019-12-02 00:58:00.000000,2019-12-02 00:58:30.000000,2019-12-02 01:13:04.183104,2019-12-02 01:13:26.418649,,,,Onsite,1,40,45,0 days 00:00:30.000000000,0 days 00:14:56.418649000
2,2019-12-02 02:31:00.000000,2019-12-02 02:31:25.000000,2019-12-02 02:45:04.522931,2019-12-02 02:45:29.522931,2019-12-02 03:23:16.054988,2019-12-02 03:23:41.054988,2019-12-02 03:37:34.507801,Replace,1,40,45,0 days 00:00:25.000000000,0 days 00:14:04.522931000
3,2019-12-02 03:41:00.000000,2019-12-02 03:41:30.000000,2019-12-02 04:00:05.880060,2019-12-02 04:00:35.880060,2019-12-02 04:25:34.238604,2019-12-02 04:26:04.238604,2019-12-02 04:40:38.408433,Replace,1,40,45,0 days 00:00:30.000000000,0 days 00:19:05.880060000
4,2019-12-02 04:51:00.000000,2019-12-02 04:51:50.000000,2019-12-02 05:05:09.852699,2019-12-02 05:05:18.211311,,,,Onsite,1,40,45,0 days 00:00:50.000000000,0 days 00:13:28.211311000
5,2019-12-02 05:56:00.000000,2019-12-02 05:56:25.000000,2019-12-02 06:13:51.565052,2019-12-02 06:13:57.737744,,,,Onsite,1,40,45,0 days 00:00:25.000000000,0 days 00:17:32.737744000
6,2019-12-02 07:16:00.000000,2019-12-02 07:16:45.000000,2019-12-02 07:33:42.730423,2019-12-02 07:34:27.730423,2019-12-02 08:06:27.276804,2019-12-02 08:07:12.276804,2019-12-02 08:27:29.610516,Replace,1,40,45,0 days 00:00:45.000000000,0 days 00:17:42.730423000
7,2019-12-02 08:32:00.000000,2019-12-02 08:32:30.000000,2019-12-02 08:46:44.444324,2019-12-02 08:47:14.444324,2019-12-02 09:26:09.371909,2019-12-02 09:26:39.371909,2019-12-02 09:41:46.795901,Replace,1,40,45,0 days 00:00:30.000000000,0 days 00:14:44.444324000
8,2019-12-02 09:30:00.000000,2019-12-02 09:30:55.000000,2019-12-02 09:45:24.133469,2019-12-02 09:46:19.133469,2019-12-02 10:26:22.894171,2019-12-02 10:27:17.894171,2019-12-02 10:44:30.594678,Replace,1,40,45,0 days 00:00:55.000000000,0 days 00:15:24.133469000
9,2019-12-02 10:54:00.000000,2019-12-02 10:54:50.000000,2019-12-02 11:07:46.490618,2019-12-02 11:08:36.490618,2019-12-02 11:42:02.674801,2019-12-02 11:42:52.674801,2019-12-02 11:55:17.419883,Replace,1,40,45,0 days 00:00:50.000000000,0 days 00:13:46.490618000
10,2019-12-02 11:47:00.000000,2019-12-02 11:47:25.000000,2019-12-02 12:08:26.796418,2019-12-02 12:08:51.796418,2019-12-02 12:34:20.368168,2019-12-02 12:34:45.368168,2019-12-02 12:49:32.952855,Replace,1,40,45,0 days 00:00:25.000000000,0 days 00:21:26.796418000
11,2019-12-02 12:58:00.000000,2019-12-02 12:58:30.000000,2019-12-02 13:13:25.231863,2019-12-02 13:13:55.231863,2019-12-02 14:00:50.114897,2019-12-02 14:01:20.114897,2019-12-02 14:22:27.113052,Replace,1,40,45,0 days 00:00:30.000000000,0 days 00:15:25.231863000
12,2019-12-02 13:48:00.000000,2019-12-02 13:48:50.000000,2019-12-02 14:01:03.633498,2019-12-02 14:01:18.379164,,,,Onsite,1,40,45,0 days 00:00:50.000000000,0 days 00:12:28.379164000
13,2019-12-02 14:46:00.000000,2019-12-02 14:46:30.000000,2019-12-02 15:05:32.835581,2019-12-02 15:06:02.835581,2019-12-02 15:37:12.410424,2019-12-02 15:37:42.410424,2019-12-02 15:51:37.988032,Replace,1,40,45,0 days 00:00:30.000000000,0 days 00:19:32.835581000
14,2019-12-02 15:47:00.000000,2019-12-02 15:47:25.000000,2019-12-02 15:59:53.560097,2019-12-02 16:00:18.560097,2019-12-02 16:31:49.291702,2019-12-02 16:32:14.291702,2019-12-02 16:48:51.493540,Replace,1,40,45,0 days 00:00:25.000000000,0 days 00:12:53.560097000
15,2019-12-02 17:01:00.000000,2019-12-02 17:01:45.000000,2019-12-02 17:16:05.373228,2019-12-02 17:16:50.373228,2019-12-02 17:53:47.523381,2019-12-02 17:54:32.523381,2019-12-02 18:09:51.762057,Replace,1,40,45,0 days 00:00:45.000000000,0 days 00:15:05.373228000
16,2019-12-02 17:56:00.000000,2019-12-02 17:56:25.000000,2019-12-02 18:11:41.515231,2019-12-02 18:12:06.515231,2019-12-02 18:50:26.856425,2019-12-02 18:50:51.856425,2019-12-02 19:08:40.731856,Replace,1,40,45,0 days 00:00:25.000000000,0 days 00:15:41.515231000
17,2019-12-02 18:57:00.000000,2019-12-02 18:57:45.000000,2019-12-02 19:11:55.037159,2019-12-02 19:12:40.037159,2019-12-02 19:48:58.584014,2019-12-02 19:49:43.584014,2019-12-02 20:08:37.572258,Replace,1,40,45,0 days 00:00:45.000000000,0 days 00:14:55.037159000
18,2019-12-02 20:18:00.000000,2019-12-02 20:18:25.000000,2019-12-02 20:39:09.997832,2019-12-02 20:39:29.387082,,,,Onsite,1,40,45,0 days 00:00:25.000000000,0 days 00:21:04.387082000
19,2019-12-02 21:10:00.000000,2019-12-02 21:10:45.000000,2019-12-02 21:29:47.776026,2019-12-02 21:30:32.776026,2019-12-02 22:06:54.631216,2019-12-02 22:07:39.631216,2019-12-02 22:24:51.532679,Replace,1,40,45,0 days 00:00:45.000000000,0 days 00:19:47.776026000
0,2019-12-02 01:16:00.000000,2019-12-02 00:00:30.000000,2019-12-02 00:13:22.961278,2019-12-02 00:13:52.961278,2019-12-02 00:47:27.106183,2019-12-02 00:47:57.106183,2019-12-02 01:03:20.460417,Replace,2,40,45,-1 days +22:44:30.000000000,0 days 00:13:22.961278000
1,2019-12-02 01:08:00.000000,2019-12-02 01:08:50.000000,2019-12-02 01:29:46.137858,2019-12-02 01:30:04.472892,,,,Onsite,2,40,45,0 days 00:00:50.000000000,0 days 00:21:14.472892000
2,2019-12-02 02:05:00.000000,2019-12-02 02:05:50.000000,2019-12-02 02:21:11.755276,2019-12-02 02:22:01.755276,2019-12-02 03:06:37.096577,2019-12-02 03:07:27.096577,2019-12-02 03:20:39.802625,Replace,2,40,45,0 days 00:00:50.000000000,0 days 00:16:11.755276000
3,2019-12-02 03:28:00.000000,2019-12-02 03:28:45.000000,2019-12-02 03:39:56.735851,2019-12-02 03:40:41.735851,2019-12-02 04:15:41.242122,2019-12-02 04:16:26.242122,2019-12-02 04:29:40.976464,Replace,2,40,45,0 days 00:00:45.000000000,0 days 00:11:56.735851000
4,2019-12-02 04:30:00.000000,2019-12-02 04:30:25.000000,2019-12-02 04:50:17.592864,2019-12-02 04:50:42.592864,2019-12-02 05:21:05.278867,2019-12-02 05:21:30.278867,2019-12-02 05:41:58.505326,Replace,2,40,45,0 days 00:00:25.000000000,0 days 00:20:17.592864000
5,2019-12-02 05:32:00.000000,2019-12-02 05:32:55.000000,2019-12-02 05:44:01.628143,2019-12-02 05:44:56.628143,2019-12-02 06:22:43.266979,2019-12-02 06:23:38.266979,2019-12-02 06:38:30.536740,Replace,2,40,45,0 days 00:00:55.000000000,0 days 00:12:01.628143000
6,2019-12-02 06:44:00.000000,2019-12-02 06:44:25.000000,2019-12-02 06:59:46.655650,2019-12-02 07:00:11.655650,2019-12-02 07:27:00.844189,2019-12-02 07:27:25.844189,2019-12-02 07:42:56.857232,Replace,2,40,45,0 days 00:00:25.000000000,0 days 00:15:46.655650000
7,2019-12-02 07:44:00.000000,2019-12-02 07:44:45.000000,2019-12-02 07:59:48.838528,2019-12-02 08:00:33.838528,2019-12-02 08:32:37.771191,2019-12-02 08:33:22.771191,2019-12-02 08:53:07.765984,Replace,2,40,45,0 days 00:00:45.000000000,0 days 00:15:48.838528000
8,2019-12-02 08:47:00.000000,2019-12-02 08:47:45.000000,2019-12-02 09:00:43.791323,2019-12-02 09:01:28.791323,2019-12-02 09:32:13.893206,2019-12-02 09:32:58.893206,2019-12-02 09:47:52.532421,Replace,2,40,45,0 days 00:00:45.000000000,0 days 00:13:43.791323000
9,2019-12-02 09:50:00.000000,2019-12-02 09:50:50.000000,2019-12-02 10:09:13.795902,2019-12-02 10:10:03.795902,2019-12-02 10:57:51.687737,2019-12-02 10:58:41.687737,2019-12-02 11:13:51.756736,Replace,2,40,45,0 days 00:00:50.000000000,0 days 00:19:13.795902000
10,2019-12-02 10:50:00.000000,2019-12-02 10:50:45.000000,2019-12-02 11:06:15.802884,2019-12-02 11:06:24.925298,,,,Onsite,2,40,45,0 days 00:00:45.000000000,0 days 00:15:39.925298000
11,2019-12-02 11:49:00.000000,2019-12-02 11:49:45.000000,2019-12-02 12:07:54.214233,2019-12-02 12:08:21.531858,,,,Onsite,2,40,45,0 days 00:00:45.000000000,0 days 00:18:36.531858000
12,2019-12-02 12:57:00.000000,2019-12-02 12:57:45.000000,2019-12-02 13:15:11.431184,2019-12-02 13:15:56.431184,2019-12-02 13:39:43.524216,2019-12-02 13:40:28.524216,2019-12-02 13:55:26.412318,Replace,2,40,45,0 days 00:00:45.000000000,0 days 00:18:11.431184000
13,2019-12-02 14:09:00.000000,2019-12-02 14:09:45.000000,2019-12-02 14:21:49.134412,2019-12-02 14:22:34.134412,2019-12-02 15:02:33.501982,2019-12-02 15:03:18.501982,2019-12-02 15:16:01.903899,Replace,2,40,45,0 days 00:00:45.000000000,0 days 00:12:49.134412000
14,2019-12-02 15:25:00.000000,2019-12-02 15:25:55.000000,2019-12-02 15:41:20.934972,2019-12-02 15:42:15.934972,2019-12-02 16:09:06.227969,2019-12-02 16:10:01.227969,2019-12-02 16:28:05.283218,Replace,2,40,45,0 days 00:00:55.000000000,0 days 00:16:20.934972000
15,2019-12-02 16:36:00.000000,2019-12-02 16:36:45.000000,2019-12-02 16:49:49.723753,2019-12-02 16:50:34.723753,2019-12-02 17:33:47.374748,2019-12-02 17:34:32.374748,2019-12-02 17:47:42.634134,Replace,2,40,45,0 days 00:00:45.000000000,0 days 00:13:49.723753000
16,2019-12-02 17:51:00.000000,2019-12-02 17:51:30.000000,2019-12-02 18:10:02.983248,2019-12-02 18:10:32.983248,2019-12-02 18:54:13.816755,2019-12-02 18:54:43.816755,2019-12-02 19:14:20.000198,Replace,2,40,45,0 days 00:00:30.000000000,0 days 00:19:02.983248000
17,2019-12-02 18:56:00.000000,2019-12-02 18:56:45.000000,2019-12-02 19:12:28.601487,2019-12-02 19:13:13.601487,2019-12-02 19:35:47.486623,2019-12-02 19:36:32.486623,2019-12-02 19:52:26.978370,Replace,2,40,45,0 days 00:00:45.000000000,0 days 00:16:28.601487000
18,2019-12-02 20:00:00.000000,2019-12-02 20:00:25.000000,2019-12-02 20:14:19.613992,2019-12-02 20:14:29.478155,,,,Onsite,2,40,45,0 days 00:00:25.000000000,0 days 00:14:04.478155000
19,2019-12-02 21:14:00.000000,2019-12-02 21:14:45.000000,2019-12-02 21:28:18.441290,2019-12-02 21:29:03.441290,2019-12-02 22:06:15.713509,2019-12-02 22:07:00.713509,2019-12-02 22:23:26.852853,Replace,2,40,45,0 days 00:00:45.000000000,0 days 00:14:18.441290000
0,2019-12-02 01:09:00.000000,2019-12-02 00:00:45.000000,2019-12-02 00:17:46.619328,2019-12-02 00:18:31.619328,2019-12-02 01:05:21.289093,2019-12-02 01:06:06.289093,2019-12-02 01:26:23.284234,Replace,3,40,45,-1 days +22:51:45.000000000,0 days 00:17:46.619328000
1,2019-12-02 01:00:00.000000,2019-12-02 01:00:45.000000,2019-12-02 01:17:23.496672,2019-12-02 01:17:37.107849,,,,Onsite,3,40,45,0 days 00:00:45.000000000,0 days 00:16:52.107849000
2,2019-12-02 02:02:00.000000,2019-12-02 02:02:45.000000,2019-12-02 02:12:28.777950,2019-12-02 02:13:01.932484,,,,Onsite,3,40,45,0 days 00:00:45.000000000,0 days 00:10:16.932484000
3,2019-12-02 03:02:00.000000,2019-12-02 03:02:35.000000,2019-12-02 03:16:39.190877,2019-12-02 03:17:14.190877,2019-12-02 03:52:54.159235,2019-12-02 03:53:29.159235,2019-12-02 04:12:47.506090,Replace,3,40,45,0 days 00:00:35.000000000,0 days 00:14:39.190877000
4,2019-12-02 04:05:00.000000,2019-12-02 04:05:45.000000,2019-12-02 04:21:26.978651,2019-12-02 04:21:37.407292,,,,Onsite,3,40,45,0 days 00:00:45.000000000,0 days 00:15:52.407292000
5,2019-12-02 05:12:00.000000,2019-12-02 05:12:45.000000,2019-12-02 05:30:09.096497,2019-12-02 05:30:54.096497,2019-12-02 06:03:37.218769,2019-12-02 06:04:22.218769,2019-12-02 06:19:21.365523,Replace,3,40,45,0 days 00:00:45.000000000,0 days 00:18:09.096497000
6,2019-12-02 06:21:00.000000,2019-12-02 06:21:45.000000,2019-12-02 06:38:43.012190,2019-12-02 06:39:00.574489,,,,Onsite,3,40,45,0 days 00:00:45.000000000,0 days 00:17:15.574489000
7,2019-12-02 07:35:00.000000,2019-12-02 07:35:30.000000,2019-12-02 07:50:32.253586,2019-12-02 07:51:02.253586,2019-12-02 08:29:43.452093,2019-12-02 08:30:13.452093,2019-12-02 08:47:26.999886,Replace,3,40,45,0 days 00:00:30.000000000,0 days 00:15:32.253586000
8,2019-12-02 08:52:00.000000,2019-12-02 08:52:35.000000,2019-12-02 09:08:48.296458,2019-12-02 09:09:02.676385,,,,Onsite,3,40,45,0 days 00:00:35.000000000,0 days 00:16:27.676385000
9,2019-12-02 10:04:00.000000,2019-12-02 10:04:50.000000,2019-12-02 10:21:20.179474,2019-12-02 10:22:10.179474,2019-12-02 11:06:22.184019,2019-12-02 11:07:12.184019,2019-12-02 11:30:05.050657,Replace,3,40,45,0 days 00:00:50.000000000,0 days 00:17:20.179474000
10,2019-12-02 11:15:00.000000,2019-12-02 11:15:25.000000,2019-12-02 11:33:28.191100,2019-12-02 11:33:53.191100,2019-12-02 12:24:12.401222,2019-12-02 12:24:37.401222,2019-12-02 12:41:59.891625,Replace,3,40,45,0 days 00:00:25.000000000,0 days 00:18:28.191100000
11,2019-12-02 12:08:00.000000,2019-12-02 12:08:50.000000,2019-12-02 12:21:20.511556,2019-12-02 12:21:31.096594,,,,Onsite,3,40,45,0 days 00:00:50.000000000,0 days 00:12:41.096594000
12,2019-12-02 13:12:00.000000,2019-12-02 13:12:45.000000,2019-12-02 13:30:32.031361,2019-12-02 13:30:59.845404,,,,Onsite,3,40,45,0 days 00:00:45.000000000,0 days 00:18:14.845404000
13,2019-12-02 14:18:00.000000,2019-12-02 14:18:55.000000,2019-12-02 14:36:49.644675,2019-12-02 14:37:44.644675,2019-12-02 15:21:32.205481,2019-12-02 15:22:27.205481,2019-12-02 15:38:13.525938,Replace,3,40,45,0 days 00:00:55.000000000,0 days 00:18:49.644675000
14,2019-12-02 15:27:00.000000,2019-12-02 15:27:25.000000,2019-12-02 15:45:28.774671,2019-12-02 15:45:41.732475,,,,Onsite,3,40,45,0 days 00:00:25.000000000,0 days 00:18:16.732475000
15,2019-12-02 16:35:00.000000,2019-12-02 16:35:50.000000,2019-12-02 16:45:59.404316,2019-12-02 16:46:49.404316,2019-12-02 17:15:11.631402,2019-12-02 17:16:01.631402,2019-12-02 17:30:19.254461,Replace,3,40,45,0 days 00:00:50.000000000,0 days 00:10:59.404316000
16,2019-12-02 17:53:00.000000,2019-12-02 17:53:25.000000,2019-12-02 18:08:39.229496,2019-12-02 18:08:59.954828,,,,Onsite,3,40,45,0 days 00:00:25.000000000,0 days 00:15:34.954828000
17,2019-12-02 18:58:00.000000,2019-12-02 18:58:45.000000,2019-12-02 19:16:04.005656,2019-12-02 19:16:49.005656,2019-12-02 20:03:13.993829,2019-12-02 20:03:58.993829,2019-12-02 20:20:00.240311,Replace,3,40,45,0 days 00:00:45.000000000,0 days 00:18:04.005656000
18,2019-12-02 20:02:00.000000,2019-12-02 20:02:45.000000,2019-12-02 20:17:47.660632,2019-12-02 20:18:32.660632,2019-12-02 20:48:48.163850,2019-12-02 20:49:33.163850,2019-12-02 21:06:19.773075,Replace,3,40,45,0 days 00:00:45.000000000,0 days 00:15:47.660632000
19,2019-12-02 21:15:00.000000,2019-12-02 21:15:55.000000,2019-12-02 21:29:34.285555,2019-12-02 21:30:29.285555,2019-12-02 22:13:32.046576,2019-12-02 22:14:27.046576,2019-12-02 22:31:10.163829,Replace,3,40,45,0 days 00:00:55.000000000,0 days 00:14:34.285555000
20,2019-12-02 22:23:00.000000,2019-12-02 22:23:35.000000,2019-12-02 22:40:06.498982,2019-12-02 22:40:17.969014,,,,Onsite,3,40,45,0 days 00:00:35.000000000,0 days 00:16:42.969014000
0,2019-12-02 01:09:00.000000,2019-12-02 00:00:25.000000,2019-12-02 00:12:24.308045,2019-12-02 00:12:49.308045,2019-12-02 00:39:23.878786,2019-12-02 00:39:48.878786,2019-12-02 00:57:57.626316,Replace,4,40,45,-1 days +22:51:25.000000000,0 days 00:12:24.308045000
1,2019-12-02 01:13:00.000000,2019-12-02 01:13:45.000000,2019-12-02 01:27:50.137440,2019-12-02 01:28:08.667171,,,,Onsite,4,40,45,0 days 00:00:45.000000000,0 days 00:14:23.667171000
2,2019-12-02 02:20:00.000000,2019-12-02 02:20:35.000000,2019-12-02 02:37:23.469375,2019-12-02 02:37:58.469375,2019-12-02 03:18:15.660211,2019-12-02 03:18:50.660211,2019-12-02 03:38:02.410586,Replace,4,40,45,0 days 00:00:35.000000000,0 days 00:17:23.469375000
3,2019-12-02 03:31:00.000000,2019-12-02 03:31:35.000000,2019-12-02 03:45:26.103981,2019-12-02 03:46:01.103981,2019-12-02 04:18:27.057935,2019-12-02 04:19:02.057935,2019-12-02 04:39:38.460723,Replace,4,40,45,0 days 00:00:35.000000000,0 days 00:14:26.103981000
4,2019-12-02 04:41:00.000000,2019-12-02 04:41:35.000000,2019-12-02 04:56:23.171487,2019-12-02 04:56:58.171487,2019-12-02 05:46:18.580154,2019-12-02 05:46:53.580154,2019-12-02 06:04:52.148085,Replace,4,40,45,0 days 00:00:35.000000000,0 days 00:15:23.171487000
5,2019-12-02 06:00:00.000000,2019-12-02 06:00:45.000000,2019-12-02 06:12:16.452388,2019-12-02 06:12:32.855342,,,,Onsite,4,40,45,0 days 00:00:45.000000000,0 days 00:11:47.855342000
6,2019-12-02 07:06:00.000000,2019-12-02 07:06:35.000000,2019-12-02 07:22:47.434007,2019-12-02 07:22:59.401433,,,,Onsite,4,40,45,0 days 00:00:35.000000000,0 days 00:16:24.401433000
7,2019-12-02 08:01:00.000000,2019-12-02 08:01:55.000000,2019-12-02 08:18:51.265198,2019-12-02 08:19:12.220223,,,,Onsite,4,40,45,0 days 00:00:55.000000000,0 days 00:17:17.220223000
8,2019-12-02 09:15:00.000000,2019-12-02 09:15:35.000000,2019-12-02 09:32:07.386355,2019-12-02 09:32:42.386355,2019-12-02 09:57:58.253268,2019-12-02 09:58:33.253268,2019-12-02 10:10:11.037022,Replace,4,40,45,0 days 00:00:35.000000000,0 days 00:17:07.386355000
9,2019-12-02 10:27:00.000000,2019-12-02 10:27:35.000000,2019-12-02 10:41:10.890808,2019-12-02 10:41:45.890808,2019-12-02 11:20:22.878628,2019-12-02 11:20:57.878628,2019-12-02 11:36:29.285643,Replace,4,40,45,0 days 00:00:35.000000000,0 days 00:14:10.890808000
10,2019-12-02 11:31:00.000000,2019-12-02 11:31:55.000000,2019-12-02 11:52:00.402882,2019-12-02 11:52:55.402882,2019-12-02 12:24:50.199292,2019-12-02 12:25:45.199292,2019-12-02 12:47:10.099555,Replace,4,40,45,0 days 00:00:55.000000000,0 days 00:21:00.402882000
11,2019-12-02 12:38:00.000000,2019-12-02 12:38:25.000000,2019-12-02 12:55:31.108228,2019-12-02 12:55:47.978199,,,,Onsite,4,40,45,0 days 00:00:25.000000000,0 days 00:17:22.978199000
12,2019-12-02 13:39:00.000000,2019-12-02 13:39:25.000000,2019-12-02 13:57:38.095202,2019-12-02 13:58:03.095202,2019-12-02 14:40:24.058883,2019-12-02 14:40:49.058883,2019-12-02 14:58:02.521345,Replace,4,40,45,0 days 00:00:25.000000000,0 days 00:18:38.095202000
13,2019-12-02 14:45:00.000000,2019-12-02 14:45:50.000000,2019-12-02 15:03:53.574606,2019-12-02 15:04:43.574606,2019-12-02 15:37:41.978303,2019-12-02 15:38:31.978303,2019-12-02 15:54:26.306975,Replace,4,40,45,0 days 00:00:50.000000000,0 days 00:18:53.574606000
14,2019-12-02 15:58:00.000000,2019-12-02 15:58:30.000000,2019-12-02 16:15:02.086573,2019-12-02 16:15:32.086573,2019-12-02 16:57:19.983589,2019-12-02 16:57:49.983589,2019-12-02 17:16:50.917321,Replace,4,40,45,0 days 00:00:30.000000000,0 days 00:17:02.086573000
15,2019-12-02 17:01:00.000000,2019-12-02 17:01:45.000000,2019-12-02 17:15:48.142628,2019-12-02 17:16:33.142628,2019-12-02 17:48:06.373000,2019-12-02 17:48:51.373000,2019-12-02 18:04:32.560096,Replace,4,40,45,0 days 00:00:45.000000000,0 days 00:14:48.142628000
16,2019-12-02 18:00:00.000000,2019-12-02 18:00:45.000000,2019-12-02 18:17:36.024887,2019-12-02 18:18:21.024887,2019-12-02 18:55:28.183045,2019-12-02 18:56:13.183045,2019-12-02 19:10:21.094793,Replace,4,40,45,0 days 00:00:45.000000000,0 days 00:17:36.024887000
17,2019-12-02 19:04:00.000000,2019-12-02 19:04:30.000000,2019-12-02 19:23:29.608889,2019-12-02 19:23:59.608889,2019-12-02 19:49:50.474515,2019-12-02 19:50:20.474515,2019-12-02 20:06:25.530170,Replace,4,40,45,0 days 00:00:30.000000000,0 days 00:19:29.608889000
18,2019-12-02 20:23:00.000000,2019-12-02 20:23:35.000000,2019-12-02 20:42:21.324127,2019-12-02 20:42:31.410017,,,,Onsite,4,40,45,0 days 00:00:35.000000000,0 days 00:18:56.410017000
19,2019-12-02 21:22:00.000000,2019-12-02 21:22:45.000000,2019-12-02 21:42:17.112245,2019-12-02 21:43:02.112245,2019-12-02 22:12:40.634302,2019-12-02 22:13:25.634302,2019-12-02 22:32:30.108681,Replace,4,40,45,0 days 00:00:45.000000000,0 days 00:20:17.112245000
20,2019-12-02 22:19:00.000000,2019-12-02 22:19:25.000000,2019-12-02 22:38:16.991156,2019-12-02 22:38:32.549227,,,,Onsite,4,40,45,0 days 00:00:25.000000000,0 days 00:19:07.549227000
0,2019-12-02 01:11:00.000000,2019-12-02 00:00:25.000000,2019-12-02 00:21:24.104353,2019-12-02 00:21:49.104353,2019-12-02 00:47:41.191168,2019-12-02 00:48:06.191168,2019-12-02 01:07:36.718784,Replace,5,40,45,-1 days +22:49:25.000000000,0 days 00:21:24.104353000
1,2019-12-02 01:09:00.000000,2019-12-02 01:09:50.000000,2019-12-02 01:26:50.957298,2019-12-02 01:27:16.211567,,,,Onsite,5,40,45,0 days 00:00:50.000000000,0 days 00:17:26.211567000
2,2019-12-02 02:21:00.000000,2019-12-02 02:21:55.000000,2019-12-02 02:39:48.485347,2019-12-02 02:40:43.485347,2019-12-02 03:12:23.481199,2019-12-02 03:13:18.481199,2019-12-02 03:27:02.367164,Replace,5,40,45,0 days 00:00:55.000000000,0 days 00:18:48.485347000
3,2019-12-02 04:14:00.000000,2019-12-02 04:14:55.000000,2019-12-02 04:34:18.529732,2019-12-02 04:35:13.529732,2019-12-02 05:03:19.808518,2019-12-02 05:04:14.808518,2019-12-02 05:18:26.996422,Replace,5,40,45,0 days 00:00:55.000000000,0 days 00:20:18.529732000
4,2019-12-02 05:18:00.000000,2019-12-02 05:18:25.000000,2019-12-02 05:33:20.840828,2019-12-02 05:33:49.843320,,,,Onsite,5,40,45,0 days 00:00:25.000000000,0 days 00:15:24.843320000
5,2019-12-02 03:13:00.000000,2019-12-02 03:13:50.000000,2019-12-02 03:34:16.429379,2019-12-02 03:35:06.429379,2019-12-02 04:19:37.948432,2019-12-02 04:20:27.948432,2019-12-02 04:37:17.261474,Replace,5,40,45,0 days 00:00:50.000000000,0 days 00:21:16.429379000
6,2019-12-02 06:26:00.000000,2019-12-02 06:26:45.000000,2019-12-02 06:43:02.864925,2019-12-02 06:43:47.864925,2019-12-02 07:24:16.461778,2019-12-02 07:25:01.461778,2019-12-02 07:37:56.990211,Replace,5,40,45,0 days 00:00:45.000000000,0 days 00:17:02.864925000
7,2019-12-02 07:37:00.000000,2019-12-02 07:37:45.000000,2019-12-02 07:55:17.403949,2019-12-02 07:56:02.403949,2019-12-02 08:40:19.351672,2019-12-02 08:41:04.351672,2019-12-02 09:03:28.661102,Replace,5,40,45,0 days 00:00:45.000000000,0 days 00:18:17.403949000
8,2019-12-02 09:51:00.000000,2019-12-02 09:51:45.000000,2019-12-02 10:11:40.006241,2019-12-02 10:11:50.936241,,,,Onsite,5,40,45,0 days 00:00:45.000000000,0 days 00:20:05.936241000
9,2019-12-02 08:41:00.000000,2019-12-02 08:41:30.000000,2019-12-02 08:55:31.304372,2019-12-02 08:56:01.304372,2019-12-02 09:54:23.275454,2019-12-02 09:54:53.275454,2019-12-02 10:11:49.103373,Replace,5,40,45,0 days 00:00:30.000000000,0 days 00:14:31.304372000
10,2019-12-02 10:56:00.000000,2019-12-02 10:56:55.000000,2019-12-02 11:11:58.482149,2019-12-02 11:12:06.509423,,,,Onsite,5,40,45,0 days 00:00:55.000000000,0 days 00:15:11.509423000
11,2019-12-02 12:11:00.000000,2019-12-02 12:11:35.000000,2019-12-02 12:23:10.640890,2019-12-02 12:23:26.924454,,,,Onsite,5,40,45,0 days 00:00:35.000000000,0 days 00:11:51.924454000
12,2019-12-02 13:11:00.000000,2019-12-02 13:11:45.000000,2019-12-02 13:26:19.413832,2019-12-02 13:26:43.751286,,,,Onsite,5,40,45,0 days 00:00:45.000000000,0 days 00:14:58.751286000
13,2019-12-02 14:28:00.000000,2019-12-02 14:28:45.000000,2019-12-02 14:43:13.908655,2019-12-02 14:43:58.908655,2019-12-02 15:27:10.421695,2019-12-02 15:27:55.421695,2019-12-02 15:45:54.789705,Replace,5,40,45,0 days 00:00:45.000000000,0 days 00:15:13.908655000
14,2019-12-02 15:49:00.000000,2019-12-02 15:49:35.000000,2019-12-02 16:03:03.215840,2019-12-02 16:03:12.767903,,,,Onsite,5,40,45,0 days 00:00:35.000000000,0 days 00:13:37.767903000
15,2019-12-02 16:49:00.000000,2019-12-02 16:49:25.000000,2019-12-02 17:06:25.350930,2019-12-02 17:06:50.350930,2019-12-02 17:56:27.401187,2019-12-02 17:56:52.401187,2019-12-02 18:11:11.018298,Replace,5,40,45,0 days 00:00:25.000000000,0 days 00:17:25.350930000
16,2019-12-02 17:57:00.000000,2019-12-02 17:57:35.000000,2019-12-02 18:09:44.314951,2019-12-02 18:10:19.314951,2019-12-02 18:47:57.992504,2019-12-02 18:48:32.992504,2019-12-02 19:03:52.398026,Replace,5,40,45,0 days 00:00:35.000000000,0 days 00:12:44.314951000
17,2019-12-02 19:12:00.000000,2019-12-02 19:12:45.000000,2019-12-02 19:33:27.075480,2019-12-02 19:33:28.587271,,,,Onsite,5,40,45,0 days 00:00:45.000000000,0 days 00:20:43.587271000
18,2019-12-02 20:26:00.000000,2019-12-02 20:26:45.000000,2019-12-02 20:45:13.377549,2019-12-02 20:45:22.641433,,,,Onsite,5,40,45,0 days 00:00:45.000000000,0 days 00:18:37.641433000
19,2019-12-02 21:22:00.000000,2019-12-02 21:22:55.000000,2019-12-02 21:31:46.849773,2019-12-02 21:32:06.314808,,,,Onsite,5,40,45,0 days 00:00:55.000000000,0 days 00:09:11.314808000
0,2019-12-02 01:18:00.000000,2019-12-02 00:00:30.000000,2019-12-02 00:17:12.520174,2019-12-02 00:17:42.520174,2019-12-02 01:06:07.992677,2019-12-02 01:06:37.992677,2019-12-02 01:24:50.312110,Replace,6,40,45,-1 days +22:42:30.000000000,0 days 00:17:12.520174000
1,2019-12-02 01:04:00.000000,2019-12-02 01:04:35.000000,2019-12-02 01:24:24.760751,2019-12-02 01:24:59.760751,2019-12-02 01:56:39.308698,2019-12-02 01:57:14.308698,2019-12-02 02:14:34.525338,Replace,6,40,45,0 days 00:00:35.000000000,0 days 00:20:24.760751000
2,2019-12-02 02:16:00.000000,2019-12-02 02:16:50.000000,2019-12-02 02:27:19.556167,2019-12-02 02:28:09.556167,2019-12-02 03:16:47.754704,2019-12-02 03:17:37.754704,2019-12-02 03:36:18.198892,Replace,6,40,45,0 days 00:00:50.000000000,0 days 00:11:19.556167000
3,2019-12-02 03:28:00.000000,2019-12-02 03:28:55.000000,2019-12-02 03:50:40.189431,2019-12-02 03:51:35.189431,2019-12-02 04:18:44.197813,2019-12-02 04:19:39.197813,2019-12-02 04:33:36.815897,Replace,6,40,45,0 days 00:00:55.000000000,0 days 00:22:40.189431000
4,2019-12-02 04:41:00.000000,2019-12-02 04:41:55.000000,2019-12-02 04:55:57.787314,2019-12-02 04:56:52.787314,2019-12-02 05:41:16.532631,2019-12-02 05:42:11.532631,2019-12-02 05:57:05.928918,Replace,6,40,45,0 days 00:00:55.000000000,0 days 00:14:57.787314000
5,2019-12-02 05:47:00.000000,2019-12-02 05:47:45.000000,2019-12-02 06:04:27.256710,2019-12-02 06:05:12.256710,2019-12-02 06:33:35.279530,2019-12-02 06:34:20.279530,2019-12-02 06:53:57.327116,Replace,6,40,45,0 days 00:00:45.000000000,0 days 00:17:27.256710000
6,2019-12-02 06:52:00.000000,2019-12-02 06:52:25.000000,2019-12-02 07:09:12.672059,2019-12-02 07:09:37.672059,2019-12-02 07:51:40.782831,2019-12-02 07:52:05.782831,2019-12-02 08:07:55.915532,Replace,6,40,45,0 days 00:00:25.000000000,0 days 00:17:12.672059000
7,2019-12-02 07:51:00.000000,2019-12-02 07:51:35.000000,2019-12-02 08:10:41.344509,2019-12-02 08:11:16.344509,2019-12-02 08:42:42.712325,2019-12-02 08:43:17.712325,2019-12-02 08:55:19.129152,Replace,6,40,45,0 days 00:00:35.000000000,0 days 00:19:41.344509000
8,2019-12-02 10:02:00.000000,2019-12-02 10:02:45.000000,2019-12-02 10:15:56.073876,2019-12-02 10:16:25.817892,,,,Onsite,6,40,45,0 days 00:00:45.000000000,0 days 00:13:40.817892000
9,2019-12-02 09:00:00.000000,2019-12-02 09:00:55.000000,2019-12-02 09:16:01.473550,2019-12-02 09:16:56.473550,2019-12-02 09:45:27.702901,2019-12-02 09:46:22.702901,2019-12-02 10:02:31.051026,Replace,6,40,45,0 days 00:00:55.000000000,0 days 00:16:01.473550000
10,2019-12-02 11:25:00.000000,2019-12-02 11:25:55.000000,2019-12-02 11:41:28.404050,2019-12-02 11:42:23.404050,2019-12-02 12:17:12.421910,2019-12-02 12:18:07.421910,2019-12-02 12:35:35.927607,Replace,6,40,45,0 days 00:00:55.000000000,0 days 00:16:28.404050000
11,2019-12-02 12:39:00.000000,2019-12-02 12:39:25.000000,2019-12-02 12:53:48.821816,2019-12-02 12:54:13.821816,2019-12-02 13:38:49.963547,2019-12-02 13:39:14.963547,2019-12-02 13:58:13.669941,Replace,6,40,45,0 days 00:00:25.000000000,0 days 00:14:48.821816000
12,2019-12-02 13:37:00.000000,2019-12-02 13:37:35.000000,2019-12-02 13:51:13.957602,2019-12-02 13:51:48.957602,2019-12-02 14:36:42.689962,2019-12-02 14:37:17.689962,2019-12-02 15:00:04.852976,Replace,6,40,45,0 days 00:00:35.000000000,0 days 00:14:13.957602000
13,2019-12-02 14:39:00.000000,2019-12-02 14:39:55.000000,2019-12-02 14:58:37.420708,2019-12-02 14:59:32.420708,2019-12-02 15:31:34.530298,2019-12-02 15:32:29.530298,2019-12-02 15:44:19.907321,Replace,6,40,45,0 days 00:00:55.000000000,0 days 00:19:37.420708000
14,2019-12-02 15:49:00.000000,2019-12-02 15:49:35.000000,2019-12-02 16:07:54.252543,2019-12-02 16:08:29.252543,2019-12-02 16:54:08.481579,2019-12-02 16:54:43.481579,2019-12-02 17:07:58.544874,Replace,6,40,45,0 days 00:00:35.000000000,0 days 00:18:54.252543000
15,2019-12-02 16:53:00.000000,2019-12-02 16:53:55.000000,2019-12-02 17:12:41.424273,2019-12-02 17:12:57.537694,,,,Onsite,6,40,45,0 days 00:00:55.000000000,0 days 00:19:02.537694000
16,2019-12-02 17:55:00.000000,2019-12-02 17:55:50.000000,2019-12-02 18:11:42.158471,2019-12-02 18:11:58.625067,,,,Onsite,6,40,45,0 days 00:00:50.000000000,0 days 00:16:08.625067000
17,2019-12-02 18:47:00.000000,2019-12-02 18:47:30.000000,2019-12-02 19:04:56.400888,2019-12-02 19:05:26.400888,2019-12-02 19:33:23.536678,2019-12-02 19:33:53.536678,2019-12-02 19:55:14.249257,Replace,6,40,45,0 days 00:00:30.000000000,0 days 00:17:56.400888000
18,2019-12-02 20:05:00.000000,2019-12-02 20:05:45.000000,2019-12-02 20:26:19.839221,2019-12-02 20:26:23.804904,,,,Onsite,6,40,45,0 days 00:00:45.000000000,0 days 00:20:38.804904000
19,2019-12-02 21:06:00.000000,2019-12-02 21:06:50.000000,2019-12-02 21:21:48.618920,2019-12-02 21:22:38.618920,2019-12-02 22:03:26.196042,2019-12-02 22:04:16.196042,2019-12-02 22:20:54.599974,Replace,6,40,45,0 days 00:00:50.000000000,0 days 00:15:48.618920000
20,2019-12-02 22:07:00.000000,2019-12-02 22:07:50.000000,2019-12-02 22:27:15.347079,2019-12-02 22:27:37.436367,,,,Onsite,6,40,45,0 days 00:00:50.000000000,0 days 00:19:47.436367000
0,2019-12-02 01:19:00.000000,2019-12-02 00:00:55.000000,2019-12-02 00:15:53.532834,2019-12-02 00:16:10.911199,,,,Onsite,7,40,45,-1 days +22:41:55.000000000,0 days 00:15:15.911199000
1,2019-12-02 00:55:00.000000,2019-12-02 00:55:35.000000,2019-12-02 01:11:46.236906,2019-12-02 01:12:21.236906,2019-12-02 01:51:25.182299,2019-12-02 01:52:00.182299,2019-12-02 02:15:08.480885,Replace,7,40,45,0 days 00:00:35.000000000,0 days 00:16:46.236906000
2,2019-12-02 02:10:00.000000,2019-12-02 02:10:35.000000,2019-12-02 02:30:12.596923,2019-12-02 02:30:35.365484,,,,Onsite,7,40,45,0 days 00:00:35.000000000,0 days 00:20:00.365484000
3,2019-12-02 03:04:00.000000,2019-12-02 03:04:50.000000,2019-12-02 03:23:43.228502,2019-12-02 03:24:33.228502,2019-12-02 04:11:57.762985,2019-12-02 04:12:47.762985,2019-12-02 04:24:30.350014,Replace,7,40,45,0 days 00:00:50.000000000,0 days 00:19:43.228502000
4,2019-12-02 04:17:00.000000,2019-12-02 04:17:30.000000,2019-12-02 04:35:06.141975,2019-12-02 04:35:36.141975,2019-12-02 05:06:13.218709,2019-12-02 05:06:43.218709,2019-12-02 05:20:35.022587,Replace,7,40,45,0 days 00:00:30.000000000,0 days 00:18:06.141975000
5,2019-12-02 05:27:00.000000,2019-12-02 05:27:25.000000,2019-12-02 05:39:04.082081,2019-12-02 05:39:17.489793,,,,Onsite,7,40,45,0 days 00:00:25.000000000,0 days 00:11:52.489793000
6,2019-12-02 06:45:00.000000,2019-12-02 06:45:25.000000,2019-12-02 07:01:14.744563,2019-12-02 07:01:39.744563,2019-12-02 07:44:17.880614,2019-12-02 07:44:42.880614,2019-12-02 08:08:41.932586,Replace,7,40,45,0 days 00:00:25.000000000,0 days 00:16:14.744563000
7,2019-12-02 08:00:00.000000,2019-12-02 08:00:30.000000,2019-12-02 08:19:52.113350,2019-12-02 08:20:22.113350,2019-12-02 09:05:22.406771,2019-12-02 09:05:52.406771,2019-12-02 09:21:23.200521,Replace,7,40,45,0 days 00:00:30.000000000,0 days 00:19:52.113350000
8,2019-12-02 09:01:00.000000,2019-12-02 09:01:30.000000,2019-12-02 09:16:28.277396,2019-12-02 09:16:58.277396,2019-12-02 09:45:02.792541,2019-12-02 09:45:32.792541,2019-12-02 10:02:20.714632,Replace,7,40,45,0 days 00:00:30.000000000,0 days 00:15:28.277396000
9,2019-12-02 10:05:00.000000,2019-12-02 10:05:45.000000,2019-12-02 10:25:11.132381,2019-12-02 10:25:56.132381,2019-12-02 11:05:42.678527,2019-12-02 11:06:27.678527,2019-12-02 11:17:59.917847,Replace,7,40,45,0 days 00:00:45.000000000,0 days 00:20:11.132381000
10,2019-12-02 11:25:00.000000,2019-12-02 11:25:45.000000,2019-12-02 11:41:27.682436,2019-12-02 11:42:12.682436,2019-12-02 12:07:23.069349,2019-12-02 12:08:08.069349,2019-12-02 12:21:19.884228,Replace,7,40,45,0 days 00:00:45.000000000,0 days 00:16:27.682436000
11,2019-12-02 12:28:00.000000,2019-12-02 12:28:45.000000,2019-12-02 12:41:53.642334,2019-12-02 12:42:38.642334,2019-12-02 13:04:00.968501,2019-12-02 13:04:45.968501,2019-12-02 13:21:54.284337,Replace,7,40,45,0 days 00:00:45.000000000,0 days 00:13:53.642334000
12,2019-12-02 13:27:00.000000,2019-12-02 13:27:45.000000,2019-12-02 13:42:51.314425,2019-12-02 13:43:36.314425,2019-12-02 14:16:09.211576,2019-12-02 14:16:54.211576,2019-12-02 14:33:06.318587,Replace,7,40,45,0 days 00:00:45.000000000,0 days 00:15:51.314425000
13,2019-12-02 14:29:00.000000,2019-12-02 14:29:35.000000,2019-12-02 14:42:52.638790,2019-12-02 14:43:05.090300,,,,Onsite,7,40,45,0 days 00:00:35.000000000,0 days 00:13:30.090300000
14,2019-12-02 15:38:00.000000,2019-12-02 15:38:25.000000,2019-12-02 15:58:14.296452,2019-12-02 15:58:39.296452,2019-12-02 16:39:24.802901,2019-12-02 16:39:49.802901,2019-12-02 16:56:14.339548,Replace,7,40,45,0 days 00:00:25.000000000,0 days 00:20:14.296452000
15,2019-12-02 16:48:00.000000,2019-12-02 16:48:50.000000,2019-12-02 17:03:18.818820,2019-12-02 17:04:08.818820,2019-12-02 17:49:14.300757,2019-12-02 17:50:04.300757,2019-12-02 18:06:57.578428,Replace,7,40,45,0 days 00:00:50.000000000,0 days 00:15:18.818820000
16,2019-12-02 17:59:00.000000,2019-12-02 17:59:50.000000,2019-12-02 18:19:57.621241,2019-12-02 18:20:16.136414,,,,Onsite,7,40,45,0 days 00:00:50.000000000,0 days 00:20:26.136414000
17,2019-12-02 19:23:00.000000,2019-12-02 19:23:25.000000,2019-12-02 19:38:02.966575,2019-12-02 19:38:10.287744,,,,Onsite,7,40,45,0 days 00:00:25.000000000,0 days 00:14:45.287744000
18,2019-12-02 20:44:00.000000,2019-12-02 20:44:45.000000,2019-12-02 21:02:15.705533,2019-12-02 21:03:00.705533,2019-12-02 21:45:05.803075,2019-12-02 21:45:50.803075,2019-12-02 22:04:38.301913,Replace,7,40,45,0 days 00:00:45.000000000,0 days 00:18:15.705533000
19,2019-12-02 21:42:00.000000,2019-12-02 21:42:45.000000,2019-12-02 21:56:56.305784,2019-12-02 21:57:04.552909,,,,Onsite,7,40,45,0 days 00:00:45.000000000,0 days 00:14:19.552909000
0,2019-12-02 01:00:00.000000,2019-12-02 00:00:35.000000,2019-12-02 00:17:33.852944,2019-12-02 00:18:08.852944,2019-12-02 00:49:04.413434,2019-12-02 00:49:39.413434,2019-12-02 01:03:55.572663,Replace,8,40,45,-1 days +23:00:35.000000000,0 days 00:17:33.852944000
1,2019-12-02 01:13:00.000000,2019-12-02 01:13:50.000000,2019-12-02 01:23:19.257992,2019-12-02 01:23:24.876386,,,,Onsite,8,40,45,0 days 00:00:50.000000000,0 days 00:09:34.876386000
2,2019-12-02 02:04:00.000000,2019-12-02 02:04:35.000000,2019-12-02 02:19:39.389018,2019-12-02 02:20:14.389018,2019-12-02 03:03:00.253999,2019-12-02 03:03:35.253999,2019-12-02 03:17:19.894543,Replace,8,40,45,0 days 00:00:35.000000000,0 days 00:15:39.389018000
3,2019-12-02 03:14:00.000000,2019-12-02 03:14:55.000000,2019-12-02 03:28:44.865863,2019-12-02 03:29:18.162800,,,,Onsite,8,40,45,0 days 00:00:55.000000000,0 days 00:14:23.162800000
4,2019-12-02 04:23:00.000000,2019-12-02 04:23:25.000000,2019-12-02 04:39:52.719943,2019-12-02 04:40:17.719943,2019-12-02 05:00:53.731891,2019-12-02 05:01:18.731891,2019-12-02 05:20:36.500753,Replace,8,40,45,0 days 00:00:25.000000000,0 days 00:16:52.719943000
5,2019-12-02 05:34:00.000000,2019-12-02 05:34:35.000000,2019-12-02 05:51:31.194223,2019-12-02 05:51:34.096318,,,,Onsite,8,40,45,0 days 00:00:35.000000000,0 days 00:16:59.096318000
6,2019-12-02 06:43:00.000000,2019-12-02 06:43:25.000000,2019-12-02 06:57:43.729007,2019-12-02 06:58:08.729007,2019-12-02 07:53:29.232646,2019-12-02 07:53:54.232646,2019-12-02 08:09:48.727781,Replace,8,40,45,0 days 00:00:25.000000000,0 days 00:14:43.729007000
7,2019-12-02 07:49:00.000000,2019-12-02 07:49:45.000000,2019-12-02 08:05:24.051570,2019-12-02 08:05:24.654318,,,,Onsite,8,40,45,0 days 00:00:45.000000000,0 days 00:15:39.654318000
8,2019-12-02 09:18:00.000000,2019-12-02 09:18:35.000000,2019-12-02 09:34:37.726553,2019-12-02 09:34:55.882202,,,,Onsite,8,40,45,0 days 00:00:35.000000000,0 days 00:16:20.882202000
9,2019-12-02 10:34:00.000000,2019-12-02 10:34:25.000000,2019-12-02 10:52:34.642163,2019-12-02 10:52:59.642163,2019-12-02 11:24:27.422104,2019-12-02 11:24:52.422104,2019-12-02 11:38:28.774062,Replace,8,40,45,0 days 00:00:25.000000000,0 days 00:18:34.642163000
10,2019-12-02 11:58:00.000000,2019-12-02 11:58:45.000000,2019-12-02 12:14:34.573593,2019-12-02 12:15:19.573593,2019-12-02 12:41:40.418641,2019-12-02 12:42:25.418641,2019-12-02 13:00:35.877920,Replace,8,40,45,0 days 00:00:45.000000000,0 days 00:16:34.573593000
11,2019-12-02 12:56:00.000000,2019-12-02 12:56:35.000000,2019-12-02 13:16:52.400423,2019-12-02 13:17:00.148779,,,,Onsite,8,40,45,0 days 00:00:35.000000000,0 days 00:20:25.148779000
12,2019-12-02 14:16:00.000000,2019-12-02 14:16:45.000000,2019-12-02 14:37:53.896708,2019-12-02 14:38:38.896708,2019-12-02 15:09:27.950205,2019-12-02 15:10:12.950205,2019-12-02 15:27:47.135233,Replace,8,40,45,0 days 00:00:45.000000000,0 days 00:21:53.896708000
13,2019-12-02 15:32:00.000000,2019-12-02 15:32:25.000000,2019-12-02 15:47:15.004076,2019-12-02 15:47:40.004076,2019-12-02 16:17:48.686903,2019-12-02 16:18:13.686903,2019-12-02 16:32:38.755398,Replace,8,40,45,0 days 00:00:25.000000000,0 days 00:15:15.004076000
14,2019-12-02 16:39:00.000000,2019-12-02 16:39:25.000000,2019-12-02 16:55:23.755056,2019-12-02 16:55:32.450357,,,,Onsite,8,40,45,0 days 00:00:25.000000000,0 days 00:16:07.450357000
15,2019-12-02 17:42:00.000000,2019-12-02 17:42:30.000000,2019-12-02 17:57:31.140800,2019-12-02 17:57:57.215323,,,,Onsite,8,40,45,0 days 00:00:30.000000000,0 days 00:15:27.215323000
16,2019-12-02 18:46:00.000000,2019-12-02 18:46:55.000000,2019-12-02 19:06:33.338552,2019-12-02 19:06:51.736768,,,,Onsite,8,40,45,0 days 00:00:55.000000000,0 days 00:19:56.736768000
17,2019-12-02 19:58:00.000000,2019-12-02 19:58:50.000000,2019-12-02 20:14:00.476254,2019-12-02 20:14:06.885645,,,,Onsite,8,40,45,0 days 00:00:50.000000000,0 days 00:15:16.885645000
18,2019-12-02 21:04:00.000000,2019-12-02 21:04:45.000000,2019-12-02 21:15:27.890949,2019-12-02 21:16:12.890949,2019-12-02 22:04:48.183308,2019-12-02 22:05:33.183308,2019-12-02 22:16:42.364801,Replace,8,40,45,0 days 00:00:45.000000000,0 days 00:11:27.890949000
19,2019-12-02 22:11:00.000000,2019-12-02 22:11:50.000000,2019-12-02 22:30:33.922023,2019-12-02 22:30:45.892101,,,,Onsite,8,40,45,0 days 00:00:50.000000000,0 days 00:18:55.892101000
0,2019-12-02 00:58:00.000000,2019-12-02 00:00:35.000000,2019-12-02 00:16:00.474684,2019-12-02 00:16:07.812806,,,,Onsite,9,40,45,-1 days +23:02:35.000000000,0 days 00:15:32.812806000
1,2019-12-02 01:15:00.000000,2019-12-02 01:15:25.000000,2019-12-02 01:30:16.353829,2019-12-02 01:30:37.821589,,,,Onsite,9,40,45,0 days 00:00:25.000000000,0 days 00:15:12.821589000
2,2019-12-02 02:20:00.000000,2019-12-02 02:20:30.000000,2019-12-02 02:32:20.953344,2019-12-02 02:32:50.953344,2019-12-02 03:01:39.142792,2019-12-02 03:02:09.142792,2019-12-02 03:17:49.513297,Replace,9,40,45,0 days 00:00:30.000000000,0 days 00:12:20.953344000
3,2019-12-02 03:33:00.000000,2019-12-02 03:33:25.000000,2019-12-02 03:44:02.393874,2019-12-02 03:44:27.393874,2019-12-02 04:18:02.131948,2019-12-02 04:18:27.131948,2019-12-02 04:34:43.088027,Replace,9,40,45,0 days 00:00:25.000000000,0 days 00:11:02.393874000
4,2019-12-02 04:48:00.000000,2019-12-02 04:48:45.000000,2019-12-02 05:08:25.661492,2019-12-02 05:08:38.929146,,,,Onsite,9,40,45,0 days 00:00:45.000000000,0 days 00:19:53.929146000
5,2019-12-02 06:09:00.000000,2019-12-02 06:09:45.000000,2019-12-02 06:27:15.321211,2019-12-02 06:28:00.321211,2019-12-02 07:00:51.703242,2019-12-02 07:01:36.703242,2019-12-02 07:17:25.012149,Replace,9,40,45,0 days 00:00:45.000000000,0 days 00:18:15.321211000
6,2019-12-02 07:14:00.000000,2019-12-02 07:14:50.000000,2019-12-02 07:31:23.957516,2019-12-02 07:32:13.957516,2019-12-02 08:23:17.618915,2019-12-02 08:24:07.618915,2019-12-02 08:37:24.050836,Replace,9,40,45,0 days 00:00:50.000000000,0 days 00:17:23.957516000
7,2019-12-02 08:14:00.000000,2019-12-02 08:14:50.000000,2019-12-02 08:28:22.058065,2019-12-02 08:29:12.058065,2019-12-02 09:12:59.253240,2019-12-02 09:13:49.253240,2019-12-02 09:26:35.017186,Replace,9,40,45,0 days 00:00:50.000000000,0 days 00:14:22.058065000
8,2019-12-02 09:43:00.000000,2019-12-02 09:43:55.000000,2019-12-02 09:57:48.876251,2019-12-02 09:58:43.876251,2019-12-02 10:50:47.151729,2019-12-02 10:51:42.151729,2019-12-02 11:09:18.076685,Replace,9,40,45,0 days 00:00:55.000000000,0 days 00:14:48.876251000
9,2019-12-02 10:55:00.000000,2019-12-02 10:55:45.000000,2019-12-02 11:07:53.242840,2019-12-02 11:07:59.720686,,,,Onsite,9,40,45,0 days 00:00:45.000000000,0 days 00:12:14.720686000
10,2019-12-02 11:58:00.000000,2019-12-02 11:58:50.000000,2019-12-02 12:14:05.020447,2019-12-02 12:14:55.020447,2019-12-02 12:45:10.163025,2019-12-02 12:46:00.163025,2019-12-02 13:09:14.736164,Replace,9,40,45,0 days 00:00:50.000000000,0 days 00:16:05.020447000
11,2019-12-02 13:17:00.000000,2019-12-02 13:17:55.000000,2019-12-02 13:33:03.607474,2019-12-02 13:33:14.170461,,,,Onsite,9,40,45,0 days 00:00:55.000000000,0 days 00:15:19.170461000
12,2019-12-02 14:44:00.000000,2019-12-02 14:44:30.000000,2019-12-02 14:56:54.049217,2019-12-02 14:57:24.049217,2019-12-02 15:40:06.815952,2019-12-02 15:40:36.815952,2019-12-02 15:56:12.188706,Replace,9,40,45,0 days 00:00:30.000000000,0 days 00:12:54.049217000
13,2019-12-02 15:49:00.000000,2019-12-02 15:49:25.000000,2019-12-02 16:07:29.596840,2019-12-02 16:07:54.596840,2019-12-02 16:52:41.467798,2019-12-02 16:53:06.467798,2019-12-02 17:10:05.724154,Replace,9,40,45,0 days 00:00:25.000000000,0 days 00:18:29.596840000
14,2019-12-02 16:46:00.000000,2019-12-02 16:46:45.000000,2019-12-02 17:02:34.738338,2019-12-02 17:02:49.677187,,,,Onsite,9,40,45,0 days 00:00:45.000000000,0 days 00:16:04.677187000
15,2019-12-02 17:57:00.000000,2019-12-02 17:57:45.000000,2019-12-02 18:10:59.967720,2019-12-02 18:11:44.967720,2019-12-02 19:08:01.291917,2019-12-02 19:08:46.291917,2019-12-02 19:22:03.895961,Replace,9,40,45,0 days 00:00:45.000000000,0 days 00:13:59.967720000
16,2019-12-02 19:13:00.000000,2019-12-02 19:13:50.000000,2019-12-02 19:24:05.189761,2019-12-02 19:24:55.189761,2019-12-02 20:05:27.481993,2019-12-02 20:06:17.481993,2019-12-02 20:27:43.208872,Replace,9,40,45,0 days 00:00:50.000000000,0 days 00:11:05.189761000
17,2019-12-02 20:31:00.000000,2019-12-02 20:31:30.000000,2019-12-02 20:47:59.481077,2019-12-02 20:48:29.481077,2019-12-02 21:25:28.402447,2019-12-02 21:25:58.402447,2019-12-02 21:42:44.545843,Replace,9,40,45,0 days 00:00:30.000000000,0 days 00:16:59.481077000
18,2019-12-02 21:35:00.000000,2019-12-02 21:35:35.000000,2019-12-02 21:52:20.520924,2019-12-02 21:52:55.520924,2019-12-02 22:18:54.601251,2019-12-02 22:19:29.601251,2019-12-02 22:35:04.953947,Replace,9,40,45,0 days 00:00:35.000000000,0 days 00:17:20.520924000
0,2019-12-02 01:10:00.000000,2019-12-02 00:00:45.000000,2019-12-02 00:15:39.418168,2019-12-02 00:15:54.872044,,,,Onsite,1,40,46,-1 days +22:50:45.000000000,0 days 00:15:09.872044000
1,2019-12-02 00:52:00.000000,2019-12-02 00:52:55.000000,2019-12-02 01:07:46.883636,2019-12-02 01:08:41.883636,2019-12-02 01:49:11.992111,2019-12-02 01:50:06.992111,2019-12-02 02:07:30.362422,Replace,1,40,46,0 days 00:00:55.000000000,0 days 00:15:46.883636000
2,2019-12-02 01:46:00.000000,2019-12-02 01:46:35.000000,2019-12-02 02:02:57.852386,2019-12-02 02:03:32.852386,2019-12-02 03:01:44.446070,2019-12-02 03:02:19.446070,2019-12-02 03:19:03.959331,Replace,1,40,46,0 days 00:00:35.000000000,0 days 00:16:57.852386000
3,2019-12-02 02:55:00.000000,2019-12-02 02:55:25.000000,2019-12-02 03:13:19.110164,2019-12-02 03:13:35.206184,,,,Onsite,1,40,46,0 days 00:00:25.000000000,0 days 00:18:10.206184000
4,2019-12-02 03:56:00.000000,2019-12-02 03:56:45.000000,2019-12-02 04:13:05.136790,2019-12-02 04:13:50.136790,2019-12-02 04:55:57.806346,2019-12-02 04:56:42.806346,2019-12-02 05:13:19.542204,Replace,1,40,46,0 days 00:00:45.000000000,0 days 00:17:05.136790000
5,2019-12-02 05:00:00.000000,2019-12-02 05:00:30.000000,2019-12-02 05:15:23.677612,2019-12-02 05:15:53.677612,2019-12-02 05:49:57.743470,2019-12-02 05:50:27.743470,2019-12-02 06:08:35.715074,Replace,1,40,46,0 days 00:00:30.000000000,0 days 00:15:23.677612000
6,2019-12-02 06:02:00.000000,2019-12-02 06:02:30.000000,2019-12-02 06:21:42.291874,2019-12-02 06:22:12.291874,2019-12-02 06:57:40.428886,2019-12-02 06:58:10.428886,2019-12-02 07:14:00.034904,Replace,1,40,46,0 days 00:00:30.000000000,0 days 00:19:42.291874000
7,2019-12-02 07:02:00.000000,2019-12-02 07:02:50.000000,2019-12-02 07:19:45.435511,2019-12-02 07:20:10.050118,,,,Onsite,1,40,46,0 days 00:00:50.000000000,0 days 00:17:20.050118000
8,2019-12-02 07:57:00.000000,2019-12-02 07:57:45.000000,2019-12-02 08:13:12.729089,2019-12-02 08:13:24.753887,,,,Onsite,1,40,46,0 days 00:00:45.000000000,0 days 00:15:39.753887000
9,2019-12-02 09:01:00.000000,2019-12-02 09:01:55.000000,2019-12-02 09:20:55.003761,2019-12-02 09:21:50.003761,2019-12-02 10:06:21.527556,2019-12-02 10:07:16.527556,2019-12-02 10:30:07.217671,Replace,1,40,46,0 days 00:00:55.000000000,0 days 00:19:55.003761000
10,2019-12-02 10:02:00.000000,2019-12-02 10:02:35.000000,2019-12-02 10:16:06.211432,2019-12-02 10:16:41.211432,2019-12-02 11:09:39.583161,2019-12-02 11:10:14.583161,2019-12-02 11:23:24.965817,Replace,1,40,46,0 days 00:00:35.000000000,0 days 00:14:06.211432000
11,2019-12-02 11:31:00.000000,2019-12-02 11:31:25.000000,2019-12-02 11:45:59.573851,2019-12-02 11:46:24.573851,2019-12-02 12:33:11.863108,2019-12-02 12:33:36.863108,2019-12-02 12:56:42.224893,Replace,1,40,46,0 days 00:00:25.000000000,0 days 00:14:59.573851000
12,2019-12-02 12:55:00.000000,2019-12-02 12:55:25.000000,2019-12-02 13:14:25.539411,2019-12-02 13:14:50.539411,2019-12-02 13:41:42.481167,2019-12-02 13:42:07.481167,2019-12-02 13:54:42.433947,Replace,1,40,46,0 days 00:00:25.000000000,0 days 00:19:25.539411000
13,2019-12-02 13:56:00.000000,2019-12-02 13:56:35.000000,2019-12-02 14:11:41.293461,2019-12-02 14:11:53.988394,,,,Onsite,1,40,46,0 days 00:00:35.000000000,0 days 00:15:18.988394000
14,2019-12-02 14:59:00.000000,2019-12-02 14:59:30.000000,2019-12-02 15:16:40.630272,2019-12-02 15:17:10.630272,2019-12-02 15:52:43.740387,2019-12-02 15:53:13.740387,2019-12-02 16:09:30.865230,Replace,1,40,46,0 days 00:00:30.000000000,0 days 00:17:40.630272000
15,2019-12-02 16:12:00.000000,2019-12-02 16:12:55.000000,2019-12-02 16:22:43.751274,2019-12-02 16:22:53.503708,,,,Onsite,1,40,46,0 days 00:00:55.000000000,0 days 00:09:58.503708000
16,2019-12-02 17:14:00.000000,2019-12-02 17:14:45.000000,2019-12-02 17:29:39.532105,2019-12-02 17:30:24.532105,2019-12-02 18:02:37.348641,2019-12-02 18:03:22.348641,2019-12-02 18:19:12.980851,Replace,1,40,46,0 days 00:00:45.000000000,0 days 00:15:39.532105000
17,2019-12-02 18:23:00.000000,2019-12-02 18:23:30.000000,2019-12-02 18:39:26.391113,2019-12-02 18:39:56.391113,2019-12-02 19:25:21.743157,2019-12-02 19:25:51.743157,2019-12-02 19:39:39.294547,Replace,1,40,46,0 days 00:00:30.000000000,0 days 00:16:26.391113000
18,2019-12-02 19:44:00.000000,2019-12-02 19:44:55.000000,2019-12-02 20:00:32.637318,2019-12-02 20:00:46.631677,,,,Onsite,1,40,46,0 days 00:00:55.000000000,0 days 00:15:51.631677000
0,2019-12-02 01:26:00.000000,2019-12-02 00:00:50.000000,2019-12-02 00:15:35.309291,2019-12-02 00:16:02.671151,,,,Onsite,2,40,46,-1 days +22:34:50.000000000,0 days 00:15:12.671151000
1,2019-12-02 01:12:00.000000,2019-12-02 01:12:30.000000,2019-12-02 01:26:11.665866,2019-12-02 01:26:41.665866,2019-12-02 01:53:20.957628,2019-12-02 01:53:50.957628,2019-12-02 02:07:03.524890,Replace,2,40,46,0 days 00:00:30.000000000,0 days 00:14:11.665866000
2,2019-12-02 02:08:00.000000,2019-12-02 02:08:30.000000,2019-12-02 02:25:11.928410,2019-12-02 02:25:41.928410,2019-12-02 03:16:56.455332,2019-12-02 03:17:26.455332,2019-12-02 03:29:44.660020,Replace,2,40,46,0 days 00:00:30.000000000,0 days 00:17:11.928410000
3,2019-12-02 03:06:00.000000,2019-12-02 03:06:55.000000,2019-12-02 03:20:17.776578,2019-12-02 03:20:19.104709,,,,Onsite,2,40,46,0 days 00:00:55.000000000,0 days 00:13:24.104709000
4,2019-12-02 04:12:00.000000,2019-12-02 04:12:45.000000,2019-12-02 04:32:51.222707,2019-12-02 04:33:36.222707,2019-12-02 05:04:31.636813,2019-12-02 05:05:16.636813,2019-12-02 05:23:21.719163,Replace,2,40,46,0 days 00:00:45.000000000,0 days 00:20:51.222707000
5,2019-12-02 05:12:00.000000,2019-12-02 05:12:45.000000,2019-12-02 05:32:25.050360,2019-12-02 05:32:42.361456,,,,Onsite,2,40,46,0 days 00:00:45.000000000,0 days 00:19:57.361456000
6,2019-12-02 06:24:00.000000,2019-12-02 06:24:50.000000,2019-12-02 06:36:28.177592,2019-12-02 06:37:18.177592,2019-12-02 06:58:27.038929,2019-12-02 06:59:17.038929,2019-12-02 07:14:05.227812,Replace,2,40,46,0 days 00:00:50.000000000,0 days 00:12:28.177592000
7,2019-12-02 07:31:00.000000,2019-12-02 07:31:45.000000,2019-12-02 07:42:35.110820,2019-12-02 07:42:51.387923,,,,Onsite,2,40,46,0 days 00:00:45.000000000,0 days 00:11:06.387923000
8,2019-12-02 09:06:00.000000,2019-12-02 09:06:50.000000,2019-12-02 09:24:20.580369,2019-12-02 09:25:10.580369,2019-12-02 09:58:18.401868,2019-12-02 09:59:08.401868,2019-12-02 10:14:56.871832,Replace,2,40,46,0 days 00:00:50.000000000,0 days 00:18:20.580369000
9,2019-12-02 10:00:00.000000,2019-12-02 10:00:35.000000,2019-12-02 10:18:19.425428,2019-12-02 10:18:37.972577,,,,Onsite,2,40,46,0 days 00:00:35.000000000,0 days 00:18:02.972577000
10,2019-12-02 11:18:00.000000,2019-12-02 11:18:35.000000,2019-12-02 11:39:36.655403,2019-12-02 11:39:54.357285,,,,Onsite,2,40,46,0 days 00:00:35.000000000,0 days 00:21:19.357285000
11,2019-12-02 12:35:00.000000,2019-12-02 12:35:25.000000,2019-12-02 12:47:43.380204,2019-12-02 12:47:54.497304,,,,Onsite,2,40,46,0 days 00:00:25.000000000,0 days 00:12:29.497304000
12,2019-12-02 13:47:00.000000,2019-12-02 13:47:35.000000,2019-12-02 14:04:27.807902,2019-12-02 14:05:02.807902,2019-12-02 14:55:41.554823,2019-12-02 14:56:16.554823,2019-12-02 15:12:18.218358,Replace,2,40,46,0 days 00:00:35.000000000,0 days 00:17:27.807902000
13,2019-12-02 14:44:00.000000,2019-12-02 14:44:55.000000,2019-12-02 14:54:04.982799,2019-12-02 14:54:59.982799,2019-12-02 15:39:21.923117,2019-12-02 15:40:16.923117,2019-12-02 16:02:13.747552,Replace,2,40,46,0 days 00:00:55.000000000,0 days 00:10:04.982799000
14,2019-12-02 15:48:00.000000,2019-12-02 15:48:35.000000,2019-12-02 16:03:09.238040,2019-12-02 16:03:44.238040,2019-12-02 16:36:39.833924,2019-12-02 16:37:14.833924,2019-12-02 16:56:21.130661,Replace,2,40,46,0 days 00:00:35.000000000,0 days 00:15:09.238040000
15,2019-12-02 16:48:00.000000,2019-12-02 16:48:25.000000,2019-12-02 17:02:54.581800,2019-12-02 17:03:02.949481,,,,Onsite,2,40,46,0 days 00:00:25.000000000,0 days 00:14:37.949481000
16,2019-12-02 18:04:00.000000,2019-12-02 18:04:35.000000,2019-12-02 18:21:20.143774,2019-12-02 18:21:55.143774,2019-12-02 19:05:46.094327,2019-12-02 19:06:21.094327,2019-12-02 19:26:03.717837,Replace,2,40,46,0 days 00:00:35.000000000,0 days 00:17:20.143774000
17,2019-12-02 19:23:00.000000,2019-12-02 19:23:30.000000,2019-12-02 19:40:32.853320,2019-12-02 19:40:44.694611,,,,Onsite,2,40,46,0 days 00:00:30.000000000,0 days 00:17:14.694611000
18,2019-12-02 20:28:00.000000,2019-12-02 20:28:45.000000,2019-12-02 20:48:19.720559,2019-12-02 20:49:04.720559,2019-12-02 21:15:39.807475,2019-12-02 21:16:24.807475,2019-12-02 21:30:22.296384,Replace,2,40,46,0 days 00:00:45.000000000,0 days 00:20:19.720559000
19,2019-12-02 21:33:00.000000,2019-12-02 21:33:35.000000,2019-12-02 21:47:17.507792,2019-12-02 21:47:52.507792,2019-12-02 22:13:34.988824,2019-12-02 22:14:09.988824,2019-12-02 22:28:32.934164,Replace,2,40,46,0 days 00:00:35.000000000,0 days 00:14:17.507792000
0,2019-12-02 00:58:00.000000,2019-12-02 00:00:50.000000,2019-12-02 00:15:00.891079,2019-12-02 00:15:50.891079,2019-12-02 01:02:33.196481,2019-12-02 01:03:23.196481,2019-12-02 01:17:53.024995,Replace,3,40,46,-1 days +23:02:50.000000000,0 days 00:15:00.891079000
1,2019-12-02 01:01:00.000000,2019-12-02 01:01:35.000000,2019-12-02 01:10:57.318019,2019-12-02 01:11:32.318019,2019-12-02 01:55:02.751785,2019-12-02 01:55:37.751785,2019-12-02 02:09:12.915332,Replace,3,40,46,0 days 00:00:35.000000000,0 days 00:09:57.318019000
2,2019-12-02 01:48:00.000000,2019-12-02 01:48:25.000000,2019-12-02 02:04:25.756760,2019-12-02 02:04:36.789018,,,,Onsite,3,40,46,0 days 00:00:25.000000000,0 days 00:16:11.789018000
3,2019-12-02 02:55:00.000000,2019-12-02 02:55:35.000000,2019-12-02 03:11:00.661400,2019-12-02 03:11:09.515224,,,,Onsite,3,40,46,0 days 00:00:35.000000000,0 days 00:15:34.515224000
4,2019-12-02 03:58:00.000000,2019-12-02 03:58:35.000000,2019-12-02 04:15:06.707027,2019-12-02 04:15:41.707027,2019-12-02 04:37:38.267877,2019-12-02 04:38:13.267877,2019-12-02 04:53:52.712777,Replace,3,40,46,0 days 00:00:35.000000000,0 days 00:17:06.707027000
5,2019-12-02 05:23:00.000000,2019-12-02 05:23:55.000000,2019-12-02 05:37:40.957130,2019-12-02 05:37:51.191761,,,,Onsite,3,40,46,0 days 00:00:55.000000000,0 days 00:13:56.191761000
6,2019-12-02 06:32:00.000000,2019-12-02 06:32:45.000000,2019-12-02 06:52:01.768329,2019-12-02 06:52:46.768329,2019-12-02 07:23:41.270393,2019-12-02 07:24:26.270393,2019-12-02 07:45:27.261540,Replace,3,40,46,0 days 00:00:45.000000000,0 days 00:20:01.768329000
7,2019-12-02 07:49:00.000000,2019-12-02 07:49:55.000000,2019-12-02 08:05:40.865125,2019-12-02 08:06:35.865125,2019-12-02 08:34:15.995641,2019-12-02 08:35:10.995641,2019-12-02 08:48:41.646989,Replace,3,40,46,0 days 00:00:55.000000000,0 days 00:16:40.865125000
8,2019-12-02 08:54:00.000000,2019-12-02 08:54:50.000000,2019-12-02 09:11:42.752011,2019-12-02 09:12:32.752011,2019-12-02 09:55:26.739650,2019-12-02 09:56:16.739650,2019-12-02 10:16:48.848048,Replace,3,40,46,0 days 00:00:50.000000000,0 days 00:17:42.752011000
9,2019-12-02 09:58:00.000000,2019-12-02 09:58:55.000000,2019-12-02 10:16:42.797813,2019-12-02 10:17:37.797813,2019-12-02 10:50:26.311375,2019-12-02 10:51:21.311375,2019-12-02 11:05:26.587673,Replace,3,40,46,0 days 00:00:55.000000000,0 days 00:18:42.797813000
10,2019-12-02 11:02:00.000000,2019-12-02 11:02:25.000000,2019-12-02 11:11:35.620610,2019-12-02 11:12:00.620610,2019-12-02 11:48:52.292860,2019-12-02 11:49:17.292860,2019-12-02 12:03:24.713487,Replace,3,40,46,0 days 00:00:25.000000000,0 days 00:09:35.620610000
11,2019-12-02 12:01:00.000000,2019-12-02 12:01:30.000000,2019-12-02 12:19:45.423040,2019-12-02 12:19:49.571700,,,,Onsite,3,40,46,0 days 00:00:30.000000000,0 days 00:18:19.571700000
12,2019-12-02 13:10:00.000000,2019-12-02 13:10:35.000000,2019-12-02 13:29:09.169817,2019-12-02 13:29:44.169817,2019-12-02 13:54:42.662269,2019-12-02 13:55:17.662269,2019-12-02 14:16:57.908908,Replace,3,40,46,0 days 00:00:35.000000000,0 days 00:19:09.169817000
13,2019-12-02 14:32:00.000000,2019-12-02 14:32:30.000000,2019-12-02 14:48:32.818254,2019-12-02 14:49:02.818254,2019-12-02 15:13:50.878358,2019-12-02 15:14:20.878358,2019-12-02 15:35:11.268594,Replace,3,40,46,0 days 00:00:30.000000000,0 days 00:16:32.818254000
14,2019-12-02 15:42:00.000000,2019-12-02 15:42:45.000000,2019-12-02 16:03:21.627750,2019-12-02 16:04:06.627750,2019-12-02 16:28:54.489020,2019-12-02 16:29:39.489020,2019-12-02 16:50:09.631601,Replace,3,40,46,0 days 00:00:45.000000000,0 days 00:21:21.627750000
15,2019-12-02 16:39:00.000000,2019-12-02 16:39:45.000000,2019-12-02 17:03:00.489188,2019-12-02 17:03:45.489188,2019-12-02 17:53:17.957426,2019-12-02 17:54:02.957426,2019-12-02 18:07:38.422899,Replace,3,40,46,0 days 00:00:45.000000000,0 days 00:24:00.489188000
16,2019-12-02 17:41:00.000000,2019-12-02 17:41:45.000000,2019-12-02 17:54:57.395508,2019-12-02 17:55:42.395508,2019-12-02 18:23:57.198776,2019-12-02 18:24:42.198776,2019-12-02 18:42:49.227276,Replace,3,40,46,0 days 00:00:45.000000000,0 days 00:13:57.395508000
17,2019-12-02 18:55:00.000000,2019-12-02 18:55:45.000000,2019-12-02 19:09:53.156732,2019-12-02 19:10:38.156732,2019-12-02 19:32:06.385667,2019-12-02 19:32:51.385667,2019-12-02 19:56:39.064817,Replace,3,40,46,0 days 00:00:45.000000000,0 days 00:14:53.156732000
18,2019-12-02 19:53:00.000000,2019-12-02 19:53:45.000000,2019-12-02 20:07:26.973542,2019-12-02 20:07:32.566486,,,,Onsite,3,40,46,0 days 00:00:45.000000000,0 days 00:13:47.566486000
19,2019-12-02 21:01:00.000000,2019-12-02 21:01:45.000000,2019-12-02 21:18:40.263117,2019-12-02 21:18:52.494165,,,,Onsite,3,40,46,0 days 00:00:45.000000000,0 days 00:17:07.494165000
0,2019-12-02 00:59:00.000000,2019-12-02 00:00:55.000000,2019-12-02 00:20:26.096178,2019-12-02 00:21:21.096178,2019-12-02 01:06:44.618038,2019-12-02 01:07:39.618038,2019-12-02 01:18:39.429694,Replace,4,40,46,-1 days +23:01:55.000000000,0 days 00:20:26.096178000
1,2019-12-02 01:11:00.000000,2019-12-02 01:11:45.000000,2019-12-02 01:31:11.583956,2019-12-02 01:31:56.583956,2019-12-02 02:05:28.455912,2019-12-02 02:06:13.455912,2019-12-02 02:27:36.491998,Replace,4,40,46,0 days 00:00:45.000000000,0 days 00:20:11.583956000
2,2019-12-02 02:20:00.000000,2019-12-02 02:20:45.000000,2019-12-02 02:35:07.536970,2019-12-02 02:35:30.746330,,,,Onsite,4,40,46,0 days 00:00:45.000000000,0 days 00:14:45.746330000
3,2019-12-02 03:28:00.000000,2019-12-02 03:28:50.000000,2019-12-02 03:47:52.078678,2019-12-02 03:47:58.690687,,,,Onsite,4,40,46,0 days 00:00:50.000000000,0 days 00:19:08.690687000
4,2019-12-02 04:41:00.000000,2019-12-02 04:41:55.000000,2019-12-02 05:02:15.522296,2019-12-02 05:03:10.522296,2019-12-02 05:36:18.448366,2019-12-02 05:37:13.448366,2019-12-02 06:01:08.539609,Replace,4,40,46,0 days 00:00:55.000000000,0 days 00:21:15.522296000
5,2019-12-02 06:04:00.000000,2019-12-02 06:04:55.000000,2019-12-02 06:13:46.356366,2019-12-02 06:14:03.342196,,,,Onsite,4,40,46,0 days 00:00:55.000000000,0 days 00:09:08.342196000
6,2019-12-02 07:22:00.000000,2019-12-02 07:22:45.000000,2019-12-02 07:38:50.617321,2019-12-02 07:39:05.109837,,,,Onsite,4,40,46,0 days 00:00:45.000000000,0 days 00:16:20.109837000
7,2019-12-02 08:39:00.000000,2019-12-02 08:39:45.000000,2019-12-02 08:54:33.149874,2019-12-02 08:55:18.149874,2019-12-02 09:42:18.060365,2019-12-02 09:43:03.060365,2019-12-02 09:56:27.854954,Replace,4,40,46,0 days 00:00:45.000000000,0 days 00:15:33.149874000
8,2019-12-02 09:52:00.000000,2019-12-02 09:52:55.000000,2019-12-02 10:06:35.372848,2019-12-02 10:07:30.372848,2019-12-02 10:37:01.288647,2019-12-02 10:37:56.288647,2019-12-02 10:58:08.191234,Replace,4,40,46,0 days 00:00:55.000000000,0 days 00:14:35.372848000
9,2019-12-02 10:49:00.000000,2019-12-02 10:49:35.000000,2019-12-02 11:05:34.426116,2019-12-02 11:05:44.485377,,,,Onsite,4,40,46,0 days 00:00:35.000000000,0 days 00:16:09.485377000
10,2019-12-02 12:54:00.000000,2019-12-02 12:54:50.000000,2019-12-02 13:12:14.392665,2019-12-02 13:12:34.053647,,,,Onsite,4,40,46,0 days 00:00:50.000000000,0 days 00:17:44.053647000
11,2019-12-02 11:52:00.000000,2019-12-02 11:52:45.000000,2019-12-02 12:05:29.122710,2019-12-02 12:06:14.122710,2019-12-02 12:38:44.494811,2019-12-02 12:39:29.494811,2019-12-02 12:54:36.292263,Replace,4,40,46,0 days 00:00:45.000000000,0 days 00:13:29.122710000
12,2019-12-02 13:55:00.000000,2019-12-02 13:55:45.000000,2019-12-02 14:17:49.883097,2019-12-02 14:18:34.883097,2019-12-02 15:00:39.736228,2019-12-02 15:01:24.736228,2019-12-02 15:14:47.712206,Replace,4,40,46,0 days 00:00:45.000000000,0 days 00:22:49.883097000
13,2019-12-02 14:56:00.000000,2019-12-02 14:56:35.000000,2019-12-02 15:11:24.450844,2019-12-02 15:11:53.018768,,,,Onsite,4,40,46,0 days 00:00:35.000000000,0 days 00:15:18.018768000
14,2019-12-02 16:08:00.000000,2019-12-02 16:08:25.000000,2019-12-02 16:29:12.710252,2019-12-02 16:29:37.710252,2019-12-02 17:12:27.263481,2019-12-02 17:12:52.263481,2019-12-02 17:24:16.053527,Replace,4,40,46,0 days 00:00:25.000000000,0 days 00:21:12.710252000
15,2019-12-02 17:31:00.000000,2019-12-02 17:31:25.000000,2019-12-02 17:43:57.726972,2019-12-02 17:44:23.228946,,,,Onsite,4,40,46,0 days 00:00:25.000000000,0 days 00:12:58.228946000
16,2019-12-02 18:47:00.000000,2019-12-02 18:47:35.000000,2019-12-02 19:04:33.380948,2019-12-02 19:05:08.380948,2019-12-02 19:35:49.839147,2019-12-02 19:36:24.839147,2019-12-02 19:49:53.903169,Replace,4,40,46,0 days 00:00:35.000000000,0 days 00:17:33.380948000
17,2019-12-02 19:59:00.000000,2019-12-02 19:59:50.000000,2019-12-02 20:14:24.618562,2019-12-02 20:14:53.262126,,,,Onsite,4,40,46,0 days 00:00:50.000000000,0 days 00:15:03.262126000
18,2019-12-02 21:14:00.000000,2019-12-02 21:14:25.000000,2019-12-02 21:35:53.151028,2019-12-02 21:36:18.151028,2019-12-02 22:05:17.240997,2019-12-02 22:05:42.240997,2019-12-02 22:21:49.824350,Replace,4,40,46,0 days 00:00:25.000000000,0 days 00:21:53.151028000
19,2019-12-02 22:17:00.000000,2019-12-02 22:17:55.000000,2019-12-02 22:30:40.951025,2019-12-02 22:30:41.978279,,,,Onsite,4,40,46,0 days 00:00:55.000000000,0 days 00:12:46.978279000
0,2019-12-02 01:10:00.000000,2019-12-02 00:00:30.000000,2019-12-02 00:13:21.829548,2019-12-02 00:13:51.829548,2019-12-02 00:52:17.648735,2019-12-02 00:52:47.648735,2019-12-02 01:07:17.277518,Replace,5,40,46,-1 days +22:50:30.000000000,0 days 00:13:21.829548000
1,2019-12-02 01:00:00.000000,2019-12-02 01:00:45.000000,2019-12-02 01:14:43.181062,2019-12-02 01:15:14.403424,,,,Onsite,5,40,46,0 days 00:00:45.000000000,0 days 00:14:29.403424000
2,2019-12-02 02:14:00.000000,2019-12-02 02:14:45.000000,2019-12-02 02:32:48.665921,2019-12-02 02:33:02.888904,,,,Onsite,5,40,46,0 days 00:00:45.000000000,0 days 00:18:17.888904000
3,2019-12-02 03:23:00.000000,2019-12-02 03:23:35.000000,2019-12-02 03:32:26.522575,2019-12-02 03:32:30.786799,,,,Onsite,5,40,46,0 days 00:00:35.000000000,0 days 00:08:55.786799000
4,2019-12-02 04:26:00.000000,2019-12-02 04:26:25.000000,2019-12-02 04:47:11.648869,2019-12-02 04:47:36.648869,2019-12-02 05:15:36.974644,2019-12-02 05:16:01.974644,2019-12-02 05:32:10.894659,Replace,5,40,46,0 days 00:00:25.000000000,0 days 00:21:11.648869000
5,2019-12-02 05:40:00.000000,2019-12-02 05:40:30.000000,2019-12-02 06:01:21.417588,2019-12-02 06:01:51.417588,2019-12-02 06:42:41.471392,2019-12-02 06:43:11.471392,2019-12-02 07:03:56.689046,Replace,5,40,46,0 days 00:00:30.000000000,0 days 00:21:21.417588000
6,2019-12-02 06:35:00.000000,2019-12-02 06:35:35.000000,2019-12-02 06:53:04.714670,2019-12-02 06:53:18.668127,,,,Onsite,5,40,46,0 days 00:00:35.000000000,0 days 00:17:43.668127000
7,2019-12-02 07:39:00.000000,2019-12-02 07:39:35.000000,2019-12-02 07:56:17.184879,2019-12-02 07:56:37.945367,,,,Onsite,5,40,46,0 days 00:00:35.000000000,0 days 00:17:02.945367000
8,2019-12-02 08:36:00.000000,2019-12-02 08:36:25.000000,2019-12-02 08:50:24.899212,2019-12-02 08:50:49.899212,2019-12-02 09:40:09.844780,2019-12-02 09:40:34.844780,2019-12-02 09:57:44.831875,Replace,5,40,46,0 days 00:00:25.000000000,0 days 00:14:24.899212000
9,2019-12-02 09:47:00.000000,2019-12-02 09:47:45.000000,2019-12-02 10:03:49.354436,2019-12-02 10:04:03.144709,,,,Onsite,5,40,46,0 days 00:00:45.000000000,0 days 00:16:18.144709000
10,2019-12-02 10:51:00.000000,2019-12-02 10:51:30.000000,2019-12-02 11:08:28.475560,2019-12-02 11:08:37.624529,,,,Onsite,5,40,46,0 days 00:00:30.000000000,0 days 00:17:07.624529000
11,2019-12-02 12:14:00.000000,2019-12-02 12:14:45.000000,2019-12-02 12:31:02.966646,2019-12-02 12:31:18.259941,,,,Onsite,5,40,46,0 days 00:00:45.000000000,0 days 00:16:33.259941000
12,2019-12-02 13:20:00.000000,2019-12-02 13:20:45.000000,2019-12-02 13:36:41.740315,2019-12-02 13:37:07.622447,,,,Onsite,5,40,46,0 days 00:00:45.000000000,0 days 00:16:22.622447000
13,2019-12-02 14:21:00.000000,2019-12-02 14:21:45.000000,2019-12-02 14:39:17.909703,2019-12-02 14:39:42.472709,,,,Onsite,5,40,46,0 days 00:00:45.000000000,0 days 00:17:57.472709000
14,2019-12-02 15:18:00.000000,2019-12-02 15:18:55.000000,2019-12-02 15:37:19.889843,2019-12-02 15:38:14.889843,2019-12-02 16:04:08.617781,2019-12-02 16:05:03.617781,2019-12-02 16:25:50.002504,Replace,5,40,46,0 days 00:00:55.000000000,0 days 00:19:19.889843000
15,2019-12-02 16:19:00.000000,2019-12-02 16:19:45.000000,2019-12-02 16:33:27.069543,2019-12-02 16:33:34.415282,,,,Onsite,5,40,46,0 days 00:00:45.000000000,0 days 00:13:49.415282000
16,2019-12-02 17:38:00.000000,2019-12-02 17:38:45.000000,2019-12-02 17:56:38.658578,2019-12-02 17:56:50.294526,,,,Onsite,5,40,46,0 days 00:00:45.000000000,0 days 00:18:05.294526000
17,2019-12-02 18:36:00.000000,2019-12-02 18:36:45.000000,2019-12-02 18:55:25.303580,2019-12-02 18:56:10.303580,2019-12-02 19:29:31.112051,2019-12-02 19:30:16.112051,2019-12-02 19:45:12.029982,Replace,5,40,46,0 days 00:00:45.000000000,0 days 00:19:25.303580000
18,2019-12-02 19:43:00.000000,2019-12-02 19:43:45.000000,2019-12-02 19:53:27.153352,2019-12-02 19:54:12.153352,2019-12-02 20:18:37.333393,2019-12-02 20:19:22.333393,2019-12-02 20:37:47.569270,Replace,5,40,46,0 days 00:00:45.000000000,0 days 00:10:27.153352000
19,2019-12-02 21:08:00.000000,2019-12-02 21:08:45.000000,2019-12-02 21:26:53.365639,2019-12-02 21:27:04.492761,,,,Onsite,5,40,46,0 days 00:00:45.000000000,0 days 00:18:19.492761000
0,2019-12-02 01:21:00.000000,2019-12-02 00:00:25.000000,2019-12-02 00:13:41.101840,2019-12-02 00:13:58.111078,,,,Onsite,6,40,46,-1 days +22:39:25.000000000,0 days 00:13:33.111078000
1,2019-12-02 01:03:00.000000,2019-12-02 01:03:35.000000,2019-12-02 01:24:06.310551,2019-12-02 01:24:34.214858,,,,Onsite,6,40,46,0 days 00:00:35.000000000,0 days 00:20:59.214858000
2,2019-12-02 02:13:00.000000,2019-12-02 02:13:45.000000,2019-12-02 02:31:09.941169,2019-12-02 02:31:54.941169,2019-12-02 03:10:46.499438,2019-12-02 03:11:31.499438,2019-12-02 03:25:41.070764,Replace,6,40,46,0 days 00:00:45.000000000,0 days 00:18:09.941169000
3,2019-12-02 03:23:00.000000,2019-12-02 03:23:45.000000,2019-12-02 03:44:06.017566,2019-12-02 03:44:24.855445,,,,Onsite,6,40,46,0 days 00:00:45.000000000,0 days 00:20:39.855445000
4,2019-12-02 04:40:00.000000,2019-12-02 04:40:35.000000,2019-12-02 04:55:29.298840,2019-12-02 04:56:04.298840,2019-12-02 05:28:15.190962,2019-12-02 05:28:50.190962,2019-12-02 05:44:35.497914,Replace,6,40,46,0 days 00:00:35.000000000,0 days 00:15:29.298840000
5,2019-12-02 05:34:00.000000,2019-12-02 05:34:25.000000,2019-12-02 05:50:15.905925,2019-12-02 05:50:19.587814,,,,Onsite,6,40,46,0 days 00:00:25.000000000,0 days 00:15:54.587814000
6,2019-12-02 07:49:00.000000,2019-12-02 07:49:55.000000,2019-12-02 08:07:51.528031,2019-12-02 08:08:46.528031,2019-12-02 08:39:02.897275,2019-12-02 08:39:57.897275,2019-12-02 08:55:08.889845,Replace,6,40,46,0 days 00:00:55.000000000,0 days 00:18:51.528031000
7,2019-12-02 06:33:00.000000,2019-12-02 06:33:50.000000,2019-12-02 06:56:00.676163,2019-12-02 06:56:50.676163,2019-12-02 07:48:11.101778,2019-12-02 07:49:01.101778,2019-12-02 08:03:39.607177,Replace,6,40,46,0 days 00:00:50.000000000,0 days 00:23:00.676163000
8,2019-12-02 08:56:00.000000,2019-12-02 08:56:50.000000,2019-12-02 09:11:15.876526,2019-12-02 09:11:25.895276,,,,Onsite,6,40,46,0 days 00:00:50.000000000,0 days 00:14:35.895276000
9,2019-12-02 10:10:00.000000,2019-12-02 10:10:30.000000,2019-12-02 10:29:19.546280,2019-12-02 10:29:39.966860,,,,Onsite,6,40,46,0 days 00:00:30.000000000,0 days 00:19:09.966860000
10,2019-12-02 11:13:00.000000,2019-12-02 11:13:55.000000,2019-12-02 11:28:12.376820,2019-12-02 11:29:07.376820,2019-12-02 12:25:26.497204,2019-12-02 12:26:21.497204,2019-12-02 12:45:42.285791,Replace,6,40,46,0 days 00:00:55.000000000,0 days 00:15:12.376820000
11,2019-12-02 12:12:00.000000,2019-12-02 12:12:45.000000,2019-12-02 12:30:08.241408,2019-12-02 12:30:30.129704,,,,Onsite,6,40,46,0 days 00:00:45.000000000,0 days 00:17:45.129704000
12,2019-12-02 13:21:00.000000,2019-12-02 13:21:25.000000,2019-12-02 13:39:03.934448,2019-12-02 13:39:22.254060,,,,Onsite,6,40,46,0 days 00:00:25.000000000,0 days 00:17:57.254060000
13,2019-12-02 14:49:00.000000,2019-12-02 14:49:30.000000,2019-12-02 15:06:05.435166,2019-12-02 15:06:32.392777,,,,Onsite,6,40,46,0 days 00:00:30.000000000,0 days 00:17:02.392777000
14,2019-12-02 16:13:00.000000,2019-12-02 16:13:25.000000,2019-12-02 16:31:28.928829,2019-12-02 16:31:53.928829,2019-12-02 17:00:37.344590,2019-12-02 17:01:02.344590,2019-12-02 17:14:10.283487,Replace,6,40,46,0 days 00:00:25.000000000,0 days 00:18:28.928829000
15,2019-12-02 17:17:00.000000,2019-12-02 17:17:45.000000,2019-12-02 17:33:30.540745,2019-12-02 17:34:15.540745,2019-12-02 18:27:12.620840,2019-12-02 18:27:57.620840,2019-12-02 18:44:31.056376,Replace,6,40,46,0 days 00:00:45.000000000,0 days 00:16:30.540745000
16,2019-12-02 18:26:00.000000,2019-12-02 18:26:45.000000,2019-12-02 18:40:22.002243,2019-12-02 18:40:26.019850,,,,Onsite,6,40,46,0 days 00:00:45.000000000,0 days 00:13:41.019850000
17,2019-12-02 19:33:00.000000,2019-12-02 19:33:45.000000,2019-12-02 19:55:45.108471,2019-12-02 19:56:30.108471,2019-12-02 20:40:46.030572,2019-12-02 20:41:31.030572,2019-12-02 20:58:25.383131,Replace,6,40,46,0 days 00:00:45.000000000,0 days 00:22:45.108471000
18,2019-12-02 20:32:00.000000,2019-12-02 20:32:35.000000,2019-12-02 20:55:24.673700,2019-12-02 20:55:59.673700,2019-12-02 21:30:22.756248,2019-12-02 21:30:57.756248,2019-12-02 21:49:53.614283,Replace,6,40,46,0 days 00:00:35.000000000,0 days 00:23:24.673700000
19,2019-12-02 21:29:00.000000,2019-12-02 21:29:25.000000,2019-12-02 21:48:11.030450,2019-12-02 21:48:36.030450,2019-12-02 22:28:34.637906,2019-12-02 22:28:59.637906,2019-12-02 22:47:37.548803,Replace,6,40,46,0 days 00:00:25.000000000,0 days 00:19:11.030450000
20,2019-12-02 22:45:00.000000,2019-12-02 22:45:55.000000,2019-12-02 22:59:03.838416,2019-12-02 22:59:21.610188,,,,Onsite,6,40,46,0 days 00:00:55.000000000,0 days 00:13:26.610188000
0,2019-12-02 01:10:00.000000,2019-12-02 00:00:55.000000,2019-12-02 00:13:53.930692,2019-12-02 00:14:11.986970,,,,Onsite,7,40,46,-1 days +22:50:55.000000000,0 days 00:13:16.986970000
1,2019-12-02 01:31:00.000000,2019-12-02 01:31:45.000000,2019-12-02 01:47:23.875632,2019-12-02 01:47:49.874614,,,,Onsite,7,40,46,0 days 00:00:45.000000000,0 days 00:16:04.874614000
2,2019-12-02 02:42:00.000000,2019-12-02 02:42:45.000000,2019-12-02 03:04:20.868592,2019-12-02 03:05:05.868592,2019-12-02 03:58:06.771052,2019-12-02 03:58:51.771052,2019-12-02 04:12:27.038395,Replace,7,40,46,0 days 00:00:45.000000000,0 days 00:22:20.868592000
3,2019-12-02 03:29:00.000000,2019-12-02 03:29:30.000000,2019-12-02 03:47:23.044729,2019-12-02 03:47:38.440648,,,,Onsite,7,40,46,0 days 00:00:30.000000000,0 days 00:18:08.440648000
4,2019-12-02 04:31:00.000000,2019-12-02 04:31:35.000000,2019-12-02 04:44:20.235292,2019-12-02 04:44:55.235292,2019-12-02 05:19:23.823189,2019-12-02 05:19:58.823189,2019-12-02 05:41:17.851731,Replace,7,40,46,0 days 00:00:35.000000000,0 days 00:13:20.235292000
5,2019-12-02 05:45:00.000000,2019-12-02 05:45:45.000000,2019-12-02 05:59:04.090181,2019-12-02 05:59:49.090181,2019-12-02 06:42:42.954536,2019-12-02 06:43:27.954536,2019-12-02 07:02:34.674147,Replace,7,40,46,0 days 00:00:45.000000000,0 days 00:14:04.090181000
6,2019-12-02 07:08:00.000000,2019-12-02 07:08:35.000000,2019-12-02 07:22:30.729375,2019-12-02 07:23:05.729375,2019-12-02 07:54:18.512666,2019-12-02 07:54:53.512666,2019-12-02 08:07:25.420629,Replace,7,40,46,0 days 00:00:35.000000000,0 days 00:14:30.729375000
7,2019-12-02 08:20:00.000000,2019-12-02 08:20:25.000000,2019-12-02 08:32:34.441474,2019-12-02 08:32:59.441474,2019-12-02 09:15:13.035240,2019-12-02 09:15:38.035240,2019-12-02 09:28:03.279936,Replace,7,40,46,0 days 00:00:25.000000000,0 days 00:12:34.441474000
8,2019-12-02 09:40:00.000000,2019-12-02 09:40:45.000000,2019-12-02 09:58:10.145863,2019-12-02 09:58:55.145863,2019-12-02 10:23:30.017510,2019-12-02 10:24:15.017510,2019-12-02 10:38:24.163605,Replace,7,40,46,0 days 00:00:45.000000000,0 days 00:18:10.145863000
9,2019-12-02 10:43:00.000000,2019-12-02 10:43:55.000000,2019-12-02 10:56:55.419211,2019-12-02 10:57:50.419211,2019-12-02 11:26:35.026790,2019-12-02 11:27:30.026790,2019-12-02 11:39:11.733113,Replace,7,40,46,0 days 00:00:55.000000000,0 days 00:13:55.419211000
10,2019-12-02 11:55:00.000000,2019-12-02 11:55:25.000000,2019-12-02 12:12:03.604957,2019-12-02 12:12:28.604957,2019-12-02 12:34:55.713672,2019-12-02 12:35:20.713672,2019-12-02 12:47:51.606538,Replace,7,40,46,0 days 00:00:25.000000000,0 days 00:17:03.604957000
11,2019-12-02 12:54:00.000000,2019-12-02 12:54:45.000000,2019-12-02 13:09:02.367883,2019-12-02 13:09:47.367883,2019-12-02 13:57:43.312447,2019-12-02 13:58:28.312447,2019-12-02 14:18:15.242452,Replace,7,40,46,0 days 00:00:45.000000000,0 days 00:15:02.367883000
12,2019-12-02 14:23:00.000000,2019-12-02 14:23:30.000000,2019-12-02 14:38:46.552000,2019-12-02 14:39:16.552000,2019-12-02 15:16:15.285475,2019-12-02 15:16:45.285475,2019-12-02 15:38:11.898806,Replace,7,40,46,0 days 00:00:30.000000000,0 days 00:15:46.552000000
13,2019-12-02 15:43:00.000000,2019-12-02 15:43:55.000000,2019-12-02 16:00:38.643895,2019-12-02 16:00:48.011318,,,,Onsite,7,40,46,0 days 00:00:55.000000000,0 days 00:16:53.011318000
14,2019-12-02 16:55:00.000000,2019-12-02 16:55:45.000000,2019-12-02 17:10:11.606243,2019-12-02 17:10:56.606243,2019-12-02 17:50:20.724452,2019-12-02 17:51:05.724452,2019-12-02 18:03:41.517655,Replace,7,40,46,0 days 00:00:45.000000000,0 days 00:15:11.606243000
15,2019-12-02 18:13:00.000000,2019-12-02 18:13:45.000000,2019-12-02 18:21:31.297755,2019-12-02 18:21:41.685009,,,,Onsite,7,40,46,0 days 00:00:45.000000000,0 days 00:07:56.685009000
16,2019-12-02 19:14:00.000000,2019-12-02 19:14:35.000000,2019-12-02 19:29:28.188053,2019-12-02 19:30:03.188053,2019-12-02 19:58:25.273720,2019-12-02 19:59:00.273720,2019-12-02 20:13:39.517007,Replace,7,40,46,0 days 00:00:35.000000000,0 days 00:15:28.188053000
17,2019-12-02 20:07:00.000000,2019-12-02 20:07:45.000000,2019-12-02 20:23:31.772326,2019-12-02 20:24:16.772326,2019-12-02 20:56:38.658583,2019-12-02 20:57:23.658583,2019-12-02 21:15:43.794943,Replace,7,40,46,0 days 00:00:45.000000000,0 days 00:16:31.772326000
18,2019-12-02 21:34:00.000000,2019-12-02 21:34:25.000000,2019-12-02 21:50:48.700488,2019-12-02 21:51:13.700488,2019-12-02 22:40:25.810973,2019-12-02 22:40:50.810973,2019-12-02 22:54:23.320825,Replace,7,40,46,0 days 00:00:25.000000000,0 days 00:16:48.700488000
0,2019-12-02 00:54:00.000000,2019-12-02 00:00:35.000000,2019-12-02 00:18:14.404636,2019-12-02 00:18:49.404636,2019-12-02 00:53:43.345401,2019-12-02 00:54:18.345401,2019-12-02 01:12:01.647250,Replace,8,40,46,-1 days +23:06:35.000000000,0 days 00:18:14.404636000
1,2019-12-02 01:01:00.000000,2019-12-02 01:01:45.000000,2019-12-02 01:12:24.019811,2019-12-02 01:13:09.019811,2019-12-02 01:41:52.695916,2019-12-02 01:42:37.695916,2019-12-02 01:54:14.099921,Replace,8,40,46,0 days 00:00:45.000000000,0 days 00:11:24.019811000
2,2019-12-02 02:26:00.000000,2019-12-02 02:26:45.000000,2019-12-02 02:41:22.001138,2019-12-02 02:42:07.001138,2019-12-02 03:11:40.641919,2019-12-02 03:12:25.641919,2019-12-02 03:31:24.911571,Replace,8,40,46,0 days 00:00:45.000000000,0 days 00:15:22.001138000
3,2019-12-02 03:26:00.000000,2019-12-02 03:26:45.000000,2019-12-02 03:46:12.411452,2019-12-02 03:46:20.928857,,,,Onsite,8,40,46,0 days 00:00:45.000000000,0 days 00:19:35.928857000
4,2019-12-02 04:32:00.000000,2019-12-02 04:32:50.000000,2019-12-02 04:52:59.267981,2019-12-02 04:53:05.940914,,,,Onsite,8,40,46,0 days 00:00:50.000000000,0 days 00:20:15.940914000
5,2019-12-02 05:37:00.000000,2019-12-02 05:37:45.000000,2019-12-02 05:49:50.157341,2019-12-02 05:50:35.157341,2019-12-02 06:38:09.464570,2019-12-02 06:38:54.464570,2019-12-02 06:55:44.412060,Replace,8,40,46,0 days 00:00:45.000000000,0 days 00:12:50.157341000
6,2019-12-02 06:32:00.000000,2019-12-02 06:32:45.000000,2019-12-02 06:55:58.604757,2019-12-02 06:56:18.670737,,,,Onsite,8,40,46,0 days 00:00:45.000000000,0 days 00:23:33.670737000
7,2019-12-02 07:35:00.000000,2019-12-02 07:35:35.000000,2019-12-02 07:53:10.324352,2019-12-02 07:53:45.324352,2019-12-02 08:49:24.589852,2019-12-02 08:49:59.589852,2019-12-02 09:07:32.432755,Replace,8,40,46,0 days 00:00:35.000000000,0 days 00:18:10.324352000
8,2019-12-02 08:56:00.000000,2019-12-02 08:56:50.000000,2019-12-02 09:19:27.674762,2019-12-02 09:20:17.674762,2019-12-02 09:58:11.640907,2019-12-02 09:59:01.640907,2019-12-02 10:14:05.049744,Replace,8,40,46,0 days 00:00:50.000000000,0 days 00:23:27.674762000
9,2019-12-02 10:08:00.000000,2019-12-02 10:08:55.000000,2019-12-02 10:24:48.897083,2019-12-02 10:24:55.667000,,,,Onsite,8,40,46,0 days 00:00:55.000000000,0 days 00:16:00.667000000
10,2019-12-02 10:57:00.000000,2019-12-02 10:57:35.000000,2019-12-02 11:14:16.623973,2019-12-02 11:14:21.363053,,,,Onsite,8,40,46,0 days 00:00:35.000000000,0 days 00:16:46.363053000
11,2019-12-02 12:01:00.000000,2019-12-02 12:01:45.000000,2019-12-02 12:14:00.384430,2019-12-02 12:14:45.384430,2019-12-02 12:52:57.089031,2019-12-02 12:53:42.089031,2019-12-02 13:09:36.962526,Replace,8,40,46,0 days 00:00:45.000000000,0 days 00:13:00.384430000
12,2019-12-02 13:28:00.000000,2019-12-02 13:28:50.000000,2019-12-02 13:48:47.765810,2019-12-02 13:49:01.274377,,,,Onsite,8,40,46,0 days 00:00:50.000000000,0 days 00:20:11.274377000
13,2019-12-02 14:47:00.000000,2019-12-02 14:47:45.000000,2019-12-02 15:03:40.734869,2019-12-02 15:04:00.777795,,,,Onsite,8,40,46,0 days 00:00:45.000000000,0 days 00:16:15.777795000
14,2019-12-02 15:54:00.000000,2019-12-02 15:54:50.000000,2019-12-02 16:05:10.543132,2019-12-02 16:05:27.253752,,,,Onsite,8,40,46,0 days 00:00:50.000000000,0 days 00:10:37.253752000
15,2019-12-02 17:14:00.000000,2019-12-02 17:14:45.000000,2019-12-02 17:28:40.969881,2019-12-02 17:29:25.969881,2019-12-02 18:08:28.287248,2019-12-02 18:09:13.287248,2019-12-02 18:31:38.185815,Replace,8,40,46,0 days 00:00:45.000000000,0 days 00:14:40.969881000
16,2019-12-02 18:19:00.000000,2019-12-02 18:19:45.000000,2019-12-02 18:38:19.456682,2019-12-02 18:38:49.612399,,,,Onsite,8,40,46,0 days 00:00:45.000000000,0 days 00:19:04.612399000
17,2019-12-02 19:30:00.000000,2019-12-02 19:30:35.000000,2019-12-02 19:51:07.237363,2019-12-02 19:51:42.237363,2019-12-02 20:30:50.453637,2019-12-02 20:31:25.453637,2019-12-02 20:55:20.639351,Replace,8,40,46,0 days 00:00:35.000000000,0 days 00:21:07.237363000
18,2019-12-02 20:34:00.000000,2019-12-02 20:34:55.000000,2019-12-02 20:52:06.024177,2019-12-02 20:52:12.701389,,,,Onsite,8,40,46,0 days 00:00:55.000000000,0 days 00:17:17.701389000
19,2019-12-02 21:42:00.000000,2019-12-02 21:42:45.000000,2019-12-02 22:02:20.878608,2019-12-02 22:02:29.004144,,,,Onsite,8,40,46,0 days 00:00:45.000000000,0 days 00:19:44.004144000
0,2019-12-02 00:57:00.000000,2019-12-02 00:00:45.000000,2019-12-02 00:19:09.179964,2019-12-02 00:19:19.988060,,,,Onsite,9,40,46,-1 days +23:03:45.000000000,0 days 00:18:34.988060000
1,2019-12-02 01:05:00.000000,2019-12-02 01:05:45.000000,2019-12-02 01:23:59.586258,2019-12-02 01:24:44.586258,2019-12-02 01:54:02.359186,2019-12-02 01:54:47.359186,2019-12-02 02:15:33.352275,Replace,9,40,46,0 days 00:00:45.000000000,0 days 00:18:59.586258000
2,2019-12-02 02:15:00.000000,2019-12-02 02:15:45.000000,2019-12-02 02:29:37.900219,2019-12-02 02:30:22.900219,2019-12-02 03:17:28.591384,2019-12-02 03:18:13.591384,2019-12-02 03:42:12.959447,Replace,9,40,46,0 days 00:00:45.000000000,0 days 00:14:37.900219000
3,2019-12-02 03:37:00.000000,2019-12-02 03:37:45.000000,2019-12-02 03:49:37.808164,2019-12-02 03:50:22.808164,2019-12-02 04:46:51.340644,2019-12-02 04:47:36.340644,2019-12-02 05:04:40.292186,Replace,9,40,46,0 days 00:00:45.000000000,0 days 00:12:37.808164000
4,2019-12-02 04:43:00.000000,2019-12-02 04:43:45.000000,2019-12-02 04:59:26.766144,2019-12-02 05:00:11.766144,2019-12-02 05:31:01.896950,2019-12-02 05:31:46.896950,2019-12-02 05:51:57.586427,Replace,9,40,46,0 days 00:00:45.000000000,0 days 00:16:26.766144000
5,2019-12-02 05:51:00.000000,2019-12-02 05:51:30.000000,2019-12-02 06:05:44.197652,2019-12-02 06:06:14.197652,2019-12-02 06:40:11.356219,2019-12-02 06:40:41.356219,2019-12-02 06:57:23.704603,Replace,9,40,46,0 days 00:00:30.000000000,0 days 00:14:44.197652000
6,2019-12-02 06:55:00.000000,2019-12-02 06:55:25.000000,2019-12-02 07:13:10.872608,2019-12-02 07:13:18.202728,,,,Onsite,9,40,46,0 days 00:00:25.000000000,0 days 00:17:53.202728000
7,2019-12-02 07:52:00.000000,2019-12-02 07:52:55.000000,2019-12-02 08:09:01.283362,2019-12-02 08:09:17.457626,,,,Onsite,9,40,46,0 days 00:00:55.000000000,0 days 00:16:22.457626000
8,2019-12-02 09:06:00.000000,2019-12-02 09:06:30.000000,2019-12-02 09:17:37.438921,2019-12-02 09:18:07.438921,2019-12-02 09:49:54.643827,2019-12-02 09:50:24.643827,2019-12-02 10:04:49.341150,Replace,9,40,46,0 days 00:00:30.000000000,0 days 00:11:37.438921000
9,2019-12-02 10:16:00.000000,2019-12-02 10:16:45.000000,2019-12-02 10:36:22.556226,2019-12-02 10:37:07.556226,2019-12-02 11:30:15.915601,2019-12-02 11:31:00.915601,2019-12-02 11:46:34.638155,Replace,9,40,46,0 days 00:00:45.000000000,0 days 00:20:22.556226000
10,2019-12-02 11:25:00.000000,2019-12-02 11:25:25.000000,2019-12-02 11:39:52.084118,2019-12-02 11:40:17.084118,2019-12-02 12:16:00.418224,2019-12-02 12:16:25.418224,2019-12-02 12:36:27.061986,Replace,9,40,46,0 days 00:00:25.000000000,0 days 00:14:52.084118000
11,2019-12-02 12:37:00.000000,2019-12-02 12:37:45.000000,2019-12-02 12:50:46.252057,2019-12-02 12:51:31.252057,2019-12-02 13:20:20.993902,2019-12-02 13:21:05.993902,2019-12-02 13:39:03.550659,Replace,9,40,46,0 days 00:00:45.000000000,0 days 00:13:46.252057000
12,2019-12-02 13:51:00.000000,2019-12-02 13:51:55.000000,2019-12-02 14:05:40.079109,2019-12-02 14:05:54.533819,,,,Onsite,9,40,46,0 days 00:00:55.000000000,0 days 00:13:59.533819000
13,2019-12-02 15:04:00.000000,2019-12-02 15:04:55.000000,2019-12-02 15:22:13.164035,2019-12-02 15:22:15.680980,,,,Onsite,9,40,46,0 days 00:00:55.000000000,0 days 00:17:20.680980000
14,2019-12-02 16:05:00.000000,2019-12-02 16:05:45.000000,2019-12-02 16:20:56.891288,2019-12-02 16:21:41.891288,2019-12-02 17:14:09.115105,2019-12-02 17:14:54.115105,2019-12-02 17:34:02.155240,Replace,9,40,46,0 days 00:00:45.000000000,0 days 00:15:56.891288000
15,2019-12-02 17:07:00.000000,2019-12-02 17:07:50.000000,2019-12-02 17:20:35.164400,2019-12-02 17:21:25.164400,2019-12-02 17:58:48.253266,2019-12-02 17:59:38.253266,2019-12-02 18:12:02.356600,Replace,9,40,46,0 days 00:00:50.000000000,0 days 00:13:35.164400000
16,2019-12-02 18:19:00.000000,2019-12-02 18:19:25.000000,2019-12-02 18:35:23.696352,2019-12-02 18:35:42.419421,,,,Onsite,9,40,46,0 days 00:00:25.000000000,0 days 00:16:17.419421000
17,2019-12-02 19:24:00.000000,2019-12-02 19:24:25.000000,2019-12-02 19:40:56.401541,2019-12-02 19:41:21.401541,2019-12-02 20:22:55.762232,2019-12-02 20:23:20.762232,2019-12-02 20:43:18.170764,Replace,9,40,46,0 days 00:00:25.000000000,0 days 00:16:56.401541000
18,2019-12-02 20:43:00.000000,2019-12-02 20:43:45.000000,2019-12-02 20:59:10.712848,2019-12-02 20:59:55.712848,2019-12-02 21:38:22.417194,2019-12-02 21:39:07.417194,2019-12-02 22:01:06.187115,Replace,9,40,46,0 days 00:00:45.000000000,0 days 00:16:10.712848000
0,2019-12-02 01:18:00.000000,2019-12-02 00:00:35.000000,2019-12-02 00:22:06.638607,2019-12-02 00:22:41.638607,2019-12-02 00:55:29.059155,2019-12-02 00:56:04.059155,2019-12-02 01:10:23.394236,Replace,1,40,47,-1 days +22:42:35.000000000,0 days 00:22:06.638607000
1,2019-12-02 01:16:00.000000,2019-12-02 01:16:45.000000,2019-12-02 01:34:01.344857,2019-12-02 01:34:46.344857,2019-12-02 02:14:51.740058,2019-12-02 02:15:36.740058,2019-12-02 02:29:32.292106,Replace,1,40,47,0 days 00:00:45.000000000,0 days 00:18:01.344857000
2,2019-12-02 02:35:00.000000,2019-12-02 02:35:45.000000,2019-12-02 02:55:27.721694,2019-12-02 02:55:39.087659,,,,Onsite,1,40,47,0 days 00:00:45.000000000,0 days 00:19:54.087659000
3,2019-12-02 03:35:00.000000,2019-12-02 03:35:25.000000,2019-12-02 03:49:30.954075,2019-12-02 03:49:55.954075,2019-12-02 04:22:44.755843,2019-12-02 04:23:09.755843,2019-12-02 04:40:26.246829,Replace,1,40,47,0 days 00:00:25.000000000,0 days 00:14:30.954075000
4,2019-12-02 04:56:00.000000,2019-12-02 04:56:50.000000,2019-12-02 05:11:58.931545,2019-12-02 05:12:48.931545,2019-12-02 05:46:52.276730,2019-12-02 05:47:42.276730,2019-12-02 06:03:42.354275,Replace,1,40,47,0 days 00:00:50.000000000,0 days 00:15:58.931545000
5,2019-12-02 06:14:00.000000,2019-12-02 06:14:50.000000,2019-12-02 06:29:42.840687,2019-12-02 06:30:32.840687,2019-12-02 07:12:17.650123,2019-12-02 07:13:07.650123,2019-12-02 07:35:26.301717,Replace,1,40,47,0 days 00:00:50.000000000,0 days 00:15:42.840687000
6,2019-12-02 07:32:00.000000,2019-12-02 07:32:35.000000,2019-12-02 07:50:51.630158,2019-12-02 07:51:26.630158,2019-12-02 08:26:53.771864,2019-12-02 08:27:28.771864,2019-12-02 08:49:52.979864,Replace,1,40,47,0 days 00:00:35.000000000,0 days 00:18:51.630158000
7,2019-12-02 08:37:00.000000,2019-12-02 08:37:50.000000,2019-12-02 08:49:55.104565,2019-12-02 08:50:08.831538,,,,Onsite,1,40,47,0 days 00:00:50.000000000,0 days 00:12:18.831538000
8,2019-12-02 09:51:00.000000,2019-12-02 09:51:45.000000,2019-12-02 10:05:50.261509,2019-12-02 10:06:35.261509,2019-12-02 10:58:15.061729,2019-12-02 10:59:00.061729,2019-12-02 11:10:07.105114,Replace,1,40,47,0 days 00:00:45.000000000,0 days 00:14:50.261509000
9,2019-12-02 10:57:00.000000,2019-12-02 10:57:45.000000,2019-12-02 11:13:45.213077,2019-12-02 11:14:30.213077,2019-12-02 11:48:14.673140,2019-12-02 11:48:59.673140,2019-12-02 12:07:55.982430,Replace,1,40,47,0 days 00:00:45.000000000,0 days 00:16:45.213077000
10,2019-12-02 12:12:00.000000,2019-12-02 12:12:55.000000,2019-12-02 12:23:44.032652,2019-12-02 12:23:57.018702,,,,Onsite,1,40,47,0 days 00:00:55.000000000,0 days 00:11:02.018702000
11,2019-12-02 13:25:00.000000,2019-12-02 13:25:45.000000,2019-12-02 13:37:35.092131,2019-12-02 13:38:20.092131,2019-12-02 14:25:14.199143,2019-12-02 14:25:59.199143,2019-12-02 14:43:32.744771,Replace,1,40,47,0 days 00:00:45.000000000,0 days 00:12:35.092131000
12,2019-12-02 14:52:00.000000,2019-12-02 14:52:30.000000,2019-12-02 15:02:19.275156,2019-12-02 15:02:28.969856,,,,Onsite,1,40,47,0 days 00:00:30.000000000,0 days 00:09:58.969856000
13,2019-12-02 16:00:00.000000,2019-12-02 16:00:55.000000,2019-12-02 16:13:44.094300,2019-12-02 16:14:01.996078,,,,Onsite,1,40,47,0 days 00:00:55.000000000,0 days 00:13:06.996078000
14,2019-12-02 17:28:00.000000,2019-12-02 17:28:55.000000,2019-12-02 17:43:52.720163,2019-12-02 17:44:47.720163,2019-12-02 18:16:08.970667,2019-12-02 18:17:03.970667,2019-12-02 18:35:41.106366,Replace,1,40,47,0 days 00:00:55.000000000,0 days 00:15:52.720163000
15,2019-12-02 18:48:00.000000,2019-12-02 18:48:30.000000,2019-12-02 19:02:48.951414,2019-12-02 19:03:18.951414,2019-12-02 19:42:31.221346,2019-12-02 19:43:01.221346,2019-12-02 19:58:37.094049,Replace,1,40,47,0 days 00:00:30.000000000,0 days 00:14:48.951414000
16,2019-12-02 19:52:00.000000,2019-12-02 19:52:25.000000,2019-12-02 20:02:50.703014,2019-12-02 20:03:15.703014,2019-12-02 20:51:06.351726,2019-12-02 20:51:31.351726,2019-12-02 21:03:15.900720,Replace,1,40,47,0 days 00:00:25.000000000,0 days 00:10:50.703014000
17,2019-12-02 20:50:00.000000,2019-12-02 20:50:35.000000,2019-12-02 21:06:44.827669,2019-12-02 21:06:55.190442,,,,Onsite,1,40,47,0 days 00:00:35.000000000,0 days 00:16:20.190442000
0,2019-12-02 01:05:00.000000,2019-12-02 00:00:25.000000,2019-12-02 00:18:51.497199,2019-12-02 00:19:16.497199,2019-12-02 01:00:54.588416,2019-12-02 01:01:19.588416,2019-12-02 01:16:22.821635,Replace,2,40,47,-1 days +22:55:25.000000000,0 days 00:18:51.497199000
1,2019-12-02 01:14:00.000000,2019-12-02 01:14:45.000000,2019-12-02 01:30:35.360656,2019-12-02 01:30:45.187613,,,,Onsite,2,40,47,0 days 00:00:45.000000000,0 days 00:16:00.187613000
2,2019-12-02 02:12:00.000000,2019-12-02 02:12:50.000000,2019-12-02 02:31:31.365112,2019-12-02 02:31:39.477461,,,,Onsite,2,40,47,0 days 00:00:50.000000000,0 days 00:18:49.477461000
3,2019-12-02 03:14:00.000000,2019-12-02 03:14:45.000000,2019-12-02 03:30:31.215557,2019-12-02 03:31:16.215557,2019-12-02 04:06:32.982512,2019-12-02 04:07:17.982512,2019-12-02 04:20:13.537702,Replace,2,40,47,0 days 00:00:45.000000000,0 days 00:16:31.215557000
4,2019-12-02 04:18:00.000000,2019-12-02 04:18:55.000000,2019-12-02 04:42:08.888893,2019-12-02 04:43:03.888893,2019-12-02 05:11:35.309341,2019-12-02 05:12:30.309341,2019-12-02 05:35:20.197715,Replace,2,40,47,0 days 00:00:55.000000000,0 days 00:24:08.888893000
5,2019-12-02 05:27:00.000000,2019-12-02 05:27:35.000000,2019-12-02 05:37:32.744086,2019-12-02 05:38:07.744086,2019-12-02 06:01:16.436595,2019-12-02 06:01:51.436595,2019-12-02 06:22:19.470364,Replace,2,40,47,0 days 00:00:35.000000000,0 days 00:10:32.744086000
6,2019-12-02 06:50:00.000000,2019-12-02 06:50:55.000000,2019-12-02 07:08:09.804417,2019-12-02 07:09:04.804417,2019-12-02 07:59:53.003892,2019-12-02 08:00:48.003892,2019-12-02 08:25:09.141878,Replace,2,40,47,0 days 00:00:55.000000000,0 days 00:18:09.804417000
7,2019-12-02 08:00:00.000000,2019-12-02 08:00:25.000000,2019-12-02 08:18:10.748024,2019-12-02 08:18:19.827550,,,,Onsite,2,40,47,0 days 00:00:25.000000000,0 days 00:17:54.827550000
8,2019-12-02 09:13:00.000000,2019-12-02 09:13:50.000000,2019-12-02 09:22:41.190316,2019-12-02 09:23:08.826989,,,,Onsite,2,40,47,0 days 00:00:50.000000000,0 days 00:09:18.826989000
9,2019-12-02 10:31:00.000000,2019-12-02 10:31:45.000000,2019-12-02 10:49:53.747775,2019-12-02 10:50:23.845393,,,,Onsite,2,40,47,0 days 00:00:45.000000000,0 days 00:18:38.845393000
10,2019-12-02 11:29:00.000000,2019-12-02 11:29:35.000000,2019-12-02 11:49:59.222941,2019-12-02 11:50:28.260538,,,,Onsite,2,40,47,0 days 00:00:35.000000000,0 days 00:20:53.260538000
11,2019-12-02 12:41:00.000000,2019-12-02 12:41:45.000000,2019-12-02 12:55:50.367274,2019-12-02 12:56:35.367274,2019-12-02 13:23:50.822623,2019-12-02 13:24:35.822623,2019-12-02 13:45:16.308887,Replace,2,40,47,0 days 00:00:45.000000000,0 days 00:14:50.367274000
12,2019-12-02 13:58:00.000000,2019-12-02 13:58:35.000000,2019-12-02 14:12:19.184970,2019-12-02 14:12:43.827088,,,,Onsite,2,40,47,0 days 00:00:35.000000000,0 days 00:14:08.827088000
13,2019-12-02 15:11:00.000000,2019-12-02 15:11:50.000000,2019-12-02 15:26:44.620707,2019-12-02 15:27:34.620707,2019-12-02 16:00:26.605494,2019-12-02 16:01:16.605494,2019-12-02 16:14:02.548227,Replace,2,40,47,0 days 00:00:50.000000000,0 days 00:15:44.620707000
14,2019-12-02 16:29:00.000000,2019-12-02 16:29:35.000000,2019-12-02 16:48:42.396481,2019-12-02 16:49:17.396481,2019-12-02 17:26:03.170587,2019-12-02 17:26:38.170587,2019-12-02 17:37:09.482824,Replace,2,40,47,0 days 00:00:35.000000000,0 days 00:19:42.396481000
15,2019-12-02 17:35:00.000000,2019-12-02 17:35:45.000000,2019-12-02 17:48:45.310661,2019-12-02 17:48:51.672781,,,,Onsite,2,40,47,0 days 00:00:45.000000000,0 days 00:13:06.672781000
16,2019-12-02 18:35:00.000000,2019-12-02 18:35:25.000000,2019-12-02 18:47:49.829131,2019-12-02 18:48:14.829131,2019-12-02 19:20:21.801848,2019-12-02 19:20:46.801848,2019-12-02 19:37:25.606329,Replace,2,40,47,0 days 00:00:25.000000000,0 days 00:12:49.829131000
17,2019-12-02 19:52:00.000000,2019-12-02 19:52:35.000000,2019-12-02 20:07:04.392981,2019-12-02 20:07:39.392981,2019-12-02 20:33:26.681977,2019-12-02 20:34:01.681977,2019-12-02 20:50:29.920328,Replace,2,40,47,0 days 00:00:35.000000000,0 days 00:15:04.392981000
18,2019-12-02 21:09:00.000000,2019-12-02 21:09:35.000000,2019-12-02 21:23:23.123574,2019-12-02 21:23:58.123574,2019-12-02 21:49:17.302878,2019-12-02 21:49:52.302878,2019-12-02 22:08:15.630842,Replace,2,40,47,0 days 00:00:35.000000000,0 days 00:14:23.123574000
19,2019-12-02 22:32:00.000000,2019-12-02 22:32:30.000000,2019-12-02 22:47:11.679912,2019-12-02 22:47:15.953867,,,,Onsite,2,40,47,0 days 00:00:30.000000000,0 days 00:14:45.953867000
0,2019-12-02 01:20:00.000000,2019-12-02 00:00:30.000000,2019-12-02 00:18:03.594671,2019-12-02 00:18:33.594671,2019-12-02 00:57:53.272947,2019-12-02 00:58:23.272947,2019-12-02 01:18:24.986066,Replace,3,40,47,-1 days +22:40:30.000000000,0 days 00:18:03.594671000
1,2019-12-02 01:04:00.000000,2019-12-02 01:04:45.000000,2019-12-02 01:22:01.345256,2019-12-02 01:22:16.720666,,,,Onsite,3,40,47,0 days 00:00:45.000000000,0 days 00:17:31.720666000
2,2019-12-02 02:06:00.000000,2019-12-02 02:06:30.000000,2019-12-02 02:20:02.579621,2019-12-02 02:20:15.911299,,,,Onsite,3,40,47,0 days 00:00:30.000000000,0 days 00:13:45.911299000
3,2019-12-02 02:57:00.000000,2019-12-02 02:57:30.000000,2019-12-02 03:14:00.801587,2019-12-02 03:14:30.801587,2019-12-02 04:02:31.435547,2019-12-02 04:03:01.435547,2019-12-02 04:21:23.398338,Replace,3,40,47,0 days 00:00:30.000000000,0 days 00:17:00.801587000
4,2019-12-02 04:04:00.000000,2019-12-02 04:04:55.000000,2019-12-02 04:20:24.937470,2019-12-02 04:21:19.937470,2019-12-02 05:01:06.417341,2019-12-02 05:02:01.417341,2019-12-02 05:18:58.504837,Replace,3,40,47,0 days 00:00:55.000000000,0 days 00:16:24.937470000
5,2019-12-02 04:59:00.000000,2019-12-02 04:59:50.000000,2019-12-02 05:16:52.843015,2019-12-02 05:17:42.843015,2019-12-02 05:42:31.821844,2019-12-02 05:43:21.821844,2019-12-02 05:58:59.468795,Replace,3,40,47,0 days 00:00:50.000000000,0 days 00:17:52.843015000
6,2019-12-02 06:09:00.000000,2019-12-02 06:09:55.000000,2019-12-02 06:33:09.945010,2019-12-02 06:34:04.945010,2019-12-02 07:09:00.919461,2019-12-02 07:09:55.919461,2019-12-02 07:25:06.490284,Replace,3,40,47,0 days 00:00:55.000000000,0 days 00:24:09.945010000
7,2019-12-02 07:24:00.000000,2019-12-02 07:24:50.000000,2019-12-02 07:41:15.326399,2019-12-02 07:41:38.150735,,,,Onsite,3,40,47,0 days 00:00:50.000000000,0 days 00:16:48.150735000
8,2019-12-02 08:39:00.000000,2019-12-02 08:39:45.000000,2019-12-02 08:57:17.235354,2019-12-02 08:58:02.235354,2019-12-02 09:47:23.933395,2019-12-02 09:48:08.933395,2019-12-02 10:04:34.913835,Replace,3,40,47,0 days 00:00:45.000000000,0 days 00:18:17.235354000
9,2019-12-02 09:44:00.000000,2019-12-02 09:44:50.000000,2019-12-02 09:58:39.463102,2019-12-02 09:58:48.752950,,,,Onsite,3,40,47,0 days 00:00:50.000000000,0 days 00:13:58.752950000
10,2019-12-02 10:52:00.000000,2019-12-02 10:52:45.000000,2019-12-02 11:10:50.691567,2019-12-02 11:11:35.691567,2019-12-02 11:59:26.384949,2019-12-02 12:00:11.384949,2019-12-02 12:11:34.584652,Replace,3,40,47,0 days 00:00:45.000000000,0 days 00:18:50.691567000
11,2019-12-02 11:54:00.000000,2019-12-02 11:54:55.000000,2019-12-02 12:08:46.656601,2019-12-02 12:09:41.656601,2019-12-02 12:37:18.625155,2019-12-02 12:38:13.625155,2019-12-02 12:52:24.170912,Replace,3,40,47,0 days 00:00:55.000000000,0 days 00:14:46.656601000
12,2019-12-02 13:11:00.000000,2019-12-02 13:11:45.000000,2019-12-02 13:30:42.850361,2019-12-02 13:31:27.850361,2019-12-02 14:11:18.967595,2019-12-02 14:12:03.967595,2019-12-02 14:25:47.046550,Replace,3,40,47,0 days 00:00:45.000000000,0 days 00:19:42.850361000
13,2019-12-02 14:08:00.000000,2019-12-02 14:08:30.000000,2019-12-02 14:24:58.942969,2019-12-02 14:25:14.851559,,,,Onsite,3,40,47,0 days 00:00:30.000000000,0 days 00:16:44.851559000
14,2019-12-02 15:05:00.000000,2019-12-02 15:05:45.000000,2019-12-02 15:17:03.058347,2019-12-02 15:17:16.280474,,,,Onsite,3,40,47,0 days 00:00:45.000000000,0 days 00:11:31.280474000
15,2019-12-02 16:11:00.000000,2019-12-02 16:11:45.000000,2019-12-02 16:22:57.922947,2019-12-02 16:23:42.922947,2019-12-02 16:54:35.814265,2019-12-02 16:55:20.814265,2019-12-02 17:14:03.422164,Replace,3,40,47,0 days 00:00:45.000000000,0 days 00:11:57.922947000
16,2019-12-02 17:16:00.000000,2019-12-02 17:16:55.000000,2019-12-02 17:34:13.186925,2019-12-02 17:35:08.186925,2019-12-02 18:13:20.502007,2019-12-02 18:14:15.502007,2019-12-02 18:30:33.602698,Replace,3,40,47,0 days 00:00:55.000000000,0 days 00:18:13.186925000
17,2019-12-02 18:25:00.000000,2019-12-02 18:25:55.000000,2019-12-02 18:37:18.322049,2019-12-02 18:38:13.322049,2019-12-02 19:08:02.341569,2019-12-02 19:08:57.341569,2019-12-02 19:27:19.240302,Replace,3,40,47,0 days 00:00:55.000000000,0 days 00:12:18.322049000
18,2019-12-02 19:26:00.000000,2019-12-02 19:26:45.000000,2019-12-02 19:43:13.286163,2019-12-02 19:43:58.286163,2019-12-02 20:08:39.838235,2019-12-02 20:09:24.838235,2019-12-02 20:21:47.709286,Replace,3,40,47,0 days 00:00:45.000000000,0 days 00:17:13.286163000
19,2019-12-02 20:18:00.000000,2019-12-02 20:18:25.000000,2019-12-02 20:34:35.391758,2019-12-02 20:35:00.391758,2019-12-02 21:14:57.884910,2019-12-02 21:15:22.884910,2019-12-02 21:35:59.502784,Replace,3,40,47,0 days 00:00:25.000000000,0 days 00:16:35.391758000
20,2019-12-02 21:26:00.000000,2019-12-02 21:26:55.000000,2019-12-02 21:47:19.296801,2019-12-02 21:48:14.296801,2019-12-02 22:14:23.307816,2019-12-02 22:15:18.307816,2019-12-02 22:33:10.333692,Replace,3,40,47,0 days 00:00:55.000000000,0 days 00:21:19.296801000
21,2019-12-02 22:18:00.000000,2019-12-02 22:18:55.000000,2019-12-02 22:33:56.385913,2019-12-02 22:34:13.378779,,,,Onsite,3,40,47,0 days 00:00:55.000000000,0 days 00:15:18.378779000
0,2019-12-02 01:15:00.000000,2019-12-02 00:00:45.000000,2019-12-02 00:17:19.819245,2019-12-02 00:17:26.422182,,,,Onsite,4,40,47,-1 days +22:45:45.000000000,0 days 00:16:41.422182000
1,2019-12-02 01:00:00.000000,2019-12-02 01:00:50.000000,2019-12-02 01:20:13.411842,2019-12-02 01:21:03.411842,2019-12-02 01:56:26.946677,2019-12-02 01:57:16.946677,2019-12-02 02:13:12.647055,Replace,4,40,47,0 days 00:00:50.000000000,0 days 00:20:13.411842000
2,2019-12-02 02:16:00.000000,2019-12-02 02:16:45.000000,2019-12-02 02:35:12.393731,2019-12-02 02:35:30.932233,,,,Onsite,4,40,47,0 days 00:00:45.000000000,0 days 00:18:45.932233000
3,2019-12-02 03:22:00.000000,2019-12-02 03:22:50.000000,2019-12-02 03:40:46.057174,2019-12-02 03:41:36.057174,2019-12-02 04:17:10.447002,2019-12-02 04:18:00.447002,2019-12-02 04:33:15.438697,Replace,4,40,47,0 days 00:00:50.000000000,0 days 00:18:46.057174000
4,2019-12-02 04:22:00.000000,2019-12-02 04:22:45.000000,2019-12-02 04:39:50.854219,2019-12-02 04:40:15.267170,,,,Onsite,4,40,47,0 days 00:00:45.000000000,0 days 00:17:30.267170000
5,2019-12-02 05:37:00.000000,2019-12-02 05:37:45.000000,2019-12-02 05:50:52.322650,2019-12-02 05:51:37.322650,2019-12-02 06:29:26.672811,2019-12-02 06:30:11.672811,2019-12-02 06:47:25.058548,Replace,4,40,47,0 days 00:00:45.000000000,0 days 00:13:52.322650000
6,2019-12-02 06:51:00.000000,2019-12-02 06:51:30.000000,2019-12-02 07:12:35.814058,2019-12-02 07:12:45.289011,,,,Onsite,4,40,47,0 days 00:00:30.000000000,0 days 00:21:15.289011000
7,2019-12-02 07:57:00.000000,2019-12-02 07:57:50.000000,2019-12-02 08:13:58.623793,2019-12-02 08:14:07.906320,,,,Onsite,4,40,47,0 days 00:00:50.000000000,0 days 00:16:17.906320000
8,2019-12-02 09:06:00.000000,2019-12-02 09:06:45.000000,2019-12-02 09:26:11.327172,2019-12-02 09:26:28.926735,,,,Onsite,4,40,47,0 days 00:00:45.000000000,0 days 00:19:43.926735000
9,2019-12-02 10:19:00.000000,2019-12-02 10:19:50.000000,2019-12-02 10:40:28.025853,2019-12-02 10:40:34.005197,,,,Onsite,4,40,47,0 days 00:00:50.000000000,0 days 00:20:44.005197000
10,2019-12-02 11:20:00.000000,2019-12-02 11:20:25.000000,2019-12-02 11:39:51.963904,2019-12-02 11:40:16.963904,2019-12-02 12:19:20.176255,2019-12-02 12:19:45.176255,2019-12-02 12:41:14.010406,Replace,4,40,47,0 days 00:00:25.000000000,0 days 00:19:51.963904000
11,2019-12-02 12:28:00.000000,2019-12-02 12:28:35.000000,2019-12-02 12:42:24.221282,2019-12-02 12:42:27.748371,,,,Onsite,4,40,47,0 days 00:00:35.000000000,0 days 00:13:52.748371000
12,2019-12-02 13:38:00.000000,2019-12-02 13:38:45.000000,2019-12-02 13:55:13.752149,2019-12-02 13:55:58.752149,2019-12-02 14:40:15.970019,2019-12-02 14:41:00.970019,2019-12-02 14:58:59.642849,Replace,4,40,47,0 days 00:00:45.000000000,0 days 00:17:13.752149000
13,2019-12-02 14:53:00.000000,2019-12-02 14:53:25.000000,2019-12-02 15:10:38.795209,2019-12-02 15:11:06.467488,,,,Onsite,4,40,47,0 days 00:00:25.000000000,0 days 00:17:41.467488000
14,2019-12-02 16:00:00.000000,2019-12-02 16:00:25.000000,2019-12-02 16:16:50.285764,2019-12-02 16:17:15.285764,2019-12-02 16:45:51.308069,2019-12-02 16:46:16.308069,2019-12-02 17:02:25.912834,Replace,4,40,47,0 days 00:00:25.000000000,0 days 00:16:50.285764000
15,2019-12-02 17:03:00.000000,2019-12-02 17:03:45.000000,2019-12-02 17:19:30.997550,2019-12-02 17:20:15.997550,2019-12-02 17:44:25.938264,2019-12-02 17:45:10.938264,2019-12-02 18:00:41.019670,Replace,4,40,47,0 days 00:00:45.000000000,0 days 00:16:30.997550000
16,2019-12-02 18:16:00.000000,2019-12-02 18:16:25.000000,2019-12-02 18:30:27.495116,2019-12-02 18:30:52.495116,2019-12-02 19:10:19.493111,2019-12-02 19:10:44.493111,2019-12-02 19:24:30.428216,Replace,4,40,47,0 days 00:00:25.000000000,0 days 00:14:27.495116000
17,2019-12-02 19:17:00.000000,2019-12-02 19:17:45.000000,2019-12-02 19:37:16.203489,2019-12-02 19:38:01.203489,2019-12-02 20:01:20.281744,2019-12-02 20:02:05.281744,2019-12-02 20:18:24.914898,Replace,4,40,47,0 days 00:00:45.000000000,0 days 00:20:16.203489000
18,2019-12-02 20:22:00.000000,2019-12-02 20:22:45.000000,2019-12-02 20:43:27.205035,2019-12-02 20:44:12.205035,2019-12-02 21:17:31.676911,2019-12-02 21:18:16.676911,2019-12-02 21:32:39.086146,Replace,4,40,47,0 days 00:00:45.000000000,0 days 00:21:27.205035000
19,2019-12-02 21:25:00.000000,2019-12-02 21:25:45.000000,2019-12-02 21:44:42.734380,2019-12-02 21:44:58.652037,,,,Onsite,4,40,47,0 days 00:00:45.000000000,0 days 00:19:13.652037000
0,2019-12-02 00:54:00.000000,2019-12-02 00:00:55.000000,2019-12-02 00:16:39.621356,2019-12-02 00:16:57.477982,,,,Onsite,5,40,47,-1 days +23:06:55.000000000,0 days 00:16:02.477982000
1,2019-12-02 01:06:00.000000,2019-12-02 01:06:45.000000,2019-12-02 01:20:58.346816,2019-12-02 01:21:43.346816,2019-12-02 02:03:26.805651,2019-12-02 02:04:11.805651,2019-12-02 02:23:39.084648,Replace,5,40,47,0 days 00:00:45.000000000,0 days 00:14:58.346816000
2,2019-12-02 02:16:00.000000,2019-12-02 02:16:50.000000,2019-12-02 02:28:23.961791,2019-12-02 02:29:13.961791,2019-12-02 03:09:26.138206,2019-12-02 03:10:16.138206,2019-12-02 03:26:48.960834,Replace,5,40,47,0 days 00:00:50.000000000,0 days 00:12:23.961791000
3,2019-12-02 03:19:00.000000,2019-12-02 03:19:35.000000,2019-12-02 03:30:03.243780,2019-12-02 03:30:38.243780,2019-12-02 04:02:37.897568,2019-12-02 04:03:12.897568,2019-12-02 04:15:24.564268,Replace,5,40,47,0 days 00:00:35.000000000,0 days 00:11:03.243780000
4,2019-12-02 04:38:00.000000,2019-12-02 04:38:35.000000,2019-12-02 04:51:46.951468,2019-12-02 04:52:07.791268,,,,Onsite,5,40,47,0 days 00:00:35.000000000,0 days 00:13:32.791268000
5,2019-12-02 05:52:00.000000,2019-12-02 05:52:35.000000,2019-12-02 06:08:38.589808,2019-12-02 06:09:13.589808,2019-12-02 06:59:41.828238,2019-12-02 07:00:16.828238,2019-12-02 07:11:28.650291,Replace,5,40,47,0 days 00:00:35.000000000,0 days 00:16:38.589808000
6,2019-12-02 06:57:00.000000,2019-12-02 06:57:45.000000,2019-12-02 07:11:18.027807,2019-12-02 07:12:03.027807,2019-12-02 07:51:31.426064,2019-12-02 07:52:16.426064,2019-12-02 08:05:13.263444,Replace,5,40,47,0 days 00:00:45.000000000,0 days 00:14:18.027807000
7,2019-12-02 08:04:00.000000,2019-12-02 08:04:45.000000,2019-12-02 08:17:59.288369,2019-12-02 08:18:44.288369,2019-12-02 08:56:33.077504,2019-12-02 08:57:18.077504,2019-12-02 09:09:26.965789,Replace,5,40,47,0 days 00:00:45.000000000,0 days 00:13:59.288369000
8,2019-12-02 09:28:00.000000,2019-12-02 09:28:25.000000,2019-12-02 09:47:01.049793,2019-12-02 09:47:26.049793,2019-12-02 10:23:47.246291,2019-12-02 10:24:12.246291,2019-12-02 10:45:00.502994,Replace,5,40,47,0 days 00:00:25.000000000,0 days 00:19:01.049793000
9,2019-12-02 10:25:00.000000,2019-12-02 10:25:55.000000,2019-12-02 10:39:11.917180,2019-12-02 10:39:21.890414,,,,Onsite,5,40,47,0 days 00:00:55.000000000,0 days 00:13:26.890414000
10,2019-12-02 11:32:00.000000,2019-12-02 11:32:45.000000,2019-12-02 11:52:36.776746,2019-12-02 11:52:43.191493,,,,Onsite,5,40,47,0 days 00:00:45.000000000,0 days 00:19:58.191493000
11,2019-12-02 12:47:00.000000,2019-12-02 12:47:45.000000,2019-12-02 13:05:49.041505,2019-12-02 13:06:34.041505,2019-12-02 13:37:46.842025,2019-12-02 13:38:31.842025,2019-12-02 13:52:51.149731,Replace,5,40,47,0 days 00:00:45.000000000,0 days 00:18:49.041505000
12,2019-12-02 14:00:00.000000,2019-12-02 14:00:55.000000,2019-12-02 14:22:23.207924,2019-12-02 14:23:18.207924,2019-12-02 15:07:37.423580,2019-12-02 15:08:32.423580,2019-12-02 15:25:52.652308,Replace,5,40,47,0 days 00:00:55.000000000,0 days 00:22:23.207924000
13,2019-12-02 14:59:00.000000,2019-12-02 14:59:55.000000,2019-12-02 15:17:24.566027,2019-12-02 15:18:19.566027,2019-12-02 16:01:53.968715,2019-12-02 16:02:48.968715,2019-12-02 16:15:37.686430,Replace,5,40,47,0 days 00:00:55.000000000,0 days 00:18:24.566027000
14,2019-12-02 15:50:00.000000,2019-12-02 15:50:25.000000,2019-12-02 16:06:33.750276,2019-12-02 16:06:58.750276,2019-12-02 16:49:39.339714,2019-12-02 16:50:04.339714,2019-12-02 17:06:36.026354,Replace,5,40,47,0 days 00:00:25.000000000,0 days 00:16:33.750276000
15,2019-12-02 16:44:00.000000,2019-12-02 16:44:45.000000,2019-12-02 16:58:09.288717,2019-12-02 16:58:14.216009,,,,Onsite,5,40,47,0 days 00:00:45.000000000,0 days 00:13:29.216009000
16,2019-12-02 17:44:00.000000,2019-12-02 17:44:55.000000,2019-12-02 18:03:02.854829,2019-12-02 18:03:16.302659,,,,Onsite,5,40,47,0 days 00:00:55.000000000,0 days 00:18:21.302659000
17,2019-12-02 18:56:00.000000,2019-12-02 18:56:50.000000,2019-12-02 19:16:40.046291,2019-12-02 19:17:30.046291,2019-12-02 20:06:09.015915,2019-12-02 20:06:59.015915,2019-12-02 20:24:58.358775,Replace,5,40,47,0 days 00:00:50.000000000,0 days 00:20:40.046291000
18,2019-12-02 20:25:00.000000,2019-12-02 20:25:35.000000,2019-12-02 20:40:16.489924,2019-12-02 20:40:23.767115,,,,Onsite,5,40,47,0 days 00:00:35.000000000,0 days 00:14:48.767115000
19,2019-12-02 21:35:00.000000,2019-12-02 21:35:35.000000,2019-12-02 21:48:49.206355,2019-12-02 21:49:24.206355,2019-12-02 22:38:45.672666,2019-12-02 22:39:20.672666,2019-12-02 22:56:22.154129,Replace,5,40,47,0 days 00:00:35.000000000,0 days 00:13:49.206355000
0,2019-12-02 01:13:00.000000,2019-12-02 00:00:25.000000,2019-12-02 00:15:03.277868,2019-12-02 00:15:08.594186,,,,Onsite,6,40,47,-1 days +22:47:25.000000000,0 days 00:14:43.594186000
1,2019-12-02 01:09:00.000000,2019-12-02 01:09:30.000000,2019-12-02 01:27:24.622661,2019-12-02 01:27:54.622661,2019-12-02 01:58:12.785334,2019-12-02 01:58:42.785334,2019-12-02 02:12:53.348936,Replace,6,40,47,0 days 00:00:30.000000000,0 days 00:18:24.622661000
2,2019-12-02 02:26:00.000000,2019-12-02 02:26:55.000000,2019-12-02 02:43:20.914500,2019-12-02 02:43:33.810182,,,,Onsite,6,40,47,0 days 00:00:55.000000000,0 days 00:16:38.810182000
3,2019-12-02 03:21:00.000000,2019-12-02 03:21:35.000000,2019-12-02 03:40:07.507767,2019-12-02 03:40:23.369442,,,,Onsite,6,40,47,0 days 00:00:35.000000000,0 days 00:18:48.369442000
4,2019-12-02 04:24:00.000000,2019-12-02 04:24:50.000000,2019-12-02 04:40:45.737118,2019-12-02 04:41:35.737118,2019-12-02 05:19:52.065907,2019-12-02 05:20:42.065907,2019-12-02 05:35:50.103151,Replace,6,40,47,0 days 00:00:50.000000000,0 days 00:16:45.737118000
5,2019-12-02 05:35:00.000000,2019-12-02 05:35:50.000000,2019-12-02 05:48:56.271378,2019-12-02 05:49:46.271378,2019-12-02 06:32:18.828103,2019-12-02 06:33:08.828103,2019-12-02 06:50:15.198654,Replace,6,40,47,0 days 00:00:50.000000000,0 days 00:13:56.271378000
6,2019-12-02 06:45:00.000000,2019-12-02 06:45:35.000000,2019-12-02 06:59:18.678949,2019-12-02 06:59:53.678949,2019-12-02 07:28:48.392106,2019-12-02 07:29:23.392106,2019-12-02 07:44:11.444374,Replace,6,40,47,0 days 00:00:35.000000000,0 days 00:14:18.678949000
7,2019-12-02 07:46:00.000000,2019-12-02 07:46:45.000000,2019-12-02 08:04:03.820026,2019-12-02 08:04:33.460171,,,,Onsite,6,40,47,0 days 00:00:45.000000000,0 days 00:17:48.460171000
8,2019-12-02 08:47:00.000000,2019-12-02 08:47:25.000000,2019-12-02 08:58:15.246083,2019-12-02 08:58:40.246083,2019-12-02 09:23:52.947701,2019-12-02 09:24:17.947701,2019-12-02 09:44:46.669149,Replace,6,40,47,0 days 00:00:25.000000000,0 days 00:11:15.246083000
9,2019-12-02 09:51:00.000000,2019-12-02 09:51:55.000000,2019-12-02 10:06:17.471385,2019-12-02 10:07:12.471385,2019-12-02 10:28:02.076251,2019-12-02 10:28:57.076251,2019-12-02 10:43:07.978015,Replace,6,40,47,0 days 00:00:55.000000000,0 days 00:15:17.471385000
10,2019-12-02 11:04:00.000000,2019-12-02 11:04:35.000000,2019-12-02 11:18:26.750866,2019-12-02 11:18:41.474112,,,,Onsite,6,40,47,0 days 00:00:35.000000000,0 days 00:14:06.474112000
11,2019-12-02 12:05:00.000000,2019-12-02 12:05:45.000000,2019-12-02 12:27:25.197599,2019-12-02 12:28:10.197599,2019-12-02 12:56:07.548439,2019-12-02 12:56:52.548439,2019-12-02 13:12:48.686442,Replace,6,40,47,0 days 00:00:45.000000000,0 days 00:22:25.197599000
12,2019-12-02 13:13:00.000000,2019-12-02 13:13:45.000000,2019-12-02 13:27:15.417768,2019-12-02 13:28:00.417768,2019-12-02 14:01:34.319700,2019-12-02 14:02:19.319700,2019-12-02 14:23:50.361911,Replace,6,40,47,0 days 00:00:45.000000000,0 days 00:14:15.417768000
13,2019-12-02 14:45:00.000000,2019-12-02 14:45:35.000000,2019-12-02 15:03:57.616384,2019-12-02 15:04:08.677215,,,,Onsite,6,40,47,0 days 00:00:35.000000000,0 days 00:18:33.677215000
14,2019-12-02 15:53:00.000000,2019-12-02 15:53:55.000000,2019-12-02 16:06:36.696681,2019-12-02 16:06:47.111419,,,,Onsite,6,40,47,0 days 00:00:55.000000000,0 days 00:12:52.111419000
15,2019-12-02 17:10:00.000000,2019-12-02 17:10:30.000000,2019-12-02 17:27:58.992656,2019-12-02 17:28:28.992656,2019-12-02 18:23:05.592029,2019-12-02 18:23:35.592029,2019-12-02 18:40:33.787294,Replace,6,40,47,0 days 00:00:30.000000000,0 days 00:17:58.992656000
16,2019-12-02 18:20:00.000000,2019-12-02 18:20:45.000000,2019-12-02 18:33:05.698631,2019-12-02 18:33:50.698631,2019-12-02 18:57:42.126159,2019-12-02 18:58:27.126159,2019-12-02 19:15:17.372585,Replace,6,40,47,0 days 00:00:45.000000000,0 days 00:13:05.698631000
17,2019-12-02 19:32:00.000000,2019-12-02 19:32:35.000000,2019-12-02 19:50:11.984006,2019-12-02 19:50:46.984006,2019-12-02 20:19:04.495619,2019-12-02 20:19:39.495619,2019-12-02 20:35:53.249210,Replace,6,40,47,0 days 00:00:35.000000000,0 days 00:18:11.984006000
18,2019-12-02 20:48:00.000000,2019-12-02 20:48:35.000000,2019-12-02 21:09:21.576968,2019-12-02 21:09:24.604400,,,,Onsite,6,40,47,0 days 00:00:35.000000000,0 days 00:20:49.604400000
19,2019-12-02 21:57:00.000000,2019-12-02 21:57:35.000000,2019-12-02 22:13:01.761373,2019-12-02 22:13:36.761373,2019-12-02 22:37:27.187766,2019-12-02 22:38:02.187766,2019-12-02 22:50:22.125373,Replace,6,40,47,0 days 00:00:35.000000000,0 days 00:16:01.761373000
0,2019-12-02 00:54:00.000000,2019-12-02 00:00:30.000000,2019-12-02 00:17:04.324173,2019-12-02 00:17:11.957668,,,,Onsite,7,40,47,-1 days +23:06:30.000000000,0 days 00:16:41.957668000
1,2019-12-02 01:07:00.000000,2019-12-02 01:07:50.000000,2019-12-02 01:24:30.754727,2019-12-02 01:24:38.769504,,,,Onsite,7,40,47,0 days 00:00:50.000000000,0 days 00:16:48.769504000
2,2019-12-02 02:12:00.000000,2019-12-02 02:12:30.000000,2019-12-02 02:25:44.201684,2019-12-02 02:26:14.201684,2019-12-02 03:03:02.338150,2019-12-02 03:03:32.338150,2019-12-02 03:18:46.229768,Replace,7,40,47,0 days 00:00:30.000000000,0 days 00:13:44.201684000
3,2019-12-02 03:32:00.000000,2019-12-02 03:32:35.000000,2019-12-02 03:49:17.674098,2019-12-02 03:49:52.674098,2019-12-02 04:20:24.978267,2019-12-02 04:20:59.978267,2019-12-02 04:34:53.075944,Replace,7,40,47,0 days 00:00:35.000000000,0 days 00:17:17.674098000
4,2019-12-02 04:41:00.000000,2019-12-02 04:41:25.000000,2019-12-02 05:00:11.474975,2019-12-02 05:00:36.474975,2019-12-02 05:38:31.120562,2019-12-02 05:38:56.120562,2019-12-02 05:53:37.074159,Replace,7,40,47,0 days 00:00:25.000000000,0 days 00:19:11.474975000
5,2019-12-02 05:47:00.000000,2019-12-02 05:47:45.000000,2019-12-02 06:04:15.273322,2019-12-02 06:04:26.410338,,,,Onsite,7,40,47,0 days 00:00:45.000000000,0 days 00:16:41.410338000
6,2019-12-02 06:56:00.000000,2019-12-02 06:56:55.000000,2019-12-02 07:11:50.048769,2019-12-02 07:11:56.597338,,,,Onsite,7,40,47,0 days 00:00:55.000000000,0 days 00:15:01.597338000
7,2019-12-02 08:03:00.000000,2019-12-02 08:03:55.000000,2019-12-02 08:16:58.693603,2019-12-02 08:17:03.332714,,,,Onsite,7,40,47,0 days 00:00:55.000000000,0 days 00:13:08.332714000
8,2019-12-02 09:25:00.000000,2019-12-02 09:25:30.000000,2019-12-02 09:38:21.581880,2019-12-02 09:38:51.581880,2019-12-02 10:07:44.160780,2019-12-02 10:08:14.160780,2019-12-02 10:29:55.915559,Replace,7,40,47,0 days 00:00:30.000000000,0 days 00:13:21.581880000
9,2019-12-02 10:24:00.000000,2019-12-02 10:24:25.000000,2019-12-02 10:35:54.859702,2019-12-02 10:36:19.859702,2019-12-02 11:12:29.943209,2019-12-02 11:12:54.943209,2019-12-02 11:32:31.203307,Replace,7,40,47,0 days 00:00:25.000000000,0 days 00:11:54.859702000
10,2019-12-02 11:54:00.000000,2019-12-02 11:54:35.000000,2019-12-02 12:11:59.770568,2019-12-02 12:12:12.207417,,,,Onsite,7,40,47,0 days 00:00:35.000000000,0 days 00:17:37.207417000
11,2019-12-02 12:59:00.000000,2019-12-02 12:59:30.000000,2019-12-02 13:14:47.024585,2019-12-02 13:15:05.683032,,,,Onsite,7,40,47,0 days 00:00:30.000000000,0 days 00:15:35.683032000
12,2019-12-02 14:08:00.000000,2019-12-02 14:08:35.000000,2019-12-02 14:19:56.200962,2019-12-02 14:20:31.200962,2019-12-02 15:03:14.802510,2019-12-02 15:03:49.802510,2019-12-02 15:22:23.585295,Replace,7,40,47,0 days 00:00:35.000000000,0 days 00:11:56.200962000
13,2019-12-02 15:15:00.000000,2019-12-02 15:15:25.000000,2019-12-02 15:32:21.639482,2019-12-02 15:32:46.639482,2019-12-02 16:00:49.932159,2019-12-02 16:01:14.932159,2019-12-02 16:16:30.464686,Replace,7,40,47,0 days 00:00:25.000000000,0 days 00:17:21.639482000
14,2019-12-02 16:17:00.000000,2019-12-02 16:17:35.000000,2019-12-02 16:30:59.572987,2019-12-02 16:31:34.572987,2019-12-02 16:57:30.882319,2019-12-02 16:58:05.882319,2019-12-02 17:18:02.373840,Replace,7,40,47,0 days 00:00:35.000000000,0 days 00:13:59.572987000
15,2019-12-02 17:29:00.000000,2019-12-02 17:29:30.000000,2019-12-02 17:48:27.157116,2019-12-02 17:48:57.157116,2019-12-02 18:12:36.746849,2019-12-02 18:13:06.746849,2019-12-02 18:28:14.016708,Replace,7,40,47,0 days 00:00:30.000000000,0 days 00:19:27.157116000
16,2019-12-02 18:32:00.000000,2019-12-02 18:32:50.000000,2019-12-02 18:46:14.798277,2019-12-02 18:46:34.185155,,,,Onsite,7,40,47,0 days 00:00:50.000000000,0 days 00:13:44.185155000
17,2019-12-02 19:41:00.000000,2019-12-02 19:41:45.000000,2019-12-02 20:00:47.434053,2019-12-02 20:01:32.434053,2019-12-02 20:43:27.431299,2019-12-02 20:44:12.431299,2019-12-02 21:00:36.738526,Replace,7,40,47,0 days 00:00:45.000000000,0 days 00:19:47.434053000
18,2019-12-02 20:56:00.000000,2019-12-02 20:56:55.000000,2019-12-02 21:15:39.704614,2019-12-02 21:16:34.704614,2019-12-02 22:02:15.076156,2019-12-02 22:03:10.076156,2019-12-02 22:17:43.184033,Replace,7,40,47,0 days 00:00:55.000000000,0 days 00:19:39.704614000
0,2019-12-02 01:10:00.000000,2019-12-02 00:00:35.000000,2019-12-02 00:15:06.013206,2019-12-02 00:15:09.999716,,,,Onsite,8,40,47,-1 days +22:50:35.000000000,0 days 00:14:34.999716000
1,2019-12-02 00:44:00.000000,2019-12-02 00:44:45.000000,2019-12-02 01:02:16.879512,2019-12-02 01:02:26.719289,,,,Onsite,8,40,47,0 days 00:00:45.000000000,0 days 00:17:41.719289000
2,2019-12-02 02:02:00.000000,2019-12-02 02:02:45.000000,2019-12-02 02:15:22.999141,2019-12-02 02:15:31.685922,,,,Onsite,8,40,47,0 days 00:00:45.000000000,0 days 00:12:46.685922000
3,2019-12-02 03:19:00.000000,2019-12-02 03:19:35.000000,2019-12-02 03:34:41.948499,2019-12-02 03:35:03.353067,,,,Onsite,8,40,47,0 days 00:00:35.000000000,0 days 00:15:28.353067000
4,2019-12-02 04:17:00.000000,2019-12-02 04:17:45.000000,2019-12-02 04:35:40.602461,2019-12-02 04:36:25.602461,2019-12-02 05:14:54.794137,2019-12-02 05:15:39.794137,2019-12-02 05:34:13.796316,Replace,8,40,47,0 days 00:00:45.000000000,0 days 00:18:40.602461000
5,2019-12-02 05:09:00.000000,2019-12-02 05:09:45.000000,2019-12-02 05:24:26.289297,2019-12-02 05:25:11.289297,2019-12-02 05:55:20.819010,2019-12-02 05:56:05.819010,2019-12-02 06:11:46.154942,Replace,8,40,47,0 days 00:00:45.000000000,0 days 00:15:26.289297000
6,2019-12-02 06:13:00.000000,2019-12-02 06:13:25.000000,2019-12-02 06:27:05.416625,2019-12-02 06:27:30.416625,2019-12-02 06:58:10.904180,2019-12-02 06:58:35.904180,2019-12-02 07:10:28.989741,Replace,8,40,47,0 days 00:00:25.000000000,0 days 00:14:05.416625000
7,2019-12-02 07:17:00.000000,2019-12-02 07:17:35.000000,2019-12-02 07:34:11.119301,2019-12-02 07:34:46.119301,2019-12-02 07:59:57.979577,2019-12-02 08:00:32.979577,2019-12-02 08:22:35.618277,Replace,8,40,47,0 days 00:00:35.000000000,0 days 00:17:11.119301000
8,2019-12-02 08:31:00.000000,2019-12-02 08:31:30.000000,2019-12-02 08:50:41.707797,2019-12-02 08:51:00.908295,,,,Onsite,8,40,47,0 days 00:00:30.000000000,0 days 00:19:30.908295000
9,2019-12-02 09:34:00.000000,2019-12-02 09:34:50.000000,2019-12-02 09:48:38.328828,2019-12-02 09:48:54.174162,,,,Onsite,8,40,47,0 days 00:00:50.000000000,0 days 00:14:04.174162000
10,2019-12-02 10:35:00.000000,2019-12-02 10:35:30.000000,2019-12-02 10:50:38.114523,2019-12-02 10:50:54.726775,,,,Onsite,8,40,47,0 days 00:00:30.000000000,0 days 00:15:24.726775000
11,2019-12-02 11:30:00.000000,2019-12-02 11:30:45.000000,2019-12-02 11:46:49.150044,2019-12-02 11:47:11.458787,,,,Onsite,8,40,47,0 days 00:00:45.000000000,0 days 00:16:26.458787000
12,2019-12-02 12:25:00.000000,2019-12-02 12:25:35.000000,2019-12-02 12:45:13.192449,2019-12-02 12:45:36.214359,,,,Onsite,8,40,47,0 days 00:00:35.000000000,0 days 00:20:01.214359000
13,2019-12-02 13:23:00.000000,2019-12-02 13:23:25.000000,2019-12-02 13:40:42.240143,2019-12-02 13:41:07.240143,2019-12-02 14:38:23.470743,2019-12-02 14:38:48.470743,2019-12-02 14:58:10.639269,Replace,8,40,47,0 days 00:00:25.000000000,0 days 00:17:42.240143000
14,2019-12-02 14:36:00.000000,2019-12-02 14:36:45.000000,2019-12-02 14:50:33.661674,2019-12-02 14:50:45.111290,,,,Onsite,8,40,47,0 days 00:00:45.000000000,0 days 00:14:00.111290000
15,2019-12-02 15:44:00.000000,2019-12-02 15:44:35.000000,2019-12-02 16:00:48.308944,2019-12-02 16:01:23.308944,2019-12-02 16:30:56.124352,2019-12-02 16:31:31.124352,2019-12-02 16:52:13.868797,Replace,8,40,47,0 days 00:00:35.000000000,0 days 00:16:48.308944000
16,2019-12-02 16:59:00.000000,2019-12-02 16:59:45.000000,2019-12-02 17:17:25.726324,2019-12-02 17:18:10.726324,2019-12-02 18:04:27.665682,2019-12-02 18:05:12.665682,2019-12-02 18:21:18.469038,Replace,8,40,47,0 days 00:00:45.000000000,0 days 00:18:25.726324000
17,2019-12-02 18:14:00.000000,2019-12-02 18:14:50.000000,2019-12-02 18:28:37.648506,2019-12-02 18:28:58.294843,,,,Onsite,8,40,47,0 days 00:00:50.000000000,0 days 00:14:08.294843000
18,2019-12-02 19:24:00.000000,2019-12-02 19:24:30.000000,2019-12-02 19:41:59.724459,2019-12-02 19:42:29.724459,2019-12-02 20:13:36.964076,2019-12-02 20:14:06.964076,2019-12-02 20:28:28.763942,Replace,8,40,47,0 days 00:00:30.000000000,0 days 00:17:59.724459000
19,2019-12-02 20:33:00.000000,2019-12-02 20:33:45.000000,2019-12-02 20:52:17.473629,2019-12-02 20:52:26.147401,,,,Onsite,8,40,47,0 days 00:00:45.000000000,0 days 00:18:41.147401000
0,2019-12-02 01:14:00.000000,2019-12-02 00:00:25.000000,2019-12-02 00:13:52.466194,2019-12-02 00:14:04.301518,,,,Onsite,9,40,47,-1 days +22:46:25.000000000,0 days 00:13:39.301518000
1,2019-12-02 01:03:00.000000,2019-12-02 01:03:45.000000,2019-12-02 01:16:30.272004,2019-12-02 01:16:59.387102,,,,Onsite,9,40,47,0 days 00:00:45.000000000,0 days 00:13:14.387102000
2,2019-12-02 02:19:00.000000,2019-12-02 02:19:30.000000,2019-12-02 02:36:58.730721,2019-12-02 02:37:03.509026,,,,Onsite,9,40,47,0 days 00:00:30.000000000,0 days 00:17:33.509026000
3,2019-12-02 03:18:00.000000,2019-12-02 03:18:45.000000,2019-12-02 03:35:16.963136,2019-12-02 03:35:43.727045,,,,Onsite,9,40,47,0 days 00:00:45.000000000,0 days 00:16:58.727045000
4,2019-12-02 04:14:00.000000,2019-12-02 04:14:35.000000,2019-12-02 04:32:56.682909,2019-12-02 04:33:06.937022,,,,Onsite,9,40,47,0 days 00:00:35.000000000,0 days 00:18:31.937022000
5,2019-12-02 05:14:00.000000,2019-12-02 05:14:35.000000,2019-12-02 05:24:05.227993,2019-12-02 05:24:40.227993,2019-12-02 05:57:31.607889,2019-12-02 05:58:06.607889,2019-12-02 06:09:54.112544,Replace,9,40,47,0 days 00:00:35.000000000,0 days 00:10:05.227993000
6,2019-12-02 06:21:00.000000,2019-12-02 06:21:35.000000,2019-12-02 06:38:12.763095,2019-12-02 06:38:47.763095,2019-12-02 07:19:34.285671,2019-12-02 07:20:09.285671,2019-12-02 07:37:55.037233,Replace,9,40,47,0 days 00:00:35.000000000,0 days 00:17:12.763095000
7,2019-12-02 07:29:00.000000,2019-12-02 07:29:50.000000,2019-12-02 07:44:06.845457,2019-12-02 07:44:56.845457,2019-12-02 08:09:15.373722,2019-12-02 08:10:05.373722,2019-12-02 08:22:13.955680,Replace,9,40,47,0 days 00:00:50.000000000,0 days 00:15:06.845457000
8,2019-12-02 08:42:00.000000,2019-12-02 08:42:45.000000,2019-12-02 08:57:26.011957,2019-12-02 08:58:11.011957,2019-12-02 09:35:08.151432,2019-12-02 09:35:53.151432,2019-12-02 09:49:07.755620,Replace,9,40,47,0 days 00:00:45.000000000,0 days 00:15:26.011957000
9,2019-12-02 09:48:00.000000,2019-12-02 09:48:55.000000,2019-12-02 10:03:45.625924,2019-12-02 10:04:40.625924,2019-12-02 11:02:30.404257,2019-12-02 11:03:25.404257,2019-12-02 11:19:36.560861,Replace,9,40,47,0 days 00:00:55.000000000,0 days 00:15:45.625924000
10,2019-12-02 10:41:00.000000,2019-12-02 10:41:30.000000,2019-12-02 10:55:52.786577,2019-12-02 10:56:12.777539,,,,Onsite,9,40,47,0 days 00:00:30.000000000,0 days 00:14:42.777539000
11,2019-12-02 11:55:00.000000,2019-12-02 11:55:45.000000,2019-12-02 12:10:14.339869,2019-12-02 12:10:20.804148,,,,Onsite,9,40,47,0 days 00:00:45.000000000,0 days 00:14:35.804148000
12,2019-12-02 12:54:00.000000,2019-12-02 12:54:35.000000,2019-12-02 13:08:55.567588,2019-12-02 13:09:30.567588,2019-12-02 13:57:54.268523,2019-12-02 13:58:29.268523,2019-12-02 14:15:00.658696,Replace,9,40,47,0 days 00:00:35.000000000,0 days 00:14:55.567588000
13,2019-12-02 14:07:00.000000,2019-12-02 14:07:45.000000,2019-12-02 14:24:00.459673,2019-12-02 14:24:04.199620,,,,Onsite,9,40,47,0 days 00:00:45.000000000,0 days 00:16:19.199620000
14,2019-12-02 15:06:00.000000,2019-12-02 15:06:35.000000,2019-12-02 15:20:15.577712,2019-12-02 15:20:18.917469,,,,Onsite,9,40,47,0 days 00:00:35.000000000,0 days 00:13:43.917469000
15,2019-12-02 16:16:00.000000,2019-12-02 16:16:35.000000,2019-12-02 16:32:10.400571,2019-12-02 16:32:24.101521,,,,Onsite,9,40,47,0 days 00:00:35.000000000,0 days 00:15:49.101521000
16,2019-12-02 17:22:00.000000,2019-12-02 17:22:55.000000,2019-12-02 17:38:20.616314,2019-12-02 17:39:15.616314,2019-12-02 18:21:33.472076,2019-12-02 18:22:28.472076,2019-12-02 18:37:11.934286,Replace,9,40,47,0 days 00:00:55.000000000,0 days 00:16:20.616314000
17,2019-12-02 18:38:00.000000,2019-12-02 18:38:55.000000,2019-12-02 18:51:17.577451,2019-12-02 18:51:36.162683,,,,Onsite,9,40,47,0 days 00:00:55.000000000,0 days 00:12:41.162683000
18,2019-12-02 19:44:00.000000,2019-12-02 19:44:30.000000,2019-12-02 20:03:01.190415,2019-12-02 20:03:31.190415,2019-12-02 20:33:58.666806,2019-12-02 20:34:28.666806,2019-12-02 20:55:15.665319,Replace,9,40,47,0 days 00:00:30.000000000,0 days 00:19:01.190415000
19,2019-12-02 20:35:00.000000,2019-12-02 20:35:55.000000,2019-12-02 20:51:48.108733,2019-12-02 20:52:43.108733,2019-12-02 21:20:48.539071,2019-12-02 21:21:43.539071,2019-12-02 21:38:22.825723,Replace,9,40,47,0 days 00:00:55.000000000,0 days 00:16:48.108733000
0,2019-12-02 01:06:00.000000,2019-12-02 00:00:35.000000,2019-12-02 00:17:57.877631,2019-12-02 00:18:32.877631,2019-12-02 00:55:59.429789,2019-12-02 00:56:34.429789,2019-12-02 01:11:10.912660,Replace,1,40,48,-1 days +22:54:35.000000000,0 days 00:17:57.877631000
1,2019-12-02 01:15:00.000000,2019-12-02 01:15:45.000000,2019-12-02 01:36:49.929952,2019-12-02 01:37:34.929952,2019-12-02 02:19:00.128727,2019-12-02 02:19:45.128727,2019-12-02 02:43:17.796249,Replace,1,40,48,0 days 00:00:45.000000000,0 days 00:21:49.929952000
2,2019-12-02 02:08:00.000000,2019-12-02 02:08:35.000000,2019-12-02 02:22:17.167880,2019-12-02 02:22:52.167880,2019-12-02 02:47:58.137912,2019-12-02 02:48:33.137912,2019-12-02 03:02:54.621488,Replace,1,40,48,0 days 00:00:35.000000000,0 days 00:14:17.167880000
3,2019-12-02 03:19:00.000000,2019-12-02 03:19:55.000000,2019-12-02 03:33:22.251606,2019-12-02 03:33:44.560008,,,,Onsite,1,40,48,0 days 00:00:55.000000000,0 days 00:13:49.560008000
4,2019-12-02 04:18:00.000000,2019-12-02 04:18:50.000000,2019-12-02 04:34:51.829087,2019-12-02 04:35:41.829087,2019-12-02 05:09:39.610292,2019-12-02 05:10:29.610292,2019-12-02 05:27:58.689136,Replace,1,40,48,0 days 00:00:50.000000000,0 days 00:16:51.829087000
5,2019-12-02 05:15:00.000000,2019-12-02 05:15:25.000000,2019-12-02 05:36:20.008730,2019-12-02 05:36:45.008730,2019-12-02 06:18:31.278547,2019-12-02 06:18:56.278547,2019-12-02 06:39:41.652979,Replace,1,40,48,0 days 00:00:25.000000000,0 days 00:21:20.008730000
6,2019-12-02 06:16:00.000000,2019-12-02 06:16:25.000000,2019-12-02 06:34:11.139791,2019-12-02 06:34:36.139791,2019-12-02 07:22:05.193523,2019-12-02 07:22:30.193523,2019-12-02 07:43:12.239741,Replace,1,40,48,0 days 00:00:25.000000000,0 days 00:18:11.139791000
7,2019-12-02 07:30:00.000000,2019-12-02 07:30:45.000000,2019-12-02 07:48:21.442472,2019-12-02 07:48:56.129978,,,,Onsite,1,40,48,0 days 00:00:45.000000000,0 days 00:18:11.129978000
8,2019-12-02 08:27:00.000000,2019-12-02 08:27:45.000000,2019-12-02 08:42:32.562370,2019-12-02 08:43:17.562370,2019-12-02 09:14:02.827757,2019-12-02 09:14:47.827757,2019-12-02 09:30:26.755771,Replace,1,40,48,0 days 00:00:45.000000000,0 days 00:15:32.562370000
9,2019-12-02 09:25:00.000000,2019-12-02 09:25:45.000000,2019-12-02 09:43:13.537538,2019-12-02 09:43:40.833031,,,,Onsite,1,40,48,0 days 00:00:45.000000000,0 days 00:17:55.833031000
10,2019-12-02 10:12:00.000000,2019-12-02 10:12:50.000000,2019-12-02 10:28:24.449766,2019-12-02 10:28:32.624357,,,,Onsite,1,40,48,0 days 00:00:50.000000000,0 days 00:15:42.624357000
11,2019-12-02 11:29:00.000000,2019-12-02 11:29:50.000000,2019-12-02 11:42:05.501175,2019-12-02 11:42:22.417301,,,,Onsite,1,40,48,0 days 00:00:50.000000000,0 days 00:12:32.417301000
12,2019-12-02 12:41:00.000000,2019-12-02 12:41:35.000000,2019-12-02 12:58:53.928165,2019-12-02 12:59:28.928165,2019-12-02 13:37:41.038912,2019-12-02 13:38:16.038912,2019-12-02 13:56:55.920756,Replace,1,40,48,0 days 00:00:35.000000000,0 days 00:17:53.928165000
13,2019-12-02 13:57:00.000000,2019-12-02 13:57:25.000000,2019-12-02 14:10:42.996664,2019-12-02 14:10:59.702895,,,,Onsite,1,40,48,0 days 00:00:25.000000000,0 days 00:13:34.702895000
14,2019-12-02 15:09:00.000000,2019-12-02 15:09:45.000000,2019-12-02 15:22:20.754786,2019-12-02 15:23:05.754786,2019-12-02 15:49:45.296886,2019-12-02 15:50:30.296886,2019-12-02 16:03:25.059488,Replace,1,40,48,0 days 00:00:45.000000000,0 days 00:13:20.754786000
15,2019-12-02 16:18:00.000000,2019-12-02 16:18:45.000000,2019-12-02 16:32:39.701570,2019-12-02 16:33:24.701570,2019-12-02 17:06:57.860369,2019-12-02 17:07:42.860369,2019-12-02 17:24:56.747473,Replace,1,40,48,0 days 00:00:45.000000000,0 days 00:14:39.701570000
16,2019-12-02 17:29:00.000000,2019-12-02 17:29:45.000000,2019-12-02 17:51:25.754253,2019-12-02 17:52:10.754253,2019-12-02 18:32:36.462269,2019-12-02 18:33:21.462269,2019-12-02 18:47:19.114115,Replace,1,40,48,0 days 00:00:45.000000000,0 days 00:22:25.754253000
17,2019-12-02 18:29:00.000000,2019-12-02 18:29:45.000000,2019-12-02 18:46:58.281508,2019-12-02 18:47:43.281508,2019-12-02 19:21:21.048759,2019-12-02 19:22:06.048759,2019-12-02 19:36:37.859182,Replace,1,40,48,0 days 00:00:45.000000000,0 days 00:17:58.281508000
18,2019-12-02 19:46:00.000000,2019-12-02 19:46:30.000000,2019-12-02 19:59:09.419887,2019-12-02 19:59:39.419887,2019-12-02 20:26:59.131183,2019-12-02 20:27:29.131183,2019-12-02 20:41:33.970750,Replace,1,40,48,0 days 00:00:30.000000000,0 days 00:13:09.419887000
19,2019-12-02 21:01:00.000000,2019-12-02 21:01:30.000000,2019-12-02 21:22:29.374055,2019-12-02 21:22:59.374055,2019-12-02 21:59:38.555643,2019-12-02 22:00:08.555643,2019-12-02 22:12:43.863238,Replace,1,40,48,0 days 00:00:30.000000000,0 days 00:21:29.374055000
20,2019-12-02 22:17:00.000000,2019-12-02 22:17:45.000000,2019-12-02 22:33:12.884086,2019-12-02 22:33:17.163925,,,,Onsite,1,40,48,0 days 00:00:45.000000000,0 days 00:15:32.163925000
0,2019-12-02 01:13:00.000000,2019-12-02 00:00:45.000000,2019-12-02 00:21:01.146259,2019-12-02 00:21:46.146259,2019-12-02 00:57:10.803357,2019-12-02 00:57:55.803357,2019-12-02 01:13:01.979998,Replace,2,40,48,-1 days +22:47:45.000000000,0 days 00:21:01.146259000
1,2019-12-02 01:18:00.000000,2019-12-02 01:18:35.000000,2019-12-02 01:36:49.263092,2019-12-02 01:37:24.263092,2019-12-02 02:20:31.981461,2019-12-02 02:21:06.981461,2019-12-02 02:39:57.195530,Replace,2,40,48,0 days 00:00:35.000000000,0 days 00:18:49.263092000
2,2019-12-02 02:34:00.000000,2019-12-02 02:34:25.000000,2019-12-02 02:52:23.794448,2019-12-02 02:52:41.859395,,,,Onsite,2,40,48,0 days 00:00:25.000000000,0 days 00:18:16.859395000
3,2019-12-02 03:39:00.000000,2019-12-02 03:39:45.000000,2019-12-02 03:54:40.608539,2019-12-02 03:55:25.608539,2019-12-02 04:36:59.870567,2019-12-02 04:37:44.870567,2019-12-02 04:58:47.943917,Replace,2,40,48,0 days 00:00:45.000000000,0 days 00:15:40.608539000
4,2019-12-02 04:50:00.000000,2019-12-02 04:50:45.000000,2019-12-02 05:05:24.593632,2019-12-02 05:05:41.412705,,,,Onsite,2,40,48,0 days 00:00:45.000000000,0 days 00:14:56.412705000
5,2019-12-02 06:00:00.000000,2019-12-02 06:00:55.000000,2019-12-02 06:22:24.169443,2019-12-02 06:22:41.353325,,,,Onsite,2,40,48,0 days 00:00:55.000000000,0 days 00:21:46.353325000
6,2019-12-02 07:01:00.000000,2019-12-02 07:01:30.000000,2019-12-02 07:21:39.570118,2019-12-02 07:21:50.151960,,,,Onsite,2,40,48,0 days 00:00:30.000000000,0 days 00:20:20.151960000
7,2019-12-02 08:13:00.000000,2019-12-02 08:13:35.000000,2019-12-02 08:30:26.156251,2019-12-02 08:30:33.455289,,,,Onsite,2,40,48,0 days 00:00:35.000000000,0 days 00:16:58.455289000
8,2019-12-02 09:22:00.000000,2019-12-02 09:22:25.000000,2019-12-02 09:39:14.566373,2019-12-02 09:39:39.566373,2019-12-02 10:21:58.685544,2019-12-02 10:22:23.685544,2019-12-02 10:44:05.032026,Replace,2,40,48,0 days 00:00:25.000000000,0 days 00:17:14.566373000
9,2019-12-02 10:23:00.000000,2019-12-02 10:23:30.000000,2019-12-02 10:43:13.979988,2019-12-02 10:43:43.979988,2019-12-02 11:24:14.930490,2019-12-02 11:24:44.930490,2019-12-02 11:40:44.603431,Replace,2,40,48,0 days 00:00:30.000000000,0 days 00:20:13.979988000
10,2019-12-02 11:34:00.000000,2019-12-02 11:34:35.000000,2019-12-02 11:51:44.189966,2019-12-02 11:51:59.315275,,,,Onsite,2,40,48,0 days 00:00:35.000000000,0 days 00:17:24.315275000
11,2019-12-02 12:49:00.000000,2019-12-02 12:49:45.000000,2019-12-02 13:12:33.742774,2019-12-02 13:13:18.742774,2019-12-02 13:37:57.787976,2019-12-02 13:38:42.787976,2019-12-02 13:54:40.514708,Replace,2,40,48,0 days 00:00:45.000000000,0 days 00:23:33.742774000
12,2019-12-02 14:02:00.000000,2019-12-02 14:02:35.000000,2019-12-02 14:18:30.410942,2019-12-02 14:19:05.410942,2019-12-02 15:16:44.904568,2019-12-02 15:17:19.904568,2019-12-02 15:29:04.620566,Replace,2,40,48,0 days 00:00:35.000000000,0 days 00:16:30.410942000
13,2019-12-02 15:19:00.000000,2019-12-02 15:19:35.000000,2019-12-02 15:35:01.865370,2019-12-02 15:35:36.865370,2019-12-02 16:12:38.469271,2019-12-02 16:13:13.469271,2019-12-02 16:29:18.646106,Replace,2,40,48,0 days 00:00:35.000000000,0 days 00:16:01.865370000
14,2019-12-02 16:34:00.000000,2019-12-02 16:34:30.000000,2019-12-02 16:51:31.843142,2019-12-02 16:51:32.600320,,,,Onsite,2,40,48,0 days 00:00:30.000000000,0 days 00:17:02.600320000
15,2019-12-02 17:51:00.000000,2019-12-02 17:51:55.000000,2019-12-02 18:09:43.567730,2019-12-02 18:10:07.187209,,,,Onsite,2,40,48,0 days 00:00:55.000000000,0 days 00:18:12.187209000
16,2019-12-02 18:43:00.000000,2019-12-02 18:43:30.000000,2019-12-02 19:06:29.220808,2019-12-02 19:06:49.180046,,,,Onsite,2,40,48,0 days 00:00:30.000000000,0 days 00:23:19.180046000
17,2019-12-02 19:59:00.000000,2019-12-02 19:59:45.000000,2019-12-02 20:15:10.709669,2019-12-02 20:15:55.709669,2019-12-02 20:58:15.485430,2019-12-02 20:59:00.485430,2019-12-02 21:16:04.762209,Replace,2,40,48,0 days 00:00:45.000000000,0 days 00:16:10.709669000
18,2019-12-02 21:00:00.000000,2019-12-02 21:00:45.000000,2019-12-02 21:19:49.336429,2019-12-02 21:20:03.799779,,,,Onsite,2,40,48,0 days 00:00:45.000000000,0 days 00:19:18.799779000
0,2019-12-02 01:06:00.000000,2019-12-02 00:00:45.000000,2019-12-02 00:15:54.844743,2019-12-02 00:16:39.844743,2019-12-02 00:48:15.267829,2019-12-02 00:49:00.267829,2019-12-02 01:05:17.894023,Replace,3,40,48,-1 days +22:54:45.000000000,0 days 00:15:54.844743000
1,2019-12-02 01:08:00.000000,2019-12-02 01:08:25.000000,2019-12-02 01:26:10.239422,2019-12-02 01:26:35.239422,2019-12-02 01:50:30.649735,2019-12-02 01:50:55.649735,2019-12-02 02:11:11.691152,Replace,3,40,48,0 days 00:00:25.000000000,0 days 00:18:10.239422000
2,2019-12-02 02:16:00.000000,2019-12-02 02:16:35.000000,2019-12-02 02:31:25.444916,2019-12-02 02:31:45.654866,,,,Onsite,3,40,48,0 days 00:00:35.000000000,0 days 00:15:10.654866000
3,2019-12-02 04:24:00.000000,2019-12-02 04:24:25.000000,2019-12-02 04:39:13.699201,2019-12-02 04:39:30.125862,,,,Onsite,3,40,48,0 days 00:00:25.000000000,0 days 00:15:05.125862000
4,2019-12-02 03:21:00.000000,2019-12-02 03:21:45.000000,2019-12-02 03:38:58.995261,2019-12-02 03:39:43.995261,2019-12-02 04:11:23.301824,2019-12-02 04:12:08.301824,2019-12-02 04:24:02.171067,Replace,3,40,48,0 days 00:00:45.000000000,0 days 00:17:58.995261000
5,2019-12-02 05:35:00.000000,2019-12-02 05:35:45.000000,2019-12-02 05:56:24.213611,2019-12-02 05:56:29.704661,,,,Onsite,3,40,48,0 days 00:00:45.000000000,0 days 00:20:44.704661000
6,2019-12-02 06:44:00.000000,2019-12-02 06:44:45.000000,2019-12-02 07:09:50.128437,2019-12-02 07:10:00.678120,,,,Onsite,3,40,48,0 days 00:00:45.000000000,0 days 00:25:15.678120000
7,2019-12-02 08:00:00.000000,2019-12-02 08:00:50.000000,2019-12-02 08:16:10.075015,2019-12-02 08:16:13.338264,,,,Onsite,3,40,48,0 days 00:00:50.000000000,0 days 00:15:23.338264000
8,2019-12-02 09:08:00.000000,2019-12-02 09:08:55.000000,2019-12-02 09:23:20.012906,2019-12-02 09:24:15.012906,2019-12-02 09:54:31.223152,2019-12-02 09:55:26.223152,2019-12-02 10:08:26.466228,Replace,3,40,48,0 days 00:00:55.000000000,0 days 00:15:20.012906000
9,2019-12-02 10:05:00.000000,2019-12-02 10:05:50.000000,2019-12-02 10:26:49.582756,2019-12-02 10:27:39.582756,2019-12-02 10:56:54.666988,2019-12-02 10:57:44.666988,2019-12-02 11:18:05.438668,Replace,3,40,48,0 days 00:00:50.000000000,0 days 00:21:49.582756000
10,2019-12-02 11:23:00.000000,2019-12-02 11:23:30.000000,2019-12-02 11:39:14.829419,2019-12-02 11:39:44.829419,2019-12-02 12:20:50.532054,2019-12-02 12:21:20.532054,2019-12-02 12:38:25.018193,Replace,3,40,48,0 days 00:00:30.000000000,0 days 00:16:14.829419000
11,2019-12-02 13:34:00.000000,2019-12-02 13:34:45.000000,2019-12-02 13:47:41.240563,2019-12-02 13:47:48.149116,,,,Onsite,3,40,48,0 days 00:00:45.000000000,0 days 00:13:03.149116000
12,2019-12-02 12:30:00.000000,2019-12-02 12:30:35.000000,2019-12-02 12:49:03.435691,2019-12-02 12:49:38.435691,2019-12-02 13:34:31.213229,2019-12-02 13:35:06.213229,2019-12-02 13:50:47.084907,Replace,3,40,48,0 days 00:00:35.000000000,0 days 00:19:03.435691000
13,2019-12-02 14:37:00.000000,2019-12-02 14:37:45.000000,2019-12-02 14:49:23.162976,2019-12-02 14:50:08.162976,2019-12-02 15:19:12.149815,2019-12-02 15:19:57.149815,2019-12-02 15:37:07.569696,Replace,3,40,48,0 days 00:00:45.000000000,0 days 00:12:23.162976000
14,2019-12-02 15:44:00.000000,2019-12-02 15:44:30.000000,2019-12-02 15:56:42.837833,2019-12-02 15:56:49.621878,,,,Onsite,3,40,48,0 days 00:00:30.000000000,0 days 00:12:19.621878000
15,2019-12-02 16:49:00.000000,2019-12-02 16:49:25.000000,2019-12-02 17:01:01.878263,2019-12-02 17:01:26.878263,2019-12-02 17:51:57.668221,2019-12-02 17:52:22.668221,2019-12-02 18:08:06.727407,Replace,3,40,48,0 days 00:00:25.000000000,0 days 00:12:01.878263000
16,2019-12-02 17:55:00.000000,2019-12-02 17:55:30.000000,2019-12-02 18:13:25.037657,2019-12-02 18:13:55.037657,2019-12-02 18:47:10.671084,2019-12-02 18:47:40.671084,2019-12-02 19:03:14.340481,Replace,3,40,48,0 days 00:00:30.000000000,0 days 00:18:25.037657000
17,2019-12-02 19:07:00.000000,2019-12-02 19:07:25.000000,2019-12-02 19:26:03.792201,2019-12-02 19:26:28.792201,2019-12-02 20:05:52.352630,2019-12-02 20:06:17.352630,2019-12-02 20:20:00.175905,Replace,3,40,48,0 days 00:00:25.000000000,0 days 00:19:03.792201000
18,2019-12-02 20:36:00.000000,2019-12-02 20:36:35.000000,2019-12-02 20:52:55.847867,2019-12-02 20:53:13.081508,,,,Onsite,3,40,48,0 days 00:00:35.000000000,0 days 00:16:38.081508000
19,2019-12-02 21:41:00.000000,2019-12-02 21:41:30.000000,2019-12-02 21:57:20.483933,2019-12-02 21:57:50.483933,2019-12-02 22:46:12.746956,2019-12-02 22:46:42.746956,2019-12-02 22:58:10.344165,Replace,3,40,48,0 days 00:00:30.000000000,0 days 00:16:20.483933000
0,2019-12-02 01:06:00.000000,2019-12-02 00:00:25.000000,2019-12-02 00:12:11.363217,2019-12-02 00:12:18.643181,,,,Onsite,4,40,48,-1 days +22:54:25.000000000,0 days 00:11:53.643181000
1,2019-12-02 01:16:00.000000,2019-12-02 01:16:25.000000,2019-12-02 01:30:50.902698,2019-12-02 01:31:15.902698,2019-12-02 02:22:35.082852,2019-12-02 02:23:00.082852,2019-12-02 02:38:59.700991,Replace,4,40,48,0 days 00:00:25.000000000,0 days 00:14:50.902698000
2,2019-12-02 02:21:00.000000,2019-12-02 02:21:45.000000,2019-12-02 02:37:59.933408,2019-12-02 02:38:15.069247,,,,Onsite,4,40,48,0 days 00:00:45.000000000,0 days 00:16:30.069247000
3,2019-12-02 03:28:00.000000,2019-12-02 03:28:45.000000,2019-12-02 03:47:09.820012,2019-12-02 03:47:54.820012,2019-12-02 04:35:15.127295,2019-12-02 04:36:00.127295,2019-12-02 04:56:10.441808,Replace,4,40,48,0 days 00:00:45.000000000,0 days 00:19:09.820012000
4,2019-12-02 04:17:00.000000,2019-12-02 04:17:35.000000,2019-12-02 04:27:18.157546,2019-12-02 04:27:47.372583,,,,Onsite,4,40,48,0 days 00:00:35.000000000,0 days 00:10:12.372583000
5,2019-12-02 05:11:00.000000,2019-12-02 05:11:55.000000,2019-12-02 05:32:23.059474,2019-12-02 05:32:38.066637,,,,Onsite,4,40,48,0 days 00:00:55.000000000,0 days 00:20:43.066637000
6,2019-12-02 06:19:00.000000,2019-12-02 06:19:45.000000,2019-12-02 06:39:00.809434,2019-12-02 06:39:26.880095,,,,Onsite,4,40,48,0 days 00:00:45.000000000,0 days 00:19:41.880095000
7,2019-12-02 07:36:00.000000,2019-12-02 07:36:45.000000,2019-12-02 07:52:50.766128,2019-12-02 07:52:58.693278,,,,Onsite,4,40,48,0 days 00:00:45.000000000,0 days 00:16:13.693278000
8,2019-12-02 08:36:00.000000,2019-12-02 08:36:25.000000,2019-12-02 08:48:59.547514,2019-12-02 08:49:24.547514,2019-12-02 09:23:37.811368,2019-12-02 09:24:02.811368,2019-12-02 09:44:50.094200,Replace,4,40,48,0 days 00:00:25.000000000,0 days 00:12:59.547514000
9,2019-12-02 09:36:00.000000,2019-12-02 09:36:45.000000,2019-12-02 09:49:18.341480,2019-12-02 09:49:26.098743,,,,Onsite,4,40,48,0 days 00:00:45.000000000,0 days 00:12:41.098743000
10,2019-12-02 10:33:00.000000,2019-12-02 10:33:35.000000,2019-12-02 10:47:16.996869,2019-12-02 10:47:26.960268,,,,Onsite,4,40,48,0 days 00:00:35.000000000,0 days 00:13:51.960268000
11,2019-12-02 11:32:00.000000,2019-12-02 11:32:35.000000,2019-12-02 11:52:14.739555,2019-12-02 11:52:19.975174,,,,Onsite,4,40,48,0 days 00:00:35.000000000,0 days 00:19:44.975174000
12,2019-12-02 12:49:00.000000,2019-12-02 12:49:55.000000,2019-12-02 13:08:15.980159,2019-12-02 13:09:10.980159,2019-12-02 13:42:12.896221,2019-12-02 13:43:07.896221,2019-12-02 13:58:09.777707,Replace,4,40,48,0 days 00:00:55.000000000,0 days 00:19:15.980159000
13,2019-12-02 13:57:00.000000,2019-12-02 13:57:45.000000,2019-12-02 14:10:55.013597,2019-12-02 14:11:40.013597,2019-12-02 14:42:10.069830,2019-12-02 14:42:55.069830,2019-12-02 14:55:44.668778,Replace,4,40,48,0 days 00:00:45.000000000,0 days 00:13:55.013597000
14,2019-12-02 14:56:00.000000,2019-12-02 14:56:30.000000,2019-12-02 15:13:42.971314,2019-12-02 15:13:49.626903,,,,Onsite,4,40,48,0 days 00:00:30.000000000,0 days 00:17:19.626903000
15,2019-12-02 15:51:00.000000,2019-12-02 15:51:55.000000,2019-12-02 16:09:07.690590,2019-12-02 16:10:02.690590,2019-12-02 16:40:11.976801,2019-12-02 16:41:06.976801,2019-12-02 17:04:33.231285,Replace,4,40,48,0 days 00:00:55.000000000,0 days 00:18:07.690590000
16,2019-12-02 17:14:00.000000,2019-12-02 17:14:55.000000,2019-12-02 17:26:17.309069,2019-12-02 17:26:32.206584,,,,Onsite,4,40,48,0 days 00:00:55.000000000,0 days 00:11:37.206584000
17,2019-12-02 18:21:00.000000,2019-12-02 18:21:30.000000,2019-12-02 18:39:04.398210,2019-12-02 18:39:34.398210,2019-12-02 19:05:33.103339,2019-12-02 19:06:03.103339,2019-12-02 19:20:25.863784,Replace,4,40,48,0 days 00:00:30.000000000,0 days 00:18:04.398210000
18,2019-12-02 19:29:00.000000,2019-12-02 19:29:45.000000,2019-12-02 19:45:43.343156,2019-12-02 19:46:28.343156,2019-12-02 20:19:43.967711,2019-12-02 20:20:28.967711,2019-12-02 20:39:40.912085,Replace,4,40,48,0 days 00:00:45.000000000,0 days 00:16:43.343156000
19,2019-12-02 20:34:00.000000,2019-12-02 20:34:55.000000,2019-12-02 20:51:36.881762,2019-12-02 20:52:31.881762,2019-12-02 21:21:09.097875,2019-12-02 21:22:04.097875,2019-12-02 21:33:28.972548,Replace,4,40,48,0 days 00:00:55.000000000,0 days 00:17:36.881762000
20,2019-12-02 21:49:00.000000,2019-12-02 21:49:55.000000,2019-12-02 21:59:16.299263,2019-12-02 22:00:11.299263,2019-12-02 22:33:51.197520,2019-12-02 22:34:46.197520,2019-12-02 22:50:04.155163,Replace,4,40,48,0 days 00:00:55.000000000,0 days 00:10:16.299263000
0,2019-12-02 00:55:00.000000,2019-12-02 00:00:45.000000,2019-12-02 00:16:50.405425,2019-12-02 00:17:04.202247,,,,Onsite,5,40,48,-1 days +23:05:45.000000000,0 days 00:16:19.202247000
1,2019-12-02 01:05:00.000000,2019-12-02 01:05:30.000000,2019-12-02 01:28:45.739030,2019-12-02 01:29:15.739030,2019-12-02 02:09:09.411090,2019-12-02 02:09:39.411090,2019-12-02 02:26:42.082071,Replace,5,40,48,0 days 00:00:30.000000000,0 days 00:23:45.739030000
2,2019-12-02 02:17:00.000000,2019-12-02 02:17:45.000000,2019-12-02 02:38:24.062143,2019-12-02 02:38:44.325116,,,,Onsite,5,40,48,0 days 00:00:45.000000000,0 days 00:20:59.325116000
3,2019-12-02 03:12:00.000000,2019-12-02 03:12:25.000000,2019-12-02 03:30:01.599002,2019-12-02 03:30:26.599002,2019-12-02 04:01:03.301389,2019-12-02 04:01:28.301389,2019-12-02 04:12:48.414267,Replace,5,40,48,0 days 00:00:25.000000000,0 days 00:18:01.599002000
4,2019-12-02 04:20:00.000000,2019-12-02 04:20:55.000000,2019-12-02 04:34:06.673018,2019-12-02 04:35:01.673018,2019-12-02 05:10:38.721840,2019-12-02 05:11:33.721840,2019-12-02 05:35:21.897183,Replace,5,40,48,0 days 00:00:55.000000000,0 days 00:14:06.673018000
5,2019-12-02 05:32:00.000000,2019-12-02 05:32:25.000000,2019-12-02 05:49:53.635530,2019-12-02 05:50:29.387253,,,,Onsite,5,40,48,0 days 00:00:25.000000000,0 days 00:18:04.387253000
6,2019-12-02 06:47:00.000000,2019-12-02 06:47:35.000000,2019-12-02 07:00:15.435781,2019-12-02 07:00:50.435781,2019-12-02 07:32:11.329380,2019-12-02 07:32:46.329380,2019-12-02 07:47:45.416445,Replace,5,40,48,0 days 00:00:35.000000000,0 days 00:13:15.435781000
7,2019-12-02 07:48:00.000000,2019-12-02 07:48:55.000000,2019-12-02 08:05:40.154707,2019-12-02 08:06:35.154707,2019-12-02 08:41:09.887880,2019-12-02 08:42:04.887880,2019-12-02 08:59:37.486841,Replace,5,40,48,0 days 00:00:55.000000000,0 days 00:17:40.154707000
8,2019-12-02 08:54:00.000000,2019-12-02 08:54:35.000000,2019-12-02 09:13:36.023545,2019-12-02 09:13:56.709617,,,,Onsite,5,40,48,0 days 00:00:35.000000000,0 days 00:19:21.709617000
9,2019-12-02 09:59:00.000000,2019-12-02 09:59:45.000000,2019-12-02 10:18:07.798849,2019-12-02 10:18:18.147034,,,,Onsite,5,40,48,0 days 00:00:45.000000000,0 days 00:18:33.147034000
10,2019-12-02 11:01:00.000000,2019-12-02 11:01:45.000000,2019-12-02 11:17:16.050897,2019-12-02 11:18:01.050897,2019-12-02 11:42:17.427404,2019-12-02 11:43:02.427404,2019-12-02 11:56:07.299811,Replace,5,40,48,0 days 00:00:45.000000000,0 days 00:16:16.050897000
11,2019-12-02 12:09:00.000000,2019-12-02 12:09:25.000000,2019-12-02 12:26:44.578479,2019-12-02 12:27:04.089993,,,,Onsite,5,40,48,0 days 00:00:25.000000000,0 days 00:17:39.089993000
12,2019-12-02 13:23:00.000000,2019-12-02 13:23:35.000000,2019-12-02 13:41:04.390867,2019-12-02 13:41:22.978549,,,,Onsite,5,40,48,0 days 00:00:35.000000000,0 days 00:17:47.978549000
13,2019-12-02 14:32:00.000000,2019-12-02 14:32:35.000000,2019-12-02 14:49:53.862402,2019-12-02 14:50:28.862402,2019-12-02 15:17:39.659701,2019-12-02 15:18:14.659701,2019-12-02 15:38:30.354768,Replace,5,40,48,0 days 00:00:35.000000000,0 days 00:17:53.862402000
14,2019-12-02 15:42:00.000000,2019-12-02 15:42:45.000000,2019-12-02 15:57:34.866780,2019-12-02 15:58:19.866780,2019-12-02 16:32:38.251831,2019-12-02 16:33:23.251831,2019-12-02 16:47:07.984583,Replace,5,40,48,0 days 00:00:45.000000000,0 days 00:15:34.866780000
15,2019-12-02 16:50:00.000000,2019-12-02 16:50:45.000000,2019-12-02 17:06:25.430417,2019-12-02 17:06:40.690604,,,,Onsite,5,40,48,0 days 00:00:45.000000000,0 days 00:15:55.690604000
16,2019-12-02 17:54:00.000000,2019-12-02 17:54:55.000000,2019-12-02 18:10:20.396590,2019-12-02 18:11:15.396590,2019-12-02 19:02:40.742987,2019-12-02 19:03:35.742987,2019-12-02 19:23:19.449462,Replace,5,40,48,0 days 00:00:55.000000000,0 days 00:16:20.396590000
17,2019-12-02 18:58:00.000000,2019-12-02 18:58:35.000000,2019-12-02 19:18:30.270825,2019-12-02 19:19:05.270825,2019-12-02 20:08:40.867075,2019-12-02 20:09:15.867075,2019-12-02 20:27:53.831410,Replace,5,40,48,0 days 00:00:35.000000000,0 days 00:20:30.270825000
18,2019-12-02 20:19:00.000000,2019-12-02 20:19:30.000000,2019-12-02 20:33:49.324174,2019-12-02 20:34:19.324174,2019-12-02 21:26:09.281760,2019-12-02 21:26:39.281760,2019-12-02 21:38:41.497359,Replace,5,40,48,0 days 00:00:30.000000000,0 days 00:14:49.324174000
0,2019-12-02 00:55:00.000000,2019-12-02 00:00:55.000000,2019-12-02 00:18:24.809569,2019-12-02 00:19:19.809569,2019-12-02 00:43:49.629174,2019-12-02 00:44:44.629174,2019-12-02 00:56:28.696016,Replace,6,40,48,-1 days +23:05:55.000000000,0 days 00:18:24.809569000
1,2019-12-02 01:13:00.000000,2019-12-02 01:13:45.000000,2019-12-02 01:25:45.989935,2019-12-02 01:26:30.989935,2019-12-02 02:13:39.263312,2019-12-02 02:14:24.263312,2019-12-02 02:30:34.409066,Replace,6,40,48,0 days 00:00:45.000000000,0 days 00:12:45.989935000
2,2019-12-02 02:16:00.000000,2019-12-02 02:16:45.000000,2019-12-02 02:32:38.662600,2019-12-02 02:32:52.516270,,,,Onsite,6,40,48,0 days 00:00:45.000000000,0 days 00:16:07.516270000
3,2019-12-02 03:26:00.000000,2019-12-02 03:26:55.000000,2019-12-02 03:44:55.771426,2019-12-02 03:45:12.219844,,,,Onsite,6,40,48,0 days 00:00:55.000000000,0 days 00:18:17.219844000
4,2019-12-02 04:34:00.000000,2019-12-02 04:34:25.000000,2019-12-02 04:51:38.936057,2019-12-02 04:51:51.051159,,,,Onsite,6,40,48,0 days 00:00:25.000000000,0 days 00:17:26.051159000
5,2019-12-02 05:52:00.000000,2019-12-02 05:52:30.000000,2019-12-02 06:07:48.045009,2019-12-02 06:08:18.045009,2019-12-02 06:44:09.049996,2019-12-02 06:44:39.049996,2019-12-02 07:06:36.517881,Replace,6,40,48,0 days 00:00:30.000000000,0 days 00:15:48.045009000
6,2019-12-02 07:08:00.000000,2019-12-02 07:08:45.000000,2019-12-02 07:23:55.495483,2019-12-02 07:24:40.495483,2019-12-02 08:18:09.459613,2019-12-02 08:18:54.459613,2019-12-02 08:33:23.627539,Replace,6,40,48,0 days 00:00:45.000000000,0 days 00:15:55.495483000
7,2019-12-02 08:12:00.000000,2019-12-02 08:12:25.000000,2019-12-02 08:29:54.250295,2019-12-02 08:30:19.250295,2019-12-02 09:00:52.858759,2019-12-02 09:01:17.858759,2019-12-02 09:16:23.436129,Replace,6,40,48,0 days 00:00:25.000000000,0 days 00:17:54.250295000
8,2019-12-02 09:24:00.000000,2019-12-02 09:24:45.000000,2019-12-02 09:40:54.189968,2019-12-02 09:41:39.189968,2019-12-02 10:13:51.765871,2019-12-02 10:14:36.765871,2019-12-02 10:31:58.713479,Replace,6,40,48,0 days 00:00:45.000000000,0 days 00:16:54.189968000
9,2019-12-02 10:35:00.000000,2019-12-02 10:35:45.000000,2019-12-02 10:52:34.802710,2019-12-02 10:52:48.683821,,,,Onsite,6,40,48,0 days 00:00:45.000000000,0 days 00:17:03.683821000
10,2019-12-02 11:42:00.000000,2019-12-02 11:42:35.000000,2019-12-02 11:55:55.830014,2019-12-02 11:56:30.830014,2019-12-02 12:26:48.629906,2019-12-02 12:27:23.629906,2019-12-02 12:39:46.982824,Replace,6,40,48,0 days 00:00:35.000000000,0 days 00:13:55.830014000
11,2019-12-02 12:47:00.000000,2019-12-02 12:47:55.000000,2019-12-02 13:01:59.540413,2019-12-02 13:02:20.213562,,,,Onsite,6,40,48,0 days 00:00:55.000000000,0 days 00:14:25.213562000
12,2019-12-02 14:02:00.000000,2019-12-02 14:02:50.000000,2019-12-02 14:21:08.480949,2019-12-02 14:21:58.480949,2019-12-02 15:05:48.283723,2019-12-02 15:06:38.283723,2019-12-02 15:18:20.841017,Replace,6,40,48,0 days 00:00:50.000000000,0 days 00:19:08.480949000
13,2019-12-02 15:09:00.000000,2019-12-02 15:09:25.000000,2019-12-02 15:25:32.836454,2019-12-02 15:25:44.285836,,,,Onsite,6,40,48,0 days 00:00:25.000000000,0 days 00:16:19.285836000
14,2019-12-02 16:12:00.000000,2019-12-02 16:12:35.000000,2019-12-02 16:29:39.908708,2019-12-02 16:30:14.908708,2019-12-02 17:13:34.008816,2019-12-02 17:14:09.008816,2019-12-02 17:28:36.161746,Replace,6,40,48,0 days 00:00:35.000000000,0 days 00:17:39.908708000
15,2019-12-02 17:11:00.000000,2019-12-02 17:11:30.000000,2019-12-02 17:27:58.725007,2019-12-02 17:28:28.725007,2019-12-02 18:05:34.881944,2019-12-02 18:06:04.881944,2019-12-02 18:20:23.727375,Replace,6,40,48,0 days 00:00:30.000000000,0 days 00:16:58.725007000
16,2019-12-02 18:04:00.000000,2019-12-02 18:04:50.000000,2019-12-02 18:15:33.981275,2019-12-02 18:16:23.981275,2019-12-02 18:42:11.711340,2019-12-02 18:43:01.711340,2019-12-02 18:57:43.269354,Replace,6,40,48,0 days 00:00:50.000000000,0 days 00:11:33.981275000
17,2019-12-02 19:10:00.000000,2019-12-02 19:10:45.000000,2019-12-02 19:28:43.404272,2019-12-02 19:29:01.571485,,,,Onsite,6,40,48,0 days 00:00:45.000000000,0 days 00:18:16.571485000
18,2019-12-02 20:15:00.000000,2019-12-02 20:15:45.000000,2019-12-02 20:29:08.961033,2019-12-02 20:29:53.961033,2019-12-02 20:57:34.077094,2019-12-02 20:58:19.077094,2019-12-02 21:14:27.703633,Replace,6,40,48,0 days 00:00:45.000000000,0 days 00:14:08.961033000
19,2019-12-02 21:25:00.000000,2019-12-02 21:25:25.000000,2019-12-02 21:41:11.799031,2019-12-02 21:41:44.301901,,,,Onsite,6,40,48,0 days 00:00:25.000000000,0 days 00:16:19.301901000
0,2019-12-02 00:55:00.000000,2019-12-02 00:00:45.000000,2019-12-02 00:16:48.091132,2019-12-02 00:17:02.551977,,,,Onsite,7,40,48,-1 days +23:05:45.000000000,0 days 00:16:17.551977000
1,2019-12-02 01:07:00.000000,2019-12-02 01:07:35.000000,2019-12-02 01:27:23.731435,2019-12-02 01:27:58.731435,2019-12-02 01:58:01.896460,2019-12-02 01:58:36.896460,2019-12-02 02:13:44.396831,Replace,7,40,48,0 days 00:00:35.000000000,0 days 00:20:23.731435000
2,2019-12-02 02:22:00.000000,2019-12-02 02:22:45.000000,2019-12-02 02:38:36.031644,2019-12-02 02:39:21.031644,2019-12-02 03:16:45.007459,2019-12-02 03:17:30.007459,2019-12-02 03:33:43.508343,Replace,7,40,48,0 days 00:00:45.000000000,0 days 00:16:36.031644000
3,2019-12-02 03:42:00.000000,2019-12-02 03:42:35.000000,2019-12-02 03:56:00.734764,2019-12-02 03:56:21.737079,,,,Onsite,7,40,48,0 days 00:00:35.000000000,0 days 00:13:46.737079000
4,2019-12-02 05:03:00.000000,2019-12-02 05:03:35.000000,2019-12-02 05:19:46.827372,2019-12-02 05:20:02.438334,,,,Onsite,7,40,48,0 days 00:00:35.000000000,0 days 00:16:27.438334000
5,2019-12-02 07:16:00.000000,2019-12-02 07:16:50.000000,2019-12-02 07:31:50.098244,2019-12-02 07:31:55.397701,,,,Onsite,7,40,48,0 days 00:00:50.000000000,0 days 00:15:05.397701000
6,2019-12-02 05:59:00.000000,2019-12-02 05:59:45.000000,2019-12-02 06:13:02.114707,2019-12-02 06:13:47.114707,2019-12-02 07:01:15.871307,2019-12-02 07:02:00.871307,2019-12-02 07:16:36.366604,Replace,7,40,48,0 days 00:00:45.000000000,0 days 00:14:02.114707000
7,2019-12-02 08:34:00.000000,2019-12-02 08:34:45.000000,2019-12-02 08:50:52.952771,2019-12-02 08:51:16.418696,,,,Onsite,7,40,48,0 days 00:00:45.000000000,0 days 00:16:31.418696000
8,2019-12-02 09:43:00.000000,2019-12-02 09:43:45.000000,2019-12-02 10:03:23.313243,2019-12-02 10:04:08.313243,2019-12-02 10:45:40.221494,2019-12-02 10:46:25.221494,2019-12-02 11:07:03.090876,Replace,7,40,48,0 days 00:00:45.000000000,0 days 00:20:23.313243000
9,2019-12-02 10:50:00.000000,2019-12-02 10:50:35.000000,2019-12-02 11:04:56.319522,2019-12-02 11:05:03.330395,,,,Onsite,7,40,48,0 days 00:00:35.000000000,0 days 00:14:28.330395000
10,2019-12-02 11:56:00.000000,2019-12-02 11:56:30.000000,2019-12-02 12:11:23.595561,2019-12-02 12:11:53.595561,2019-12-02 12:40:09.444394,2019-12-02 12:40:39.444394,2019-12-02 12:55:16.698063,Replace,7,40,48,0 days 00:00:30.000000000,0 days 00:15:23.595561000
11,2019-12-02 13:01:00.000000,2019-12-02 13:01:50.000000,2019-12-02 13:15:51.128730,2019-12-02 13:16:41.128730,2019-12-02 14:00:04.013276,2019-12-02 14:00:54.013276,2019-12-02 14:18:18.702212,Replace,7,40,48,0 days 00:00:50.000000000,0 days 00:14:51.128730000
12,2019-12-02 14:07:00.000000,2019-12-02 14:07:25.000000,2019-12-02 14:26:52.107084,2019-12-02 14:27:17.107084,2019-12-02 14:57:27.821308,2019-12-02 14:57:52.821308,2019-12-02 15:11:45.038304,Replace,7,40,48,0 days 00:00:25.000000000,0 days 00:19:52.107084000
13,2019-12-02 15:12:00.000000,2019-12-02 15:12:50.000000,2019-12-02 15:33:22.991689,2019-12-02 15:33:28.082195,,,,Onsite,7,40,48,0 days 00:00:50.000000000,0 days 00:20:38.082195000
14,2019-12-02 16:23:00.000000,2019-12-02 16:23:25.000000,2019-12-02 16:38:08.471234,2019-12-02 16:38:33.471234,2019-12-02 17:24:06.287955,2019-12-02 17:24:31.287955,2019-12-02 17:39:38.238478,Replace,7,40,48,0 days 00:00:25.000000000,0 days 00:15:08.471234000
15,2019-12-02 17:42:00.000000,2019-12-02 17:42:35.000000,2019-12-02 18:02:10.244719,2019-12-02 18:02:45.244719,2019-12-02 18:31:17.482224,2019-12-02 18:31:52.482224,2019-12-02 18:48:51.552318,Replace,7,40,48,0 days 00:00:35.000000000,0 days 00:20:10.244719000
16,2019-12-02 18:53:00.000000,2019-12-02 18:53:35.000000,2019-12-02 19:12:50.087703,2019-12-02 19:13:25.087703,2019-12-02 19:44:25.123681,2019-12-02 19:45:00.123681,2019-12-02 20:04:20.495872,Replace,7,40,48,0 days 00:00:35.000000000,0 days 00:19:50.087703000
17,2019-12-02 19:42:00.000000,2019-12-02 19:42:45.000000,2019-12-02 19:58:39.746257,2019-12-02 19:58:44.593197,,,,Onsite,7,40,48,0 days 00:00:45.000000000,0 days 00:15:59.593197000
18,2019-12-02 21:00:00.000000,2019-12-02 21:00:45.000000,2019-12-02 21:16:08.921585,2019-12-02 21:16:13.233692,,,,Onsite,7,40,48,0 days 00:00:45.000000000,0 days 00:15:28.233692000
0,2019-12-02 01:00:00.000000,2019-12-02 00:00:45.000000,2019-12-02 00:18:22.663462,2019-12-02 00:19:07.663462,2019-12-02 00:55:26.010069,2019-12-02 00:56:11.010069,2019-12-02 01:08:53.147940,Replace,8,40,48,-1 days +23:00:45.000000000,0 days 00:18:22.663462000
1,2019-12-02 00:53:00.000000,2019-12-02 00:53:50.000000,2019-12-02 01:13:30.600380,2019-12-02 01:13:49.814073,,,,Onsite,8,40,48,0 days 00:00:50.000000000,0 days 00:19:59.814073000
2,2019-12-02 02:06:00.000000,2019-12-02 02:06:55.000000,2019-12-02 02:23:47.956275,2019-12-02 02:24:42.956275,2019-12-02 02:56:42.327629,2019-12-02 02:57:37.327629,2019-12-02 03:20:12.018644,Replace,8,40,48,0 days 00:00:55.000000000,0 days 00:17:47.956275000
3,2019-12-02 03:17:00.000000,2019-12-02 03:17:35.000000,2019-12-02 03:34:45.889748,2019-12-02 03:35:20.889748,2019-12-02 04:08:36.748103,2019-12-02 04:09:11.748103,2019-12-02 04:30:02.512789,Replace,8,40,48,0 days 00:00:35.000000000,0 days 00:17:45.889748000
4,2019-12-02 04:36:00.000000,2019-12-02 04:36:45.000000,2019-12-02 04:52:28.609320,2019-12-02 04:52:37.929732,,,,Onsite,8,40,48,0 days 00:00:45.000000000,0 days 00:15:52.929732000
5,2019-12-02 05:38:00.000000,2019-12-02 05:38:25.000000,2019-12-02 05:51:04.532410,2019-12-02 05:51:10.505229,,,,Onsite,8,40,48,0 days 00:00:25.000000000,0 days 00:12:45.505229000
6,2019-12-02 06:35:00.000000,2019-12-02 06:35:30.000000,2019-12-02 06:53:46.086034,2019-12-02 06:54:13.459249,,,,Onsite,8,40,48,0 days 00:00:30.000000000,0 days 00:18:43.459249000
7,2019-12-02 07:39:00.000000,2019-12-02 07:39:30.000000,2019-12-02 07:47:10.554126,2019-12-02 07:47:40.554126,2019-12-02 08:31:28.018289,2019-12-02 08:31:58.018289,2019-12-02 08:45:59.965176,Replace,8,40,48,0 days 00:00:30.000000000,0 days 00:08:10.554126000
8,2019-12-02 08:48:00.000000,2019-12-02 08:48:35.000000,2019-12-02 09:06:02.723434,2019-12-02 09:06:37.723434,2019-12-02 09:38:35.832429,2019-12-02 09:39:10.832429,2019-12-02 09:53:57.220029,Replace,8,40,48,0 days 00:00:35.000000000,0 days 00:18:02.723434000
9,2019-12-02 09:59:00.000000,2019-12-02 09:59:45.000000,2019-12-02 10:14:37.286439,2019-12-02 10:15:22.286439,2019-12-02 10:50:49.446586,2019-12-02 10:51:34.446586,2019-12-02 11:09:51.679734,Replace,8,40,48,0 days 00:00:45.000000000,0 days 00:15:37.286439000
10,2019-12-02 11:07:00.000000,2019-12-02 11:07:45.000000,2019-12-02 11:23:49.145740,2019-12-02 11:24:34.145740,2019-12-02 11:54:52.676832,2019-12-02 11:55:37.676832,2019-12-02 12:07:35.656826,Replace,8,40,48,0 days 00:00:45.000000000,0 days 00:16:49.145740000
11,2019-12-02 12:13:00.000000,2019-12-02 12:13:35.000000,2019-12-02 12:30:17.643973,2019-12-02 12:30:52.643973,2019-12-02 13:04:44.595801,2019-12-02 13:05:19.595801,2019-12-02 13:15:57.197148,Replace,8,40,48,0 days 00:00:35.000000000,0 days 00:17:17.643973000
12,2019-12-02 13:27:00.000000,2019-12-02 13:27:30.000000,2019-12-02 13:45:23.597229,2019-12-02 13:45:39.623672,,,,Onsite,8,40,48,0 days 00:00:30.000000000,0 days 00:18:09.623672000
13,2019-12-02 14:38:00.000000,2019-12-02 14:38:35.000000,2019-12-02 14:53:26.951214,2019-12-02 14:53:32.744787,,,,Onsite,8,40,48,0 days 00:00:35.000000000,0 days 00:14:57.744787000
14,2019-12-02 15:51:00.000000,2019-12-02 15:51:30.000000,2019-12-02 16:10:13.627667,2019-12-02 16:10:29.860570,,,,Onsite,8,40,48,0 days 00:00:30.000000000,0 days 00:18:59.860570000
15,2019-12-02 17:05:00.000000,2019-12-02 17:05:55.000000,2019-12-02 17:15:21.193525,2019-12-02 17:15:30.597684,,,,Onsite,8,40,48,0 days 00:00:55.000000000,0 days 00:09:35.597684000
16,2019-12-02 18:30:00.000000,2019-12-02 18:30:45.000000,2019-12-02 18:47:35.984915,2019-12-02 18:48:20.984915,2019-12-02 19:19:32.445492,2019-12-02 19:20:17.445492,2019-12-02 19:35:04.126446,Replace,8,40,48,0 days 00:00:45.000000000,0 days 00:17:35.984915000
17,2019-12-02 20:00:00.000000,2019-12-02 20:00:45.000000,2019-12-02 20:17:36.990736,2019-12-02 20:18:21.990736,2019-12-02 20:42:38.151534,2019-12-02 20:43:23.151534,2019-12-02 21:05:35.778590,Replace,8,40,48,0 days 00:00:45.000000000,0 days 00:17:36.990736000
18,2019-12-02 21:24:00.000000,2019-12-02 21:24:30.000000,2019-12-02 21:34:32.014040,2019-12-02 21:34:55.652911,,,,Onsite,8,40,48,0 days 00:00:30.000000000,0 days 00:10:25.652911000
19,2019-12-02 22:36:00.000000,2019-12-02 22:36:30.000000,2019-12-02 22:48:54.102346,2019-12-02 22:49:08.450343,,,,Onsite,8,40,48,0 days 00:00:30.000000000,0 days 00:12:38.450343000
0,2019-12-02 01:15:00.000000,2019-12-02 00:00:45.000000,2019-12-02 00:14:40.501545,2019-12-02 00:15:25.501545,2019-12-02 01:04:07.421963,2019-12-02 01:04:52.421963,2019-12-02 01:16:07.722581,Replace,9,40,48,-1 days +22:45:45.000000000,0 days 00:14:40.501545000
1,2019-12-02 01:05:00.000000,2019-12-02 01:05:35.000000,2019-12-02 01:22:21.233295,2019-12-02 01:22:56.233295,2019-12-02 01:58:11.228230,2019-12-02 01:58:46.228230,2019-12-02 02:12:11.717865,Replace,9,40,48,0 days 00:00:35.000000000,0 days 00:17:21.233295000
2,2019-12-02 02:10:00.000000,2019-12-02 02:10:55.000000,2019-12-02 02:18:50.641399,2019-12-02 02:19:45.641399,2019-12-02 03:02:41.884866,2019-12-02 03:03:36.884866,2019-12-02 03:14:58.004027,Replace,9,40,48,0 days 00:00:55.000000000,0 days 00:08:50.641399000
3,2019-12-02 03:21:00.000000,2019-12-02 03:21:35.000000,2019-12-02 03:39:46.773599,2019-12-02 03:40:21.773599,2019-12-02 04:16:10.001279,2019-12-02 04:16:45.001279,2019-12-02 04:37:31.662464,Replace,9,40,48,0 days 00:00:35.000000000,0 days 00:18:46.773599000
4,2019-12-02 04:15:00.000000,2019-12-02 04:15:45.000000,2019-12-02 04:27:44.079497,2019-12-02 04:28:29.079497,2019-12-02 04:50:46.506001,2019-12-02 04:51:31.506001,2019-12-02 05:10:21.064122,Replace,9,40,48,0 days 00:00:45.000000000,0 days 00:12:44.079497000
5,2019-12-02 05:26:00.000000,2019-12-02 05:26:55.000000,2019-12-02 05:44:26.127370,2019-12-02 05:45:21.127370,2019-12-02 06:37:35.225716,2019-12-02 06:38:30.225716,2019-12-02 06:52:33.331259,Replace,9,40,48,0 days 00:00:55.000000000,0 days 00:18:26.127370000
6,2019-12-02 06:43:00.000000,2019-12-02 06:43:25.000000,2019-12-02 06:57:41.493710,2019-12-02 06:58:06.493710,2019-12-02 07:39:47.401563,2019-12-02 07:40:12.401563,2019-12-02 08:01:14.798316,Replace,9,40,48,0 days 00:00:25.000000000,0 days 00:14:41.493710000
7,2019-12-02 07:51:00.000000,2019-12-02 07:51:25.000000,2019-12-02 08:03:19.266083,2019-12-02 08:03:35.662020,,,,Onsite,9,40,48,0 days 00:00:25.000000000,0 days 00:12:10.662020000
8,2019-12-02 08:58:00.000000,2019-12-02 08:58:55.000000,2019-12-02 09:11:49.948147,2019-12-02 09:12:44.948147,2019-12-02 09:46:20.983044,2019-12-02 09:47:15.983044,2019-12-02 10:07:41.563204,Replace,9,40,48,0 days 00:00:55.000000000,0 days 00:13:49.948147000
9,2019-12-02 10:20:00.000000,2019-12-02 10:20:25.000000,2019-12-02 10:39:37.385559,2019-12-02 10:40:02.385559,2019-12-02 11:14:19.795622,2019-12-02 11:14:44.795622,2019-12-02 11:33:13.284515,Replace,9,40,48,0 days 00:00:25.000000000,0 days 00:19:37.385559000
10,2019-12-02 11:26:00.000000,2019-12-02 11:26:55.000000,2019-12-02 11:46:25.481990,2019-12-02 11:47:20.481990,2019-12-02 12:20:24.410770,2019-12-02 12:21:19.410770,2019-12-02 12:35:06.353930,Replace,9,40,48,0 days 00:00:55.000000000,0 days 00:20:25.481990000
11,2019-12-02 12:38:00.000000,2019-12-02 12:38:35.000000,2019-12-02 12:51:55.522543,2019-12-02 12:52:30.522543,2019-12-02 13:22:42.496098,2019-12-02 13:23:17.496098,2019-12-02 13:39:51.385041,Replace,9,40,48,0 days 00:00:35.000000000,0 days 00:13:55.522543000
12,2019-12-02 13:40:00.000000,2019-12-02 13:40:45.000000,2019-12-02 13:56:55.458430,2019-12-02 13:57:21.807351,,,,Onsite,9,40,48,0 days 00:00:45.000000000,0 days 00:16:36.807351000
13,2019-12-02 14:50:00.000000,2019-12-02 14:50:45.000000,2019-12-02 15:07:23.422955,2019-12-02 15:08:08.422955,2019-12-02 15:49:24.570107,2019-12-02 15:50:09.570107,2019-12-02 16:10:41.353878,Replace,9,40,48,0 days 00:00:45.000000000,0 days 00:17:23.422955000
14,2019-12-02 15:55:00.000000,2019-12-02 15:55:55.000000,2019-12-02 16:07:45.068477,2019-12-02 16:08:40.068477,2019-12-02 16:39:52.775513,2019-12-02 16:40:47.775513,2019-12-02 16:58:16.362106,Replace,9,40,48,0 days 00:00:55.000000000,0 days 00:12:45.068477000
15,2019-12-02 16:58:00.000000,2019-12-02 16:58:45.000000,2019-12-02 17:12:25.749526,2019-12-02 17:13:10.749526,2019-12-02 18:05:57.155296,2019-12-02 18:06:42.155296,2019-12-02 18:19:58.435908,Replace,9,40,48,0 days 00:00:45.000000000,0 days 00:14:25.749526000
16,2019-12-02 18:04:00.000000,2019-12-02 18:04:50.000000,2019-12-02 18:20:06.543568,2019-12-02 18:20:56.543568,2019-12-02 19:05:25.600333,2019-12-02 19:06:15.600333,2019-12-02 19:17:54.341005,Replace,9,40,48,0 days 00:00:50.000000000,0 days 00:16:06.543568000
17,2019-12-02 19:11:00.000000,2019-12-02 19:11:35.000000,2019-12-02 19:32:03.845580,2019-12-02 19:32:38.845580,2019-12-02 20:06:27.441544,2019-12-02 20:07:02.441544,2019-12-02 20:22:56.974024,Replace,9,40,48,0 days 00:00:35.000000000,0 days 00:21:03.845580000
18,2019-12-02 20:27:00.000000,2019-12-02 20:27:35.000000,2019-12-02 20:41:45.554208,2019-12-02 20:42:16.475944,,,,Onsite,9,40,48,0 days 00:00:35.000000000,0 days 00:14:41.475944000
19,2019-12-02 21:43:00.000000,2019-12-02 21:43:25.000000,2019-12-02 21:59:58.425533,2019-12-02 22:00:23.425533,2019-12-02 22:21:27.246972,2019-12-02 22:21:52.246972,2019-12-02 22:37:43.581939,Replace,9,40,48,0 days 00:00:25.000000000,0 days 00:16:58.425533000
0,2019-12-02 01:12:00.000000,2019-12-02 00:00:50.000000,2019-12-02 00:17:07.421686,2019-12-02 00:17:57.421686,2019-12-02 00:53:13.274707,2019-12-02 00:54:03.274707,2019-12-02 01:16:44.231794,Replace,1,40,49,-1 days +22:48:50.000000000,0 days 00:17:07.421686000
1,2019-12-02 02:11:00.000000,2019-12-02 02:11:25.000000,2019-12-02 02:25:05.278523,2019-12-02 02:25:37.625801,,,,Onsite,1,40,49,0 days 00:00:25.000000000,0 days 00:14:12.625801000
2,2019-12-02 00:55:00.000000,2019-12-02 00:55:45.000000,2019-12-02 01:12:16.692674,2019-12-02 01:13:01.692674,2019-12-02 01:49:20.111396,2019-12-02 01:50:05.111396,2019-12-02 02:11:20.938392,Replace,1,40,49,0 days 00:00:45.000000000,0 days 00:17:16.692674000
3,2019-12-02 03:24:00.000000,2019-12-02 03:24:55.000000,2019-12-02 03:37:41.644071,2019-12-02 03:38:36.644071,2019-12-02 04:11:19.171582,2019-12-02 04:12:14.171582,2019-12-02 04:28:07.795390,Replace,1,40,49,0 days 00:00:55.000000000,0 days 00:13:41.644071000
4,2019-12-02 04:33:00.000000,2019-12-02 04:33:50.000000,2019-12-02 04:45:26.863037,2019-12-02 04:46:16.863037,2019-12-02 05:13:13.786534,2019-12-02 05:14:03.786534,2019-12-02 05:29:42.873857,Replace,1,40,49,0 days 00:00:50.000000000,0 days 00:12:26.863037000
5,2019-12-02 05:45:00.000000,2019-12-02 05:45:45.000000,2019-12-02 05:57:34.746370,2019-12-02 05:57:46.822660,,,,Onsite,1,40,49,0 days 00:00:45.000000000,0 days 00:12:01.822660000
6,2019-12-02 06:49:00.000000,2019-12-02 06:49:50.000000,2019-12-02 07:08:09.365334,2019-12-02 07:08:59.365334,2019-12-02 07:46:00.075061,2019-12-02 07:46:50.075061,2019-12-02 08:01:04.604683,Replace,1,40,49,0 days 00:00:50.000000000,0 days 00:19:09.365334000
7,2019-12-02 08:05:00.000000,2019-12-02 08:05:45.000000,2019-12-02 08:26:56.756288,2019-12-02 08:27:41.756288,2019-12-02 09:01:53.005660,2019-12-02 09:02:38.005660,2019-12-02 09:16:14.543274,Replace,1,40,49,0 days 00:00:45.000000000,0 days 00:21:56.756288000
8,2019-12-02 09:20:00.000000,2019-12-02 09:20:55.000000,2019-12-02 09:34:51.306904,2019-12-02 09:35:01.119116,,,,Onsite,1,40,49,0 days 00:00:55.000000000,0 days 00:14:06.119116000
9,2019-12-02 10:37:00.000000,2019-12-02 10:37:55.000000,2019-12-02 10:55:32.162323,2019-12-02 10:55:49.339391,,,,Onsite,1,40,49,0 days 00:00:55.000000000,0 days 00:17:54.339391000
10,2019-12-02 11:58:00.000000,2019-12-02 11:58:35.000000,2019-12-02 12:11:24.711329,2019-12-02 12:11:59.711329,2019-12-02 12:47:43.458546,2019-12-02 12:48:18.458546,2019-12-02 13:03:18.184706,Replace,1,40,49,0 days 00:00:35.000000000,0 days 00:13:24.711329000
11,2019-12-02 13:06:00.000000,2019-12-02 13:06:55.000000,2019-12-02 13:21:13.239204,2019-12-02 13:22:08.239204,2019-12-02 14:06:56.643687,2019-12-02 14:07:51.643687,2019-12-02 14:29:23.089018,Replace,1,40,49,0 days 00:00:55.000000000,0 days 00:15:13.239204000
12,2019-12-02 14:33:00.000000,2019-12-02 14:33:45.000000,2019-12-02 14:49:24.651745,2019-12-02 14:49:33.320758,,,,Onsite,1,40,49,0 days 00:00:45.000000000,0 days 00:15:48.320758000
13,2019-12-02 15:49:00.000000,2019-12-02 15:49:25.000000,2019-12-02 16:07:11.773416,2019-12-02 16:07:36.773416,2019-12-02 16:35:10.188176,2019-12-02 16:35:35.188176,2019-12-02 16:57:49.022673,Replace,1,40,49,0 days 00:00:25.000000000,0 days 00:18:11.773416000
14,2019-12-02 16:50:00.000000,2019-12-02 16:50:30.000000,2019-12-02 17:08:19.725732,2019-12-02 17:08:49.725732,2019-12-02 17:54:19.460513,2019-12-02 17:54:49.460513,2019-12-02 18:08:57.763605,Replace,1,40,49,0 days 00:00:30.000000000,0 days 00:18:19.725732000
15,2019-12-02 17:51:00.000000,2019-12-02 17:51:30.000000,2019-12-02 18:03:15.732225,2019-12-02 18:03:45.732225,2019-12-02 18:35:07.269136,2019-12-02 18:35:37.269136,2019-12-02 18:55:09.948435,Replace,1,40,49,0 days 00:00:30.000000000,0 days 00:12:15.732225000
16,2019-12-02 19:08:00.000000,2019-12-02 19:08:50.000000,2019-12-02 19:20:07.284873,2019-12-02 19:20:57.284873,2019-12-02 20:00:57.593429,2019-12-02 20:01:47.593429,2019-12-02 20:20:17.425250,Replace,1,40,49,0 days 00:00:50.000000000,0 days 00:12:07.284873000
17,2019-12-02 20:24:00.000000,2019-12-02 20:24:45.000000,2019-12-02 20:41:21.727445,2019-12-02 20:42:06.727445,2019-12-02 21:21:45.668402,2019-12-02 21:22:30.668402,2019-12-02 21:40:07.856010,Replace,1,40,49,0 days 00:00:45.000000000,0 days 00:17:21.727445000
18,2019-12-02 21:41:00.000000,2019-12-02 21:41:45.000000,2019-12-02 21:56:34.226500,2019-12-02 21:56:46.488912,,,,Onsite,1,40,49,0 days 00:00:45.000000000,0 days 00:15:01.488912000
0,2019-12-02 01:03:00.000000,2019-12-02 00:00:35.000000,2019-12-02 00:18:00.535975,2019-12-02 00:18:35.535975,2019-12-02 00:54:38.833189,2019-12-02 00:55:13.833189,2019-12-02 01:13:11.720353,Replace,2,40,49,-1 days +22:57:35.000000000,0 days 00:18:00.535975000
1,2019-12-02 01:03:00.000000,2019-12-02 01:03:45.000000,2019-12-02 01:19:10.544297,2019-12-02 01:19:51.232673,,,,Onsite,2,40,49,0 days 00:00:45.000000000,0 days 00:16:06.232673000
2,2019-12-02 02:13:00.000000,2019-12-02 02:13:55.000000,2019-12-02 02:26:38.927239,2019-12-02 02:27:33.927239,2019-12-02 03:05:39.648507,2019-12-02 03:06:34.648507,2019-12-02 03:22:31.392156,Replace,2,40,49,0 days 00:00:55.000000000,0 days 00:13:38.927239000
3,2019-12-02 03:16:00.000000,2019-12-02 03:16:35.000000,2019-12-02 03:36:18.103867,2019-12-02 03:36:53.103867,2019-12-02 04:08:48.351011,2019-12-02 04:09:23.351011,2019-12-02 04:25:43.948736,Replace,2,40,49,0 days 00:00:35.000000000,0 days 00:20:18.103867000
4,2019-12-02 04:21:00.000000,2019-12-02 04:21:30.000000,2019-12-02 04:39:01.059842,2019-12-02 04:39:31.059842,2019-12-02 05:20:54.804919,2019-12-02 05:21:24.804919,2019-12-02 05:36:36.345378,Replace,2,40,49,0 days 00:00:30.000000000,0 days 00:18:01.059842000
5,2019-12-02 06:22:00.000000,2019-12-02 06:22:45.000000,2019-12-02 06:34:25.118719,2019-12-02 06:35:10.118719,2019-12-02 06:58:08.572097,2019-12-02 06:58:53.572097,2019-12-02 07:13:07.443967,Replace,2,40,49,0 days 00:00:45.000000000,0 days 00:12:25.118719000
6,2019-12-02 05:21:00.000000,2019-12-02 05:21:55.000000,2019-12-02 05:42:31.762717,2019-12-02 05:43:26.762717,2019-12-02 06:13:08.212238,2019-12-02 06:14:03.212238,2019-12-02 06:29:53.666445,Replace,2,40,49,0 days 00:00:55.000000000,0 days 00:21:31.762717000
7,2019-12-02 07:48:00.000000,2019-12-02 07:48:55.000000,2019-12-02 08:04:04.013913,2019-12-02 08:04:59.013913,2019-12-02 08:45:42.339111,2019-12-02 08:46:37.339111,2019-12-02 09:02:14.666103,Replace,2,40,49,0 days 00:00:55.000000000,0 days 00:16:04.013913000
8,2019-12-02 08:59:00.000000,2019-12-02 08:59:50.000000,2019-12-02 09:17:36.610527,2019-12-02 09:17:40.308110,,,,Onsite,2,40,49,0 days 00:00:50.000000000,0 days 00:17:50.308110000
9,2019-12-02 09:59:00.000000,2019-12-02 09:59:25.000000,2019-12-02 10:17:11.420532,2019-12-02 10:17:36.420532,2019-12-02 10:57:07.396219,2019-12-02 10:57:32.396219,2019-12-02 11:11:32.408878,Replace,2,40,49,0 days 00:00:25.000000000,0 days 00:18:11.420532000
10,2019-12-02 11:09:00.000000,2019-12-02 11:09:25.000000,2019-12-02 11:22:16.052122,2019-12-02 11:22:32.966629,,,,Onsite,2,40,49,0 days 00:00:25.000000000,0 days 00:13:07.966629000
11,2019-12-02 12:12:00.000000,2019-12-02 12:12:55.000000,2019-12-02 12:25:41.431558,2019-12-02 12:26:36.431558,2019-12-02 12:56:17.677973,2019-12-02 12:57:12.677973,2019-12-02 13:12:44.486249,Replace,2,40,49,0 days 00:00:55.000000000,0 days 00:13:41.431558000
12,2019-12-02 13:11:00.000000,2019-12-02 13:11:55.000000,2019-12-02 13:29:43.025230,2019-12-02 13:30:38.025230,2019-12-02 14:07:20.437730,2019-12-02 14:08:15.437730,2019-12-02 14:26:15.246348,Replace,2,40,49,0 days 00:00:55.000000000,0 days 00:18:43.025230000
13,2019-12-02 14:15:00.000000,2019-12-02 14:15:25.000000,2019-12-02 14:33:18.399861,2019-12-02 14:33:43.399861,2019-12-02 15:13:03.668712,2019-12-02 15:13:28.668712,2019-12-02 15:26:30.056816,Replace,2,40,49,0 days 00:00:25.000000000,0 days 00:18:18.399861000
14,2019-12-02 15:35:00.000000,2019-12-02 15:35:30.000000,2019-12-02 15:57:48.958140,2019-12-02 15:58:18.958140,2019-12-02 16:24:38.611396,2019-12-02 16:25:08.611396,2019-12-02 16:37:12.425881,Replace,2,40,49,0 days 00:00:30.000000000,0 days 00:22:48.958140000
15,2019-12-02 17:57:00.000000,2019-12-02 17:57:45.000000,2019-12-02 18:15:42.210950,2019-12-02 18:15:55.961943,,,,Onsite,2,40,49,0 days 00:00:45.000000000,0 days 00:18:10.961943000
16,2019-12-02 16:49:00.000000,2019-12-02 16:49:30.000000,2019-12-02 17:09:18.518297,2019-12-02 17:09:48.518297,2019-12-02 17:40:35.073761,2019-12-02 17:41:05.073761,2019-12-02 17:57:43.889679,Replace,2,40,49,0 days 00:00:30.000000000,0 days 00:20:18.518297000
17,2019-12-02 19:03:00.000000,2019-12-02 19:03:50.000000,2019-12-02 19:20:49.969753,2019-12-02 19:21:39.969753,2019-12-02 20:00:17.613926,2019-12-02 20:01:07.613926,2019-12-02 20:17:52.796729,Replace,2,40,49,0 days 00:00:50.000000000,0 days 00:17:49.969753000
18,2019-12-02 20:11:00.000000,2019-12-02 20:11:45.000000,2019-12-02 20:30:29.693433,2019-12-02 20:30:41.785239,,,,Onsite,2,40,49,0 days 00:00:45.000000000,0 days 00:18:56.785239000
19,2019-12-02 21:20:00.000000,2019-12-02 21:20:25.000000,2019-12-02 21:27:30.759155,2019-12-02 21:27:55.759155,2019-12-02 22:02:28.672598,2019-12-02 22:02:53.672598,2019-12-02 22:17:18.266925,Replace,2,40,49,0 days 00:00:25.000000000,0 days 00:07:30.759155000
0,2019-12-02 00:54:00.000000,2019-12-02 00:00:45.000000,2019-12-02 00:14:18.403607,2019-12-02 00:14:28.646040,,,,Onsite,3,40,49,-1 days +23:06:45.000000000,0 days 00:13:43.646040000
1,2019-12-02 01:02:00.000000,2019-12-02 01:02:45.000000,2019-12-02 01:17:48.968184,2019-12-02 01:18:33.968184,2019-12-02 01:54:30.701156,2019-12-02 01:55:15.701156,2019-12-02 02:09:18.014288,Replace,3,40,49,0 days 00:00:45.000000000,0 days 00:15:48.968184000
2,2019-12-02 02:06:00.000000,2019-12-02 02:06:30.000000,2019-12-02 02:22:20.345816,2019-12-02 02:22:50.345816,2019-12-02 02:53:44.935956,2019-12-02 02:54:14.935956,2019-12-02 03:11:21.276488,Replace,3,40,49,0 days 00:00:30.000000000,0 days 00:16:20.345816000
3,2019-12-02 03:25:00.000000,2019-12-02 03:25:30.000000,2019-12-02 03:43:21.848027,2019-12-02 03:43:44.937588,,,,Onsite,3,40,49,0 days 00:00:30.000000000,0 days 00:18:14.937588000
4,2019-12-02 04:31:00.000000,2019-12-02 04:31:30.000000,2019-12-02 04:50:44.859363,2019-12-02 04:50:53.990988,,,,Onsite,3,40,49,0 days 00:00:30.000000000,0 days 00:19:23.990988000
5,2019-12-02 05:53:00.000000,2019-12-02 05:53:50.000000,2019-12-02 06:10:35.484572,2019-12-02 06:11:25.484572,2019-12-02 06:40:10.275588,2019-12-02 06:41:00.275588,2019-12-02 06:56:46.467583,Replace,3,40,49,0 days 00:00:50.000000000,0 days 00:17:35.484572000
6,2019-12-02 06:59:00.000000,2019-12-02 06:59:50.000000,2019-12-02 07:17:48.803828,2019-12-02 07:18:07.711647,,,,Onsite,3,40,49,0 days 00:00:50.000000000,0 days 00:18:17.711647000
7,2019-12-02 08:02:00.000000,2019-12-02 08:02:45.000000,2019-12-02 08:20:59.397561,2019-12-02 08:21:44.397561,2019-12-02 09:06:04.332731,2019-12-02 09:06:49.332731,2019-12-02 09:19:27.556426,Replace,3,40,49,0 days 00:00:45.000000000,0 days 00:18:59.397561000
8,2019-12-02 09:19:00.000000,2019-12-02 09:19:50.000000,2019-12-02 09:39:33.759471,2019-12-02 09:40:23.759471,2019-12-02 10:14:17.272001,2019-12-02 10:15:07.272001,2019-12-02 10:30:02.063970,Replace,3,40,49,0 days 00:00:50.000000000,0 days 00:20:33.759471000
9,2019-12-02 10:20:00.000000,2019-12-02 10:20:25.000000,2019-12-02 10:35:01.578247,2019-12-02 10:35:26.578247,2019-12-02 11:27:17.378479,2019-12-02 11:27:42.378479,2019-12-02 11:41:52.911415,Replace,3,40,49,0 days 00:00:25.000000000,0 days 00:15:01.578247000
10,2019-12-02 11:28:00.000000,2019-12-02 11:28:35.000000,2019-12-02 11:43:37.808804,2019-12-02 11:44:12.808804,2019-12-02 12:12:53.753086,2019-12-02 12:13:28.753086,2019-12-02 12:32:49.731561,Replace,3,40,49,0 days 00:00:35.000000000,0 days 00:15:37.808804000
11,2019-12-02 12:40:00.000000,2019-12-02 12:40:45.000000,2019-12-02 12:55:49.048044,2019-12-02 12:56:07.447045,,,,Onsite,3,40,49,0 days 00:00:45.000000000,0 days 00:15:22.447045000
12,2019-12-02 13:40:00.000000,2019-12-02 13:40:45.000000,2019-12-02 14:00:05.629097,2019-12-02 14:00:27.406714,,,,Onsite,3,40,49,0 days 00:00:45.000000000,0 days 00:19:42.406714000
13,2019-12-02 14:54:00.000000,2019-12-02 14:54:45.000000,2019-12-02 15:13:03.039932,2019-12-02 15:13:48.039932,2019-12-02 15:46:04.012163,2019-12-02 15:46:49.012163,2019-12-02 16:09:38.193146,Replace,3,40,49,0 days 00:00:45.000000000,0 days 00:19:03.039932000
14,2019-12-02 16:03:00.000000,2019-12-02 16:03:25.000000,2019-12-02 16:20:41.093097,2019-12-02 16:20:56.723107,,,,Onsite,3,40,49,0 days 00:00:25.000000000,0 days 00:17:31.723107000
15,2019-12-02 17:02:00.000000,2019-12-02 17:02:25.000000,2019-12-02 17:21:12.087525,2019-12-02 17:21:23.001643,,,,Onsite,3,40,49,0 days 00:00:25.000000000,0 days 00:18:58.001643000
16,2019-12-02 18:05:00.000000,2019-12-02 18:05:45.000000,2019-12-02 18:15:59.052708,2019-12-02 18:16:20.076885,,,,Onsite,3,40,49,0 days 00:00:45.000000000,0 days 00:10:35.076885000
17,2019-12-02 19:00:00.000000,2019-12-02 19:00:35.000000,2019-12-02 19:19:06.796695,2019-12-02 19:19:41.796695,2019-12-02 20:09:05.034429,2019-12-02 20:09:40.034429,2019-12-02 20:21:41.490425,Replace,3,40,49,0 days 00:00:35.000000000,0 days 00:19:06.796695000
18,2019-12-02 20:15:00.000000,2019-12-02 20:15:55.000000,2019-12-02 20:31:30.384006,2019-12-02 20:31:34.638062,,,,Onsite,3,40,49,0 days 00:00:55.000000000,0 days 00:15:39.638062000
19,2019-12-02 21:28:00.000000,2019-12-02 21:28:30.000000,2019-12-02 21:45:33.263078,2019-12-02 21:46:03.263078,2019-12-02 22:20:10.162137,2019-12-02 22:20:40.162137,2019-12-02 22:33:11.473411,Replace,3,40,49,0 days 00:00:30.000000000,0 days 00:17:33.263078000
0,2019-12-02 01:19:00.000000,2019-12-02 00:00:35.000000,2019-12-02 00:16:47.845424,2019-12-02 00:17:04.441555,,,,Onsite,4,40,49,-1 days +22:41:35.000000000,0 days 00:16:29.441555000
1,2019-12-02 01:08:00.000000,2019-12-02 01:08:30.000000,2019-12-02 01:24:39.250825,2019-12-02 01:25:09.250825,2019-12-02 02:15:59.269146,2019-12-02 02:16:29.269146,2019-12-02 02:33:28.599283,Replace,4,40,49,0 days 00:00:30.000000000,0 days 00:16:39.250825000
2,2019-12-02 02:27:00.000000,2019-12-02 02:27:45.000000,2019-12-02 02:47:09.690772,2019-12-02 02:47:54.690772,2019-12-02 03:25:14.776366,2019-12-02 03:25:59.776366,2019-12-02 03:49:45.599563,Replace,4,40,49,0 days 00:00:45.000000000,0 days 00:20:09.690772000
3,2019-12-02 03:33:00.000000,2019-12-02 03:33:30.000000,2019-12-02 03:46:43.234865,2019-12-02 03:47:13.234865,2019-12-02 04:31:12.311819,2019-12-02 04:31:42.311819,2019-12-02 04:47:37.515848,Replace,4,40,49,0 days 00:00:30.000000000,0 days 00:13:43.234865000
4,2019-12-02 04:38:00.000000,2019-12-02 04:38:45.000000,2019-12-02 04:55:09.307987,2019-12-02 04:55:54.307987,2019-12-02 05:37:50.432845,2019-12-02 05:38:35.432845,2019-12-02 05:54:36.560376,Replace,4,40,49,0 days 00:00:45.000000000,0 days 00:17:09.307987000
5,2019-12-02 05:46:00.000000,2019-12-02 05:46:55.000000,2019-12-02 06:01:35.430051,2019-12-02 06:02:30.430051,2019-12-02 06:44:11.004726,2019-12-02 06:45:06.004726,2019-12-02 06:58:40.547514,Replace,4,40,49,0 days 00:00:55.000000000,0 days 00:15:35.430051000
6,2019-12-02 06:49:00.000000,2019-12-02 06:49:50.000000,2019-12-02 07:03:48.118237,2019-12-02 07:04:02.812650,,,,Onsite,4,40,49,0 days 00:00:50.000000000,0 days 00:14:12.812650000
7,2019-12-02 08:02:00.000000,2019-12-02 08:02:35.000000,2019-12-02 08:21:13.615186,2019-12-02 08:21:48.615186,2019-12-02 08:52:05.434266,2019-12-02 08:52:40.434266,2019-12-02 09:07:18.926468,Replace,4,40,49,0 days 00:00:35.000000000,0 days 00:19:13.615186000
8,2019-12-02 09:09:00.000000,2019-12-02 09:09:35.000000,2019-12-02 09:26:00.818457,2019-12-02 09:26:13.781377,,,,Onsite,4,40,49,0 days 00:00:35.000000000,0 days 00:16:38.781377000
9,2019-12-02 10:28:00.000000,2019-12-02 10:28:50.000000,2019-12-02 10:41:43.366725,2019-12-02 10:42:03.577429,,,,Onsite,4,40,49,0 days 00:00:50.000000000,0 days 00:13:13.577429000
10,2019-12-02 11:38:00.000000,2019-12-02 11:38:55.000000,2019-12-02 11:53:27.390771,2019-12-02 11:53:47.292404,,,,Onsite,4,40,49,0 days 00:00:55.000000000,0 days 00:14:52.292404000
11,2019-12-02 12:45:00.000000,2019-12-02 12:45:35.000000,2019-12-02 13:00:24.586259,2019-12-02 13:00:35.524270,,,,Onsite,4,40,49,0 days 00:00:35.000000000,0 days 00:15:00.524270000
12,2019-12-02 13:49:00.000000,2019-12-02 13:49:45.000000,2019-12-02 14:08:17.644056,2019-12-02 14:09:02.644056,2019-12-02 14:46:05.731832,2019-12-02 14:46:50.731832,2019-12-02 15:11:04.378249,Replace,4,40,49,0 days 00:00:45.000000000,0 days 00:19:17.644056000
13,2019-12-02 15:01:00.000000,2019-12-02 15:01:45.000000,2019-12-02 15:25:17.488362,2019-12-02 15:25:22.875063,,,,Onsite,4,40,49,0 days 00:00:45.000000000,0 days 00:23:37.875063000
14,2019-12-02 16:12:00.000000,2019-12-02 16:12:45.000000,2019-12-02 16:32:37.304943,2019-12-02 16:32:48.760918,,,,Onsite,4,40,49,0 days 00:00:45.000000000,0 days 00:20:03.760918000
15,2019-12-02 17:12:00.000000,2019-12-02 17:12:45.000000,2019-12-02 17:30:28.772031,2019-12-02 17:30:36.536300,,,,Onsite,4,40,49,0 days 00:00:45.000000000,0 days 00:17:51.536300000
16,2019-12-02 18:27:00.000000,2019-12-02 18:27:30.000000,2019-12-02 18:43:11.315376,2019-12-02 18:43:23.039363,,,,Onsite,4,40,49,0 days 00:00:30.000000000,0 days 00:15:53.039363000
17,2019-12-02 19:31:00.000000,2019-12-02 19:31:55.000000,2019-12-02 19:51:17.686312,2019-12-02 19:52:12.686312,2019-12-02 20:29:01.414452,2019-12-02 20:29:56.414452,2019-12-02 20:42:21.123115,Replace,4,40,49,0 days 00:00:55.000000000,0 days 00:20:17.686312000
18,2019-12-02 20:41:00.000000,2019-12-02 20:41:35.000000,2019-12-02 21:03:59.948385,2019-12-02 21:04:17.308241,,,,Onsite,4,40,49,0 days 00:00:35.000000000,0 days 00:22:42.308241000
19,2019-12-02 21:47:00.000000,2019-12-02 21:47:45.000000,2019-12-02 22:06:23.497740,2019-12-02 22:07:08.497740,2019-12-02 22:44:45.241980,2019-12-02 22:45:30.241980,2019-12-02 22:59:37.508967,Replace,4,40,49,0 days 00:00:45.000000000,0 days 00:19:23.497740000
0,2019-12-02 00:58:00.000000,2019-12-02 00:00:45.000000,2019-12-02 00:16:36.767229,2019-12-02 00:17:21.767229,2019-12-02 01:02:42.690186,2019-12-02 01:03:27.690186,2019-12-02 01:22:14.534835,Replace,5,40,49,-1 days +23:02:45.000000000,0 days 00:16:36.767229000
1,2019-12-02 01:01:00.000000,2019-12-02 01:01:25.000000,2019-12-02 01:17:40.611421,2019-12-02 01:18:05.611421,2019-12-02 02:01:16.378335,2019-12-02 02:01:41.378335,2019-12-02 02:16:10.162081,Replace,5,40,49,0 days 00:00:25.000000000,0 days 00:16:40.611421000
2,2019-12-02 02:06:00.000000,2019-12-02 02:06:45.000000,2019-12-02 02:23:41.297347,2019-12-02 02:24:26.297347,2019-12-02 02:48:01.345419,2019-12-02 02:48:46.345419,2019-12-02 03:06:03.834858,Replace,5,40,49,0 days 00:00:45.000000000,0 days 00:17:41.297347000
3,2019-12-02 03:26:00.000000,2019-12-02 03:26:30.000000,2019-12-02 03:44:27.334990,2019-12-02 03:44:40.760659,,,,Onsite,5,40,49,0 days 00:00:30.000000000,0 days 00:18:10.760659000
4,2019-12-02 04:27:00.000000,2019-12-02 04:27:50.000000,2019-12-02 04:42:43.267056,2019-12-02 04:42:55.714058,,,,Onsite,5,40,49,0 days 00:00:50.000000000,0 days 00:15:05.714058000
5,2019-12-02 05:37:00.000000,2019-12-02 05:37:45.000000,2019-12-02 05:46:20.172297,2019-12-02 05:46:33.396053,,,,Onsite,5,40,49,0 days 00:00:45.000000000,0 days 00:08:48.396053000
6,2019-12-02 06:36:00.000000,2019-12-02 06:36:30.000000,2019-12-02 06:54:44.679586,2019-12-02 06:54:54.023920,,,,Onsite,5,40,49,0 days 00:00:30.000000000,0 days 00:18:24.023920000
7,2019-12-02 07:53:00.000000,2019-12-02 07:53:45.000000,2019-12-02 08:14:14.320122,2019-12-02 08:14:59.320122,2019-12-02 08:42:45.602385,2019-12-02 08:43:30.602385,2019-12-02 08:59:50.821651,Replace,5,40,49,0 days 00:00:45.000000000,0 days 00:21:14.320122000
8,2019-12-02 08:52:00.000000,2019-12-02 08:52:50.000000,2019-12-02 09:07:17.714916,2019-12-02 09:08:07.714916,2019-12-02 09:53:19.565343,2019-12-02 09:54:09.565343,2019-12-02 10:08:24.167345,Replace,5,40,49,0 days 00:00:50.000000000,0 days 00:15:17.714916000
9,2019-12-02 10:13:00.000000,2019-12-02 10:13:30.000000,2019-12-02 10:35:29.046949,2019-12-02 10:35:59.046949,2019-12-02 11:02:59.982020,2019-12-02 11:03:29.982020,2019-12-02 11:20:57.990047,Replace,5,40,49,0 days 00:00:30.000000000,0 days 00:22:29.046949000
10,2019-12-02 11:30:00.000000,2019-12-02 11:30:55.000000,2019-12-02 11:42:11.582550,2019-12-02 11:42:20.233560,,,,Onsite,5,40,49,0 days 00:00:55.000000000,0 days 00:11:25.233560000
11,2019-12-02 12:53:00.000000,2019-12-02 12:53:55.000000,2019-12-02 13:13:04.797442,2019-12-02 13:13:22.061690,,,,Onsite,5,40,49,0 days 00:00:55.000000000,0 days 00:19:27.061690000
12,2019-12-02 14:03:00.000000,2019-12-02 14:03:45.000000,2019-12-02 14:20:43.274125,2019-12-02 14:21:28.274125,2019-12-02 14:57:36.173482,2019-12-02 14:58:21.173482,2019-12-02 15:15:54.224326,Replace,5,40,49,0 days 00:00:45.000000000,0 days 00:17:43.274125000
13,2019-12-02 15:17:00.000000,2019-12-02 15:17:25.000000,2019-12-02 15:35:09.384670,2019-12-02 15:35:34.384670,2019-12-02 16:17:42.546060,2019-12-02 16:18:07.546060,2019-12-02 16:32:18.251647,Replace,5,40,49,0 days 00:00:25.000000000,0 days 00:18:09.384670000
14,2019-12-02 16:27:00.000000,2019-12-02 16:27:55.000000,2019-12-02 16:46:58.528765,2019-12-02 16:47:53.528765,2019-12-02 17:24:51.364067,2019-12-02 17:25:46.364067,2019-12-02 17:37:17.575229,Replace,5,40,49,0 days 00:00:55.000000000,0 days 00:19:58.528765000
15,2019-12-02 17:36:00.000000,2019-12-02 17:36:45.000000,2019-12-02 17:53:36.409762,2019-12-02 17:53:41.719740,,,,Onsite,5,40,49,0 days 00:00:45.000000000,0 days 00:16:56.719740000
16,2019-12-02 18:49:00.000000,2019-12-02 18:49:45.000000,2019-12-02 19:01:59.380044,2019-12-02 19:02:44.380044,2019-12-02 19:30:37.328525,2019-12-02 19:31:22.328525,2019-12-02 19:46:43.719004,Replace,5,40,49,0 days 00:00:45.000000000,0 days 00:12:59.380044000
17,2019-12-02 20:02:00.000000,2019-12-02 20:02:45.000000,2019-12-02 20:22:52.395126,2019-12-02 20:23:37.395126,2019-12-02 20:45:34.550910,2019-12-02 20:46:19.550910,2019-12-02 20:59:45.983088,Replace,5,40,49,0 days 00:00:45.000000000,0 days 00:20:52.395126000
18,2019-12-02 20:43:00.000000,2019-12-02 20:43:35.000000,2019-12-02 21:01:18.359630,2019-12-02 21:01:53.359630,2019-12-02 21:24:57.514713,2019-12-02 21:25:32.514713,2019-12-02 21:37:42.381198,Replace,5,40,49,0 days 00:00:35.000000000,0 days 00:18:18.359630000
0,2019-12-02 01:10:00.000000,2019-12-02 00:00:30.000000,2019-12-02 00:16:16.996434,2019-12-02 00:16:46.996434,2019-12-02 00:41:51.700636,2019-12-02 00:42:21.700636,2019-12-02 01:00:05.022339,Replace,6,40,49,-1 days +22:50:30.000000000,0 days 00:16:16.996434000
1,2019-12-02 01:07:00.000000,2019-12-02 01:07:55.000000,2019-12-02 01:23:36.803850,2019-12-02 01:24:31.803850,2019-12-02 02:05:07.940664,2019-12-02 02:06:02.940664,2019-12-02 02:16:58.195809,Replace,6,40,49,0 days 00:00:55.000000000,0 days 00:16:36.803850000
2,2019-12-02 02:15:00.000000,2019-12-02 02:15:35.000000,2019-12-02 02:33:10.956215,2019-12-02 02:33:45.956215,2019-12-02 03:11:12.660431,2019-12-02 03:11:47.660431,2019-12-02 03:33:36.263342,Replace,6,40,49,0 days 00:00:35.000000000,0 days 00:18:10.956215000
3,2019-12-02 03:31:00.000000,2019-12-02 03:31:45.000000,2019-12-02 03:47:04.031804,2019-12-02 03:47:49.031804,2019-12-02 04:27:51.988705,2019-12-02 04:28:36.988705,2019-12-02 04:47:22.982708,Replace,6,40,49,0 days 00:00:45.000000000,0 days 00:16:04.031804000
4,2019-12-02 04:33:00.000000,2019-12-02 04:33:45.000000,2019-12-02 04:49:37.040541,2019-12-02 04:50:11.594088,,,,Onsite,6,40,49,0 days 00:00:45.000000000,0 days 00:16:26.594088000
5,2019-12-02 05:43:00.000000,2019-12-02 05:43:45.000000,2019-12-02 05:59:20.933210,2019-12-02 05:59:48.741334,,,,Onsite,6,40,49,0 days 00:00:45.000000000,0 days 00:16:03.741334000
6,2019-12-02 06:49:00.000000,2019-12-02 06:49:45.000000,2019-12-02 07:03:56.286270,2019-12-02 07:04:41.286270,2019-12-02 07:37:56.551449,2019-12-02 07:38:41.551449,2019-12-02 08:00:29.019929,Replace,6,40,49,0 days 00:00:45.000000000,0 days 00:14:56.286270000
7,2019-12-02 07:58:00.000000,2019-12-02 07:58:35.000000,2019-12-02 08:09:32.260668,2019-12-02 08:10:07.260668,2019-12-02 08:59:22.727178,2019-12-02 08:59:57.727178,2019-12-02 09:12:23.042569,Replace,6,40,49,0 days 00:00:35.000000000,0 days 00:11:32.260668000
8,2019-12-02 08:52:00.000000,2019-12-02 08:52:45.000000,2019-12-02 09:09:03.114208,2019-12-02 09:09:48.114208,2019-12-02 09:31:15.584491,2019-12-02 09:32:00.584491,2019-12-02 09:45:42.724478,Replace,6,40,49,0 days 00:00:45.000000000,0 days 00:17:03.114208000
9,2019-12-02 10:01:00.000000,2019-12-02 10:01:45.000000,2019-12-02 10:12:24.466391,2019-12-02 10:13:09.466391,2019-12-02 10:43:00.665336,2019-12-02 10:43:45.665336,2019-12-02 11:00:40.295911,Replace,6,40,49,0 days 00:00:45.000000000,0 days 00:11:24.466391000
10,2019-12-02 11:07:00.000000,2019-12-02 11:07:35.000000,2019-12-02 11:22:01.528378,2019-12-02 11:22:36.528378,2019-12-02 11:54:54.562103,2019-12-02 11:55:29.562103,2019-12-02 12:06:43.012533,Replace,6,40,49,0 days 00:00:35.000000000,0 days 00:15:01.528378000
11,2019-12-02 12:18:00.000000,2019-12-02 12:18:30.000000,2019-12-02 12:32:55.768199,2019-12-02 12:33:12.839839,,,,Onsite,6,40,49,0 days 00:00:30.000000000,0 days 00:14:42.839839000
12,2019-12-02 13:18:00.000000,2019-12-02 13:18:30.000000,2019-12-02 13:36:15.325229,2019-12-02 13:36:45.325229,2019-12-02 14:17:50.558601,2019-12-02 14:18:20.558601,2019-12-02 14:30:47.852314,Replace,6,40,49,0 days 00:00:30.000000000,0 days 00:18:15.325229000
13,2019-12-02 14:14:00.000000,2019-12-02 14:14:35.000000,2019-12-02 14:25:35.837411,2019-12-02 14:25:45.393221,,,,Onsite,6,40,49,0 days 00:00:35.000000000,0 days 00:11:10.393221000
14,2019-12-02 15:24:00.000000,2019-12-02 15:24:55.000000,2019-12-02 15:36:46.572641,2019-12-02 15:37:41.572641,2019-12-02 16:22:45.287920,2019-12-02 16:23:40.287920,2019-12-02 16:39:26.214563,Replace,6,40,49,0 days 00:00:55.000000000,0 days 00:12:46.572641000
15,2019-12-02 16:46:00.000000,2019-12-02 16:46:30.000000,2019-12-02 17:08:44.844108,2019-12-02 17:09:14.844108,2019-12-02 17:49:53.874310,2019-12-02 17:50:23.874310,2019-12-02 18:05:09.549942,Replace,6,40,49,0 days 00:00:30.000000000,0 days 00:22:44.844108000
16,2019-12-02 18:03:00.000000,2019-12-02 18:03:45.000000,2019-12-02 18:18:04.822003,2019-12-02 18:18:40.612467,,,,Onsite,6,40,49,0 days 00:00:45.000000000,0 days 00:14:55.612467000
17,2019-12-02 19:01:00.000000,2019-12-02 19:01:30.000000,2019-12-02 19:15:57.067382,2019-12-02 19:16:27.067382,2019-12-02 19:50:13.868521,2019-12-02 19:50:43.868521,2019-12-02 20:08:23.109900,Replace,6,40,49,0 days 00:00:30.000000000,0 days 00:14:57.067382000
18,2019-12-02 20:11:00.000000,2019-12-02 20:11:25.000000,2019-12-02 20:28:02.973732,2019-12-02 20:28:27.973732,2019-12-02 21:15:26.728859,2019-12-02 21:15:51.728859,2019-12-02 21:38:57.021513,Replace,6,40,49,0 days 00:00:25.000000000,0 days 00:17:02.973732000
19,2019-12-02 21:29:00.000000,2019-12-02 21:29:35.000000,2019-12-02 21:46:54.139012,2019-12-02 21:47:29.139012,2019-12-02 22:13:18.212043,2019-12-02 22:13:53.212043,2019-12-02 22:31:10.747058,Replace,6,40,49,0 days 00:00:35.000000000,0 days 00:17:54.139012000
20,2019-12-02 22:17:00.000000,2019-12-02 22:17:55.000000,2019-12-02 22:32:54.581297,2019-12-02 22:33:20.218014,,,,Onsite,6,40,49,0 days 00:00:55.000000000,0 days 00:15:25.218014000
0,2019-12-02 00:55:00.000000,2019-12-02 00:00:35.000000,2019-12-02 00:17:39.835749,2019-12-02 00:18:14.835749,2019-12-02 01:01:52.634970,2019-12-02 01:02:27.634970,2019-12-02 01:17:25.171761,Replace,7,40,49,-1 days +23:05:35.000000000,0 days 00:17:39.835749000
1,2019-12-02 01:14:00.000000,2019-12-02 01:14:30.000000,2019-12-02 01:28:35.545212,2019-12-02 01:29:05.545212,2019-12-02 01:56:33.322551,2019-12-02 01:57:03.322551,2019-12-02 02:14:45.764690,Replace,7,40,49,0 days 00:00:30.000000000,0 days 00:14:35.545212000
2,2019-12-02 02:26:00.000000,2019-12-02 02:26:35.000000,2019-12-02 02:42:38.375329,2019-12-02 02:43:13.375329,2019-12-02 03:12:00.478940,2019-12-02 03:12:35.478940,2019-12-02 03:35:11.911419,Replace,7,40,49,0 days 00:00:35.000000000,0 days 00:16:38.375329000
3,2019-12-02 03:49:00.000000,2019-12-02 03:49:55.000000,2019-12-02 04:06:13.150819,2019-12-02 04:07:08.150819,2019-12-02 04:43:40.056932,2019-12-02 04:44:35.056932,2019-12-02 04:59:11.035133,Replace,7,40,49,0 days 00:00:55.000000000,0 days 00:17:13.150819000
4,2019-12-02 04:51:00.000000,2019-12-02 04:51:35.000000,2019-12-02 05:06:55.445004,2019-12-02 05:07:30.445004,2019-12-02 05:41:13.601626,2019-12-02 05:41:48.601626,2019-12-02 05:53:37.426587,Replace,7,40,49,0 days 00:00:35.000000000,0 days 00:15:55.445004000
5,2019-12-02 06:05:00.000000,2019-12-02 06:05:45.000000,2019-12-02 06:21:22.184521,2019-12-02 06:21:35.191484,,,,Onsite,7,40,49,0 days 00:00:45.000000000,0 days 00:15:50.191484000
6,2019-12-02 07:10:00.000000,2019-12-02 07:10:35.000000,2019-12-02 07:31:47.438877,2019-12-02 07:32:22.438877,2019-12-02 08:16:07.241996,2019-12-02 08:16:42.241996,2019-12-02 08:34:29.800470,Replace,7,40,49,0 days 00:00:35.000000000,0 days 00:21:47.438877000
7,2019-12-02 08:13:00.000000,2019-12-02 08:13:45.000000,2019-12-02 08:20:14.953643,2019-12-02 08:20:59.953643,2019-12-02 08:51:04.517233,2019-12-02 08:51:49.517233,2019-12-02 09:07:57.541503,Replace,7,40,49,0 days 00:00:45.000000000,0 days 00:07:14.953643000
8,2019-12-02 09:25:00.000000,2019-12-02 09:25:45.000000,2019-12-02 09:43:37.023351,2019-12-02 09:43:54.484925,,,,Onsite,7,40,49,0 days 00:00:45.000000000,0 days 00:18:09.484925000
9,2019-12-02 10:26:00.000000,2019-12-02 10:26:45.000000,2019-12-02 10:46:13.721165,2019-12-02 10:46:25.664746,,,,Onsite,7,40,49,0 days 00:00:45.000000000,0 days 00:19:40.664746000
10,2019-12-02 11:26:00.000000,2019-12-02 11:26:35.000000,2019-12-02 11:43:11.342913,2019-12-02 11:43:46.342913,2019-12-02 12:22:12.744318,2019-12-02 12:22:47.744318,2019-12-02 12:39:56.516403,Replace,7,40,49,0 days 00:00:35.000000000,0 days 00:17:11.342913000
11,2019-12-02 12:31:00.000000,2019-12-02 12:31:45.000000,2019-12-02 12:50:17.168511,2019-12-02 12:51:02.168511,2019-12-02 13:37:50.674650,2019-12-02 13:38:35.674650,2019-12-02 14:00:58.958155,Replace,7,40,49,0 days 00:00:45.000000000,0 days 00:19:17.168511000
12,2019-12-02 13:33:00.000000,2019-12-02 13:33:35.000000,2019-12-02 13:47:48.626359,2019-12-02 13:48:05.228166,,,,Onsite,7,40,49,0 days 00:00:35.000000000,0 days 00:14:30.228166000
13,2019-12-02 14:29:00.000000,2019-12-02 14:29:55.000000,2019-12-02 14:47:31.725084,2019-12-02 14:48:26.725084,2019-12-02 15:21:51.141437,2019-12-02 15:22:46.141437,2019-12-02 15:40:16.185114,Replace,7,40,49,0 days 00:00:55.000000000,0 days 00:18:31.725084000
14,2019-12-02 15:48:00.000000,2019-12-02 15:48:50.000000,2019-12-02 16:06:09.281246,2019-12-02 16:06:59.281246,2019-12-02 16:49:16.159980,2019-12-02 16:50:06.159980,2019-12-02 17:08:40.876631,Replace,7,40,49,0 days 00:00:50.000000000,0 days 00:18:09.281246000
15,2019-12-02 16:47:00.000000,2019-12-02 16:47:55.000000,2019-12-02 17:06:54.892120,2019-12-02 17:07:49.892120,2019-12-02 17:36:11.636782,2019-12-02 17:37:06.636782,2019-12-02 17:51:49.773003,Replace,7,40,49,0 days 00:00:55.000000000,0 days 00:19:54.892120000
16,2019-12-02 17:46:00.000000,2019-12-02 17:46:45.000000,2019-12-02 18:03:11.693049,2019-12-02 18:03:56.693049,2019-12-02 18:34:15.549306,2019-12-02 18:35:00.549306,2019-12-02 18:53:43.867228,Replace,7,40,49,0 days 00:00:45.000000000,0 days 00:17:11.693049000
17,2019-12-02 18:56:00.000000,2019-12-02 18:56:25.000000,2019-12-02 19:15:17.056132,2019-12-02 19:15:23.680454,,,,Onsite,7,40,49,0 days 00:00:25.000000000,0 days 00:18:58.680454000
18,2019-12-02 20:13:00.000000,2019-12-02 20:13:45.000000,2019-12-02 20:30:49.255085,2019-12-02 20:31:34.255085,2019-12-02 21:16:58.615493,2019-12-02 21:17:43.615493,2019-12-02 21:31:12.382484,Replace,7,40,49,0 days 00:00:45.000000000,0 days 00:17:49.255085000
19,2019-12-02 21:30:00.000000,2019-12-02 21:30:55.000000,2019-12-02 21:48:34.999138,2019-12-02 21:49:03.537462,,,,Onsite,7,40,49,0 days 00:00:55.000000000,0 days 00:18:08.537462000
0,2019-12-02 00:56:00.000000,2019-12-02 00:00:45.000000,2019-12-02 00:12:26.230279,2019-12-02 00:13:11.230279,2019-12-02 01:00:12.923320,2019-12-02 01:00:57.923320,2019-12-02 01:21:02.085956,Replace,8,40,49,-1 days +23:04:45.000000000,0 days 00:12:26.230279000
1,2019-12-02 01:09:00.000000,2019-12-02 01:09:45.000000,2019-12-02 01:29:22.811892,2019-12-02 01:30:07.811892,2019-12-02 02:21:14.485998,2019-12-02 02:21:59.485998,2019-12-02 02:41:06.916288,Replace,8,40,49,0 days 00:00:45.000000000,0 days 00:20:22.811892000
2,2019-12-02 02:15:00.000000,2019-12-02 02:15:35.000000,2019-12-02 02:32:18.517920,2019-12-02 02:32:53.517920,2019-12-02 02:56:04.499130,2019-12-02 02:56:39.499130,2019-12-02 03:11:12.406990,Replace,8,40,49,0 days 00:00:35.000000000,0 days 00:17:18.517920000
3,2019-12-02 03:34:00.000000,2019-12-02 03:34:45.000000,2019-12-02 03:51:13.840794,2019-12-02 03:51:47.278568,,,,Onsite,8,40,49,0 days 00:00:45.000000000,0 days 00:17:02.278568000
4,2019-12-02 04:32:00.000000,2019-12-02 04:32:25.000000,2019-12-02 04:49:51.996777,2019-12-02 04:50:06.717681,,,,Onsite,8,40,49,0 days 00:00:25.000000000,0 days 00:17:41.717681000
5,2019-12-02 05:54:00.000000,2019-12-02 05:54:45.000000,2019-12-02 06:11:15.267027,2019-12-02 06:11:48.906504,,,,Onsite,8,40,49,0 days 00:00:45.000000000,0 days 00:17:03.906504000
6,2019-12-02 07:12:00.000000,2019-12-02 07:12:45.000000,2019-12-02 07:28:17.471855,2019-12-02 07:28:34.755678,,,,Onsite,8,40,49,0 days 00:00:45.000000000,0 days 00:15:49.755678000
7,2019-12-02 08:27:00.000000,2019-12-02 08:27:45.000000,2019-12-02 08:41:29.576213,2019-12-02 08:41:38.537311,,,,Onsite,8,40,49,0 days 00:00:45.000000000,0 days 00:13:53.537311000
8,2019-12-02 09:33:00.000000,2019-12-02 09:33:35.000000,2019-12-02 09:48:59.770384,2019-12-02 09:49:34.770384,2019-12-02 10:19:00.178660,2019-12-02 10:19:35.178660,2019-12-02 10:43:45.900394,Replace,8,40,49,0 days 00:00:35.000000000,0 days 00:15:59.770384000
9,2019-12-02 10:43:00.000000,2019-12-02 10:43:45.000000,2019-12-02 10:56:45.531454,2019-12-02 10:57:10.529433,,,,Onsite,8,40,49,0 days 00:00:45.000000000,0 days 00:13:25.529433000
10,2019-12-02 12:04:00.000000,2019-12-02 12:04:55.000000,2019-12-02 12:20:05.228468,2019-12-02 12:20:17.090505,,,,Onsite,8,40,49,0 days 00:00:55.000000000,0 days 00:15:22.090505000
11,2019-12-02 13:09:00.000000,2019-12-02 13:09:55.000000,2019-12-02 13:21:59.172219,2019-12-02 13:22:06.492944,,,,Onsite,8,40,49,0 days 00:00:55.000000000,0 days 00:12:11.492944000
12,2019-12-02 14:11:00.000000,2019-12-02 14:11:25.000000,2019-12-02 14:29:56.246087,2019-12-02 14:30:21.246087,2019-12-02 15:13:18.127430,2019-12-02 15:13:43.127430,2019-12-02 15:27:48.393034,Replace,8,40,49,0 days 00:00:25.000000000,0 days 00:18:56.246087000
13,2019-12-02 15:32:00.000000,2019-12-02 15:32:30.000000,2019-12-02 15:50:33.777142,2019-12-02 15:50:37.586553,,,,Onsite,8,40,49,0 days 00:00:30.000000000,0 days 00:18:07.586553000
14,2019-12-02 16:38:00.000000,2019-12-02 16:38:25.000000,2019-12-02 16:57:05.093490,2019-12-02 16:57:17.199834,,,,Onsite,8,40,49,0 days 00:00:25.000000000,0 days 00:18:52.199834000
15,2019-12-02 17:54:00.000000,2019-12-02 17:54:35.000000,2019-12-02 18:13:12.910375,2019-12-02 18:13:47.910375,2019-12-02 19:01:07.492888,2019-12-02 19:01:42.492888,2019-12-02 19:17:30.006066,Replace,8,40,49,0 days 00:00:35.000000000,0 days 00:19:12.910375000
16,2019-12-02 19:05:00.000000,2019-12-02 19:05:45.000000,2019-12-02 19:19:05.615368,2019-12-02 19:19:50.615368,2019-12-02 20:14:15.108231,2019-12-02 20:15:00.108231,2019-12-02 20:32:48.922245,Replace,8,40,49,0 days 00:00:45.000000000,0 days 00:14:05.615368000
17,2019-12-02 20:08:00.000000,2019-12-02 20:08:55.000000,2019-12-02 20:24:42.480708,2019-12-02 20:25:37.480708,2019-12-02 21:13:49.064496,2019-12-02 21:14:44.064496,2019-12-02 21:35:47.882031,Replace,8,40,49,0 days 00:00:55.000000000,0 days 00:16:42.480708000
18,2019-12-02 21:19:00.000000,2019-12-02 21:19:35.000000,2019-12-02 21:33:20.750429,2019-12-02 21:33:46.263363,,,,Onsite,8,40,49,0 days 00:00:35.000000000,0 days 00:14:11.263363000
0,2019-12-02 01:13:00.000000,2019-12-02 00:00:45.000000,2019-12-02 00:17:49.656021,2019-12-02 00:18:34.656021,2019-12-02 01:06:36.371372,2019-12-02 01:07:21.371372,2019-12-02 01:20:29.460993,Replace,9,40,49,-1 days +22:47:45.000000000,0 days 00:17:49.656021000
1,2019-12-02 01:04:00.000000,2019-12-02 01:04:25.000000,2019-12-02 01:19:34.548853,2019-12-02 01:19:59.548853,2019-12-02 02:15:52.403523,2019-12-02 02:16:17.403523,2019-12-02 02:32:25.613619,Replace,9,40,49,0 days 00:00:25.000000000,0 days 00:15:34.548853000
2,2019-12-02 02:18:00.000000,2019-12-02 02:18:50.000000,2019-12-02 02:34:43.806650,2019-12-02 02:35:33.806650,2019-12-02 03:17:35.152078,2019-12-02 03:18:25.152078,2019-12-02 03:36:39.258322,Replace,9,40,49,0 days 00:00:50.000000000,0 days 00:16:43.806650000
3,2019-12-02 03:21:00.000000,2019-12-02 03:21:35.000000,2019-12-02 03:38:44.560472,2019-12-02 03:39:19.560472,2019-12-02 04:16:42.663458,2019-12-02 04:17:17.663458,2019-12-02 04:39:16.245005,Replace,9,40,49,0 days 00:00:35.000000000,0 days 00:17:44.560472000
4,2019-12-02 04:04:00.000000,2019-12-02 04:04:55.000000,2019-12-02 04:20:29.699228,2019-12-02 04:21:24.699228,2019-12-02 04:48:53.432439,2019-12-02 04:49:48.432439,2019-12-02 05:08:38.660001,Replace,9,40,49,0 days 00:00:55.000000000,0 days 00:16:29.699228000
5,2019-12-02 05:15:00.000000,2019-12-02 05:15:45.000000,2019-12-02 05:30:07.653007,2019-12-02 05:30:52.653007,2019-12-02 06:00:40.188492,2019-12-02 06:01:25.188492,2019-12-02 06:19:02.993802,Replace,9,40,49,0 days 00:00:45.000000000,0 days 00:15:07.653007000
6,2019-12-02 06:25:00.000000,2019-12-02 06:25:55.000000,2019-12-02 06:35:54.335366,2019-12-02 06:36:49.335366,2019-12-02 07:04:29.467136,2019-12-02 07:05:24.467136,2019-12-02 07:19:41.358676,Replace,9,40,49,0 days 00:00:55.000000000,0 days 00:10:54.335366000
7,2019-12-02 07:13:00.000000,2019-12-02 07:13:45.000000,2019-12-02 07:28:16.559552,2019-12-02 07:29:01.559552,2019-12-02 08:14:32.245171,2019-12-02 08:15:17.245171,2019-12-02 08:35:40.366222,Replace,9,40,49,0 days 00:00:45.000000000,0 days 00:15:16.559552000
8,2019-12-02 08:17:00.000000,2019-12-02 08:17:55.000000,2019-12-02 08:34:38.865102,2019-12-02 08:34:46.687346,,,,Onsite,9,40,49,0 days 00:00:55.000000000,0 days 00:16:51.687346000
9,2019-12-02 09:41:00.000000,2019-12-02 09:41:50.000000,2019-12-02 10:02:01.900036,2019-12-02 10:02:16.407476,,,,Onsite,9,40,49,0 days 00:00:50.000000000,0 days 00:20:26.407476000
10,2019-12-02 10:45:00.000000,2019-12-02 10:45:55.000000,2019-12-02 11:01:03.611939,2019-12-02 11:01:58.611939,2019-12-02 11:38:53.578752,2019-12-02 11:39:48.578752,2019-12-02 11:58:28.959715,Replace,9,40,49,0 days 00:00:55.000000000,0 days 00:16:03.611939000
11,2019-12-02 11:56:00.000000,2019-12-02 11:56:35.000000,2019-12-02 12:10:42.089604,2019-12-02 12:11:17.089604,2019-12-02 12:35:06.328304,2019-12-02 12:35:41.328304,2019-12-02 12:51:38.613608,Replace,9,40,49,0 days 00:00:35.000000000,0 days 00:14:42.089604000
12,2019-12-02 12:54:00.000000,2019-12-02 12:54:35.000000,2019-12-02 13:12:31.562404,2019-12-02 13:13:06.562404,2019-12-02 13:40:13.483006,2019-12-02 13:40:48.483006,2019-12-02 13:57:37.435531,Replace,9,40,49,0 days 00:00:35.000000000,0 days 00:18:31.562404000
13,2019-12-02 14:12:00.000000,2019-12-02 14:12:45.000000,2019-12-02 14:26:44.655458,2019-12-02 14:27:29.655458,2019-12-02 15:01:47.165550,2019-12-02 15:02:32.165550,2019-12-02 15:13:06.046979,Replace,9,40,49,0 days 00:00:45.000000000,0 days 00:14:44.655458000
14,2019-12-02 15:14:00.000000,2019-12-02 15:14:45.000000,2019-12-02 15:33:59.523987,2019-12-02 15:34:33.829918,,,,Onsite,9,40,49,0 days 00:00:45.000000000,0 days 00:19:48.829918000
15,2019-12-02 16:39:00.000000,2019-12-02 16:39:30.000000,2019-12-02 16:52:31.466545,2019-12-02 16:53:01.466545,2019-12-02 17:29:01.891700,2019-12-02 17:29:31.891700,2019-12-02 17:44:12.020838,Replace,9,40,49,0 days 00:00:30.000000000,0 days 00:13:31.466545000
16,2019-12-02 17:46:00.000000,2019-12-02 17:46:55.000000,2019-12-02 18:05:15.655908,2019-12-02 18:06:10.655908,2019-12-02 18:54:24.543983,2019-12-02 18:55:19.543983,2019-12-02 19:12:08.855837,Replace,9,40,49,0 days 00:00:55.000000000,0 days 00:19:15.655908000
17,2019-12-02 18:49:00.000000,2019-12-02 18:49:35.000000,2019-12-02 19:09:23.643982,2019-12-02 19:09:58.643982,2019-12-02 19:53:28.193727,2019-12-02 19:54:03.193727,2019-12-02 20:16:14.474328,Replace,9,40,49,0 days 00:00:35.000000000,0 days 00:20:23.643982000
18,2019-12-02 19:47:00.000000,2019-12-02 19:47:35.000000,2019-12-02 20:03:38.881381,2019-12-02 20:04:13.881381,2019-12-02 20:56:14.972783,2019-12-02 20:56:49.972783,2019-12-02 21:19:35.272638,Replace,9,40,49,0 days 00:00:35.000000000,0 days 00:16:38.881381000
19,2019-12-02 20:47:00.000000,2019-12-02 20:47:50.000000,2019-12-02 21:03:36.056229,2019-12-02 21:04:26.056229,2019-12-02 21:55:44.350488,2019-12-02 21:56:34.350488,2019-12-02 22:13:17.946042,Replace,9,40,49,0 days 00:00:50.000000000,0 days 00:16:36.056229000
20,2019-12-02 21:48:00.000000,2019-12-02 21:48:35.000000,2019-12-02 21:59:23.557826,2019-12-02 21:59:50.843512,,,,Onsite,9,40,49,0 days 00:00:35.000000000,0 days 00:11:15.843512000
0,2019-12-02 00:56:00.000000,2019-12-02 00:00:45.000000,2019-12-02 00:22:24.377840,2019-12-02 00:22:49.387752,,,,Onsite,1,40,50,-1 days +23:04:45.000000000,0 days 00:22:04.387752000
1,2019-12-02 01:19:00.000000,2019-12-02 01:19:55.000000,2019-12-02 01:32:45.338830,2019-12-02 01:33:03.284526,,,,Onsite,1,40,50,0 days 00:00:55.000000000,0 days 00:13:08.284526000
2,2019-12-02 02:33:00.000000,2019-12-02 02:33:35.000000,2019-12-02 02:49:22.357155,2019-12-02 02:49:29.778365,,,,Onsite,1,40,50,0 days 00:00:35.000000000,0 days 00:15:54.778365000
3,2019-12-02 03:50:00.000000,2019-12-02 03:50:45.000000,2019-12-02 04:06:05.965453,2019-12-02 04:06:50.965453,2019-12-02 04:58:24.752826,2019-12-02 04:59:09.752826,2019-12-02 05:17:12.566660,Replace,1,40,50,0 days 00:00:45.000000000,0 days 00:16:05.965453000
4,2019-12-02 04:39:00.000000,2019-12-02 04:39:30.000000,2019-12-02 04:53:22.670642,2019-12-02 04:53:52.670642,2019-12-02 05:36:55.681300,2019-12-02 05:37:25.681300,2019-12-02 05:52:20.483018,Replace,1,40,50,0 days 00:00:30.000000000,0 days 00:14:22.670642000
5,2019-12-02 05:42:00.000000,2019-12-02 05:42:30.000000,2019-12-02 05:58:34.324557,2019-12-02 05:58:42.571429,,,,Onsite,1,40,50,0 days 00:00:30.000000000,0 days 00:16:12.571429000
6,2019-12-02 06:56:00.000000,2019-12-02 06:56:45.000000,2019-12-02 07:12:07.346073,2019-12-02 07:12:52.346073,2019-12-02 07:48:38.137830,2019-12-02 07:49:23.137830,2019-12-02 08:02:57.829226,Replace,1,40,50,0 days 00:00:45.000000000,0 days 00:16:07.346073000
7,2019-12-02 08:08:00.000000,2019-12-02 08:08:45.000000,2019-12-02 08:23:14.011952,2019-12-02 08:23:17.614643,,,,Onsite,1,40,50,0 days 00:00:45.000000000,0 days 00:14:32.614643000
8,2019-12-02 09:24:00.000000,2019-12-02 09:24:55.000000,2019-12-02 09:35:54.098590,2019-12-02 09:36:49.098590,2019-12-02 10:19:55.135790,2019-12-02 10:20:50.135790,2019-12-02 10:32:37.858428,Replace,1,40,50,0 days 00:00:55.000000000,0 days 00:11:54.098590000
9,2019-12-02 10:45:00.000000,2019-12-02 10:45:50.000000,2019-12-02 11:01:13.282725,2019-12-02 11:02:03.282725,2019-12-02 11:27:14.146051,2019-12-02 11:28:04.146051,2019-12-02 11:44:16.082488,Replace,1,40,50,0 days 00:00:50.000000000,0 days 00:16:13.282725000
10,2019-12-02 11:47:00.000000,2019-12-02 11:47:55.000000,2019-12-02 12:07:24.856650,2019-12-02 12:07:56.435510,,,,Onsite,1,40,50,0 days 00:00:55.000000000,0 days 00:20:01.435510000
11,2019-12-02 12:57:00.000000,2019-12-02 12:57:55.000000,2019-12-02 13:12:32.353630,2019-12-02 13:13:27.353630,2019-12-02 14:11:20.645412,2019-12-02 14:12:15.645412,2019-12-02 14:28:25.500713,Replace,1,40,50,0 days 00:00:55.000000000,0 days 00:15:32.353630000
12,2019-12-02 14:33:00.000000,2019-12-02 14:33:45.000000,2019-12-02 14:49:45.781303,2019-12-02 14:50:30.781303,2019-12-02 15:26:10.873827,2019-12-02 15:26:55.873827,2019-12-02 15:42:46.690259,Replace,1,40,50,0 days 00:00:45.000000000,0 days 00:16:45.781303000
13,2019-12-02 15:41:00.000000,2019-12-02 15:41:25.000000,2019-12-02 15:50:44.716875,2019-12-02 15:51:09.716875,2019-12-02 16:39:25.435594,2019-12-02 16:39:50.435594,2019-12-02 17:03:51.759334,Replace,1,40,50,0 days 00:00:25.000000000,0 days 00:09:44.716875000
14,2019-12-02 16:47:00.000000,2019-12-02 16:47:30.000000,2019-12-02 16:59:04.084449,2019-12-02 16:59:34.084449,2019-12-02 17:32:59.443822,2019-12-02 17:33:29.443822,2019-12-02 17:49:17.348279,Replace,1,40,50,0 days 00:00:30.000000000,0 days 00:12:04.084449000
15,2019-12-02 18:00:00.000000,2019-12-02 18:00:55.000000,2019-12-02 18:15:10.952341,2019-12-02 18:16:05.952341,2019-12-02 18:58:33.261435,2019-12-02 18:59:28.261435,2019-12-02 19:16:39.662733,Replace,1,40,50,0 days 00:00:55.000000000,0 days 00:15:10.952341000
16,2019-12-02 19:23:00.000000,2019-12-02 19:23:45.000000,2019-12-02 19:38:15.310109,2019-12-02 19:38:29.405169,,,,Onsite,1,40,50,0 days 00:00:45.000000000,0 days 00:14:44.405169000
17,2019-12-02 20:39:00.000000,2019-12-02 20:39:55.000000,2019-12-02 20:57:14.617419,2019-12-02 20:57:28.218138,,,,Onsite,1,40,50,0 days 00:00:55.000000000,0 days 00:17:33.218138000
18,2019-12-02 21:42:00.000000,2019-12-02 21:42:50.000000,2019-12-02 21:58:33.175731,2019-12-02 21:59:23.175731,2019-12-02 22:42:24.186835,2019-12-02 22:43:14.186835,2019-12-02 22:59:08.228213,Replace,1,40,50,0 days 00:00:50.000000000,0 days 00:16:33.175731000
0,2019-12-02 01:10:00.000000,2019-12-02 00:00:45.000000,2019-12-02 00:13:18.287097,2019-12-02 00:13:33.011656,,,,Onsite,2,40,50,-1 days +22:50:45.000000000,0 days 00:12:48.011656000
1,2019-12-02 01:11:00.000000,2019-12-02 01:11:35.000000,2019-12-02 01:28:24.682365,2019-12-02 01:28:48.448406,,,,Onsite,2,40,50,0 days 00:00:35.000000000,0 days 00:17:13.448406000
2,2019-12-02 02:27:00.000000,2019-12-02 02:27:30.000000,2019-12-02 02:41:58.812581,2019-12-02 02:42:28.812581,2019-12-02 03:11:31.206084,2019-12-02 03:12:01.206084,2019-12-02 03:30:23.834033,Replace,2,40,50,0 days 00:00:30.000000000,0 days 00:14:58.812581000
3,2019-12-02 03:34:00.000000,2019-12-02 03:34:45.000000,2019-12-02 03:51:14.378880,2019-12-02 03:51:59.378880,2019-12-02 04:39:49.555648,2019-12-02 04:40:34.555648,2019-12-02 04:55:26.557214,Replace,2,40,50,0 days 00:00:45.000000000,0 days 00:17:14.378880000
4,2019-12-02 04:45:00.000000,2019-12-02 04:45:45.000000,2019-12-02 05:01:26.426126,2019-12-02 05:01:42.576215,,,,Onsite,2,40,50,0 days 00:00:45.000000000,0 days 00:15:57.576215000
5,2019-12-02 05:57:00.000000,2019-12-02 05:57:45.000000,2019-12-02 06:14:08.432796,2019-12-02 06:14:40.236119,,,,Onsite,2,40,50,0 days 00:00:45.000000000,0 days 00:16:55.236119000
6,2019-12-02 06:56:00.000000,2019-12-02 06:56:35.000000,2019-12-02 07:10:56.408196,2019-12-02 07:11:07.541781,,,,Onsite,2,40,50,0 days 00:00:35.000000000,0 days 00:14:32.541781000
7,2019-12-02 08:08:00.000000,2019-12-02 08:08:55.000000,2019-12-02 08:25:55.713425,2019-12-02 08:26:50.713425,2019-12-02 08:56:13.952676,2019-12-02 08:57:08.952676,2019-12-02 09:10:52.228045,Replace,2,40,50,0 days 00:00:55.000000000,0 days 00:17:55.713425000
8,2019-12-02 09:16:00.000000,2019-12-02 09:16:35.000000,2019-12-02 09:33:42.315444,2019-12-02 09:34:08.616491,,,,Onsite,2,40,50,0 days 00:00:35.000000000,0 days 00:17:33.616491000
9,2019-12-02 10:28:00.000000,2019-12-02 10:28:45.000000,2019-12-02 10:46:02.310376,2019-12-02 10:46:47.310376,2019-12-02 11:23:02.183057,2019-12-02 11:23:47.183057,2019-12-02 11:38:14.014441,Replace,2,40,50,0 days 00:00:45.000000000,0 days 00:18:02.310376000
10,2019-12-02 11:37:00.000000,2019-12-02 11:37:30.000000,2019-12-02 11:55:11.712136,2019-12-02 11:55:20.001734,,,,Onsite,2,40,50,0 days 00:00:30.000000000,0 days 00:17:50.001734000
11,2019-12-02 12:37:00.000000,2019-12-02 12:37:45.000000,2019-12-02 12:54:56.742488,2019-12-02 12:55:15.047867,,,,Onsite,2,40,50,0 days 00:00:45.000000000,0 days 00:17:30.047867000
12,2019-12-02 13:44:00.000000,2019-12-02 13:44:35.000000,2019-12-02 13:58:41.344261,2019-12-02 13:59:16.344261,2019-12-02 14:23:07.897676,2019-12-02 14:23:42.897676,2019-12-02 14:39:21.405636,Replace,2,40,50,0 days 00:00:35.000000000,0 days 00:14:41.344261000
13,2019-12-02 14:50:00.000000,2019-12-02 14:50:50.000000,2019-12-02 15:05:31.596723,2019-12-02 15:06:21.596723,2019-12-02 15:40:17.606862,2019-12-02 15:41:07.606862,2019-12-02 16:01:03.913280,Replace,2,40,50,0 days 00:00:50.000000000,0 days 00:15:31.596723000
14,2019-12-02 16:04:00.000000,2019-12-02 16:04:55.000000,2019-12-02 16:21:27.948747,2019-12-02 16:21:43.362023,,,,Onsite,2,40,50,0 days 00:00:55.000000000,0 days 00:16:48.362023000
15,2019-12-02 17:18:00.000000,2019-12-02 17:18:55.000000,2019-12-02 17:34:59.958210,2019-12-02 17:35:54.958210,2019-12-02 18:04:31.629669,2019-12-02 18:05:26.629669,2019-12-02 18:17:08.748229,Replace,2,40,50,0 days 00:00:55.000000000,0 days 00:16:59.958210000
16,2019-12-02 18:27:00.000000,2019-12-02 18:27:55.000000,2019-12-02 18:41:22.254582,2019-12-02 18:41:47.252086,,,,Onsite,2,40,50,0 days 00:00:55.000000000,0 days 00:13:52.252086000
17,2019-12-02 19:32:00.000000,2019-12-02 19:32:25.000000,2019-12-02 19:43:34.930980,2019-12-02 19:43:59.930980,2019-12-02 20:28:14.792753,2019-12-02 20:28:39.792753,2019-12-02 20:47:07.353316,Replace,2,40,50,0 days 00:00:25.000000000,0 days 00:11:34.930980000
18,2019-12-02 20:48:00.000000,2019-12-02 20:48:30.000000,2019-12-02 21:05:33.976370,2019-12-02 21:06:03.976370,2019-12-02 21:52:54.005655,2019-12-02 21:53:24.005655,2019-12-02 22:10:43.838984,Replace,2,40,50,0 days 00:00:30.000000000,0 days 00:17:33.976370000
19,2019-12-02 22:00:00.000000,2019-12-02 22:00:45.000000,2019-12-02 22:11:00.782328,2019-12-02 22:11:21.839200,,,,Onsite,2,40,50,0 days 00:00:45.000000000,0 days 00:10:36.839200000
0,2019-12-02 00:58:00.000000,2019-12-02 00:00:55.000000,2019-12-02 00:11:35.824912,2019-12-02 00:11:49.596228,,,,Onsite,3,40,50,-1 days +23:02:55.000000000,0 days 00:10:54.596228000
1,2019-12-02 00:58:00.000000,2019-12-02 00:58:30.000000,2019-12-02 01:17:26.332014,2019-12-02 01:17:33.406987,,,,Onsite,3,40,50,0 days 00:00:30.000000000,0 days 00:19:03.406987000
2,2019-12-02 02:06:00.000000,2019-12-02 02:06:45.000000,2019-12-02 02:21:26.034889,2019-12-02 02:22:11.034889,2019-12-02 03:06:18.065103,2019-12-02 03:07:03.065103,2019-12-02 03:24:06.163550,Replace,3,40,50,0 days 00:00:45.000000000,0 days 00:15:26.034889000
3,2019-12-02 03:14:00.000000,2019-12-02 03:14:30.000000,2019-12-02 03:30:04.747720,2019-12-02 03:30:20.616875,,,,Onsite,3,40,50,0 days 00:00:30.000000000,0 days 00:15:50.616875000
4,2019-12-02 04:24:00.000000,2019-12-02 04:24:35.000000,2019-12-02 04:41:57.175746,2019-12-02 04:42:08.303809,,,,Onsite,3,40,50,0 days 00:00:35.000000000,0 days 00:17:33.303809000
5,2019-12-02 05:30:00.000000,2019-12-02 05:30:30.000000,2019-12-02 05:50:16.811176,2019-12-02 05:50:46.811176,2019-12-02 06:22:42.030986,2019-12-02 06:23:12.030986,2019-12-02 06:40:30.756044,Replace,3,40,50,0 days 00:00:30.000000000,0 days 00:20:16.811176000
6,2019-12-02 06:44:00.000000,2019-12-02 06:44:30.000000,2019-12-02 07:03:20.960765,2019-12-02 07:03:36.431158,,,,Onsite,3,40,50,0 days 00:00:30.000000000,0 days 00:19:06.431158000
7,2019-12-02 07:46:00.000000,2019-12-02 07:46:55.000000,2019-12-02 08:02:58.232994,2019-12-02 08:03:25.696108,,,,Onsite,3,40,50,0 days 00:00:55.000000000,0 days 00:16:30.696108000
8,2019-12-02 08:42:00.000000,2019-12-02 08:42:50.000000,2019-12-02 08:56:22.913888,2019-12-02 08:56:48.399739,,,,Onsite,3,40,50,0 days 00:00:50.000000000,0 days 00:13:58.399739000
9,2019-12-02 09:54:00.000000,2019-12-02 09:54:25.000000,2019-12-02 10:14:04.916598,2019-12-02 10:14:24.401891,,,,Onsite,3,40,50,0 days 00:00:25.000000000,0 days 00:19:59.401891000
10,2019-12-02 11:01:00.000000,2019-12-02 11:01:45.000000,2019-12-02 11:17:59.128599,2019-12-02 11:18:44.128599,2019-12-02 12:01:50.201805,2019-12-02 12:02:35.201805,2019-12-02 12:21:50.784433,Replace,3,40,50,0 days 00:00:45.000000000,0 days 00:16:59.128599000
11,2019-12-02 12:09:00.000000,2019-12-02 12:09:35.000000,2019-12-02 12:25:17.733307,2019-12-02 12:25:52.733307,2019-12-02 12:48:35.172580,2019-12-02 12:49:10.172580,2019-12-02 13:11:06.942497,Replace,3,40,50,0 days 00:00:35.000000000,0 days 00:16:17.733307000
12,2019-12-02 13:26:00.000000,2019-12-02 13:26:45.000000,2019-12-02 13:42:27.889711,2019-12-02 13:42:32.537868,,,,Onsite,3,40,50,0 days 00:00:45.000000000,0 days 00:15:47.537868000
13,2019-12-02 14:36:00.000000,2019-12-02 14:36:45.000000,2019-12-02 14:50:08.403502,2019-12-02 14:50:53.403502,2019-12-02 15:21:27.012362,2019-12-02 15:22:12.012362,2019-12-02 15:32:52.251063,Replace,3,40,50,0 days 00:00:45.000000000,0 days 00:14:08.403502000
14,2019-12-02 15:48:00.000000,2019-12-02 15:48:45.000000,2019-12-02 16:06:54.001703,2019-12-02 16:07:23.169955,,,,Onsite,3,40,50,0 days 00:00:45.000000000,0 days 00:18:38.169955000
15,2019-12-02 16:40:00.000000,2019-12-02 16:40:25.000000,2019-12-02 16:54:00.862592,2019-12-02 16:54:25.862592,2019-12-02 17:33:46.005417,2019-12-02 17:34:11.005417,2019-12-02 17:49:02.713125,Replace,3,40,50,0 days 00:00:25.000000000,0 days 00:14:00.862592000
16,2019-12-02 17:38:00.000000,2019-12-02 17:38:35.000000,2019-12-02 17:57:04.845840,2019-12-02 17:57:39.845840,2019-12-02 18:36:11.986746,2019-12-02 18:36:46.986746,2019-12-02 18:50:31.757382,Replace,3,40,50,0 days 00:00:35.000000000,0 days 00:19:04.845840000
17,2019-12-02 18:43:00.000000,2019-12-02 18:43:30.000000,2019-12-02 18:59:50.686133,2019-12-02 19:00:01.889277,,,,Onsite,3,40,50,0 days 00:00:30.000000000,0 days 00:16:31.889277000
18,2019-12-02 19:52:00.000000,2019-12-02 19:52:45.000000,2019-12-02 20:06:48.177736,2019-12-02 20:07:05.335475,,,,Onsite,3,40,50,0 days 00:00:45.000000000,0 days 00:14:20.335475000
19,2019-12-02 21:04:00.000000,2019-12-02 21:04:45.000000,2019-12-02 21:19:26.641601,2019-12-02 21:19:31.587503,,,,Onsite,3,40,50,0 days 00:00:45.000000000,0 days 00:14:46.587503000
0,2019-12-02 01:24:00.000000,2019-12-02 00:00:45.000000,2019-12-02 00:13:43.587704,2019-12-02 00:13:59.023314,,,,Onsite,4,40,50,-1 days +22:36:45.000000000,0 days 00:13:14.023314000
1,2019-12-02 01:13:00.000000,2019-12-02 01:13:35.000000,2019-12-02 01:28:53.117348,2019-12-02 01:29:28.117348,2019-12-02 02:14:56.670173,2019-12-02 02:15:31.670173,2019-12-02 02:30:07.802825,Replace,4,40,50,0 days 00:00:35.000000000,0 days 00:15:53.117348000
2,2019-12-02 02:09:00.000000,2019-12-02 02:09:35.000000,2019-12-02 02:25:17.442811,2019-12-02 02:25:52.442811,2019-12-02 03:03:35.759548,2019-12-02 03:04:10.759548,2019-12-02 03:21:42.250498,Replace,4,40,50,0 days 00:00:35.000000000,0 days 00:16:17.442811000
3,2019-12-02 03:24:00.000000,2019-12-02 03:24:30.000000,2019-12-02 03:40:14.167171,2019-12-02 03:40:44.167171,2019-12-02 04:04:55.730027,2019-12-02 04:05:25.730027,2019-12-02 04:15:42.166164,Replace,4,40,50,0 days 00:00:30.000000000,0 days 00:16:14.167171000
4,2019-12-02 04:30:00.000000,2019-12-02 04:30:35.000000,2019-12-02 04:46:11.643907,2019-12-02 04:46:46.643907,2019-12-02 05:12:39.572547,2019-12-02 05:13:14.572547,2019-12-02 05:35:35.695822,Replace,4,40,50,0 days 00:00:35.000000000,0 days 00:16:11.643907000
5,2019-12-02 05:48:00.000000,2019-12-02 05:48:55.000000,2019-12-02 06:02:59.810629,2019-12-02 06:03:54.810629,2019-12-02 06:55:26.396643,2019-12-02 06:56:21.396643,2019-12-02 07:18:12.955750,Replace,4,40,50,0 days 00:00:55.000000000,0 days 00:14:59.810629000
6,2019-12-02 06:42:00.000000,2019-12-02 06:42:35.000000,2019-12-02 07:00:25.802264,2019-12-02 07:01:00.802264,2019-12-02 07:44:09.277510,2019-12-02 07:44:44.277510,2019-12-02 08:00:24.722636,Replace,4,40,50,0 days 00:00:35.000000000,0 days 00:18:25.802264000
7,2019-12-02 07:52:00.000000,2019-12-02 07:52:35.000000,2019-12-02 08:10:54.325981,2019-12-02 08:11:11.250246,,,,Onsite,4,40,50,0 days 00:00:35.000000000,0 days 00:18:36.250246000
8,2019-12-02 08:58:00.000000,2019-12-02 08:58:45.000000,2019-12-02 09:13:00.729255,2019-12-02 09:13:45.729255,2019-12-02 09:38:39.439257,2019-12-02 09:39:24.439257,2019-12-02 09:57:29.001991,Replace,4,40,50,0 days 00:00:45.000000000,0 days 00:15:00.729255000
9,2019-12-02 10:03:00.000000,2019-12-02 10:03:50.000000,2019-12-02 10:16:20.469017,2019-12-02 10:16:30.807703,,,,Onsite,4,40,50,0 days 00:00:50.000000000,0 days 00:12:40.807703000
10,2019-12-02 11:19:00.000000,2019-12-02 11:19:30.000000,2019-12-02 11:38:32.085434,2019-12-02 11:39:02.085434,2019-12-02 12:05:29.674726,2019-12-02 12:05:59.674726,2019-12-02 12:19:35.245739,Replace,4,40,50,0 days 00:00:30.000000000,0 days 00:19:32.085434000
11,2019-12-02 12:49:00.000000,2019-12-02 12:49:45.000000,2019-12-02 13:02:18.579034,2019-12-02 13:03:03.579034,2019-12-02 13:32:10.809412,2019-12-02 13:32:55.809412,2019-12-02 13:47:52.110139,Replace,4,40,50,0 days 00:00:45.000000000,0 days 00:13:18.579034000
12,2019-12-02 13:47:00.000000,2019-12-02 13:47:45.000000,2019-12-02 14:02:21.461575,2019-12-02 14:03:06.461575,2019-12-02 14:56:51.347663,2019-12-02 14:57:36.347663,2019-12-02 15:11:42.163529,Replace,4,40,50,0 days 00:00:45.000000000,0 days 00:15:21.461575000
13,2019-12-02 14:48:00.000000,2019-12-02 14:48:45.000000,2019-12-02 14:59:34.899341,2019-12-02 15:00:19.899341,2019-12-02 15:39:32.214761,2019-12-02 15:40:17.214761,2019-12-02 15:56:07.937804,Replace,4,40,50,0 days 00:00:45.000000000,0 days 00:11:34.899341000
14,2019-12-02 15:52:00.000000,2019-12-02 15:52:55.000000,2019-12-02 16:14:26.994619,2019-12-02 16:15:21.994619,2019-12-02 16:50:19.245902,2019-12-02 16:51:14.245902,2019-12-02 17:13:55.007460,Replace,4,40,50,0 days 00:00:55.000000000,0 days 00:22:26.994619000
15,2019-12-02 16:58:00.000000,2019-12-02 16:58:55.000000,2019-12-02 17:16:29.991553,2019-12-02 17:16:41.082869,,,,Onsite,4,40,50,0 days 00:00:55.000000000,0 days 00:17:46.082869000
16,2019-12-02 18:27:00.000000,2019-12-02 18:27:25.000000,2019-12-02 18:36:23.844129,2019-12-02 18:36:44.643356,,,,Onsite,4,40,50,0 days 00:00:25.000000000,0 days 00:09:19.643356000
17,2019-12-02 19:28:00.000000,2019-12-02 19:28:45.000000,2019-12-02 19:40:46.648730,2019-12-02 19:40:58.938318,,,,Onsite,4,40,50,0 days 00:00:45.000000000,0 days 00:12:13.938318000
18,2019-12-02 21:29:00.000000,2019-12-02 21:29:50.000000,2019-12-02 21:46:08.500928,2019-12-02 21:46:58.500928,2019-12-02 22:25:53.003767,2019-12-02 22:26:43.003767,2019-12-02 22:39:04.331675,Replace,4,40,50,0 days 00:00:50.000000000,0 days 00:17:08.500928000
19,2019-12-02 20:32:00.000000,2019-12-02 20:32:45.000000,2019-12-02 20:50:07.335998,2019-12-02 20:50:52.335998,2019-12-02 21:29:12.409184,2019-12-02 21:29:57.409184,2019-12-02 21:40:57.262256,Replace,4,40,50,0 days 00:00:45.000000000,0 days 00:18:07.335998000
20,2019-12-02 22:42:00.000000,2019-12-02 22:42:55.000000,2019-12-02 22:58:59.982667,2019-12-02 22:59:13.326752,,,,Onsite,4,40,50,0 days 00:00:55.000000000,0 days 00:16:18.326752000
0,2019-12-02 01:07:00.000000,2019-12-02 00:00:45.000000,2019-12-02 00:19:12.612752,2019-12-02 00:19:57.612752,2019-12-02 00:46:02.413986,2019-12-02 00:46:47.413986,2019-12-02 01:03:51.426114,Replace,5,40,50,-1 days +22:53:45.000000000,0 days 00:19:12.612752000
1,2019-12-02 01:19:00.000000,2019-12-02 01:19:45.000000,2019-12-02 01:32:32.659140,2019-12-02 01:32:50.263771,,,,Onsite,5,40,50,0 days 00:00:45.000000000,0 days 00:13:05.263771000
2,2019-12-02 02:37:00.000000,2019-12-02 02:37:45.000000,2019-12-02 02:55:21.441628,2019-12-02 02:55:42.375015,,,,Onsite,5,40,50,0 days 00:00:45.000000000,0 days 00:17:57.375015000
3,2019-12-02 03:55:00.000000,2019-12-02 03:55:55.000000,2019-12-02 04:09:28.739198,2019-12-02 04:10:23.739198,2019-12-02 04:37:20.767731,2019-12-02 04:38:15.767731,2019-12-02 04:53:02.162999,Replace,5,40,50,0 days 00:00:55.000000000,0 days 00:14:28.739198000
4,2019-12-02 04:51:00.000000,2019-12-02 04:51:30.000000,2019-12-02 05:11:43.545400,2019-12-02 05:12:13.545400,2019-12-02 05:49:06.708301,2019-12-02 05:49:36.708301,2019-12-02 06:07:53.773984,Replace,5,40,50,0 days 00:00:30.000000000,0 days 00:20:43.545400000
5,2019-12-02 06:08:00.000000,2019-12-02 06:08:30.000000,2019-12-02 06:25:04.595228,2019-12-02 06:25:34.595228,2019-12-02 07:12:23.655421,2019-12-02 07:12:53.655421,2019-12-02 07:31:21.389192,Replace,5,40,50,0 days 00:00:30.000000000,0 days 00:17:04.595228000
6,2019-12-02 07:28:00.000000,2019-12-02 07:28:45.000000,2019-12-02 07:47:46.492217,2019-12-02 07:47:58.617844,,,,Onsite,5,40,50,0 days 00:00:45.000000000,0 days 00:19:13.617844000
7,2019-12-02 08:43:00.000000,2019-12-02 08:43:45.000000,2019-12-02 09:00:43.758580,2019-12-02 09:01:28.758580,2019-12-02 09:37:02.267276,2019-12-02 09:37:47.267276,2019-12-02 09:53:33.892000,Replace,5,40,50,0 days 00:00:45.000000000,0 days 00:17:43.758580000
8,2019-12-02 09:52:00.000000,2019-12-02 09:52:50.000000,2019-12-02 10:06:40.347395,2019-12-02 10:06:55.004610,,,,Onsite,5,40,50,0 days 00:00:50.000000000,0 days 00:14:05.004610000
9,2019-12-02 10:54:00.000000,2019-12-02 10:54:55.000000,2019-12-02 11:11:31.725676,2019-12-02 11:12:26.725676,2019-12-02 11:47:51.764531,2019-12-02 11:48:46.764531,2019-12-02 12:09:05.021051,Replace,5,40,50,0 days 00:00:55.000000000,0 days 00:17:31.725676000
10,2019-12-02 12:10:00.000000,2019-12-02 12:10:55.000000,2019-12-02 12:26:31.757506,2019-12-02 12:26:48.250267,,,,Onsite,5,40,50,0 days 00:00:55.000000000,0 days 00:15:53.250267000
11,2019-12-02 13:13:00.000000,2019-12-02 13:13:55.000000,2019-12-02 13:32:39.910760,2019-12-02 13:32:59.445857,,,,Onsite,5,40,50,0 days 00:00:55.000000000,0 days 00:19:04.445857000
12,2019-12-02 14:19:00.000000,2019-12-02 14:19:45.000000,2019-12-02 14:35:19.938009,2019-12-02 14:36:04.938009,2019-12-02 15:15:03.084691,2019-12-02 15:15:48.084691,2019-12-02 15:28:21.508619,Replace,5,40,50,0 days 00:00:45.000000000,0 days 00:16:19.938009000
13,2019-12-02 15:34:00.000000,2019-12-02 15:34:25.000000,2019-12-02 15:52:06.680912,2019-12-02 15:52:24.345100,,,,Onsite,5,40,50,0 days 00:00:25.000000000,0 days 00:17:59.345100000
14,2019-12-02 16:57:00.000000,2019-12-02 16:57:25.000000,2019-12-02 17:12:46.604380,2019-12-02 17:13:12.030457,,,,Onsite,5,40,50,0 days 00:00:25.000000000,0 days 00:15:47.030457000
15,2019-12-02 18:01:00.000000,2019-12-02 18:01:50.000000,2019-12-02 18:15:49.779768,2019-12-02 18:16:39.779768,2019-12-02 18:43:06.340967,2019-12-02 18:43:56.340967,2019-12-02 18:55:25.541686,Replace,5,40,50,0 days 00:00:50.000000000,0 days 00:14:49.779768000
16,2019-12-02 19:06:00.000000,2019-12-02 19:06:25.000000,2019-12-02 19:20:10.301557,2019-12-02 19:20:35.301557,2019-12-02 19:51:48.808303,2019-12-02 19:52:13.808303,2019-12-02 20:06:20.114350,Replace,5,40,50,0 days 00:00:25.000000000,0 days 00:14:10.301557000
17,2019-12-02 20:08:00.000000,2019-12-02 20:08:25.000000,2019-12-02 20:23:13.477303,2019-12-02 20:23:38.477303,2019-12-02 20:59:24.929996,2019-12-02 20:59:49.929996,2019-12-02 21:14:35.661978,Replace,5,40,50,0 days 00:00:25.000000000,0 days 00:15:13.477303000
0,2019-12-02 01:18:00.000000,2019-12-02 00:00:55.000000,2019-12-02 00:23:26.144230,2019-12-02 00:23:40.302489,,,,Onsite,6,40,50,-1 days +22:42:55.000000000,0 days 00:22:45.302489000
1,2019-12-02 01:20:00.000000,2019-12-02 01:20:35.000000,2019-12-02 01:40:26.048678,2019-12-02 01:41:01.048678,2019-12-02 02:10:22.761530,2019-12-02 02:10:57.761530,2019-12-02 02:32:05.471069,Replace,6,40,50,0 days 00:00:35.000000000,0 days 00:20:26.048678000
2,2019-12-02 02:39:00.000000,2019-12-02 02:39:30.000000,2019-12-02 02:58:23.431316,2019-12-02 02:58:53.431316,2019-12-02 03:28:02.205937,2019-12-02 03:28:32.205937,2019-12-02 03:46:47.568244,Replace,6,40,50,0 days 00:00:30.000000000,0 days 00:19:23.431316000
3,2019-12-02 03:46:00.000000,2019-12-02 03:46:25.000000,2019-12-02 04:01:32.098247,2019-12-02 04:01:44.604384,,,,Onsite,6,40,50,0 days 00:00:25.000000000,0 days 00:15:19.604384000
4,2019-12-02 04:57:00.000000,2019-12-02 04:57:45.000000,2019-12-02 05:17:08.031810,2019-12-02 05:17:53.031810,2019-12-02 05:44:25.894322,2019-12-02 05:45:10.894322,2019-12-02 06:05:02.079484,Replace,6,40,50,0 days 00:00:45.000000000,0 days 00:20:08.031810000
5,2019-12-02 06:00:00.000000,2019-12-02 06:00:25.000000,2019-12-02 06:19:52.015858,2019-12-02 06:20:17.015858,2019-12-02 07:06:51.666655,2019-12-02 07:07:16.666655,2019-12-02 07:17:51.900024,Replace,6,40,50,0 days 00:00:25.000000000,0 days 00:19:52.015858000
6,2019-12-02 07:21:00.000000,2019-12-02 07:21:55.000000,2019-12-02 07:43:33.351141,2019-12-02 07:43:50.772830,,,,Onsite,6,40,50,0 days 00:00:55.000000000,0 days 00:21:55.772830000
7,2019-12-02 08:36:00.000000,2019-12-02 08:36:45.000000,2019-12-02 08:50:29.017145,2019-12-02 08:51:14.017145,2019-12-02 09:36:37.256167,2019-12-02 09:37:22.256167,2019-12-02 09:50:15.834928,Replace,6,40,50,0 days 00:00:45.000000000,0 days 00:14:29.017145000
8,2019-12-02 10:01:00.000000,2019-12-02 10:01:25.000000,2019-12-02 10:19:22.318332,2019-12-02 10:19:47.318332,2019-12-02 10:50:56.252648,2019-12-02 10:51:21.252648,2019-12-02 11:03:57.110676,Replace,6,40,50,0 days 00:00:25.000000000,0 days 00:18:22.318332000
9,2019-12-02 11:12:00.000000,2019-12-02 11:12:35.000000,2019-12-02 11:31:17.471832,2019-12-02 11:31:33.836189,,,,Onsite,6,40,50,0 days 00:00:35.000000000,0 days 00:18:58.836189000
10,2019-12-02 12:21:00.000000,2019-12-02 12:21:35.000000,2019-12-02 12:43:34.629076,2019-12-02 12:44:09.629076,2019-12-02 13:39:27.530696,2019-12-02 13:40:02.530696,2019-12-02 13:54:13.333958,Replace,6,40,50,0 days 00:00:35.000000000,0 days 00:22:34.629076000
11,2019-12-02 13:17:00.000000,2019-12-02 13:17:35.000000,2019-12-02 13:33:52.420508,2019-12-02 13:34:08.986443,,,,Onsite,6,40,50,0 days 00:00:35.000000000,0 days 00:16:33.986443000
12,2019-12-02 14:19:00.000000,2019-12-02 14:19:45.000000,2019-12-02 14:36:09.659661,2019-12-02 14:36:54.659661,2019-12-02 15:03:23.838367,2019-12-02 15:04:08.838367,2019-12-02 15:16:32.996240,Replace,6,40,50,0 days 00:00:45.000000000,0 days 00:17:09.659661000
13,2019-12-02 15:39:00.000000,2019-12-02 15:39:55.000000,2019-12-02 15:56:22.510502,2019-12-02 15:57:17.510502,2019-12-02 16:26:55.352876,2019-12-02 16:27:50.352876,2019-12-02 16:46:08.919054,Replace,6,40,50,0 days 00:00:55.000000000,0 days 00:17:22.510502000
14,2019-12-02 16:57:00.000000,2019-12-02 16:57:30.000000,2019-12-02 17:11:58.572175,2019-12-02 17:12:15.269491,,,,Onsite,6,40,50,0 days 00:00:30.000000000,0 days 00:14:45.269491000
15,2019-12-02 17:57:00.000000,2019-12-02 17:57:45.000000,2019-12-02 18:12:14.158856,2019-12-02 18:12:59.158856,2019-12-02 18:53:39.924496,2019-12-02 18:54:24.924496,2019-12-02 19:04:46.936791,Replace,6,40,50,0 days 00:00:45.000000000,0 days 00:15:14.158856000
16,2019-12-02 18:59:00.000000,2019-12-02 18:59:45.000000,2019-12-02 19:12:15.570339,2019-12-02 19:13:00.570339,2019-12-02 19:44:45.503401,2019-12-02 19:45:30.503401,2019-12-02 20:04:28.087309,Replace,6,40,50,0 days 00:00:45.000000000,0 days 00:13:15.570339000
17,2019-12-02 20:02:00.000000,2019-12-02 20:02:45.000000,2019-12-02 20:21:08.559672,2019-12-02 20:21:32.481278,,,,Onsite,6,40,50,0 days 00:00:45.000000000,0 days 00:18:47.481278000
18,2019-12-02 21:23:00.000000,2019-12-02 21:23:35.000000,2019-12-02 21:39:42.238626,2019-12-02 21:40:17.238626,2019-12-02 22:08:25.794022,2019-12-02 22:09:00.794022,2019-12-02 22:24:55.374816,Replace,6,40,50,0 days 00:00:35.000000000,0 days 00:16:42.238626000
19,2019-12-02 22:28:00.000000,2019-12-02 22:28:25.000000,2019-12-02 22:48:27.371349,2019-12-02 22:48:40.266851,,,,Onsite,6,40,50,0 days 00:00:25.000000000,0 days 00:20:15.266851000
0,2019-12-02 01:14:00.000000,2019-12-02 00:00:30.000000,2019-12-02 00:18:29.986878,2019-12-02 00:18:59.986878,2019-12-02 00:59:33.481539,2019-12-02 01:00:03.481539,2019-12-02 01:22:52.232952,Replace,7,40,50,-1 days +22:46:30.000000000,0 days 00:18:29.986878000
1,2019-12-02 01:09:00.000000,2019-12-02 01:09:25.000000,2019-12-02 01:25:22.101250,2019-12-02 01:25:24.644421,,,,Onsite,7,40,50,0 days 00:00:25.000000000,0 days 00:15:59.644421000
2,2019-12-02 03:22:00.000000,2019-12-02 03:22:55.000000,2019-12-02 03:42:58.793152,2019-12-02 03:43:09.642012,,,,Onsite,7,40,50,0 days 00:00:55.000000000,0 days 00:20:14.642012000
3,2019-12-02 02:18:00.000000,2019-12-02 02:18:25.000000,2019-12-02 02:33:23.300187,2019-12-02 02:33:48.300187,2019-12-02 03:05:30.958052,2019-12-02 03:05:55.958052,2019-12-02 03:22:29.674299,Replace,7,40,50,0 days 00:00:25.000000000,0 days 00:15:23.300187000
4,2019-12-02 04:48:00.000000,2019-12-02 04:48:45.000000,2019-12-02 05:03:22.948297,2019-12-02 05:03:29.907564,,,,Onsite,7,40,50,0 days 00:00:45.000000000,0 days 00:14:44.907564000
5,2019-12-02 05:48:00.000000,2019-12-02 05:48:25.000000,2019-12-02 06:00:34.547558,2019-12-02 06:00:59.547558,2019-12-02 06:24:11.411905,2019-12-02 06:24:36.411905,2019-12-02 06:46:32.660866,Replace,7,40,50,0 days 00:00:25.000000000,0 days 00:12:34.547558000
6,2019-12-02 07:06:00.000000,2019-12-02 07:06:25.000000,2019-12-02 07:26:25.126698,2019-12-02 07:26:50.126698,2019-12-02 07:49:58.418887,2019-12-02 07:50:23.418887,2019-12-02 08:03:24.397081,Replace,7,40,50,0 days 00:00:25.000000000,0 days 00:20:25.126698000
7,2019-12-02 08:14:00.000000,2019-12-02 08:14:35.000000,2019-12-02 08:30:21.212312,2019-12-02 08:30:48.061024,,,,Onsite,7,40,50,0 days 00:00:35.000000000,0 days 00:16:13.061024000
8,2019-12-02 09:25:00.000000,2019-12-02 09:25:45.000000,2019-12-02 09:44:16.425204,2019-12-02 09:45:01.425204,2019-12-02 10:24:54.005163,2019-12-02 10:25:39.005163,2019-12-02 10:38:21.379737,Replace,7,40,50,0 days 00:00:45.000000000,0 days 00:19:16.425204000
9,2019-12-02 10:32:00.000000,2019-12-02 10:32:35.000000,2019-12-02 10:54:29.269772,2019-12-02 10:55:04.269772,2019-12-02 11:34:24.197904,2019-12-02 11:34:59.197904,2019-12-02 11:52:55.356343,Replace,7,40,50,0 days 00:00:35.000000000,0 days 00:22:29.269772000
10,2019-12-02 11:46:00.000000,2019-12-02 11:46:45.000000,2019-12-02 12:03:46.166049,2019-12-02 12:04:04.194949,,,,Onsite,7,40,50,0 days 00:00:45.000000000,0 days 00:17:19.194949000
11,2019-12-02 12:49:00.000000,2019-12-02 12:49:50.000000,2019-12-02 13:06:59.703781,2019-12-02 13:07:49.703781,2019-12-02 13:59:34.324543,2019-12-02 14:00:24.324543,2019-12-02 14:22:06.181683,Replace,7,40,50,0 days 00:00:50.000000000,0 days 00:17:59.703781000
12,2019-12-02 13:56:00.000000,2019-12-02 13:56:35.000000,2019-12-02 14:05:43.309216,2019-12-02 14:05:56.969672,,,,Onsite,7,40,50,0 days 00:00:35.000000000,0 days 00:09:21.969672000
13,2019-12-02 15:09:00.000000,2019-12-02 15:09:55.000000,2019-12-02 15:31:20.919442,2019-12-02 15:32:15.919442,2019-12-02 16:19:58.309574,2019-12-02 16:20:53.309574,2019-12-02 16:38:47.980371,Replace,7,40,50,0 days 00:00:55.000000000,0 days 00:22:20.919442000
14,2019-12-02 16:19:00.000000,2019-12-02 16:19:35.000000,2019-12-02 16:39:19.608562,2019-12-02 16:39:54.608562,2019-12-02 17:12:44.896613,2019-12-02 17:13:19.896613,2019-12-02 17:35:45.950122,Replace,7,40,50,0 days 00:00:35.000000000,0 days 00:20:19.608562000
15,2019-12-02 17:32:00.000000,2019-12-02 17:32:45.000000,2019-12-02 17:53:34.776296,2019-12-02 17:54:13.964558,,,,Onsite,7,40,50,0 days 00:00:45.000000000,0 days 00:21:28.964558000
16,2019-12-02 18:36:00.000000,2019-12-02 18:36:55.000000,2019-12-02 18:53:25.593757,2019-12-02 18:53:30.541400,,,,Onsite,7,40,50,0 days 00:00:55.000000000,0 days 00:16:35.541400000
17,2019-12-02 20:03:00.000000,2019-12-02 20:03:45.000000,2019-12-02 20:19:23.555367,2019-12-02 20:20:08.555367,2019-12-02 21:11:50.156087,2019-12-02 21:12:35.156087,2019-12-02 21:32:42.967356,Replace,7,40,50,0 days 00:00:45.000000000,0 days 00:16:23.555367000
18,2019-12-02 21:10:00.000000,2019-12-02 21:10:50.000000,2019-12-02 21:25:49.489053,2019-12-02 21:26:39.489053,2019-12-02 22:01:06.379562,2019-12-02 22:01:56.379562,2019-12-02 22:23:12.270041,Replace,7,40,50,0 days 00:00:50.000000000,0 days 00:15:49.489053000
19,2019-12-02 22:20:00.000000,2019-12-02 22:20:45.000000,2019-12-02 22:39:28.976551,2019-12-02 22:39:45.194019,,,,Onsite,7,40,50,0 days 00:00:45.000000000,0 days 00:19:00.194019000
0,2019-12-02 01:06:00.000000,2019-12-02 00:00:45.000000,2019-12-02 00:20:13.794725,2019-12-02 00:20:58.794725,2019-12-02 01:06:39.161728,2019-12-02 01:07:24.161728,2019-12-02 01:24:52.007147,Replace,8,40,50,-1 days +22:54:45.000000000,0 days 00:20:13.794725000
1,2019-12-02 00:58:00.000000,2019-12-02 00:58:35.000000,2019-12-02 01:14:04.972669,2019-12-02 01:14:39.972669,2019-12-02 01:40:27.716219,2019-12-02 01:41:02.716219,2019-12-02 01:56:22.858884,Replace,8,40,50,0 days 00:00:35.000000000,0 days 00:16:04.972669000
2,2019-12-02 02:12:00.000000,2019-12-02 02:12:45.000000,2019-12-02 02:28:56.744636,2019-12-02 02:29:05.217043,,,,Onsite,8,40,50,0 days 00:00:45.000000000,0 days 00:16:20.217043000
3,2019-12-02 03:20:00.000000,2019-12-02 03:20:45.000000,2019-12-02 03:36:00.266515,2019-12-02 03:36:15.656726,,,,Onsite,8,40,50,0 days 00:00:45.000000000,0 days 00:15:30.656726000
4,2019-12-02 04:26:00.000000,2019-12-02 04:26:25.000000,2019-12-02 04:45:08.200308,2019-12-02 04:45:33.200308,2019-12-02 05:16:18.375936,2019-12-02 05:16:43.375936,2019-12-02 05:39:55.116127,Replace,8,40,50,0 days 00:00:25.000000000,0 days 00:19:08.200308000
5,2019-12-02 05:29:00.000000,2019-12-02 05:29:55.000000,2019-12-02 05:41:51.925580,2019-12-02 05:42:46.925580,2019-12-02 06:11:08.543170,2019-12-02 06:12:03.543170,2019-12-02 06:35:27.023647,Replace,8,40,50,0 days 00:00:55.000000000,0 days 00:12:51.925580000
6,2019-12-02 06:31:00.000000,2019-12-02 06:31:25.000000,2019-12-02 06:43:11.910847,2019-12-02 06:43:22.176076,,,,Onsite,8,40,50,0 days 00:00:25.000000000,0 days 00:11:57.176076000
7,2019-12-02 07:53:00.000000,2019-12-02 07:53:25.000000,2019-12-02 08:14:01.047035,2019-12-02 08:14:26.047035,2019-12-02 08:52:32.558648,2019-12-02 08:52:57.558648,2019-12-02 09:07:29.883727,Replace,8,40,50,0 days 00:00:25.000000000,0 days 00:21:01.047035000
8,2019-12-02 09:02:00.000000,2019-12-02 09:02:50.000000,2019-12-02 09:16:50.095486,2019-12-02 09:17:40.095486,2019-12-02 09:55:05.033798,2019-12-02 09:55:55.033798,2019-12-02 10:11:03.227014,Replace,8,40,50,0 days 00:00:50.000000000,0 days 00:14:50.095486000
9,2019-12-02 09:59:00.000000,2019-12-02 09:59:45.000000,2019-12-02 10:18:48.286600,2019-12-02 10:19:08.722260,,,,Onsite,8,40,50,0 days 00:00:45.000000000,0 days 00:19:23.722260000
10,2019-12-02 11:11:00.000000,2019-12-02 11:11:25.000000,2019-12-02 11:28:41.568529,2019-12-02 11:28:54.042396,,,,Onsite,8,40,50,0 days 00:00:25.000000000,0 days 00:17:29.042396000
11,2019-12-02 12:16:00.000000,2019-12-02 12:16:25.000000,2019-12-02 12:26:10.136502,2019-12-02 12:26:35.136502,2019-12-02 13:02:51.300485,2019-12-02 13:03:16.300485,2019-12-02 13:16:45.352535,Replace,8,40,50,0 days 00:00:25.000000000,0 days 00:10:10.136502000
12,2019-12-02 13:23:00.000000,2019-12-02 13:23:55.000000,2019-12-02 13:43:24.612511,2019-12-02 13:44:19.612511,2019-12-02 14:39:23.357214,2019-12-02 14:40:18.357214,2019-12-02 14:54:37.893420,Replace,8,40,50,0 days 00:00:55.000000000,0 days 00:20:24.612511000
13,2019-12-02 14:29:00.000000,2019-12-02 14:29:55.000000,2019-12-02 14:43:41.933019,2019-12-02 14:44:36.933019,2019-12-02 15:20:57.144116,2019-12-02 15:21:52.144116,2019-12-02 15:38:36.732241,Replace,8,40,50,0 days 00:00:55.000000000,0 days 00:14:41.933019000
14,2019-12-02 15:48:00.000000,2019-12-02 15:48:45.000000,2019-12-02 16:00:24.472301,2019-12-02 16:01:09.472301,2019-12-02 16:30:29.982083,2019-12-02 16:31:14.982083,2019-12-02 16:45:07.474968,Replace,8,40,50,0 days 00:00:45.000000000,0 days 00:12:24.472301000
15,2019-12-02 17:03:00.000000,2019-12-02 17:03:50.000000,2019-12-02 17:20:28.340943,2019-12-02 17:21:18.340943,2019-12-02 17:49:18.035023,2019-12-02 17:50:08.035023,2019-12-02 18:06:22.665881,Replace,8,40,50,0 days 00:00:50.000000000,0 days 00:17:28.340943000
16,2019-12-02 18:13:00.000000,2019-12-02 18:13:35.000000,2019-12-02 18:36:37.811025,2019-12-02 18:36:57.736448,,,,Onsite,8,40,50,0 days 00:00:35.000000000,0 days 00:23:22.736448000
17,2019-12-02 19:10:00.000000,2019-12-02 19:10:50.000000,2019-12-02 19:27:22.687129,2019-12-02 19:28:12.687129,2019-12-02 20:13:14.588601,2019-12-02 20:14:04.588601,2019-12-02 20:25:45.749937,Replace,8,40,50,0 days 00:00:50.000000000,0 days 00:17:22.687129000
18,2019-12-02 20:04:00.000000,2019-12-02 20:04:50.000000,2019-12-02 20:27:16.371353,2019-12-02 20:28:06.371353,2019-12-02 20:48:49.489791,2019-12-02 20:49:39.489791,2019-12-02 21:04:42.755116,Replace,8,40,50,0 days 00:00:50.000000000,0 days 00:23:16.371353000
19,2019-12-02 21:14:00.000000,2019-12-02 21:14:30.000000,2019-12-02 21:26:37.222955,2019-12-02 21:27:07.222955,2019-12-02 22:02:42.809393,2019-12-02 22:03:12.809393,2019-12-02 22:15:05.832620,Replace,8,40,50,0 days 00:00:30.000000000,0 days 00:12:37.222955000
0,2019-12-02 00:55:00.000000,2019-12-02 00:00:45.000000,2019-12-02 00:15:31.230284,2019-12-02 00:16:16.230284,2019-12-02 00:58:44.094116,2019-12-02 00:59:29.094116,2019-12-02 01:15:07.264312,Replace,9,40,50,-1 days +23:05:45.000000000,0 days 00:15:31.230284000
1,2019-12-02 01:06:00.000000,2019-12-02 01:06:45.000000,2019-12-02 01:21:52.246058,2019-12-02 01:22:13.416826,,,,Onsite,9,40,50,0 days 00:00:45.000000000,0 days 00:15:28.416826000
2,2019-12-02 02:28:00.000000,2019-12-02 02:28:50.000000,2019-12-02 02:40:24.903429,2019-12-02 02:40:45.882032,,,,Onsite,9,40,50,0 days 00:00:50.000000000,0 days 00:11:55.882032000
3,2019-12-02 03:21:00.000000,2019-12-02 03:21:55.000000,2019-12-02 03:37:35.210953,2019-12-02 03:38:30.210953,2019-12-02 04:25:39.727292,2019-12-02 04:26:34.727292,2019-12-02 04:37:32.041594,Replace,9,40,50,0 days 00:00:55.000000000,0 days 00:16:35.210953000
4,2019-12-02 04:22:00.000000,2019-12-02 04:22:35.000000,2019-12-02 04:37:48.562502,2019-12-02 04:38:05.647981,,,,Onsite,9,40,50,0 days 00:00:35.000000000,0 days 00:15:30.647981000
5,2019-12-02 05:29:00.000000,2019-12-02 05:29:35.000000,2019-12-02 05:49:52.277031,2019-12-02 05:50:16.119278,,,,Onsite,9,40,50,0 days 00:00:35.000000000,0 days 00:20:41.119278000
6,2019-12-02 06:34:00.000000,2019-12-02 06:34:45.000000,2019-12-02 06:53:27.048258,2019-12-02 06:54:12.048258,2019-12-02 07:21:09.703026,2019-12-02 07:21:54.703026,2019-12-02 07:45:27.236953,Replace,9,40,50,0 days 00:00:45.000000000,0 days 00:19:27.048258000
7,2019-12-02 07:44:00.000000,2019-12-02 07:44:50.000000,2019-12-02 08:02:56.204578,2019-12-02 08:03:46.204578,2019-12-02 08:38:33.991264,2019-12-02 08:39:23.991264,2019-12-02 08:52:23.087564,Replace,9,40,50,0 days 00:00:50.000000000,0 days 00:18:56.204578000
8,2019-12-02 08:58:00.000000,2019-12-02 08:58:50.000000,2019-12-02 09:18:07.183073,2019-12-02 09:18:20.508252,,,,Onsite,9,40,50,0 days 00:00:50.000000000,0 days 00:19:30.508252000
9,2019-12-02 10:09:00.000000,2019-12-02 10:09:45.000000,2019-12-02 10:25:07.842588,2019-12-02 10:25:37.498582,,,,Onsite,9,40,50,0 days 00:00:45.000000000,0 days 00:15:52.498582000
10,2019-12-02 11:28:00.000000,2019-12-02 11:28:25.000000,2019-12-02 11:47:30.395780,2019-12-02 11:47:54.487476,,,,Onsite,9,40,50,0 days 00:00:25.000000000,0 days 00:19:29.487476000
11,2019-12-02 12:35:00.000000,2019-12-02 12:35:30.000000,2019-12-02 12:48:07.137111,2019-12-02 12:48:30.328734,,,,Onsite,9,40,50,0 days 00:00:30.000000000,0 days 00:13:00.328734000
12,2019-12-02 13:40:00.000000,2019-12-02 13:40:25.000000,2019-12-02 13:51:06.313719,2019-12-02 13:51:11.929605,,,,Onsite,9,40,50,0 days 00:00:25.000000000,0 days 00:10:46.929605000
13,2019-12-02 15:01:00.000000,2019-12-02 15:01:55.000000,2019-12-02 15:19:00.870146,2019-12-02 15:19:25.129593,,,,Onsite,9,40,50,0 days 00:00:55.000000000,0 days 00:17:30.129593000
14,2019-12-02 16:12:00.000000,2019-12-02 16:12:45.000000,2019-12-02 16:28:14.732190,2019-12-02 16:28:59.732190,2019-12-02 16:56:00.229740,2019-12-02 16:56:45.229740,2019-12-02 17:11:59.061316,Replace,9,40,50,0 days 00:00:45.000000000,0 days 00:16:14.732190000
15,2019-12-02 17:16:00.000000,2019-12-02 17:16:25.000000,2019-12-02 17:29:25.201766,2019-12-02 17:29:50.201766,2019-12-02 18:09:11.997293,2019-12-02 18:09:36.997293,2019-12-02 18:25:23.462365,Replace,9,40,50,0 days 00:00:25.000000000,0 days 00:13:25.201766000
16,2019-12-02 18:31:00.000000,2019-12-02 18:31:30.000000,2019-12-02 18:46:18.030164,2019-12-02 18:46:48.030164,2019-12-02 19:16:38.165791,2019-12-02 19:17:08.165791,2019-12-02 19:36:41.510834,Replace,9,40,50,0 days 00:00:30.000000000,0 days 00:15:18.030164000
17,2019-12-02 19:35:00.000000,2019-12-02 19:35:55.000000,2019-12-02 19:51:24.616365,2019-12-02 19:52:19.616365,2019-12-02 20:19:46.310427,2019-12-02 20:20:41.310427,2019-12-02 20:36:46.352072,Replace,9,40,50,0 days 00:00:55.000000000,0 days 00:16:24.616365000
18,2019-12-02 20:32:00.000000,2019-12-02 20:32:45.000000,2019-12-02 20:48:58.661236,2019-12-02 20:49:43.661236,2019-12-02 21:26:33.020208,2019-12-02 21:27:18.020208,2019-12-02 21:40:55.506620,Replace,9,40,50,0 days 00:00:45.000000000,0 days 00:16:58.661236000
19,2019-12-02 21:35:00.000000,2019-12-02 21:35:50.000000,2019-12-02 21:55:52.961912,2019-12-02 21:56:42.961912,2019-12-02 22:34:40.885858,2019-12-02 22:35:30.885858,2019-12-02 22:50:26.481771,Replace,9,40,50,0 days 00:00:50.000000000,0 days 00:20:52.961912000
0,2019-12-02 01:21:00.000000,2019-12-02 00:00:55.000000,2019-12-02 00:13:49.188570,2019-12-02 00:14:44.188570,2019-12-02 00:54:14.515006,2019-12-02 00:55:09.515006,2019-12-02 01:16:10.402966,Replace,1,41,40,-1 days +22:39:55.000000000,0 days 00:13:49.188570000
1,2019-12-02 01:08:00.000000,2019-12-02 01:08:35.000000,2019-12-02 01:22:45.716004,2019-12-02 01:22:59.639552,,,,Onsite,1,41,40,0 days 00:00:35.000000000,0 days 00:14:24.639552000
2,2019-12-02 02:14:00.000000,2019-12-02 02:14:35.000000,2019-12-02 02:31:51.100163,2019-12-02 02:32:26.100163,2019-12-02 03:19:26.579035,2019-12-02 03:20:01.579035,2019-12-02 03:41:29.385982,Replace,1,41,40,0 days 00:00:35.000000000,0 days 00:17:51.100163000
3,2019-12-02 03:24:00.000000,2019-12-02 03:24:50.000000,2019-12-02 03:40:53.391417,2019-12-02 03:41:43.391417,2019-12-02 04:04:25.118209,2019-12-02 04:05:15.118209,2019-12-02 04:18:21.515180,Replace,1,41,40,0 days 00:00:50.000000000,0 days 00:16:53.391417000
4,2019-12-02 04:32:00.000000,2019-12-02 04:32:45.000000,2019-12-02 04:44:28.941752,2019-12-02 04:45:13.941752,2019-12-02 05:21:13.614827,2019-12-02 05:21:58.614827,2019-12-02 05:36:52.843478,Replace,1,41,40,0 days 00:00:45.000000000,0 days 00:12:28.941752000
5,2019-12-02 05:39:00.000000,2019-12-02 05:39:35.000000,2019-12-02 05:54:09.128360,2019-12-02 05:54:31.630893,,,,Onsite,1,41,40,0 days 00:00:35.000000000,0 days 00:14:56.630893000
6,2019-12-02 06:48:00.000000,2019-12-02 06:48:35.000000,2019-12-02 07:06:58.240023,2019-12-02 07:07:33.240023,2019-12-02 07:34:08.250449,2019-12-02 07:34:43.250449,2019-12-02 07:52:32.923460,Replace,1,41,40,0 days 00:00:35.000000000,0 days 00:18:58.240023000
7,2019-12-02 08:00:00.000000,2019-12-02 08:00:55.000000,2019-12-02 08:13:35.409259,2019-12-02 08:13:58.329731,,,,Onsite,1,41,40,0 days 00:00:55.000000000,0 days 00:13:03.329731000
8,2019-12-02 09:12:00.000000,2019-12-02 09:12:55.000000,2019-12-02 09:27:37.151438,2019-12-02 09:28:32.151438,2019-12-02 10:08:21.057565,2019-12-02 10:09:16.057565,2019-12-02 10:25:04.545930,Replace,1,41,40,0 days 00:00:55.000000000,0 days 00:15:37.151438000
9,2019-12-02 10:28:00.000000,2019-12-02 10:28:25.000000,2019-12-02 10:46:19.225013,2019-12-02 10:46:43.938677,,,,Onsite,1,41,40,0 days 00:00:25.000000000,0 days 00:18:18.938677000
10,2019-12-02 11:47:00.000000,2019-12-02 11:47:35.000000,2019-12-02 12:01:54.032775,2019-12-02 12:02:29.032775,2019-12-02 12:31:13.200575,2019-12-02 12:31:48.200575,2019-12-02 12:52:38.380763,Replace,1,41,40,0 days 00:00:35.000000000,0 days 00:14:54.032775000
11,2019-12-02 12:57:00.000000,2019-12-02 12:57:55.000000,2019-12-02 13:14:12.843688,2019-12-02 13:15:07.843688,2019-12-02 13:56:51.596122,2019-12-02 13:57:46.596122,2019-12-02 14:15:38.811933,Replace,1,41,40,0 days 00:00:55.000000000,0 days 00:17:12.843688000
12,2019-12-02 14:05:00.000000,2019-12-02 14:05:50.000000,2019-12-02 14:22:57.455956,2019-12-02 14:23:06.032957,,,,Onsite,1,41,40,0 days 00:00:50.000000000,0 days 00:17:16.032957000
13,2019-12-02 15:23:00.000000,2019-12-02 15:23:45.000000,2019-12-02 15:40:20.685665,2019-12-02 15:40:32.527804,,,,Onsite,1,41,40,0 days 00:00:45.000000000,0 days 00:16:47.527804000
14,2019-12-02 16:15:00.000000,2019-12-02 16:15:35.000000,2019-12-02 16:34:03.721168,2019-12-02 16:34:38.721168,2019-12-02 17:05:14.151956,2019-12-02 17:05:49.151956,2019-12-02 17:21:22.151982,Replace,1,41,40,0 days 00:00:35.000000000,0 days 00:19:03.721168000
15,2019-12-02 17:10:00.000000,2019-12-02 17:10:35.000000,2019-12-02 17:27:07.987208,2019-12-02 17:27:25.817100,,,,Onsite,1,41,40,0 days 00:00:35.000000000,0 days 00:16:50.817100000
16,2019-12-02 18:27:00.000000,2019-12-02 18:27:45.000000,2019-12-02 18:43:27.905943,2019-12-02 18:44:12.905943,2019-12-02 19:09:59.785865,2019-12-02 19:10:44.785865,2019-12-02 19:25:30.095174,Replace,1,41,40,0 days 00:00:45.000000000,0 days 00:16:27.905943000
17,2019-12-02 19:42:00.000000,2019-12-02 19:42:50.000000,2019-12-02 19:52:29.854406,2019-12-02 19:52:36.881312,,,,Onsite,1,41,40,0 days 00:00:50.000000000,0 days 00:09:46.881312000
18,2019-12-02 20:38:00.000000,2019-12-02 20:38:45.000000,2019-12-02 20:54:40.972339,2019-12-02 20:55:25.972339,2019-12-02 21:30:26.450280,2019-12-02 21:31:11.450280,2019-12-02 21:44:40.126518,Replace,1,41,40,0 days 00:00:45.000000000,0 days 00:16:40.972339000
19,2019-12-02 21:45:00.000000,2019-12-02 21:45:25.000000,2019-12-02 22:01:28.665319,2019-12-02 22:01:39.806967,,,,Onsite,1,41,40,0 days 00:00:25.000000000,0 days 00:16:14.806967000
0,2019-12-02 01:08:00.000000,2019-12-02 01:08:35.000000,2019-12-02 01:23:03.845156,2019-12-02 01:23:16.776738,,,,Onsite,2,41,40,0 days 00:00:35.000000000,0 days 00:14:41.776738000
1,2019-12-02 01:14:00.000000,2019-12-02 00:00:55.000000,2019-12-02 00:19:31.856355,2019-12-02 00:20:26.856355,2019-12-02 01:07:16.531913,2019-12-02 01:08:11.531913,2019-12-02 01:19:31.517238,Replace,2,41,40,-1 days +22:46:55.000000000,0 days 00:19:31.856355000
2,2019-12-02 02:06:00.000000,2019-12-02 02:06:25.000000,2019-12-02 02:24:21.055155,2019-12-02 02:24:46.055155,2019-12-02 03:07:57.499765,2019-12-02 03:08:22.499765,2019-12-02 03:29:42.623382,Replace,2,41,40,0 days 00:00:25.000000000,0 days 00:18:21.055155000
3,2019-12-02 03:22:00.000000,2019-12-02 03:22:45.000000,2019-12-02 03:37:24.568239,2019-12-02 03:38:09.568239,2019-12-02 04:20:29.562149,2019-12-02 04:21:14.562149,2019-12-02 04:38:38.405485,Replace,2,41,40,0 days 00:00:45.000000000,0 days 00:15:24.568239000
4,2019-12-02 04:29:00.000000,2019-12-02 04:29:45.000000,2019-12-02 04:43:26.468857,2019-12-02 04:43:39.047014,,,,Onsite,2,41,40,0 days 00:00:45.000000000,0 days 00:13:54.047014000
5,2019-12-02 05:34:00.000000,2019-12-02 05:34:45.000000,2019-12-02 05:52:13.060956,2019-12-02 05:52:38.446380,,,,Onsite,2,41,40,0 days 00:00:45.000000000,0 days 00:17:53.446380000
6,2019-12-02 06:52:00.000000,2019-12-02 06:52:55.000000,2019-12-02 07:06:14.994478,2019-12-02 07:07:09.994478,2019-12-02 07:47:49.175454,2019-12-02 07:48:44.175454,2019-12-02 08:01:30.704921,Replace,2,41,40,0 days 00:00:55.000000000,0 days 00:14:14.994478000
7,2019-12-02 08:15:00.000000,2019-12-02 08:15:45.000000,2019-12-02 08:32:06.896742,2019-12-02 08:32:51.896742,2019-12-02 09:12:34.614467,2019-12-02 09:13:19.614467,2019-12-02 09:27:57.769545,Replace,2,41,40,0 days 00:00:45.000000000,0 days 00:17:06.896742000
8,2019-12-02 09:34:00.000000,2019-12-02 09:34:35.000000,2019-12-02 09:47:13.514380,2019-12-02 09:47:36.648882,,,,Onsite,2,41,40,0 days 00:00:35.000000000,0 days 00:13:01.648882000
9,2019-12-02 10:38:00.000000,2019-12-02 10:38:45.000000,2019-12-02 10:50:12.865994,2019-12-02 10:50:57.865994,2019-12-02 11:31:46.409196,2019-12-02 11:32:31.409196,2019-12-02 11:45:21.820565,Replace,2,41,40,0 days 00:00:45.000000000,0 days 00:12:12.865994000
10,2019-12-02 11:34:00.000000,2019-12-02 11:34:55.000000,2019-12-02 11:52:30.873918,2019-12-02 11:52:49.363505,,,,Onsite,2,41,40,0 days 00:00:55.000000000,0 days 00:17:54.363505000
11,2019-12-02 12:40:00.000000,2019-12-02 12:40:50.000000,2019-12-02 12:53:37.329117,2019-12-02 12:54:27.329117,2019-12-02 13:21:18.791672,2019-12-02 13:22:08.791672,2019-12-02 13:39:13.479410,Replace,2,41,40,0 days 00:00:50.000000000,0 days 00:13:37.329117000
12,2019-12-02 13:47:00.000000,2019-12-02 13:47:25.000000,2019-12-02 14:05:40.183617,2019-12-02 14:05:59.111348,,,,Onsite,2,41,40,0 days 00:00:25.000000000,0 days 00:18:34.111348000
13,2019-12-02 14:59:00.000000,2019-12-02 14:59:50.000000,2019-12-02 15:14:14.203403,2019-12-02 15:15:04.203403,2019-12-02 15:48:11.137092,2019-12-02 15:49:01.137092,2019-12-02 16:03:06.848897,Replace,2,41,40,0 days 00:00:50.000000000,0 days 00:15:14.203403000
14,2019-12-02 16:14:00.000000,2019-12-02 16:14:25.000000,2019-12-02 16:35:46.815597,2019-12-02 16:36:11.815597,2019-12-02 17:27:49.692467,2019-12-02 17:28:14.692467,2019-12-02 17:39:20.744605,Replace,2,41,40,0 days 00:00:25.000000000,0 days 00:21:46.815597000
15,2019-12-02 17:23:00.000000,2019-12-02 17:23:25.000000,2019-12-02 17:47:01.651993,2019-12-02 17:47:26.651993,2019-12-02 18:21:31.013722,2019-12-02 18:21:56.013722,2019-12-02 18:37:50.111669,Replace,2,41,40,0 days 00:00:25.000000000,0 days 00:24:01.651993000
16,2019-12-02 18:29:00.000000,2019-12-02 18:29:55.000000,2019-12-02 18:49:21.444248,2019-12-02 18:50:16.444248,2019-12-02 19:27:17.984418,2019-12-02 19:28:12.984418,2019-12-02 19:40:57.618422,Replace,2,41,40,0 days 00:00:55.000000000,0 days 00:20:21.444248000
17,2019-12-02 19:21:00.000000,2019-12-02 19:21:55.000000,2019-12-02 19:41:17.710614,2019-12-02 19:42:12.710614,2019-12-02 20:33:21.657750,2019-12-02 20:34:16.657750,2019-12-02 20:49:13.923038,Replace,2,41,40,0 days 00:00:55.000000000,0 days 00:20:17.710614000
18,2019-12-02 20:25:00.000000,2019-12-02 20:25:30.000000,2019-12-02 20:43:21.791736,2019-12-02 20:43:51.791736,2019-12-02 21:13:18.734213,2019-12-02 21:13:48.734213,2019-12-02 21:28:59.755532,Replace,2,41,40,0 days 00:00:30.000000000,0 days 00:18:21.791736000
19,2019-12-02 21:31:00.000000,2019-12-02 21:31:45.000000,2019-12-02 21:51:36.764290,2019-12-02 21:51:45.895469,,,,Onsite,2,41,40,0 days 00:00:45.000000000,0 days 00:20:00.895469000
0,2019-12-02 01:20:00.000000,2019-12-02 00:00:45.000000,2019-12-02 00:11:05.026886,2019-12-02 00:11:50.026886,2019-12-02 00:42:03.140165,2019-12-02 00:42:48.140165,2019-12-02 01:06:21.483465,Replace,3,41,40,-1 days +22:40:45.000000000,0 days 00:11:05.026886000
1,2019-12-02 01:23:00.000000,2019-12-02 01:23:55.000000,2019-12-02 01:40:01.260103,2019-12-02 01:40:56.260103,2019-12-02 02:17:10.023312,2019-12-02 02:18:05.023312,2019-12-02 02:39:38.910614,Replace,3,41,40,0 days 00:00:55.000000000,0 days 00:17:01.260103000
2,2019-12-02 02:47:00.000000,2019-12-02 02:47:35.000000,2019-12-02 03:06:09.365965,2019-12-02 03:06:44.365965,2019-12-02 03:36:21.430670,2019-12-02 03:36:56.430670,2019-12-02 03:50:14.138637,Replace,3,41,40,0 days 00:00:35.000000000,0 days 00:19:09.365965000
3,2019-12-02 03:54:00.000000,2019-12-02 03:54:25.000000,2019-12-02 04:10:50.654266,2019-12-02 04:11:15.654266,2019-12-02 05:00:42.093340,2019-12-02 05:01:07.093340,2019-12-02 05:13:57.508133,Replace,3,41,40,0 days 00:00:25.000000000,0 days 00:16:50.654266000
4,2019-12-02 05:02:00.000000,2019-12-02 05:02:45.000000,2019-12-02 05:15:54.716852,2019-12-02 05:16:39.716852,2019-12-02 06:15:48.415332,2019-12-02 06:16:33.415332,2019-12-02 06:36:00.289680,Replace,3,41,40,0 days 00:00:45.000000000,0 days 00:13:54.716852000
5,2019-12-02 05:55:00.000000,2019-12-02 05:55:25.000000,2019-12-02 06:16:11.158666,2019-12-02 06:16:36.158666,2019-12-02 06:44:18.232583,2019-12-02 06:44:43.232583,2019-12-02 06:59:11.054193,Replace,3,41,40,0 days 00:00:25.000000000,0 days 00:21:11.158666000
6,2019-12-02 07:17:00.000000,2019-12-02 07:17:55.000000,2019-12-02 07:30:40.531901,2019-12-02 07:31:35.531901,2019-12-02 08:24:35.926775,2019-12-02 08:25:30.926775,2019-12-02 08:41:31.841559,Replace,3,41,40,0 days 00:00:55.000000000,0 days 00:13:40.531901000
7,2019-12-02 08:39:00.000000,2019-12-02 08:39:55.000000,2019-12-02 08:52:14.409081,2019-12-02 08:53:09.409081,2019-12-02 09:22:48.716044,2019-12-02 09:23:43.716044,2019-12-02 09:41:41.164733,Replace,3,41,40,0 days 00:00:55.000000000,0 days 00:13:14.409081000
8,2019-12-02 09:48:00.000000,2019-12-02 09:48:45.000000,2019-12-02 10:05:34.077826,2019-12-02 10:06:19.077826,2019-12-02 11:02:05.794038,2019-12-02 11:02:50.794038,2019-12-02 11:22:08.448460,Replace,3,41,40,0 days 00:00:45.000000000,0 days 00:17:34.077826000
9,2019-12-02 10:48:00.000000,2019-12-02 10:48:45.000000,2019-12-02 11:07:39.916856,2019-12-02 11:08:24.916856,2019-12-02 11:46:21.957568,2019-12-02 11:47:06.957568,2019-12-02 12:02:42.017156,Replace,3,41,40,0 days 00:00:45.000000000,0 days 00:19:39.916856000
10,2019-12-02 12:03:00.000000,2019-12-02 12:03:45.000000,2019-12-02 12:17:32.216080,2019-12-02 12:18:17.216080,2019-12-02 13:01:37.769468,2019-12-02 13:02:22.769468,2019-12-02 13:18:22.309080,Replace,3,41,40,0 days 00:00:45.000000000,0 days 00:14:32.216080000
11,2019-12-02 13:09:00.000000,2019-12-02 13:09:45.000000,2019-12-02 13:26:18.818595,2019-12-02 13:27:03.818595,2019-12-02 13:55:37.854500,2019-12-02 13:56:22.854500,2019-12-02 14:13:05.843487,Replace,3,41,40,0 days 00:00:45.000000000,0 days 00:17:18.818595000
12,2019-12-02 14:55:00.000000,2019-12-02 14:55:45.000000,2019-12-02 15:20:47.509167,2019-12-02 15:20:52.430189,,,,Onsite,3,41,40,0 days 00:00:45.000000000,0 days 00:25:07.430189000
13,2019-12-02 14:06:00.000000,2019-12-02 14:06:30.000000,2019-12-02 14:25:38.588192,2019-12-02 14:26:08.588192,2019-12-02 14:55:23.374318,2019-12-02 14:55:53.374318,2019-12-02 15:10:05.920100,Replace,3,41,40,0 days 00:00:30.000000000,0 days 00:19:38.588192000
14,2019-12-02 16:11:00.000000,2019-12-02 16:11:45.000000,2019-12-02 16:29:38.069955,2019-12-02 16:30:23.069955,2019-12-02 17:25:00.724381,2019-12-02 17:25:45.724381,2019-12-02 17:40:29.773839,Replace,3,41,40,0 days 00:00:45.000000000,0 days 00:18:38.069955000
15,2019-12-02 17:11:00.000000,2019-12-02 17:11:35.000000,2019-12-02 17:31:48.977143,2019-12-02 17:32:23.977143,2019-12-02 18:17:33.679946,2019-12-02 18:18:08.679946,2019-12-02 18:38:59.425336,Replace,3,41,40,0 days 00:00:35.000000000,0 days 00:20:48.977143000
16,2019-12-02 18:21:00.000000,2019-12-02 18:21:25.000000,2019-12-02 18:35:06.031699,2019-12-02 18:35:31.031699,2019-12-02 19:18:33.656189,2019-12-02 19:18:58.656189,2019-12-02 19:34:16.274962,Replace,3,41,40,0 days 00:00:25.000000000,0 days 00:14:06.031699000
17,2019-12-02 19:32:00.000000,2019-12-02 19:32:55.000000,2019-12-02 19:44:19.907243,2019-12-02 19:44:40.340603,,,,Onsite,3,41,40,0 days 00:00:55.000000000,0 days 00:11:45.340603000
18,2019-12-02 20:31:00.000000,2019-12-02 20:31:45.000000,2019-12-02 20:44:59.615086,2019-12-02 20:45:44.615086,2019-12-02 21:22:43.259670,2019-12-02 21:23:28.259670,2019-12-02 21:41:27.206796,Replace,3,41,40,0 days 00:00:45.000000000,0 days 00:13:59.615086000
19,2019-12-02 21:46:00.000000,2019-12-02 21:46:25.000000,2019-12-02 21:54:01.890271,2019-12-02 21:54:26.890271,2019-12-02 22:22:40.127665,2019-12-02 22:23:05.127665,2019-12-02 22:35:56.822310,Replace,3,41,40,0 days 00:00:25.000000000,0 days 00:08:01.890271000
0,2019-12-02 01:05:00.000000,2019-12-02 00:00:35.000000,2019-12-02 00:20:55.976582,2019-12-02 00:21:13.692120,,,,Onsite,4,41,40,-1 days +22:55:35.000000000,0 days 00:20:38.692120000
1,2019-12-02 01:07:00.000000,2019-12-02 01:07:50.000000,2019-12-02 01:21:02.699850,2019-12-02 01:21:52.699850,2019-12-02 02:11:02.296475,2019-12-02 02:11:52.296475,2019-12-02 02:26:27.739730,Replace,4,41,40,0 days 00:00:50.000000000,0 days 00:14:02.699850000
2,2019-12-02 02:13:00.000000,2019-12-02 02:13:25.000000,2019-12-02 02:25:35.720820,2019-12-02 02:25:51.109766,,,,Onsite,4,41,40,0 days 00:00:25.000000000,0 days 00:12:26.109766000
3,2019-12-02 03:24:00.000000,2019-12-02 03:24:45.000000,2019-12-02 03:43:20.613396,2019-12-02 03:43:37.826789,,,,Onsite,4,41,40,0 days 00:00:45.000000000,0 days 00:18:52.826789000
4,2019-12-02 04:36:00.000000,2019-12-02 04:36:35.000000,2019-12-02 04:47:12.203934,2019-12-02 04:47:47.203934,2019-12-02 05:36:10.181565,2019-12-02 05:36:45.181565,2019-12-02 05:58:45.731758,Replace,4,41,40,0 days 00:00:35.000000000,0 days 00:11:12.203934000
5,2019-12-02 05:37:00.000000,2019-12-02 05:37:35.000000,2019-12-02 05:53:32.575431,2019-12-02 05:53:38.316887,,,,Onsite,4,41,40,0 days 00:00:35.000000000,0 days 00:16:03.316887000
6,2019-12-02 06:33:00.000000,2019-12-02 06:33:50.000000,2019-12-02 06:48:28.034624,2019-12-02 06:48:30.591059,,,,Onsite,4,41,40,0 days 00:00:50.000000000,0 days 00:14:40.591059000
7,2019-12-02 07:30:00.000000,2019-12-02 07:30:35.000000,2019-12-02 07:43:04.037277,2019-12-02 07:43:39.037277,2019-12-02 08:10:26.326768,2019-12-02 08:11:01.326768,2019-12-02 08:25:00.836599,Replace,4,41,40,0 days 00:00:35.000000000,0 days 00:13:04.037277000
8,2019-12-02 08:19:00.000000,2019-12-02 08:19:55.000000,2019-12-02 08:34:18.529507,2019-12-02 08:34:44.808069,,,,Onsite,4,41,40,0 days 00:00:55.000000000,0 days 00:14:49.808069000
9,2019-12-02 09:32:00.000000,2019-12-02 09:32:55.000000,2019-12-02 09:53:07.852704,2019-12-02 09:54:02.852704,2019-12-02 10:29:44.913753,2019-12-02 10:30:39.913753,2019-12-02 10:45:29.350155,Replace,4,41,40,0 days 00:00:55.000000000,0 days 00:21:07.852704000
10,2019-12-02 11:39:00.000000,2019-12-02 11:39:45.000000,2019-12-02 11:53:55.992983,2019-12-02 11:54:40.992983,2019-12-02 12:18:29.961447,2019-12-02 12:19:14.961447,2019-12-02 12:34:16.542646,Replace,4,41,40,0 days 00:00:45.000000000,0 days 00:14:55.992983000
11,2019-12-02 10:37:00.000000,2019-12-02 10:37:45.000000,2019-12-02 10:56:12.998650,2019-12-02 10:56:57.998650,2019-12-02 11:27:20.143885,2019-12-02 11:28:05.143885,2019-12-02 11:39:09.138690,Replace,4,41,40,0 days 00:00:45.000000000,0 days 00:19:12.998650000
12,2019-12-02 12:44:00.000000,2019-12-02 12:44:25.000000,2019-12-02 13:01:36.822189,2019-12-02 13:02:01.822189,2019-12-02 13:45:16.662203,2019-12-02 13:45:41.662203,2019-12-02 13:57:54.842777,Replace,4,41,40,0 days 00:00:25.000000000,0 days 00:17:36.822189000
13,2019-12-02 13:58:00.000000,2019-12-02 13:58:55.000000,2019-12-02 14:13:48.960842,2019-12-02 14:14:43.960842,2019-12-02 14:52:42.479391,2019-12-02 14:53:37.479391,2019-12-02 15:07:34.775073,Replace,4,41,40,0 days 00:00:55.000000000,0 days 00:15:48.960842000
14,2019-12-02 15:09:00.000000,2019-12-02 15:09:25.000000,2019-12-02 15:21:57.207858,2019-12-02 15:22:05.876888,,,,Onsite,4,41,40,0 days 00:00:25.000000000,0 days 00:12:40.876888000
15,2019-12-02 16:13:00.000000,2019-12-02 16:13:45.000000,2019-12-02 16:33:46.204053,2019-12-02 16:34:31.204053,2019-12-02 17:19:10.565475,2019-12-02 17:19:55.565475,2019-12-02 17:35:44.762952,Replace,4,41,40,0 days 00:00:45.000000000,0 days 00:20:46.204053000
16,2019-12-02 17:15:00.000000,2019-12-02 17:15:45.000000,2019-12-02 17:34:25.581875,2019-12-02 17:34:33.126915,,,,Onsite,4,41,40,0 days 00:00:45.000000000,0 days 00:18:48.126915000
17,2019-12-02 17:59:00.000000,2019-12-02 17:59:30.000000,2019-12-02 18:16:55.106204,2019-12-02 18:17:07.705841,,,,Onsite,4,41,40,0 days 00:00:30.000000000,0 days 00:17:37.705841000
18,2019-12-02 19:11:00.000000,2019-12-02 19:11:45.000000,2019-12-02 19:24:42.165768,2019-12-02 19:25:00.187185,,,,Onsite,4,41,40,0 days 00:00:45.000000000,0 days 00:13:15.187185000
19,2019-12-02 20:16:00.000000,2019-12-02 20:16:55.000000,2019-12-02 20:34:49.082887,2019-12-02 20:35:44.082887,2019-12-02 21:06:11.709087,2019-12-02 21:07:06.709087,2019-12-02 21:26:23.677214,Replace,4,41,40,0 days 00:00:55.000000000,0 days 00:18:49.082887000
20,2019-12-02 21:25:00.000000,2019-12-02 21:25:25.000000,2019-12-02 21:37:58.150323,2019-12-02 21:38:23.150323,2019-12-02 22:09:58.260376,2019-12-02 22:10:23.260376,2019-12-02 22:27:26.651897,Replace,4,41,40,0 days 00:00:25.000000000,0 days 00:12:58.150323000
0,2019-12-02 01:03:00.000000,2019-12-02 00:00:35.000000,2019-12-02 00:16:09.555259,2019-12-02 00:16:44.555259,2019-12-02 00:51:40.865479,2019-12-02 00:52:15.865479,2019-12-02 01:06:51.928204,Replace,5,41,40,-1 days +22:57:35.000000000,0 days 00:16:09.555259000
1,2019-12-02 01:02:00.000000,2019-12-02 01:02:25.000000,2019-12-02 01:18:29.813623,2019-12-02 01:18:40.618499,,,,Onsite,5,41,40,0 days 00:00:25.000000000,0 days 00:16:15.618499000
2,2019-12-02 02:01:00.000000,2019-12-02 02:01:35.000000,2019-12-02 02:16:18.846545,2019-12-02 02:16:37.157662,,,,Onsite,5,41,40,0 days 00:00:35.000000000,0 days 00:15:02.157662000
3,2019-12-02 03:17:00.000000,2019-12-02 03:17:45.000000,2019-12-02 03:36:04.164410,2019-12-02 03:36:49.164410,2019-12-02 04:32:55.265734,2019-12-02 04:33:40.265734,2019-12-02 04:50:54.627793,Replace,5,41,40,0 days 00:00:45.000000000,0 days 00:19:04.164410000
4,2019-12-02 04:26:00.000000,2019-12-02 04:26:35.000000,2019-12-02 04:40:36.401557,2019-12-02 04:41:11.401557,2019-12-02 05:21:24.029775,2019-12-02 05:21:59.029775,2019-12-02 05:39:54.469561,Replace,5,41,40,0 days 00:00:35.000000000,0 days 00:14:36.401557000
5,2019-12-02 05:34:00.000000,2019-12-02 05:34:25.000000,2019-12-02 05:53:43.657063,2019-12-02 05:54:08.657063,2019-12-02 06:23:23.822411,2019-12-02 06:23:48.822411,2019-12-02 06:39:40.254062,Replace,5,41,40,0 days 00:00:25.000000000,0 days 00:19:43.657063000
6,2019-12-02 06:41:00.000000,2019-12-02 06:41:25.000000,2019-12-02 06:56:58.996954,2019-12-02 06:57:22.266449,,,,Onsite,5,41,40,0 days 00:00:25.000000000,0 days 00:15:57.266449000
7,2019-12-02 07:54:00.000000,2019-12-02 07:54:30.000000,2019-12-02 08:14:01.481658,2019-12-02 08:14:36.145510,,,,Onsite,5,41,40,0 days 00:00:30.000000000,0 days 00:20:06.145510000
8,2019-12-02 08:53:00.000000,2019-12-02 08:53:45.000000,2019-12-02 09:14:24.444839,2019-12-02 09:14:53.714887,,,,Onsite,5,41,40,0 days 00:00:45.000000000,0 days 00:21:08.714887000
9,2019-12-02 09:48:00.000000,2019-12-02 09:48:55.000000,2019-12-02 09:59:30.078727,2019-12-02 10:00:25.078727,2019-12-02 10:47:20.046708,2019-12-02 10:48:15.046708,2019-12-02 11:03:23.105765,Replace,5,41,40,0 days 00:00:55.000000000,0 days 00:11:30.078727000
10,2019-12-02 10:56:00.000000,2019-12-02 10:56:45.000000,2019-12-02 11:10:29.049166,2019-12-02 11:10:52.484823,,,,Onsite,5,41,40,0 days 00:00:45.000000000,0 days 00:14:07.484823000
11,2019-12-02 12:04:00.000000,2019-12-02 12:04:55.000000,2019-12-02 12:23:57.388944,2019-12-02 12:24:52.388944,2019-12-02 13:23:53.515968,2019-12-02 13:24:48.515968,2019-12-02 13:44:18.186510,Replace,5,41,40,0 days 00:00:55.000000000,0 days 00:19:57.388944000
12,2019-12-02 13:12:00.000000,2019-12-02 13:12:45.000000,2019-12-02 13:26:26.806648,2019-12-02 13:26:50.624586,,,,Onsite,5,41,40,0 days 00:00:45.000000000,0 days 00:14:05.624586000
13,2019-12-02 14:07:00.000000,2019-12-02 14:07:50.000000,2019-12-02 14:28:26.064331,2019-12-02 14:29:16.064331,2019-12-02 15:06:06.077301,2019-12-02 15:06:56.077301,2019-12-02 15:21:58.008048,Replace,5,41,40,0 days 00:00:50.000000000,0 days 00:21:26.064331000
14,2019-12-02 15:09:00.000000,2019-12-02 15:09:35.000000,2019-12-02 15:26:43.612909,2019-12-02 15:27:18.612909,2019-12-02 15:52:01.975429,2019-12-02 15:52:36.975429,2019-12-02 16:07:59.481340,Replace,5,41,40,0 days 00:00:35.000000000,0 days 00:17:43.612909000
15,2019-12-02 16:12:00.000000,2019-12-02 16:12:45.000000,2019-12-02 16:26:10.213762,2019-12-02 16:26:25.813838,,,,Onsite,5,41,40,0 days 00:00:45.000000000,0 days 00:13:40.813838000
16,2019-12-02 17:35:00.000000,2019-12-02 17:35:45.000000,2019-12-02 17:51:42.972097,2019-12-02 17:51:53.427236,,,,Onsite,5,41,40,0 days 00:00:45.000000000,0 days 00:16:08.427236000
17,2019-12-02 18:48:00.000000,2019-12-02 18:48:25.000000,2019-12-02 19:02:09.878180,2019-12-02 19:02:35.167417,,,,Onsite,5,41,40,0 days 00:00:25.000000000,0 days 00:14:10.167417000
18,2019-12-02 19:46:00.000000,2019-12-02 19:46:25.000000,2019-12-02 20:08:36.181263,2019-12-02 20:09:00.654754,,,,Onsite,5,41,40,0 days 00:00:25.000000000,0 days 00:22:35.654754000
19,2019-12-02 20:38:00.000000,2019-12-02 20:38:55.000000,2019-12-02 20:51:40.695026,2019-12-02 20:52:35.695026,2019-12-02 21:16:24.674225,2019-12-02 21:17:19.674225,2019-12-02 21:38:40.792385,Replace,5,41,40,0 days 00:00:55.000000000,0 days 00:13:40.695026000
20,2019-12-02 21:50:00.000000,2019-12-02 21:50:45.000000,2019-12-02 22:10:16.683174,2019-12-02 22:11:01.683174,2019-12-02 22:43:35.714846,2019-12-02 22:44:20.714846,2019-12-02 22:56:06.449156,Replace,5,41,40,0 days 00:00:45.000000000,0 days 00:20:16.683174000
0,2019-12-02 01:09:00.000000,2019-12-02 00:00:35.000000,2019-12-02 00:15:43.269658,2019-12-02 00:16:18.269658,2019-12-02 00:49:12.674503,2019-12-02 00:49:47.674503,2019-12-02 01:11:08.069484,Replace,6,41,40,-1 days +22:51:35.000000000,0 days 00:15:43.269658000
1,2019-12-02 01:07:00.000000,2019-12-02 01:07:35.000000,2019-12-02 01:28:02.882473,2019-12-02 01:28:37.882473,2019-12-02 02:07:39.721008,2019-12-02 02:08:14.721008,2019-12-02 02:32:00.653539,Replace,6,41,40,0 days 00:00:35.000000000,0 days 00:21:02.882473000
2,2019-12-02 02:03:00.000000,2019-12-02 02:03:45.000000,2019-12-02 02:19:43.233009,2019-12-02 02:20:20.247403,,,,Onsite,6,41,40,0 days 00:00:45.000000000,0 days 00:16:35.247403000
3,2019-12-02 03:27:00.000000,2019-12-02 03:27:35.000000,2019-12-02 03:40:23.379964,2019-12-02 03:40:58.379964,2019-12-02 04:18:27.318451,2019-12-02 04:19:02.318451,2019-12-02 04:33:07.924472,Replace,6,41,40,0 days 00:00:35.000000000,0 days 00:13:23.379964000
4,2019-12-02 04:38:00.000000,2019-12-02 04:38:35.000000,2019-12-02 04:53:15.665818,2019-12-02 04:53:50.665818,2019-12-02 05:22:57.801538,2019-12-02 05:23:32.801538,2019-12-02 05:43:16.604277,Replace,6,41,40,0 days 00:00:35.000000000,0 days 00:15:15.665818000
5,2019-12-02 05:55:00.000000,2019-12-02 05:55:50.000000,2019-12-02 06:08:23.859985,2019-12-02 06:08:30.042877,,,,Onsite,6,41,40,0 days 00:00:50.000000000,0 days 00:12:40.042877000
6,2019-12-02 07:05:00.000000,2019-12-02 07:05:45.000000,2019-12-02 07:20:27.839764,2019-12-02 07:20:35.644765,,,,Onsite,6,41,40,0 days 00:00:45.000000000,0 days 00:14:50.644765000
7,2019-12-02 08:11:00.000000,2019-12-02 08:11:35.000000,2019-12-02 08:18:26.398176,2019-12-02 08:19:01.398176,2019-12-02 08:50:05.998707,2019-12-02 08:50:40.998707,2019-12-02 09:07:32.044571,Replace,6,41,40,0 days 00:00:35.000000000,0 days 00:07:26.398176000
8,2019-12-02 09:41:00.000000,2019-12-02 09:41:25.000000,2019-12-02 09:52:10.714782,2019-12-02 09:52:35.714782,2019-12-02 10:29:58.280831,2019-12-02 10:30:23.280831,2019-12-02 10:41:19.769960,Replace,6,41,40,0 days 00:00:25.000000000,0 days 00:11:10.714782000
9,2019-12-02 10:45:00.000000,2019-12-02 10:45:35.000000,2019-12-02 10:59:36.459763,2019-12-02 11:00:01.122153,,,,Onsite,6,41,40,0 days 00:00:35.000000000,0 days 00:14:26.122153000
10,2019-12-02 11:45:00.000000,2019-12-02 11:45:45.000000,2019-12-02 12:03:10.663255,2019-12-02 12:03:55.663255,2019-12-02 12:38:39.505251,2019-12-02 12:39:24.505251,2019-12-02 12:53:44.783694,Replace,6,41,40,0 days 00:00:45.000000000,0 days 00:18:10.663255000
11,2019-12-02 12:48:00.000000,2019-12-02 12:48:45.000000,2019-12-02 13:08:07.510700,2019-12-02 13:08:31.682892,,,,Onsite,6,41,40,0 days 00:00:45.000000000,0 days 00:19:46.682892000
12,2019-12-02 14:04:00.000000,2019-12-02 14:04:45.000000,2019-12-02 14:19:27.712716,2019-12-02 14:20:12.712716,2019-12-02 14:53:55.788803,2019-12-02 14:54:40.788803,2019-12-02 15:10:02.834184,Replace,6,41,40,0 days 00:00:45.000000000,0 days 00:15:27.712716000
13,2019-12-02 15:06:00.000000,2019-12-02 15:06:50.000000,2019-12-02 15:21:00.909921,2019-12-02 15:21:50.909921,2019-12-02 15:45:04.942745,2019-12-02 15:45:54.942745,2019-12-02 16:01:15.271907,Replace,6,41,40,0 days 00:00:50.000000000,0 days 00:15:00.909921000
14,2019-12-02 16:19:00.000000,2019-12-02 16:19:55.000000,2019-12-02 16:42:25.708551,2019-12-02 16:43:20.708551,2019-12-02 17:38:41.640718,2019-12-02 17:39:36.640718,2019-12-02 18:02:16.665433,Replace,6,41,40,0 days 00:00:55.000000000,0 days 00:23:25.708551000
15,2019-12-02 17:21:00.000000,2019-12-02 17:21:45.000000,2019-12-02 17:39:05.486737,2019-12-02 17:39:50.486737,2019-12-02 18:08:20.701334,2019-12-02 18:09:05.701334,2019-12-02 18:31:20.068553,Replace,6,41,40,0 days 00:00:45.000000000,0 days 00:18:05.486737000
16,2019-12-02 18:46:00.000000,2019-12-02 18:46:45.000000,2019-12-02 19:04:19.542763,2019-12-02 19:04:30.215299,,,,Onsite,6,41,40,0 days 00:00:45.000000000,0 days 00:17:45.215299000
17,2019-12-02 19:59:00.000000,2019-12-02 19:59:45.000000,2019-12-02 20:12:57.993090,2019-12-02 20:13:11.008754,,,,Onsite,6,41,40,0 days 00:00:45.000000000,0 days 00:13:26.008754000
18,2019-12-02 21:15:00.000000,2019-12-02 21:15:25.000000,2019-12-02 21:35:12.968362,2019-12-02 21:35:37.968362,2019-12-02 22:18:10.643544,2019-12-02 22:18:35.643544,2019-12-02 22:34:19.665184,Replace,6,41,40,0 days 00:00:25.000000000,0 days 00:20:12.968362000
0,2019-12-02 01:07:00.000000,2019-12-02 00:00:35.000000,2019-12-02 00:11:58.360058,2019-12-02 00:12:13.723159,,,,Onsite,7,41,40,-1 days +22:53:35.000000000,0 days 00:11:38.723159000
1,2019-12-02 01:09:00.000000,2019-12-02 01:09:25.000000,2019-12-02 01:24:34.550421,2019-12-02 01:24:59.550421,2019-12-02 01:57:48.022179,2019-12-02 01:58:13.022179,2019-12-02 02:17:57.994109,Replace,7,41,40,0 days 00:00:25.000000000,0 days 00:15:34.550421000
2,2019-12-02 02:24:00.000000,2019-12-02 02:24:35.000000,2019-12-02 02:42:50.070702,2019-12-02 02:43:15.831709,,,,Onsite,7,41,40,0 days 00:00:35.000000000,0 days 00:18:40.831709000
3,2019-12-02 03:37:00.000000,2019-12-02 03:37:55.000000,2019-12-02 03:51:19.206909,2019-12-02 03:52:14.206909,2019-12-02 04:15:29.329552,2019-12-02 04:16:24.329552,2019-12-02 04:31:09.907559,Replace,7,41,40,0 days 00:00:55.000000000,0 days 00:14:19.206909000
4,2019-12-02 04:27:00.000000,2019-12-02 04:27:25.000000,2019-12-02 04:44:23.725539,2019-12-02 04:44:37.370485,,,,Onsite,7,41,40,0 days 00:00:25.000000000,0 days 00:17:12.370485000
5,2019-12-02 05:28:00.000000,2019-12-02 05:28:25.000000,2019-12-02 05:42:46.531945,2019-12-02 05:43:01.453401,,,,Onsite,7,41,40,0 days 00:00:25.000000000,0 days 00:14:36.453401000
6,2019-12-02 06:34:00.000000,2019-12-02 06:34:45.000000,2019-12-02 06:51:51.419434,2019-12-02 06:52:36.419434,2019-12-02 07:25:46.407758,2019-12-02 07:26:31.407758,2019-12-02 07:42:24.243532,Replace,7,41,40,0 days 00:00:45.000000000,0 days 00:17:51.419434000
7,2019-12-02 07:37:00.000000,2019-12-02 07:37:45.000000,2019-12-02 07:54:33.164941,2019-12-02 07:55:18.164941,2019-12-02 08:29:56.895066,2019-12-02 08:30:41.895066,2019-12-02 08:44:38.586504,Replace,7,41,40,0 days 00:00:45.000000000,0 days 00:17:33.164941000
8,2019-12-02 09:00:00.000000,2019-12-02 09:00:50.000000,2019-12-02 09:18:40.521905,2019-12-02 09:19:30.521905,2019-12-02 09:46:50.886861,2019-12-02 09:47:40.886861,2019-12-02 10:00:04.343108,Replace,7,41,40,0 days 00:00:50.000000000,0 days 00:18:40.521905000
9,2019-12-02 10:18:00.000000,2019-12-02 10:18:45.000000,2019-12-02 10:34:54.323519,2019-12-02 10:35:13.469882,,,,Onsite,7,41,40,0 days 00:00:45.000000000,0 days 00:16:28.469882000
10,2019-12-02 11:33:00.000000,2019-12-02 11:33:30.000000,2019-12-02 11:48:23.627127,2019-12-02 11:48:53.627127,2019-12-02 12:17:01.462970,2019-12-02 12:17:31.462970,2019-12-02 12:37:56.853251,Replace,7,41,40,0 days 00:00:30.000000000,0 days 00:15:23.627127000
11,2019-12-02 12:38:00.000000,2019-12-02 12:38:30.000000,2019-12-02 12:52:26.685829,2019-12-02 12:52:56.685829,2019-12-02 13:28:01.044624,2019-12-02 13:28:31.044624,2019-12-02 13:41:52.615998,Replace,7,41,40,0 days 00:00:30.000000000,0 days 00:14:26.685829000
12,2019-12-02 13:39:00.000000,2019-12-02 13:39:45.000000,2019-12-02 13:52:18.353487,2019-12-02 13:52:30.617448,,,,Onsite,7,41,40,0 days 00:00:45.000000000,0 days 00:12:45.617448000
13,2019-12-02 14:36:00.000000,2019-12-02 14:36:25.000000,2019-12-02 14:49:21.709806,2019-12-02 14:49:35.067840,,,,Onsite,7,41,40,0 days 00:00:25.000000000,0 days 00:13:10.067840000
14,2019-12-02 15:47:00.000000,2019-12-02 15:47:25.000000,2019-12-02 16:06:38.263416,2019-12-02 16:07:03.263416,2019-12-02 16:30:51.106165,2019-12-02 16:31:16.106165,2019-12-02 16:50:14.359680,Replace,7,41,40,0 days 00:00:25.000000000,0 days 00:19:38.263416000
15,2019-12-02 17:08:00.000000,2019-12-02 17:08:45.000000,2019-12-02 17:19:30.949116,2019-12-02 17:19:44.225941,,,,Onsite,7,41,40,0 days 00:00:45.000000000,0 days 00:10:59.225941000
16,2019-12-02 18:20:00.000000,2019-12-02 18:20:35.000000,2019-12-02 18:36:27.931635,2019-12-02 18:37:02.931635,2019-12-02 19:11:18.479498,2019-12-02 19:11:53.479498,2019-12-02 19:35:11.539335,Replace,7,41,40,0 days 00:00:35.000000000,0 days 00:16:27.931635000
17,2019-12-02 19:21:00.000000,2019-12-02 19:21:50.000000,2019-12-02 19:35:26.195045,2019-12-02 19:35:28.673991,,,,Onsite,7,41,40,0 days 00:00:50.000000000,0 days 00:13:38.673991000
18,2019-12-02 20:16:00.000000,2019-12-02 20:16:35.000000,2019-12-02 20:40:03.543251,2019-12-02 20:40:38.543251,2019-12-02 21:34:31.038830,2019-12-02 21:35:06.038830,2019-12-02 21:49:35.301322,Replace,7,41,40,0 days 00:00:35.000000000,0 days 00:24:03.543251000
19,2019-12-02 21:23:00.000000,2019-12-02 21:23:45.000000,2019-12-02 21:37:46.726113,2019-12-02 21:38:31.726113,2019-12-02 22:13:40.807981,2019-12-02 22:14:25.807981,2019-12-02 22:33:48.544173,Replace,7,41,40,0 days 00:00:45.000000000,0 days 00:14:46.726113000
0,2019-12-02 01:02:00.000000,2019-12-02 00:00:35.000000,2019-12-02 00:19:53.806853,2019-12-02 00:20:28.806853,2019-12-02 00:48:53.901014,2019-12-02 00:49:28.901014,2019-12-02 01:04:36.912808,Replace,8,41,40,-1 days +22:58:35.000000000,0 days 00:19:53.806853000
1,2019-12-02 01:09:00.000000,2019-12-02 01:09:45.000000,2019-12-02 01:23:56.534046,2019-12-02 01:24:09.289315,,,,Onsite,8,41,40,0 days 00:00:45.000000000,0 days 00:14:24.289315000
2,2019-12-02 03:43:00.000000,2019-12-02 03:43:45.000000,2019-12-02 04:00:41.587597,2019-12-02 04:01:26.587597,2019-12-02 04:30:10.221168,2019-12-02 04:30:55.221168,2019-12-02 04:49:47.291505,Replace,8,41,40,0 days 00:00:45.000000000,0 days 00:17:41.587597000
3,2019-12-02 02:27:00.000000,2019-12-02 02:27:50.000000,2019-12-02 02:49:50.457883,2019-12-02 02:50:40.457883,2019-12-02 03:25:29.108948,2019-12-02 03:26:19.108948,2019-12-02 03:43:29.040409,Replace,8,41,40,0 days 00:00:50.000000000,0 days 00:22:50.457883000
4,2019-12-02 04:55:00.000000,2019-12-02 04:55:25.000000,2019-12-02 05:08:21.935454,2019-12-02 05:08:44.046921,,,,Onsite,8,41,40,0 days 00:00:25.000000000,0 days 00:13:19.046921000
5,2019-12-02 06:23:00.000000,2019-12-02 06:23:55.000000,2019-12-02 06:36:51.516489,2019-12-02 06:37:46.516489,2019-12-02 07:27:39.314176,2019-12-02 07:28:34.314176,2019-12-02 07:47:20.597884,Replace,8,41,40,0 days 00:00:55.000000000,0 days 00:13:51.516489000
6,2019-12-02 07:33:00.000000,2019-12-02 07:33:30.000000,2019-12-02 07:49:00.118576,2019-12-02 07:49:30.118576,2019-12-02 08:30:29.503751,2019-12-02 08:30:59.503751,2019-12-02 08:46:26.242900,Replace,8,41,40,0 days 00:00:30.000000000,0 days 00:16:00.118576000
7,2019-12-02 08:37:00.000000,2019-12-02 08:37:35.000000,2019-12-02 08:56:23.285937,2019-12-02 08:56:58.285937,2019-12-02 09:25:26.465875,2019-12-02 09:26:01.465875,2019-12-02 09:41:03.900929,Replace,8,41,40,0 days 00:00:35.000000000,0 days 00:19:23.285937000
8,2019-12-02 09:37:00.000000,2019-12-02 09:37:35.000000,2019-12-02 09:55:56.388251,2019-12-02 09:56:28.087178,,,,Onsite,8,41,40,0 days 00:00:35.000000000,0 days 00:18:53.087178000
9,2019-12-02 10:46:00.000000,2019-12-02 10:46:45.000000,2019-12-02 11:05:13.309707,2019-12-02 11:05:58.309707,2019-12-02 11:29:50.691065,2019-12-02 11:30:35.691065,2019-12-02 11:47:01.616427,Replace,8,41,40,0 days 00:00:45.000000000,0 days 00:19:13.309707000
10,2019-12-02 11:51:00.000000,2019-12-02 11:51:30.000000,2019-12-02 12:10:58.306961,2019-12-02 12:11:02.042471,,,,Onsite,8,41,40,0 days 00:00:30.000000000,0 days 00:19:32.042471000
11,2019-12-02 12:44:00.000000,2019-12-02 12:44:50.000000,2019-12-02 13:01:24.742867,2019-12-02 13:02:14.742867,2019-12-02 13:45:15.310701,2019-12-02 13:46:05.310701,2019-12-02 14:01:18.191644,Replace,8,41,40,0 days 00:00:50.000000000,0 days 00:17:24.742867000
12,2019-12-02 14:04:00.000000,2019-12-02 14:04:45.000000,2019-12-02 14:16:47.593305,2019-12-02 14:17:32.593305,2019-12-02 14:57:03.421268,2019-12-02 14:57:48.421268,2019-12-02 15:11:09.677548,Replace,8,41,40,0 days 00:00:45.000000000,0 days 00:12:47.593305000
13,2019-12-02 15:08:00.000000,2019-12-02 15:08:55.000000,2019-12-02 15:24:45.283866,2019-12-02 15:24:51.738347,,,,Onsite,8,41,40,0 days 00:00:55.000000000,0 days 00:15:56.738347000
14,2019-12-02 16:05:00.000000,2019-12-02 16:05:35.000000,2019-12-02 16:19:56.987718,2019-12-02 16:20:04.962115,,,,Onsite,8,41,40,0 days 00:00:35.000000000,0 days 00:14:29.962115000
15,2019-12-02 17:20:00.000000,2019-12-02 17:20:30.000000,2019-12-02 17:35:47.721422,2019-12-02 17:36:17.721422,2019-12-02 18:02:12.889864,2019-12-02 18:02:42.889864,2019-12-02 18:22:56.125999,Replace,8,41,40,0 days 00:00:30.000000000,0 days 00:15:47.721422000
16,2019-12-02 18:26:00.000000,2019-12-02 18:26:45.000000,2019-12-02 18:43:03.246611,2019-12-02 18:43:48.246611,2019-12-02 19:16:13.002930,2019-12-02 19:16:58.002930,2019-12-02 19:30:49.860570,Replace,8,41,40,0 days 00:00:45.000000000,0 days 00:17:03.246611000
17,2019-12-02 19:38:00.000000,2019-12-02 19:38:45.000000,2019-12-02 19:53:18.546911,2019-12-02 19:54:03.546911,2019-12-02 20:20:17.989889,2019-12-02 20:21:02.989889,2019-12-02 20:41:37.509606,Replace,8,41,40,0 days 00:00:45.000000000,0 days 00:15:18.546911000
18,2019-12-02 20:29:00.000000,2019-12-02 20:29:50.000000,2019-12-02 20:40:34.473101,2019-12-02 20:40:58.459545,,,,Onsite,8,41,40,0 days 00:00:50.000000000,0 days 00:11:08.459545000
19,2019-12-02 21:37:00.000000,2019-12-02 21:37:50.000000,2019-12-02 21:56:18.227283,2019-12-02 21:57:08.227283,2019-12-02 22:30:15.078446,2019-12-02 22:31:05.078446,2019-12-02 22:47:01.641018,Replace,8,41,40,0 days 00:00:50.000000000,0 days 00:19:18.227283000
0,2019-12-02 01:07:00.000000,2019-12-02 00:00:55.000000,2019-12-02 00:15:00.692195,2019-12-02 00:15:55.692195,2019-12-02 00:44:20.493296,2019-12-02 00:45:15.493296,2019-12-02 01:03:27.530481,Replace,9,41,40,-1 days +22:53:55.000000000,0 days 00:15:00.692195000
1,2019-12-02 01:16:00.000000,2019-12-02 01:16:45.000000,2019-12-02 01:29:56.863186,2019-12-02 01:30:14.133821,,,,Onsite,9,41,40,0 days 00:00:45.000000000,0 days 00:13:29.133821000
2,2019-12-02 03:34:00.000000,2019-12-02 03:34:45.000000,2019-12-02 03:49:37.953278,2019-12-02 03:49:41.977897,,,,Onsite,9,41,40,0 days 00:00:45.000000000,0 days 00:14:56.977897000
3,2019-12-02 02:20:00.000000,2019-12-02 02:20:45.000000,2019-12-02 02:36:08.541948,2019-12-02 02:36:53.541948,2019-12-02 03:11:39.487956,2019-12-02 03:12:24.487956,2019-12-02 03:34:31.090005,Replace,9,41,40,0 days 00:00:45.000000000,0 days 00:16:08.541948000
4,2019-12-02 04:58:00.000000,2019-12-02 04:58:50.000000,2019-12-02 05:13:01.603659,2019-12-02 05:13:51.603659,2019-12-02 05:59:05.112707,2019-12-02 05:59:55.112707,2019-12-02 06:13:38.391252,Replace,9,41,40,0 days 00:00:50.000000000,0 days 00:15:01.603659000
5,2019-12-02 06:04:00.000000,2019-12-02 06:04:45.000000,2019-12-02 06:24:50.879112,2019-12-02 06:25:35.879112,2019-12-02 06:59:11.703181,2019-12-02 06:59:56.703181,2019-12-02 07:12:43.056305,Replace,9,41,40,0 days 00:00:45.000000000,0 days 00:20:50.879112000
6,2019-12-02 07:16:00.000000,2019-12-02 07:16:45.000000,2019-12-02 07:38:48.357939,2019-12-02 07:39:33.357939,2019-12-02 08:18:25.491033,2019-12-02 08:19:10.491033,2019-12-02 08:35:36.501035,Replace,9,41,40,0 days 00:00:45.000000000,0 days 00:22:48.357939000
7,2019-12-02 08:24:00.000000,2019-12-02 08:24:35.000000,2019-12-02 08:43:25.320361,2019-12-02 08:44:00.320361,2019-12-02 09:21:10.049619,2019-12-02 09:21:45.049619,2019-12-02 09:40:03.818172,Replace,9,41,40,0 days 00:00:35.000000000,0 days 00:19:25.320361000
8,2019-12-02 09:33:00.000000,2019-12-02 09:33:55.000000,2019-12-02 09:48:04.066606,2019-12-02 09:48:59.066606,2019-12-02 10:40:25.178960,2019-12-02 10:41:20.178960,2019-12-02 10:56:14.645803,Replace,9,41,40,0 days 00:00:55.000000000,0 days 00:15:04.066606000
9,2019-12-02 10:47:00.000000,2019-12-02 10:47:50.000000,2019-12-02 11:01:28.552014,2019-12-02 11:02:18.552014,2019-12-02 11:39:59.907647,2019-12-02 11:40:49.907647,2019-12-02 11:59:04.077675,Replace,9,41,40,0 days 00:00:50.000000000,0 days 00:14:28.552014000
10,2019-12-02 11:58:00.000000,2019-12-02 11:58:55.000000,2019-12-02 12:18:14.714830,2019-12-02 12:18:37.698602,,,,Onsite,9,41,40,0 days 00:00:55.000000000,0 days 00:19:42.698602000
11,2019-12-02 13:24:00.000000,2019-12-02 13:24:30.000000,2019-12-02 13:42:16.193127,2019-12-02 13:42:58.862441,,,,Onsite,9,41,40,0 days 00:00:30.000000000,0 days 00:18:28.862441000
12,2019-12-02 14:35:00.000000,2019-12-02 14:35:45.000000,2019-12-02 14:48:48.738410,2019-12-02 14:49:03.609920,,,,Onsite,9,41,40,0 days 00:00:45.000000000,0 days 00:13:18.609920000
13,2019-12-02 15:32:00.000000,2019-12-02 15:32:50.000000,2019-12-02 15:46:23.709964,2019-12-02 15:47:13.709964,2019-12-02 16:24:49.350386,2019-12-02 16:25:39.350386,2019-12-02 16:40:23.103085,Replace,9,41,40,0 days 00:00:50.000000000,0 days 00:14:23.709964000
14,2019-12-02 16:26:00.000000,2019-12-02 16:26:50.000000,2019-12-02 16:43:58.649172,2019-12-02 16:44:48.649172,2019-12-02 17:18:08.645762,2019-12-02 17:18:58.645762,2019-12-02 17:29:46.179541,Replace,9,41,40,0 days 00:00:50.000000000,0 days 00:17:58.649172000
15,2019-12-02 17:28:00.000000,2019-12-02 17:28:45.000000,2019-12-02 17:49:26.994359,2019-12-02 17:50:11.994359,2019-12-02 18:20:43.993012,2019-12-02 18:21:28.993012,2019-12-02 18:35:35.761720,Replace,9,41,40,0 days 00:00:45.000000000,0 days 00:21:26.994359000
16,2019-12-02 18:37:00.000000,2019-12-02 18:37:45.000000,2019-12-02 18:57:04.691748,2019-12-02 18:57:49.691748,2019-12-02 19:21:44.168611,2019-12-02 19:22:29.168611,2019-12-02 19:37:45.432123,Replace,9,41,40,0 days 00:00:45.000000000,0 days 00:20:04.691748000
17,2019-12-02 19:48:00.000000,2019-12-02 19:48:25.000000,2019-12-02 20:02:46.293755,2019-12-02 20:02:59.443975,,,,Onsite,9,41,40,0 days 00:00:25.000000000,0 days 00:14:34.443975000
18,2019-12-02 20:46:00.000000,2019-12-02 20:46:55.000000,2019-12-02 20:58:30.877670,2019-12-02 20:59:25.877670,2019-12-02 21:30:48.838176,2019-12-02 21:31:43.838176,2019-12-02 21:49:59.905707,Replace,9,41,40,0 days 00:00:55.000000000,0 days 00:12:30.877670000
19,2019-12-02 22:14:00.000000,2019-12-02 22:14:45.000000,2019-12-02 22:30:34.518880,2019-12-02 22:30:37.293656,,,,Onsite,9,41,40,0 days 00:00:45.000000000,0 days 00:15:52.293656000
0,2019-12-02 01:09:00.000000,2019-12-02 00:00:50.000000,2019-12-02 00:21:32.189052,2019-12-02 00:21:52.190793,,,,Onsite,1,41,41,-1 days +22:51:50.000000000,0 days 00:21:02.190793000
1,2019-12-02 01:14:00.000000,2019-12-02 01:14:50.000000,2019-12-02 01:36:05.812732,2019-12-02 01:36:55.812732,2019-12-02 02:19:53.526459,2019-12-02 02:20:43.526459,2019-12-02 02:42:13.027329,Replace,1,41,41,0 days 00:00:50.000000000,0 days 00:22:05.812732000
2,2019-12-02 02:16:00.000000,2019-12-02 02:16:55.000000,2019-12-02 02:33:15.228903,2019-12-02 02:34:10.228903,2019-12-02 03:08:31.935613,2019-12-02 03:09:26.935613,2019-12-02 03:27:20.379314,Replace,1,41,41,0 days 00:00:55.000000000,0 days 00:17:15.228903000
3,2019-12-02 03:25:00.000000,2019-12-02 03:25:45.000000,2019-12-02 03:42:44.450046,2019-12-02 03:43:29.450046,2019-12-02 04:30:20.580339,2019-12-02 04:31:05.580339,2019-12-02 04:44:03.115073,Replace,1,41,41,0 days 00:00:45.000000000,0 days 00:17:44.450046000
4,2019-12-02 04:28:00.000000,2019-12-02 04:28:35.000000,2019-12-02 04:43:07.357859,2019-12-02 04:43:30.705774,,,,Onsite,1,41,41,0 days 00:00:35.000000000,0 days 00:14:55.705774000
5,2019-12-02 05:50:00.000000,2019-12-02 05:50:50.000000,2019-12-02 06:08:34.866959,2019-12-02 06:08:57.826883,,,,Onsite,1,41,41,0 days 00:00:50.000000000,0 days 00:18:07.826883000
6,2019-12-02 06:49:00.000000,2019-12-02 06:49:45.000000,2019-12-02 07:06:31.768780,2019-12-02 07:07:16.768780,2019-12-02 07:47:19.962051,2019-12-02 07:48:04.962051,2019-12-02 08:05:17.765563,Replace,1,41,41,0 days 00:00:45.000000000,0 days 00:17:31.768780000
7,2019-12-02 08:14:00.000000,2019-12-02 08:14:35.000000,2019-12-02 08:31:05.554278,2019-12-02 08:31:17.232521,,,,Onsite,1,41,41,0 days 00:00:35.000000000,0 days 00:16:42.232521000
8,2019-12-02 09:09:00.000000,2019-12-02 09:09:50.000000,2019-12-02 09:32:24.262162,2019-12-02 09:33:14.262162,2019-12-02 10:00:35.135004,2019-12-02 10:01:25.135004,2019-12-02 10:12:00.969055,Replace,1,41,41,0 days 00:00:50.000000000,0 days 00:23:24.262162000
9,2019-12-02 10:16:00.000000,2019-12-02 10:16:45.000000,2019-12-02 10:33:37.442908,2019-12-02 10:34:22.442908,2019-12-02 11:22:02.736514,2019-12-02 11:22:47.736514,2019-12-02 11:46:49.553162,Replace,1,41,41,0 days 00:00:45.000000000,0 days 00:17:37.442908000
10,2019-12-02 11:20:00.000000,2019-12-02 11:20:35.000000,2019-12-02 11:34:47.294071,2019-12-02 11:34:55.024465,,,,Onsite,1,41,41,0 days 00:00:35.000000000,0 days 00:14:20.024465000
11,2019-12-02 12:30:00.000000,2019-12-02 12:30:45.000000,2019-12-02 12:47:21.147026,2019-12-02 12:48:06.147026,2019-12-02 13:19:44.618315,2019-12-02 13:20:29.618315,2019-12-02 13:35:01.192127,Replace,1,41,41,0 days 00:00:45.000000000,0 days 00:17:21.147026000
12,2019-12-02 13:32:00.000000,2019-12-02 13:32:35.000000,2019-12-02 13:50:38.426818,2019-12-02 13:50:57.719479,,,,Onsite,1,41,41,0 days 00:00:35.000000000,0 days 00:18:22.719479000
13,2019-12-02 14:45:00.000000,2019-12-02 14:45:45.000000,2019-12-02 15:04:33.436188,2019-12-02 15:04:48.310754,,,,Onsite,1,41,41,0 days 00:00:45.000000000,0 days 00:19:03.310754000
14,2019-12-02 16:07:00.000000,2019-12-02 16:07:35.000000,2019-12-02 16:24:59.870391,2019-12-02 16:25:34.870391,2019-12-02 16:55:25.978790,2019-12-02 16:56:00.978790,2019-12-02 17:08:32.667495,Replace,1,41,41,0 days 00:00:35.000000000,0 days 00:17:59.870391000
15,2019-12-02 17:27:00.000000,2019-12-02 17:27:55.000000,2019-12-02 17:48:37.373925,2019-12-02 17:48:50.381970,,,,Onsite,1,41,41,0 days 00:00:55.000000000,0 days 00:20:55.381970000
16,2019-12-02 18:37:00.000000,2019-12-02 18:37:45.000000,2019-12-02 18:53:21.605441,2019-12-02 18:54:06.605441,2019-12-02 19:16:30.774560,2019-12-02 19:17:15.774560,2019-12-02 19:37:52.759387,Replace,1,41,41,0 days 00:00:45.000000000,0 days 00:16:21.605441000
17,2019-12-02 20:01:00.000000,2019-12-02 20:01:35.000000,2019-12-02 20:21:45.697519,2019-12-02 20:22:03.901927,,,,Onsite,1,41,41,0 days 00:00:35.000000000,0 days 00:20:28.901927000
18,2019-12-02 21:33:00.000000,2019-12-02 21:33:45.000000,2019-12-02 21:45:54.667112,2019-12-02 21:46:04.920006,,,,Onsite,1,41,41,0 days 00:00:45.000000000,0 days 00:12:19.920006000
0,2019-12-02 01:05:00.000000,2019-12-02 01:05:45.000000,2019-12-02 01:21:27.920931,2019-12-02 01:22:02.217583,,,,Onsite,2,41,41,0 days 00:00:45.000000000,0 days 00:16:17.217583000
1,2019-12-02 01:21:00.000000,2019-12-02 00:00:35.000000,2019-12-02 00:14:42.567445,2019-12-02 00:15:17.567445,2019-12-02 00:48:48.726845,2019-12-02 00:49:23.726845,2019-12-02 01:05:03.426722,Replace,2,41,41,-1 days +22:39:35.000000000,0 days 00:14:42.567445000
2,2019-12-02 02:09:00.000000,2019-12-02 02:09:45.000000,2019-12-02 02:25:18.097583,2019-12-02 02:25:35.982716,,,,Onsite,2,41,41,0 days 00:00:45.000000000,0 days 00:15:50.982716000
3,2019-12-02 03:11:00.000000,2019-12-02 03:11:45.000000,2019-12-02 03:29:51.572094,2019-12-02 03:29:59.548145,,,,Onsite,2,41,41,0 days 00:00:45.000000000,0 days 00:18:14.548145000
4,2019-12-02 04:09:00.000000,2019-12-02 04:09:45.000000,2019-12-02 04:25:43.631959,2019-12-02 04:25:47.414677,,,,Onsite,2,41,41,0 days 00:00:45.000000000,0 days 00:16:02.414677000
5,2019-12-02 05:23:00.000000,2019-12-02 05:23:45.000000,2019-12-02 05:33:38.438632,2019-12-02 05:34:23.438632,2019-12-02 06:06:25.964252,2019-12-02 06:07:10.964252,2019-12-02 06:21:32.922480,Replace,2,41,41,0 days 00:00:45.000000000,0 days 00:10:38.438632000
6,2019-12-02 06:20:00.000000,2019-12-02 06:20:35.000000,2019-12-02 06:41:27.260840,2019-12-02 06:41:39.655506,,,,Onsite,2,41,41,0 days 00:00:35.000000000,0 days 00:21:04.655506000
7,2019-12-02 07:39:00.000000,2019-12-02 07:39:50.000000,2019-12-02 07:56:08.123813,2019-12-02 07:56:38.981685,,,,Onsite,2,41,41,0 days 00:00:50.000000000,0 days 00:16:48.981685000
8,2019-12-02 08:48:00.000000,2019-12-02 08:48:35.000000,2019-12-02 09:06:07.999448,2019-12-02 09:06:22.876219,,,,Onsite,2,41,41,0 days 00:00:35.000000000,0 days 00:17:47.876219000
9,2019-12-02 09:52:00.000000,2019-12-02 09:52:25.000000,2019-12-02 10:03:32.492508,2019-12-02 10:04:02.406061,,,,Onsite,2,41,41,0 days 00:00:25.000000000,0 days 00:11:37.406061000
10,2019-12-02 11:12:00.000000,2019-12-02 11:12:55.000000,2019-12-02 11:27:49.559070,2019-12-02 11:28:00.118241,,,,Onsite,2,41,41,0 days 00:00:55.000000000,0 days 00:15:05.118241000
11,2019-12-02 12:20:00.000000,2019-12-02 12:20:25.000000,2019-12-02 12:37:27.354822,2019-12-02 12:37:37.721247,,,,Onsite,2,41,41,0 days 00:00:25.000000000,0 days 00:17:12.721247000
12,2019-12-02 13:20:00.000000,2019-12-02 13:20:45.000000,2019-12-02 13:35:03.195529,2019-12-02 13:35:48.195529,2019-12-02 14:28:36.239077,2019-12-02 14:29:21.239077,2019-12-02 14:46:46.557011,Replace,2,41,41,0 days 00:00:45.000000000,0 days 00:15:03.195529000
13,2019-12-02 14:21:00.000000,2019-12-02 14:21:45.000000,2019-12-02 14:36:17.475564,2019-12-02 14:37:02.475564,2019-12-02 15:21:35.682641,2019-12-02 15:22:20.682641,2019-12-02 15:40:40.782266,Replace,2,41,41,0 days 00:00:45.000000000,0 days 00:15:17.475564000
14,2019-12-02 15:30:00.000000,2019-12-02 15:30:55.000000,2019-12-02 15:46:36.837719,2019-12-02 15:46:47.698249,,,,Onsite,2,41,41,0 days 00:00:55.000000000,0 days 00:15:52.698249000
15,2019-12-02 16:36:00.000000,2019-12-02 16:36:45.000000,2019-12-02 16:52:19.599333,2019-12-02 16:53:04.599333,2019-12-02 17:29:39.036384,2019-12-02 17:30:24.036384,2019-12-02 17:46:31.016720,Replace,2,41,41,0 days 00:00:45.000000000,0 days 00:16:19.599333000
16,2019-12-02 17:38:00.000000,2019-12-02 17:38:45.000000,2019-12-02 17:46:54.937445,2019-12-02 17:47:17.552939,,,,Onsite,2,41,41,0 days 00:00:45.000000000,0 days 00:08:32.552939000
17,2019-12-02 18:42:00.000000,2019-12-02 18:42:30.000000,2019-12-02 18:58:13.716816,2019-12-02 18:58:25.491899,,,,Onsite,2,41,41,0 days 00:00:30.000000000,0 days 00:15:55.491899000
18,2019-12-02 19:49:00.000000,2019-12-02 19:49:25.000000,2019-12-02 20:04:14.283126,2019-12-02 20:04:39.283126,2019-12-02 20:47:57.710916,2019-12-02 20:48:22.710916,2019-12-02 21:04:53.528848,Replace,2,41,41,0 days 00:00:25.000000000,0 days 00:15:14.283126000
19,2019-12-02 20:47:00.000000,2019-12-02 20:47:55.000000,2019-12-02 21:04:05.073554,2019-12-02 21:04:41.713380,,,,Onsite,2,41,41,0 days 00:00:55.000000000,0 days 00:16:46.713380000
0,2019-12-02 01:16:00.000000,2019-12-02 00:00:55.000000,2019-12-02 00:17:37.289870,2019-12-02 00:17:45.702423,,,,Onsite,3,41,41,-1 days +22:44:55.000000000,0 days 00:16:50.702423000
1,2019-12-02 01:04:00.000000,2019-12-02 01:04:55.000000,2019-12-02 01:25:07.099438,2019-12-02 01:25:23.211403,,,,Onsite,3,41,41,0 days 00:00:55.000000000,0 days 00:20:28.211403000
2,2019-12-02 02:05:00.000000,2019-12-02 02:05:45.000000,2019-12-02 02:21:22.398665,2019-12-02 02:21:34.379560,,,,Onsite,3,41,41,0 days 00:00:45.000000000,0 days 00:15:49.379560000
3,2019-12-02 03:15:00.000000,2019-12-02 03:15:50.000000,2019-12-02 03:36:14.086868,2019-12-02 03:37:04.086868,2019-12-02 04:16:40.893833,2019-12-02 04:17:30.893833,2019-12-02 04:31:02.987578,Replace,3,41,41,0 days 00:00:50.000000000,0 days 00:21:14.086868000
4,2019-12-02 04:21:00.000000,2019-12-02 04:21:35.000000,2019-12-02 04:36:44.752916,2019-12-02 04:37:08.149363,,,,Onsite,3,41,41,0 days 00:00:35.000000000,0 days 00:15:33.149363000
5,2019-12-02 05:37:00.000000,2019-12-02 05:37:30.000000,2019-12-02 05:52:56.109209,2019-12-02 05:53:23.661383,,,,Onsite,3,41,41,0 days 00:00:30.000000000,0 days 00:15:53.661383000
6,2019-12-02 06:52:00.000000,2019-12-02 06:52:45.000000,2019-12-02 07:05:51.445066,2019-12-02 07:06:36.445066,2019-12-02 07:38:53.969050,2019-12-02 07:39:38.969050,2019-12-02 07:55:02.985339,Replace,3,41,41,0 days 00:00:45.000000000,0 days 00:13:51.445066000
7,2019-12-02 08:04:00.000000,2019-12-02 08:04:25.000000,2019-12-02 08:13:45.021048,2019-12-02 08:14:10.021048,2019-12-02 08:48:29.676395,2019-12-02 08:48:54.676395,2019-12-02 09:08:02.819527,Replace,3,41,41,0 days 00:00:25.000000000,0 days 00:09:45.021048000
8,2019-12-02 09:07:00.000000,2019-12-02 09:07:55.000000,2019-12-02 09:26:03.946804,2019-12-02 09:26:33.345313,,,,Onsite,3,41,41,0 days 00:00:55.000000000,0 days 00:18:38.345313000
9,2019-12-02 09:57:00.000000,2019-12-02 09:57:25.000000,2019-12-02 10:15:12.981191,2019-12-02 10:15:37.981191,2019-12-02 10:59:25.779171,2019-12-02 10:59:50.779171,2019-12-02 11:12:54.264366,Replace,3,41,41,0 days 00:00:25.000000000,0 days 00:18:12.981191000
10,2019-12-02 11:06:00.000000,2019-12-02 11:06:45.000000,2019-12-02 11:19:47.949379,2019-12-02 11:20:18.260660,,,,Onsite,3,41,41,0 days 00:00:45.000000000,0 days 00:13:33.260660000
11,2019-12-02 12:21:00.000000,2019-12-02 12:21:55.000000,2019-12-02 12:35:54.050685,2019-12-02 12:36:49.050685,2019-12-02 13:20:56.405381,2019-12-02 13:21:51.405381,2019-12-02 13:40:54.965616,Replace,3,41,41,0 days 00:00:55.000000000,0 days 00:14:54.050685000
12,2019-12-02 13:21:00.000000,2019-12-02 13:21:45.000000,2019-12-02 13:34:07.660836,2019-12-02 13:34:31.666785,,,,Onsite,3,41,41,0 days 00:00:45.000000000,0 days 00:12:46.666785000
13,2019-12-02 14:18:00.000000,2019-12-02 14:18:35.000000,2019-12-02 14:37:15.915078,2019-12-02 14:37:50.915078,2019-12-02 15:06:18.965103,2019-12-02 15:06:53.965103,2019-12-02 15:26:40.971673,Replace,3,41,41,0 days 00:00:35.000000000,0 days 00:19:15.915078000
14,2019-12-02 15:25:00.000000,2019-12-02 15:25:45.000000,2019-12-02 15:46:29.635132,2019-12-02 15:47:14.635132,2019-12-02 16:19:47.031642,2019-12-02 16:20:32.031642,2019-12-02 16:35:39.445811,Replace,3,41,41,0 days 00:00:45.000000000,0 days 00:21:29.635132000
15,2019-12-02 16:32:00.000000,2019-12-02 16:32:45.000000,2019-12-02 16:47:41.578409,2019-12-02 16:48:26.578409,2019-12-02 17:32:13.268432,2019-12-02 17:32:58.268432,2019-12-02 17:45:09.700937,Replace,3,41,41,0 days 00:00:45.000000000,0 days 00:15:41.578409000
16,2019-12-02 17:41:00.000000,2019-12-02 17:41:45.000000,2019-12-02 18:01:18.618067,2019-12-02 18:01:33.234406,,,,Onsite,3,41,41,0 days 00:00:45.000000000,0 days 00:19:48.234406000
17,2019-12-02 18:56:00.000000,2019-12-02 18:56:35.000000,2019-12-02 19:10:31.052709,2019-12-02 19:11:06.052709,2019-12-02 19:50:07.120582,2019-12-02 19:50:42.120582,2019-12-02 20:12:47.242473,Replace,3,41,41,0 days 00:00:35.000000000,0 days 00:14:31.052709000
18,2019-12-02 20:07:00.000000,2019-12-02 20:07:45.000000,2019-12-02 20:26:15.091796,2019-12-02 20:27:00.091796,2019-12-02 20:57:19.649335,2019-12-02 20:58:04.649335,2019-12-02 21:22:34.520692,Replace,3,41,41,0 days 00:00:45.000000000,0 days 00:19:15.091796000
19,2019-12-02 21:22:00.000000,2019-12-02 21:22:30.000000,2019-12-02 21:40:34.327809,2019-12-02 21:41:04.327809,2019-12-02 22:15:28.519774,2019-12-02 22:15:58.519774,2019-12-02 22:36:14.155963,Replace,3,41,41,0 days 00:00:30.000000000,0 days 00:18:34.327809000
0,2019-12-02 01:08:00.000000,2019-12-02 00:00:50.000000,2019-12-02 00:17:36.658327,2019-12-02 00:18:26.658327,2019-12-02 01:00:11.559297,2019-12-02 01:01:01.559297,2019-12-02 01:20:08.271274,Replace,4,41,41,-1 days +22:52:50.000000000,0 days 00:17:36.658327000
1,2019-12-02 01:15:00.000000,2019-12-02 01:15:30.000000,2019-12-02 01:30:30.146739,2019-12-02 01:30:33.721190,,,,Onsite,4,41,41,0 days 00:00:30.000000000,0 days 00:15:03.721190000
2,2019-12-02 02:23:00.000000,2019-12-02 02:23:50.000000,2019-12-02 02:40:34.639418,2019-12-02 02:41:24.639418,2019-12-02 03:13:03.308421,2019-12-02 03:13:53.308421,2019-12-02 03:29:38.444146,Replace,4,41,41,0 days 00:00:50.000000000,0 days 00:17:34.639418000
3,2019-12-02 03:39:00.000000,2019-12-02 03:39:35.000000,2019-12-02 03:59:39.602774,2019-12-02 04:00:14.602774,2019-12-02 04:35:17.250185,2019-12-02 04:35:52.250185,2019-12-02 04:55:22.523178,Replace,4,41,41,0 days 00:00:35.000000000,0 days 00:20:39.602774000
4,2019-12-02 04:41:00.000000,2019-12-02 04:41:35.000000,2019-12-02 04:56:17.517193,2019-12-02 04:56:38.244267,,,,Onsite,4,41,41,0 days 00:00:35.000000000,0 days 00:15:03.244267000
5,2019-12-02 05:54:00.000000,2019-12-02 05:54:25.000000,2019-12-02 06:13:29.842427,2019-12-02 06:13:54.842427,2019-12-02 06:47:46.369530,2019-12-02 06:48:11.369530,2019-12-02 07:05:01.878199,Replace,4,41,41,0 days 00:00:25.000000000,0 days 00:19:29.842427000
6,2019-12-02 07:04:00.000000,2019-12-02 07:04:35.000000,2019-12-02 07:19:55.980493,2019-12-02 07:20:03.143142,,,,Onsite,4,41,41,0 days 00:00:35.000000000,0 days 00:15:28.143142000
7,2019-12-02 08:59:00.000000,2019-12-02 08:59:55.000000,2019-12-02 09:16:37.223535,2019-12-02 09:16:56.448035,,,,Onsite,4,41,41,0 days 00:00:55.000000000,0 days 00:17:01.448035000
8,2019-12-02 08:07:00.000000,2019-12-02 08:07:25.000000,2019-12-02 08:26:17.896108,2019-12-02 08:26:42.896108,2019-12-02 08:59:31.187562,2019-12-02 08:59:56.187562,2019-12-02 09:15:43.140593,Replace,4,41,41,0 days 00:00:25.000000000,0 days 00:19:17.896108000
9,2019-12-02 11:13:00.000000,2019-12-02 11:13:50.000000,2019-12-02 11:31:54.544626,2019-12-02 11:32:08.909751,,,,Onsite,4,41,41,0 days 00:00:50.000000000,0 days 00:18:18.909751000
10,2019-12-02 10:12:00.000000,2019-12-02 10:12:25.000000,2019-12-02 10:29:39.959404,2019-12-02 10:30:04.959404,2019-12-02 11:13:41.660790,2019-12-02 11:14:06.660790,2019-12-02 11:26:41.773884,Replace,4,41,41,0 days 00:00:25.000000000,0 days 00:17:39.959404000
11,2019-12-02 12:05:00.000000,2019-12-02 12:05:35.000000,2019-12-02 12:21:31.204974,2019-12-02 12:22:06.204974,2019-12-02 12:54:57.733090,2019-12-02 12:55:32.733090,2019-12-02 13:10:06.258419,Replace,4,41,41,0 days 00:00:35.000000000,0 days 00:16:31.204974000
12,2019-12-02 13:08:00.000000,2019-12-02 13:08:45.000000,2019-12-02 13:23:25.063891,2019-12-02 13:23:27.898436,,,,Onsite,4,41,41,0 days 00:00:45.000000000,0 days 00:14:42.898436000
13,2019-12-02 14:19:00.000000,2019-12-02 14:19:25.000000,2019-12-02 14:36:20.792037,2019-12-02 14:36:32.618562,,,,Onsite,4,41,41,0 days 00:00:25.000000000,0 days 00:17:07.618562000
14,2019-12-02 15:25:00.000000,2019-12-02 15:25:45.000000,2019-12-02 15:41:48.922019,2019-12-02 15:41:57.267035,,,,Onsite,4,41,41,0 days 00:00:45.000000000,0 days 00:16:12.267035000
15,2019-12-02 16:19:00.000000,2019-12-02 16:19:45.000000,2019-12-02 16:36:10.392697,2019-12-02 16:36:55.392697,2019-12-02 17:13:27.986869,2019-12-02 17:14:12.986869,2019-12-02 17:26:03.110338,Replace,4,41,41,0 days 00:00:45.000000000,0 days 00:17:10.392697000
16,2019-12-02 17:32:00.000000,2019-12-02 17:32:50.000000,2019-12-02 17:52:30.701247,2019-12-02 17:52:51.628038,,,,Onsite,4,41,41,0 days 00:00:50.000000000,0 days 00:20:01.628038000
17,2019-12-02 18:31:00.000000,2019-12-02 18:31:50.000000,2019-12-02 18:51:09.449533,2019-12-02 18:51:59.449533,2019-12-02 19:18:05.307202,2019-12-02 19:18:55.307202,2019-12-02 19:37:53.363105,Replace,4,41,41,0 days 00:00:50.000000000,0 days 00:20:09.449533000
18,2019-12-02 19:25:00.000000,2019-12-02 19:25:35.000000,2019-12-02 19:41:12.560966,2019-12-02 19:41:17.998444,,,,Onsite,4,41,41,0 days 00:00:35.000000000,0 days 00:15:42.998444000
19,2019-12-02 20:25:00.000000,2019-12-02 20:25:45.000000,2019-12-02 20:40:44.866669,2019-12-02 20:40:54.223072,,,,Onsite,4,41,41,0 days 00:00:45.000000000,0 days 00:15:09.223072000
20,2019-12-02 21:22:00.000000,2019-12-02 21:22:50.000000,2019-12-02 21:39:03.913752,2019-12-02 21:39:17.081970,,,,Onsite,4,41,41,0 days 00:00:50.000000000,0 days 00:16:27.081970000
0,2019-12-02 01:07:00.000000,2019-12-02 00:00:50.000000,2019-12-02 00:15:41.552000,2019-12-02 00:15:51.386935,,,,Onsite,5,41,41,-1 days +22:53:50.000000000,0 days 00:15:01.386935000
1,2019-12-02 01:04:00.000000,2019-12-02 01:04:35.000000,2019-12-02 01:17:58.357544,2019-12-02 01:18:33.357544,2019-12-02 02:03:36.644133,2019-12-02 02:04:11.644133,2019-12-02 02:20:36.527954,Replace,5,41,41,0 days 00:00:35.000000000,0 days 00:13:58.357544000
2,2019-12-02 02:01:00.000000,2019-12-02 02:01:35.000000,2019-12-02 02:16:31.136307,2019-12-02 02:16:43.996504,,,,Onsite,5,41,41,0 days 00:00:35.000000000,0 days 00:15:08.996504000
3,2019-12-02 03:27:00.000000,2019-12-02 03:27:45.000000,2019-12-02 03:37:20.323835,2019-12-02 03:38:05.323835,2019-12-02 04:11:48.090544,2019-12-02 04:12:33.090544,2019-12-02 04:29:40.186118,Replace,5,41,41,0 days 00:00:45.000000000,0 days 00:10:20.323835000
4,2019-12-02 04:50:00.000000,2019-12-02 04:50:45.000000,2019-12-02 05:06:52.731196,2019-12-02 05:07:37.731196,2019-12-02 05:40:56.360978,2019-12-02 05:41:41.360978,2019-12-02 05:59:00.267003,Replace,5,41,41,0 days 00:00:45.000000000,0 days 00:16:52.731196000
5,2019-12-02 05:50:00.000000,2019-12-02 05:50:50.000000,2019-12-02 06:05:29.362490,2019-12-02 06:06:19.362490,2019-12-02 06:48:45.758551,2019-12-02 06:49:35.758551,2019-12-02 07:06:12.441196,Replace,5,41,41,0 days 00:00:50.000000000,0 days 00:15:29.362490000
6,2019-12-02 06:52:00.000000,2019-12-02 06:52:45.000000,2019-12-02 07:10:51.686913,2019-12-02 07:11:36.686913,2019-12-02 07:45:00.953677,2019-12-02 07:45:45.953677,2019-12-02 08:01:09.125291,Replace,5,41,41,0 days 00:00:45.000000000,0 days 00:18:51.686913000
7,2019-12-02 07:51:00.000000,2019-12-02 07:51:50.000000,2019-12-02 08:05:34.797169,2019-12-02 08:06:24.797169,2019-12-02 08:45:54.521543,2019-12-02 08:46:44.521543,2019-12-02 09:02:56.311221,Replace,5,41,41,0 days 00:00:50.000000000,0 days 00:14:34.797169000
8,2019-12-02 08:55:00.000000,2019-12-02 08:55:25.000000,2019-12-02 09:10:45.305558,2019-12-02 09:11:10.305558,2019-12-02 09:43:30.986623,2019-12-02 09:43:55.986623,2019-12-02 09:58:12.769860,Replace,5,41,41,0 days 00:00:25.000000000,0 days 00:15:45.305558000
9,2019-12-02 10:15:00.000000,2019-12-02 10:15:35.000000,2019-12-02 10:29:15.287706,2019-12-02 10:29:24.495231,,,,Onsite,5,41,41,0 days 00:00:35.000000000,0 days 00:13:49.495231000
10,2019-12-02 11:30:00.000000,2019-12-02 11:30:55.000000,2019-12-02 11:48:22.120438,2019-12-02 11:49:17.120438,2019-12-02 12:20:47.557178,2019-12-02 12:21:42.557178,2019-12-02 12:39:16.606028,Replace,5,41,41,0 days 00:00:55.000000000,0 days 00:18:22.120438000
11,2019-12-02 12:32:00.000000,2019-12-02 12:32:55.000000,2019-12-02 12:46:26.181551,2019-12-02 12:47:21.181551,2019-12-02 13:13:36.206435,2019-12-02 13:14:31.206435,2019-12-02 13:36:23.574787,Replace,5,41,41,0 days 00:00:55.000000000,0 days 00:14:26.181551000
12,2019-12-02 13:25:00.000000,2019-12-02 13:25:25.000000,2019-12-02 13:37:53.848622,2019-12-02 13:38:05.257929,,,,Onsite,5,41,41,0 days 00:00:25.000000000,0 days 00:12:40.257929000
13,2019-12-02 14:32:00.000000,2019-12-02 14:32:35.000000,2019-12-02 14:46:46.044511,2019-12-02 14:47:21.044511,2019-12-02 15:32:39.416203,2019-12-02 15:33:14.416203,2019-12-02 15:51:31.219638,Replace,5,41,41,0 days 00:00:35.000000000,0 days 00:14:46.044511000
14,2019-12-02 15:37:00.000000,2019-12-02 15:37:35.000000,2019-12-02 15:58:24.697071,2019-12-02 15:58:59.697071,2019-12-02 16:31:57.698408,2019-12-02 16:32:32.698408,2019-12-02 16:44:11.606442,Replace,5,41,41,0 days 00:00:35.000000000,0 days 00:21:24.697071000
15,2019-12-02 16:38:00.000000,2019-12-02 16:38:50.000000,2019-12-02 16:57:10.952234,2019-12-02 16:58:00.952234,2019-12-02 17:49:11.775981,2019-12-02 17:50:01.775981,2019-12-02 18:06:16.124270,Replace,5,41,41,0 days 00:00:50.000000000,0 days 00:19:10.952234000
16,2019-12-02 17:47:00.000000,2019-12-02 17:47:35.000000,2019-12-02 18:00:31.044416,2019-12-02 18:00:34.573176,,,,Onsite,5,41,41,0 days 00:00:35.000000000,0 days 00:12:59.573176000
17,2019-12-02 19:06:00.000000,2019-12-02 19:06:45.000000,2019-12-02 19:23:14.391566,2019-12-02 19:23:37.595323,,,,Onsite,5,41,41,0 days 00:00:45.000000000,0 days 00:16:52.595323000
18,2019-12-02 20:04:00.000000,2019-12-02 20:04:25.000000,2019-12-02 20:21:09.333928,2019-12-02 20:21:34.333928,2019-12-02 20:49:18.849456,2019-12-02 20:49:43.849456,2019-12-02 21:09:14.149308,Replace,5,41,41,0 days 00:00:25.000000000,0 days 00:17:09.333928000
19,2019-12-02 21:21:00.000000,2019-12-02 21:21:55.000000,2019-12-02 21:46:07.532647,2019-12-02 21:47:02.532647,2019-12-02 22:33:14.553272,2019-12-02 22:34:09.553272,2019-12-02 22:48:14.056025,Replace,5,41,41,0 days 00:00:55.000000000,0 days 00:25:07.532647000
0,2019-12-02 00:58:00.000000,2019-12-02 00:00:30.000000,2019-12-02 00:15:03.994716,2019-12-02 00:15:18.408579,,,,Onsite,6,41,41,-1 days +23:02:30.000000000,0 days 00:14:48.408579000
1,2019-12-02 01:03:00.000000,2019-12-02 01:03:25.000000,2019-12-02 01:24:05.130674,2019-12-02 01:24:20.287273,,,,Onsite,6,41,41,0 days 00:00:25.000000000,0 days 00:20:55.287273000
2,2019-12-02 02:13:00.000000,2019-12-02 02:13:35.000000,2019-12-02 02:28:11.768255,2019-12-02 02:28:28.976572,,,,Onsite,6,41,41,0 days 00:00:35.000000000,0 days 00:14:53.976572000
3,2019-12-02 03:10:00.000000,2019-12-02 03:10:30.000000,2019-12-02 03:29:02.328276,2019-12-02 03:29:32.328276,2019-12-02 04:01:56.778749,2019-12-02 04:02:26.778749,2019-12-02 04:26:59.735528,Replace,6,41,41,0 days 00:00:30.000000000,0 days 00:19:02.328276000
4,2019-12-02 04:17:00.000000,2019-12-02 04:17:35.000000,2019-12-02 04:36:22.853163,2019-12-02 04:36:57.853163,2019-12-02 05:08:45.955526,2019-12-02 05:09:20.955526,2019-12-02 05:24:10.358473,Replace,6,41,41,0 days 00:00:35.000000000,0 days 00:19:22.853163000
5,2019-12-02 05:28:00.000000,2019-12-02 05:28:25.000000,2019-12-02 05:49:51.322342,2019-12-02 05:49:57.460288,,,,Onsite,6,41,41,0 days 00:00:25.000000000,0 days 00:21:32.460288000
6,2019-12-02 06:35:00.000000,2019-12-02 06:35:35.000000,2019-12-02 06:51:36.252871,2019-12-02 06:52:11.252871,2019-12-02 07:31:41.498015,2019-12-02 07:32:16.498015,2019-12-02 07:49:30.690110,Replace,6,41,41,0 days 00:00:35.000000000,0 days 00:16:36.252871000
7,2019-12-02 07:46:00.000000,2019-12-02 07:46:25.000000,2019-12-02 08:02:22.852429,2019-12-02 08:02:33.237308,,,,Onsite,6,41,41,0 days 00:00:25.000000000,0 days 00:16:08.237308000
8,2019-12-02 08:50:00.000000,2019-12-02 08:50:35.000000,2019-12-02 09:08:00.474781,2019-12-02 09:08:07.318125,,,,Onsite,6,41,41,0 days 00:00:35.000000000,0 days 00:17:32.318125000
9,2019-12-02 09:59:00.000000,2019-12-02 09:59:35.000000,2019-12-02 10:14:18.629663,2019-12-02 10:14:31.722352,,,,Onsite,6,41,41,0 days 00:00:35.000000000,0 days 00:14:56.722352000
10,2019-12-02 11:18:00.000000,2019-12-02 11:18:25.000000,2019-12-02 11:37:20.642585,2019-12-02 11:37:35.345256,,,,Onsite,6,41,41,0 days 00:00:25.000000000,0 days 00:19:10.345256000
11,2019-12-02 12:23:00.000000,2019-12-02 12:23:55.000000,2019-12-02 12:41:34.855017,2019-12-02 12:42:29.855017,2019-12-02 13:09:42.070413,2019-12-02 13:10:37.070413,2019-12-02 13:33:18.152272,Replace,6,41,41,0 days 00:00:55.000000000,0 days 00:18:34.855017000
12,2019-12-02 13:36:00.000000,2019-12-02 13:36:30.000000,2019-12-02 13:49:40.359016,2019-12-02 13:50:10.359016,2019-12-02 14:30:50.555877,2019-12-02 14:31:20.555877,2019-12-02 14:46:02.897920,Replace,6,41,41,0 days 00:00:30.000000000,0 days 00:13:40.359016000
13,2019-12-02 14:48:00.000000,2019-12-02 14:48:55.000000,2019-12-02 15:10:09.103919,2019-12-02 15:11:04.103919,2019-12-02 15:49:25.049818,2019-12-02 15:50:20.049818,2019-12-02 16:08:18.671197,Replace,6,41,41,0 days 00:00:55.000000000,0 days 00:22:09.103919000
14,2019-12-02 15:55:00.000000,2019-12-02 15:55:45.000000,2019-12-02 16:13:26.632329,2019-12-02 16:14:11.632329,2019-12-02 17:07:38.364828,2019-12-02 17:08:23.364828,2019-12-02 17:22:31.378034,Replace,6,41,41,0 days 00:00:45.000000000,0 days 00:18:26.632329000
15,2019-12-02 16:59:00.000000,2019-12-02 16:59:45.000000,2019-12-02 17:15:38.916222,2019-12-02 17:16:23.916222,2019-12-02 17:53:41.205487,2019-12-02 17:54:26.205487,2019-12-02 18:10:08.535412,Replace,6,41,41,0 days 00:00:45.000000000,0 days 00:16:38.916222000
16,2019-12-02 17:58:00.000000,2019-12-02 17:58:45.000000,2019-12-02 18:18:20.460726,2019-12-02 18:19:05.460726,2019-12-02 19:08:18.160315,2019-12-02 19:09:03.160315,2019-12-02 19:25:46.051951,Replace,6,41,41,0 days 00:00:45.000000000,0 days 00:20:20.460726000
17,2019-12-02 19:06:00.000000,2019-12-02 19:06:35.000000,2019-12-02 19:20:32.255445,2019-12-02 19:20:45.654554,,,,Onsite,6,41,41,0 days 00:00:35.000000000,0 days 00:14:10.654554000
18,2019-12-02 20:23:00.000000,2019-12-02 20:23:45.000000,2019-12-02 20:43:04.975825,2019-12-02 20:43:13.637450,,,,Onsite,6,41,41,0 days 00:00:45.000000000,0 days 00:19:28.637450000
0,2019-12-02 00:59:00.000000,2019-12-02 00:00:45.000000,2019-12-02 00:16:43.688223,2019-12-02 00:17:28.688223,2019-12-02 00:48:30.374755,2019-12-02 00:49:15.374755,2019-12-02 01:03:26.928168,Replace,7,41,41,-1 days +23:01:45.000000000,0 days 00:16:43.688223000
1,2019-12-02 01:11:00.000000,2019-12-02 01:11:30.000000,2019-12-02 01:27:42.869674,2019-12-02 01:27:48.684809,,,,Onsite,7,41,41,0 days 00:00:30.000000000,0 days 00:16:18.684809000
2,2019-12-02 02:18:00.000000,2019-12-02 02:18:35.000000,2019-12-02 02:28:29.949133,2019-12-02 02:28:38.602972,,,,Onsite,7,41,41,0 days 00:00:35.000000000,0 days 00:10:03.602972000
3,2019-12-02 03:25:00.000000,2019-12-02 03:25:25.000000,2019-12-02 03:44:00.121636,2019-12-02 03:44:25.121636,2019-12-02 04:16:18.394355,2019-12-02 04:16:43.394355,2019-12-02 04:37:33.200470,Replace,7,41,41,0 days 00:00:25.000000000,0 days 00:19:00.121636000
4,2019-12-02 04:35:00.000000,2019-12-02 04:35:55.000000,2019-12-02 04:52:05.187566,2019-12-02 04:53:00.187566,2019-12-02 05:22:13.934662,2019-12-02 05:23:08.934662,2019-12-02 05:39:19.674401,Replace,7,41,41,0 days 00:00:55.000000000,0 days 00:17:05.187566000
5,2019-12-02 05:39:00.000000,2019-12-02 05:39:55.000000,2019-12-02 06:00:04.896493,2019-12-02 06:00:59.896493,2019-12-02 06:25:35.793872,2019-12-02 06:26:30.793872,2019-12-02 06:45:23.911614,Replace,7,41,41,0 days 00:00:55.000000000,0 days 00:21:04.896493000
6,2019-12-02 06:41:00.000000,2019-12-02 06:41:35.000000,2019-12-02 06:53:57.560967,2019-12-02 06:54:15.626519,,,,Onsite,7,41,41,0 days 00:00:35.000000000,0 days 00:12:40.626519000
7,2019-12-02 07:49:00.000000,2019-12-02 07:49:45.000000,2019-12-02 08:04:21.073964,2019-12-02 08:04:46.598274,,,,Onsite,7,41,41,0 days 00:00:45.000000000,0 days 00:15:01.598274000
8,2019-12-02 09:07:00.000000,2019-12-02 09:07:45.000000,2019-12-02 09:22:50.067536,2019-12-02 09:23:04.840220,,,,Onsite,7,41,41,0 days 00:00:45.000000000,0 days 00:15:19.840220000
9,2019-12-02 10:23:00.000000,2019-12-02 10:23:30.000000,2019-12-02 10:36:07.095816,2019-12-02 10:36:37.095816,2019-12-02 11:01:59.540382,2019-12-02 11:02:29.540382,2019-12-02 11:19:15.343505,Replace,7,41,41,0 days 00:00:30.000000000,0 days 00:13:07.095816000
10,2019-12-02 11:26:00.000000,2019-12-02 11:26:50.000000,2019-12-02 11:47:34.853341,2019-12-02 11:48:24.853341,2019-12-02 12:42:04.948976,2019-12-02 12:42:54.948976,2019-12-02 12:57:16.987961,Replace,7,41,41,0 days 00:00:50.000000000,0 days 00:21:34.853341000
11,2019-12-02 12:31:00.000000,2019-12-02 12:31:50.000000,2019-12-02 12:42:32.712299,2019-12-02 12:43:22.712299,2019-12-02 13:10:40.652562,2019-12-02 13:11:30.652562,2019-12-02 13:29:50.397775,Replace,7,41,41,0 days 00:00:50.000000000,0 days 00:11:32.712299000
12,2019-12-02 15:01:00.000000,2019-12-02 15:01:45.000000,2019-12-02 15:12:01.813960,2019-12-02 15:12:17.978027,,,,Onsite,7,41,41,0 days 00:00:45.000000000,0 days 00:10:32.978027000
13,2019-12-02 13:57:00.000000,2019-12-02 13:57:35.000000,2019-12-02 14:10:58.950836,2019-12-02 14:11:33.950836,2019-12-02 15:01:07.274250,2019-12-02 15:01:42.274250,2019-12-02 15:13:50.776917,Replace,7,41,41,0 days 00:00:35.000000000,0 days 00:13:58.950836000
14,2019-12-02 16:22:00.000000,2019-12-02 16:22:55.000000,2019-12-02 16:35:34.885671,2019-12-02 16:36:29.885671,2019-12-02 17:13:51.358350,2019-12-02 17:14:46.358350,2019-12-02 17:34:29.212187,Replace,7,41,41,0 days 00:00:55.000000000,0 days 00:13:34.885671000
15,2019-12-02 17:32:00.000000,2019-12-02 17:32:30.000000,2019-12-02 17:50:00.876733,2019-12-02 17:50:26.041082,,,,Onsite,7,41,41,0 days 00:00:30.000000000,0 days 00:17:56.041082000
16,2019-12-02 18:40:00.000000,2019-12-02 18:40:30.000000,2019-12-02 18:52:16.949683,2019-12-02 18:52:45.689545,,,,Onsite,7,41,41,0 days 00:00:30.000000000,0 days 00:12:15.689545000
17,2019-12-02 19:39:00.000000,2019-12-02 19:39:35.000000,2019-12-02 19:55:36.460402,2019-12-02 19:56:10.221603,,,,Onsite,7,41,41,0 days 00:00:35.000000000,0 days 00:16:35.221603000
18,2019-12-02 20:42:00.000000,2019-12-02 20:42:45.000000,2019-12-02 21:02:36.100353,2019-12-02 21:03:21.100353,2019-12-02 21:51:45.570709,2019-12-02 21:52:30.570709,2019-12-02 22:09:39.435582,Replace,7,41,41,0 days 00:00:45.000000000,0 days 00:20:36.100353000
19,2019-12-02 21:46:00.000000,2019-12-02 21:46:55.000000,2019-12-02 22:06:07.723952,2019-12-02 22:07:02.723952,2019-12-02 22:38:09.952113,2019-12-02 22:39:04.952113,2019-12-02 22:53:13.951970,Replace,7,41,41,0 days 00:00:55.000000000,0 days 00:20:07.723952000
0,2019-12-02 00:56:00.000000,2019-12-02 00:00:45.000000,2019-12-02 00:13:08.922811,2019-12-02 00:13:47.008663,,,,Onsite,8,41,41,-1 days +23:04:45.000000000,0 days 00:13:02.008663000
1,2019-12-02 00:58:00.000000,2019-12-02 00:58:45.000000,2019-12-02 01:13:41.582186,2019-12-02 01:14:26.582186,2019-12-02 01:40:07.794745,2019-12-02 01:40:52.794745,2019-12-02 01:56:22.446455,Replace,8,41,41,0 days 00:00:45.000000000,0 days 00:15:41.582186000
2,2019-12-02 02:16:00.000000,2019-12-02 02:16:45.000000,2019-12-02 02:32:15.042188,2019-12-02 02:33:00.042188,2019-12-02 03:01:24.189269,2019-12-02 03:02:09.189269,2019-12-02 03:14:56.601328,Replace,8,41,41,0 days 00:00:45.000000000,0 days 00:16:15.042188000
3,2019-12-02 03:32:00.000000,2019-12-02 03:32:45.000000,2019-12-02 03:45:51.167270,2019-12-02 03:45:56.358000,,,,Onsite,8,41,41,0 days 00:00:45.000000000,0 days 00:13:11.358000000
4,2019-12-02 04:38:00.000000,2019-12-02 04:38:45.000000,2019-12-02 04:57:18.730923,2019-12-02 04:58:03.730923,2019-12-02 05:42:23.838325,2019-12-02 05:43:08.838325,2019-12-02 06:00:47.968189,Replace,8,41,41,0 days 00:00:45.000000000,0 days 00:19:18.730923000
5,2019-12-02 05:52:00.000000,2019-12-02 05:52:35.000000,2019-12-02 06:07:42.900565,2019-12-02 06:08:17.900565,2019-12-02 06:57:11.609362,2019-12-02 06:57:46.609362,2019-12-02 07:15:47.916284,Replace,8,41,41,0 days 00:00:35.000000000,0 days 00:15:42.900565000
6,2019-12-02 06:51:00.000000,2019-12-02 06:51:25.000000,2019-12-02 07:09:38.272809,2019-12-02 07:09:51.774262,,,,Onsite,8,41,41,0 days 00:00:25.000000000,0 days 00:18:26.774262000
7,2019-12-02 07:50:00.000000,2019-12-02 07:50:35.000000,2019-12-02 08:06:50.224518,2019-12-02 08:07:25.224518,2019-12-02 08:45:16.704790,2019-12-02 08:45:51.704790,2019-12-02 09:02:46.119806,Replace,8,41,41,0 days 00:00:35.000000000,0 days 00:16:50.224518000
8,2019-12-02 08:47:00.000000,2019-12-02 08:47:35.000000,2019-12-02 09:03:21.732054,2019-12-02 09:03:56.732054,2019-12-02 09:55:10.956579,2019-12-02 09:55:45.956579,2019-12-02 10:17:46.909570,Replace,8,41,41,0 days 00:00:35.000000000,0 days 00:16:21.732054000
9,2019-12-02 10:07:00.000000,2019-12-02 10:07:55.000000,2019-12-02 10:25:19.498868,2019-12-02 10:26:14.498868,2019-12-02 11:05:52.361263,2019-12-02 11:06:47.361263,2019-12-02 11:20:50.594629,Replace,8,41,41,0 days 00:00:55.000000000,0 days 00:18:19.498868000
10,2019-12-02 11:27:00.000000,2019-12-02 11:27:35.000000,2019-12-02 11:46:01.565791,2019-12-02 11:46:36.565791,2019-12-02 12:35:18.724318,2019-12-02 12:35:53.724318,2019-12-02 12:50:35.615568,Replace,8,41,41,0 days 00:00:35.000000000,0 days 00:19:01.565791000
11,2019-12-02 12:36:00.000000,2019-12-02 12:36:35.000000,2019-12-02 12:56:39.506796,2019-12-02 12:57:14.506796,2019-12-02 13:21:50.235199,2019-12-02 13:22:25.235199,2019-12-02 13:41:43.386574,Replace,8,41,41,0 days 00:00:35.000000000,0 days 00:20:39.506796000
12,2019-12-02 13:54:00.000000,2019-12-02 13:54:35.000000,2019-12-02 14:08:02.360191,2019-12-02 14:08:37.360191,2019-12-02 14:43:29.207807,2019-12-02 14:44:04.207807,2019-12-02 15:05:16.732242,Replace,8,41,41,0 days 00:00:35.000000000,0 days 00:14:02.360191000
13,2019-12-02 15:11:00.000000,2019-12-02 15:11:55.000000,2019-12-02 15:28:40.182107,2019-12-02 15:29:35.182107,2019-12-02 16:08:38.863266,2019-12-02 16:09:33.863266,2019-12-02 16:23:16.903660,Replace,8,41,41,0 days 00:00:55.000000000,0 days 00:17:40.182107000
14,2019-12-02 16:24:00.000000,2019-12-02 16:24:35.000000,2019-12-02 16:43:59.597113,2019-12-02 16:44:25.286893,,,,Onsite,8,41,41,0 days 00:00:35.000000000,0 days 00:19:50.286893000
15,2019-12-02 17:46:00.000000,2019-12-02 17:46:25.000000,2019-12-02 18:01:09.311814,2019-12-02 18:01:34.311814,2019-12-02 18:43:56.714871,2019-12-02 18:44:21.714871,2019-12-02 18:59:56.626950,Replace,8,41,41,0 days 00:00:25.000000000,0 days 00:15:09.311814000
16,2019-12-02 20:03:00.000000,2019-12-02 20:03:55.000000,2019-12-02 20:25:42.053263,2019-12-02 20:26:06.934691,,,,Onsite,8,41,41,0 days 00:00:55.000000000,0 days 00:22:11.934691000
17,2019-12-02 18:58:00.000000,2019-12-02 18:58:35.000000,2019-12-02 19:17:26.301871,2019-12-02 19:18:01.301871,2019-12-02 20:03:34.516099,2019-12-02 20:04:09.516099,2019-12-02 20:23:29.300261,Replace,8,41,41,0 days 00:00:35.000000000,0 days 00:19:26.301871000
18,2019-12-02 21:15:00.000000,2019-12-02 21:15:55.000000,2019-12-02 21:31:25.280357,2019-12-02 21:31:38.186147,,,,Onsite,8,41,41,0 days 00:00:55.000000000,0 days 00:15:43.186147000
0,2019-12-02 01:07:00.000000,2019-12-02 00:00:45.000000,2019-12-02 00:17:34.608695,2019-12-02 00:18:19.608695,2019-12-02 00:49:44.213086,2019-12-02 00:50:29.213086,2019-12-02 01:08:14.782911,Replace,9,41,41,-1 days +22:53:45.000000000,0 days 00:17:34.608695000
1,2019-12-02 00:56:00.000000,2019-12-02 00:56:45.000000,2019-12-02 01:14:50.134576,2019-12-02 01:15:35.134576,2019-12-02 01:50:34.890934,2019-12-02 01:51:19.890934,2019-12-02 02:07:18.652530,Replace,9,41,41,0 days 00:00:45.000000000,0 days 00:18:50.134576000
2,2019-12-02 03:14:00.000000,2019-12-02 03:14:55.000000,2019-12-02 03:34:17.462847,2019-12-02 03:35:12.462847,2019-12-02 03:59:35.714580,2019-12-02 04:00:30.714580,2019-12-02 04:14:53.367686,Replace,9,41,41,0 days 00:00:55.000000000,0 days 00:20:17.462847000
3,2019-12-02 02:12:00.000000,2019-12-02 02:12:50.000000,2019-12-02 02:28:18.735200,2019-12-02 02:29:08.735200,2019-12-02 02:57:18.551029,2019-12-02 02:58:08.551029,2019-12-02 03:14:13.607013,Replace,9,41,41,0 days 00:00:50.000000000,0 days 00:16:18.735200000
4,2019-12-02 04:20:00.000000,2019-12-02 04:20:45.000000,2019-12-02 04:36:55.407203,2019-12-02 04:37:09.379368,,,,Onsite,9,41,41,0 days 00:00:45.000000000,0 days 00:16:24.379368000
5,2019-12-02 05:33:00.000000,2019-12-02 05:33:45.000000,2019-12-02 05:48:51.981305,2019-12-02 05:49:03.538466,,,,Onsite,9,41,41,0 days 00:00:45.000000000,0 days 00:15:18.538466000
6,2019-12-02 06:45:00.000000,2019-12-02 06:45:45.000000,2019-12-02 06:59:16.121931,2019-12-02 07:00:01.121931,2019-12-02 07:38:23.817336,2019-12-02 07:39:08.817336,2019-12-02 07:55:25.120318,Replace,9,41,41,0 days 00:00:45.000000000,0 days 00:14:16.121931000
7,2019-12-02 07:53:00.000000,2019-12-02 07:53:25.000000,2019-12-02 08:11:14.382188,2019-12-02 08:11:39.382188,2019-12-02 08:41:47.090623,2019-12-02 08:42:12.090623,2019-12-02 08:59:28.622616,Replace,9,41,41,0 days 00:00:25.000000000,0 days 00:18:14.382188000
8,2019-12-02 09:10:00.000000,2019-12-02 09:10:55.000000,2019-12-02 09:25:55.693571,2019-12-02 09:26:02.342258,,,,Onsite,9,41,41,0 days 00:00:55.000000000,0 days 00:15:07.342258000
9,2019-12-02 10:35:00.000000,2019-12-02 10:35:35.000000,2019-12-02 10:54:32.372696,2019-12-02 10:55:07.372696,2019-12-02 11:44:04.844841,2019-12-02 11:44:39.844841,2019-12-02 11:57:34.551427,Replace,9,41,41,0 days 00:00:35.000000000,0 days 00:19:32.372696000
10,2019-12-02 11:56:00.000000,2019-12-02 11:56:45.000000,2019-12-02 12:08:38.502056,2019-12-02 12:09:23.502056,2019-12-02 12:33:21.183521,2019-12-02 12:34:06.183521,2019-12-02 12:47:59.569406,Replace,9,41,41,0 days 00:00:45.000000000,0 days 00:12:38.502056000
11,2019-12-02 12:59:00.000000,2019-12-02 12:59:25.000000,2019-12-02 13:15:40.368654,2019-12-02 13:16:03.529195,,,,Onsite,9,41,41,0 days 00:00:25.000000000,0 days 00:16:38.529195000
12,2019-12-02 14:09:00.000000,2019-12-02 14:09:30.000000,2019-12-02 14:28:20.561516,2019-12-02 14:28:50.561516,2019-12-02 15:21:40.387434,2019-12-02 15:22:10.387434,2019-12-02 15:37:02.154999,Replace,9,41,41,0 days 00:00:30.000000000,0 days 00:19:20.561516000
13,2019-12-02 14:59:00.000000,2019-12-02 14:59:35.000000,2019-12-02 15:15:51.957236,2019-12-02 15:16:26.957236,2019-12-02 15:48:04.411242,2019-12-02 15:48:39.411242,2019-12-02 16:01:08.416370,Replace,9,41,41,0 days 00:00:35.000000000,0 days 00:16:51.957236000
14,2019-12-02 16:14:00.000000,2019-12-02 16:14:45.000000,2019-12-02 16:29:44.001844,2019-12-02 16:30:03.123404,,,,Onsite,9,41,41,0 days 00:00:45.000000000,0 days 00:15:18.123404000
15,2019-12-02 17:30:00.000000,2019-12-02 17:30:30.000000,2019-12-02 17:51:50.477670,2019-12-02 17:52:20.477670,2019-12-02 18:31:54.892395,2019-12-02 18:32:24.892395,2019-12-02 18:48:30.787393,Replace,9,41,41,0 days 00:00:30.000000000,0 days 00:21:50.477670000
16,2019-12-02 18:41:00.000000,2019-12-02 18:41:50.000000,2019-12-02 19:04:05.361326,2019-12-02 19:04:55.361326,2019-12-02 19:37:06.000849,2019-12-02 19:37:56.000849,2019-12-02 19:51:12.450175,Replace,9,41,41,0 days 00:00:50.000000000,0 days 00:23:05.361326000
17,2019-12-02 20:00:00.000000,2019-12-02 20:00:35.000000,2019-12-02 20:17:46.446322,2019-12-02 20:18:21.772100,,,,Onsite,9,41,41,0 days 00:00:35.000000000,0 days 00:17:46.772100000
18,2019-12-02 21:06:00.000000,2019-12-02 21:06:35.000000,2019-12-02 21:25:16.920156,2019-12-02 21:25:51.920156,2019-12-02 21:52:03.269996,2019-12-02 21:52:38.269996,2019-12-02 22:12:56.189374,Replace,9,41,41,0 days 00:00:35.000000000,0 days 00:19:16.920156000
0,2019-12-02 01:05:00.000000,2019-12-02 00:00:35.000000,2019-12-02 00:20:03.570350,2019-12-02 00:20:38.570350,2019-12-02 00:51:28.193901,2019-12-02 00:52:03.193901,2019-12-02 01:07:47.955877,Replace,1,41,42,-1 days +22:55:35.000000000,0 days 00:20:03.570350000
1,2019-12-02 01:08:00.000000,2019-12-02 01:08:45.000000,2019-12-02 01:20:51.381837,2019-12-02 01:21:36.381837,2019-12-02 02:09:44.551863,2019-12-02 02:10:29.551863,2019-12-02 02:31:48.282809,Replace,1,41,42,0 days 00:00:45.000000000,0 days 00:12:51.381837000
2,2019-12-02 02:18:00.000000,2019-12-02 02:18:45.000000,2019-12-02 02:33:20.253804,2019-12-02 02:34:05.253804,2019-12-02 02:58:37.917345,2019-12-02 02:59:22.917345,2019-12-02 03:15:47.699538,Replace,1,41,42,0 days 00:00:45.000000000,0 days 00:15:20.253804000
3,2019-12-02 03:23:00.000000,2019-12-02 03:23:55.000000,2019-12-02 03:36:21.795105,2019-12-02 03:36:28.485586,,,,Onsite,1,41,42,0 days 00:00:55.000000000,0 days 00:12:33.485586000
4,2019-12-02 04:27:00.000000,2019-12-02 04:27:55.000000,2019-12-02 04:38:55.618585,2019-12-02 04:39:50.618585,2019-12-02 05:14:03.896174,2019-12-02 05:14:58.896174,2019-12-02 05:36:16.519132,Replace,1,41,42,0 days 00:00:55.000000000,0 days 00:11:55.618585000
5,2019-12-02 05:47:00.000000,2019-12-02 05:47:30.000000,2019-12-02 06:08:55.058772,2019-12-02 06:09:02.287889,,,,Onsite,1,41,42,0 days 00:00:30.000000000,0 days 00:21:32.287889000
6,2019-12-02 07:02:00.000000,2019-12-02 07:02:45.000000,2019-12-02 07:16:43.428172,2019-12-02 07:17:28.428172,2019-12-02 07:47:41.827146,2019-12-02 07:48:26.827146,2019-12-02 08:02:52.186032,Replace,1,41,42,0 days 00:00:45.000000000,0 days 00:14:43.428172000
7,2019-12-02 08:04:00.000000,2019-12-02 08:04:50.000000,2019-12-02 08:19:39.660969,2019-12-02 08:20:29.660969,2019-12-02 08:46:49.860246,2019-12-02 08:47:39.860246,2019-12-02 09:02:10.858528,Replace,1,41,42,0 days 00:00:50.000000000,0 days 00:15:39.660969000
8,2019-12-02 09:27:00.000000,2019-12-02 09:27:55.000000,2019-12-02 09:47:52.604106,2019-12-02 09:48:47.604106,2019-12-02 10:30:34.058504,2019-12-02 10:31:29.058504,2019-12-02 10:48:19.376721,Replace,1,41,42,0 days 00:00:55.000000000,0 days 00:20:52.604106000
9,2019-12-02 10:27:00.000000,2019-12-02 10:27:55.000000,2019-12-02 10:46:13.209281,2019-12-02 10:46:37.192444,,,,Onsite,1,41,42,0 days 00:00:55.000000000,0 days 00:18:42.192444000
10,2019-12-02 11:38:00.000000,2019-12-02 11:38:35.000000,2019-12-02 11:54:40.333233,2019-12-02 11:55:15.333233,2019-12-02 12:26:18.970939,2019-12-02 12:26:53.970939,2019-12-02 12:48:30.580997,Replace,1,41,42,0 days 00:00:35.000000000,0 days 00:16:40.333233000
11,2019-12-02 12:29:00.000000,2019-12-02 12:29:25.000000,2019-12-02 12:48:20.317829,2019-12-02 12:48:34.865771,,,,Onsite,1,41,42,0 days 00:00:25.000000000,0 days 00:19:09.865771000
12,2019-12-02 13:29:00.000000,2019-12-02 13:29:45.000000,2019-12-02 13:44:24.724291,2019-12-02 13:45:09.724291,2019-12-02 14:07:27.809493,2019-12-02 14:08:12.809493,2019-12-02 14:21:08.315164,Replace,1,41,42,0 days 00:00:45.000000000,0 days 00:15:24.724291000
13,2019-12-02 14:30:00.000000,2019-12-02 14:30:30.000000,2019-12-02 14:46:34.708609,2019-12-02 14:47:18.887886,,,,Onsite,1,41,42,0 days 00:00:30.000000000,0 days 00:16:48.887886000
14,2019-12-02 15:36:00.000000,2019-12-02 15:36:45.000000,2019-12-02 15:52:11.009629,2019-12-02 15:52:56.009629,2019-12-02 16:42:52.095127,2019-12-02 16:43:37.095127,2019-12-02 16:54:49.989779,Replace,1,41,42,0 days 00:00:45.000000000,0 days 00:16:11.009629000
15,2019-12-02 16:52:00.000000,2019-12-02 16:52:25.000000,2019-12-02 17:14:01.817531,2019-12-02 17:14:26.817531,2019-12-02 18:04:50.958036,2019-12-02 18:05:15.958036,2019-12-02 18:21:10.033756,Replace,1,41,42,0 days 00:00:25.000000000,0 days 00:22:01.817531000
16,2019-12-02 19:07:00.000000,2019-12-02 19:07:25.000000,2019-12-02 19:23:20.078573,2019-12-02 19:23:45.078573,2019-12-02 20:00:31.199982,2019-12-02 20:00:56.199982,2019-12-02 20:21:46.022700,Replace,1,41,42,0 days 00:00:25.000000000,0 days 00:16:20.078573000
17,2019-12-02 17:58:00.000000,2019-12-02 17:58:25.000000,2019-12-02 18:15:11.011341,2019-12-02 18:15:36.011341,2019-12-02 19:07:16.377154,2019-12-02 19:07:41.377154,2019-12-02 19:23:05.522906,Replace,1,41,42,0 days 00:00:25.000000000,0 days 00:17:11.011341000
18,2019-12-02 20:23:00.000000,2019-12-02 20:23:35.000000,2019-12-02 20:36:55.098910,2019-12-02 20:37:30.098910,2019-12-02 21:05:36.437146,2019-12-02 21:06:11.437146,2019-12-02 21:18:34.396315,Replace,1,41,42,0 days 00:00:35.000000000,0 days 00:13:55.098910000
19,2019-12-02 21:35:00.000000,2019-12-02 21:35:45.000000,2019-12-02 21:55:38.296485,2019-12-02 21:56:23.296485,2019-12-02 22:32:10.507207,2019-12-02 22:32:55.507207,2019-12-02 22:51:07.494239,Replace,1,41,42,0 days 00:00:45.000000000,0 days 00:20:38.296485000
20,2019-12-02 22:28:00.000000,2019-12-02 22:28:45.000000,2019-12-02 22:41:12.289867,2019-12-02 22:41:30.523947,,,,Onsite,1,41,42,0 days 00:00:45.000000000,0 days 00:12:45.523947000
0,2019-12-02 01:03:00.000000,2019-12-02 00:00:45.000000,2019-12-02 00:19:17.485196,2019-12-02 00:20:02.485196,2019-12-02 00:56:25.555015,2019-12-02 00:57:10.555015,2019-12-02 01:10:42.693997,Replace,2,41,42,-1 days +22:57:45.000000000,0 days 00:19:17.485196000
1,2019-12-02 01:20:00.000000,2019-12-02 01:20:35.000000,2019-12-02 01:39:08.836180,2019-12-02 01:39:43.836180,2019-12-02 02:02:19.016092,2019-12-02 02:02:54.016092,2019-12-02 02:20:15.547269,Replace,2,41,42,0 days 00:00:35.000000000,0 days 00:19:08.836180000
2,2019-12-02 02:25:00.000000,2019-12-02 02:25:45.000000,2019-12-02 02:38:50.261090,2019-12-02 02:39:06.147342,,,,Onsite,2,41,42,0 days 00:00:45.000000000,0 days 00:13:21.147342000
3,2019-12-02 03:34:00.000000,2019-12-02 03:34:50.000000,2019-12-02 03:54:35.837479,2019-12-02 03:55:25.837479,2019-12-02 04:21:32.959081,2019-12-02 04:22:22.959081,2019-12-02 04:38:31.956902,Replace,2,41,42,0 days 00:00:50.000000000,0 days 00:20:35.837479000
4,2019-12-02 04:58:00.000000,2019-12-02 04:58:30.000000,2019-12-02 05:17:18.309704,2019-12-02 05:17:48.309704,2019-12-02 06:12:25.031498,2019-12-02 06:12:55.031498,2019-12-02 06:33:48.551018,Replace,2,41,42,0 days 00:00:30.000000000,0 days 00:19:18.309704000
5,2019-12-02 07:19:00.000000,2019-12-02 07:19:45.000000,2019-12-02 07:35:14.514956,2019-12-02 07:35:59.514956,2019-12-02 08:04:01.032228,2019-12-02 08:04:46.032228,2019-12-02 08:26:27.217462,Replace,2,41,42,0 days 00:00:45.000000000,0 days 00:16:14.514956000
6,2019-12-02 06:06:00.000000,2019-12-02 06:06:30.000000,2019-12-02 06:20:26.801702,2019-12-02 06:20:56.801702,2019-12-02 07:00:45.183126,2019-12-02 07:01:15.183126,2019-12-02 07:19:36.442787,Replace,2,41,42,0 days 00:00:30.000000000,0 days 00:14:26.801702000
7,2019-12-02 08:32:00.000000,2019-12-02 08:32:45.000000,2019-12-02 08:46:42.315144,2019-12-02 08:46:56.435953,,,,Onsite,2,41,42,0 days 00:00:45.000000000,0 days 00:14:11.435953000
8,2019-12-02 09:36:00.000000,2019-12-02 09:36:35.000000,2019-12-02 09:55:25.792509,2019-12-02 09:56:00.792509,2019-12-02 10:29:34.028752,2019-12-02 10:30:09.028752,2019-12-02 10:43:57.245369,Replace,2,41,42,0 days 00:00:35.000000000,0 days 00:19:25.792509000
9,2019-12-02 10:54:00.000000,2019-12-02 10:54:45.000000,2019-12-02 11:14:02.666706,2019-12-02 11:14:47.666706,2019-12-02 11:54:16.337885,2019-12-02 11:55:01.337885,2019-12-02 12:12:52.550795,Replace,2,41,42,0 days 00:00:45.000000000,0 days 00:20:02.666706000
10,2019-12-02 12:00:00.000000,2019-12-02 12:00:35.000000,2019-12-02 12:20:41.900494,2019-12-02 12:21:06.622011,,,,Onsite,2,41,42,0 days 00:00:35.000000000,0 days 00:20:31.622011000
11,2019-12-02 13:14:00.000000,2019-12-02 13:14:45.000000,2019-12-02 13:30:56.199060,2019-12-02 13:31:41.199060,2019-12-02 14:02:33.905213,2019-12-02 14:03:18.905213,2019-12-02 14:15:28.526934,Replace,2,41,42,0 days 00:00:45.000000000,0 days 00:16:56.199060000
12,2019-12-02 14:22:00.000000,2019-12-02 14:22:25.000000,2019-12-02 14:38:56.974858,2019-12-02 14:39:21.974858,2019-12-02 15:12:08.622008,2019-12-02 15:12:33.622008,2019-12-02 15:27:16.064152,Replace,2,41,42,0 days 00:00:25.000000000,0 days 00:16:56.974858000
13,2019-12-02 15:39:00.000000,2019-12-02 15:39:55.000000,2019-12-02 15:54:34.810447,2019-12-02 15:54:46.542979,,,,Onsite,2,41,42,0 days 00:00:55.000000000,0 days 00:14:51.542979000
14,2019-12-02 16:32:00.000000,2019-12-02 16:32:25.000000,2019-12-02 16:43:47.701666,2019-12-02 16:44:01.095672,,,,Onsite,2,41,42,0 days 00:00:25.000000000,0 days 00:11:36.095672000
15,2019-12-02 17:46:00.000000,2019-12-02 17:46:45.000000,2019-12-02 18:00:15.885826,2019-12-02 18:00:18.191950,,,,Onsite,2,41,42,0 days 00:00:45.000000000,0 days 00:13:33.191950000
16,2019-12-02 19:05:00.000000,2019-12-02 19:05:35.000000,2019-12-02 19:19:16.890980,2019-12-02 19:19:37.122633,,,,Onsite,2,41,42,0 days 00:00:35.000000000,0 days 00:14:02.122633000
17,2019-12-02 20:35:00.000000,2019-12-02 20:35:35.000000,2019-12-02 20:56:27.322060,2019-12-02 20:57:02.322060,2019-12-02 21:23:18.748024,2019-12-02 21:23:53.748024,2019-12-02 21:39:18.014119,Replace,2,41,42,0 days 00:00:35.000000000,0 days 00:21:27.322060000
0,2019-12-02 01:00:00.000000,2019-12-02 00:00:35.000000,2019-12-02 00:18:58.295436,2019-12-02 00:19:05.267145,,,,Onsite,3,41,42,-1 days +23:00:35.000000000,0 days 00:18:30.267145000
1,2019-12-02 00:54:00.000000,2019-12-02 00:54:45.000000,2019-12-02 01:11:21.097268,2019-12-02 01:11:28.355128,,,,Onsite,3,41,42,0 days 00:00:45.000000000,0 days 00:16:43.355128000
2,2019-12-02 02:26:00.000000,2019-12-02 02:26:45.000000,2019-12-02 02:42:30.243428,2019-12-02 02:43:15.243428,2019-12-02 03:19:45.237282,2019-12-02 03:20:30.237282,2019-12-02 03:44:06.173965,Replace,3,41,42,0 days 00:00:45.000000000,0 days 00:16:30.243428000
3,2019-12-02 03:30:00.000000,2019-12-02 03:30:45.000000,2019-12-02 03:49:09.417567,2019-12-02 03:49:54.417567,2019-12-02 04:23:42.180952,2019-12-02 04:24:27.180952,2019-12-02 04:37:37.374449,Replace,3,41,42,0 days 00:00:45.000000000,0 days 00:19:09.417567000
4,2019-12-02 04:43:00.000000,2019-12-02 04:43:30.000000,2019-12-02 05:00:43.133524,2019-12-02 05:01:13.133524,2019-12-02 05:58:02.173859,2019-12-02 05:58:32.173859,2019-12-02 06:09:18.632131,Replace,3,41,42,0 days 00:00:30.000000000,0 days 00:17:43.133524000
5,2019-12-02 05:45:00.000000,2019-12-02 05:45:35.000000,2019-12-02 06:00:37.747766,2019-12-02 06:00:45.769758,,,,Onsite,3,41,42,0 days 00:00:35.000000000,0 days 00:15:10.769758000
6,2019-12-02 07:05:00.000000,2019-12-02 07:05:45.000000,2019-12-02 07:23:11.609135,2019-12-02 07:23:56.609135,2019-12-02 07:54:42.884958,2019-12-02 07:55:27.884958,2019-12-02 08:10:56.233777,Replace,3,41,42,0 days 00:00:45.000000000,0 days 00:18:11.609135000
7,2019-12-02 08:17:00.000000,2019-12-02 08:17:35.000000,2019-12-02 08:36:06.940464,2019-12-02 08:36:21.027320,,,,Onsite,3,41,42,0 days 00:00:35.000000000,0 days 00:18:46.027320000
8,2019-12-02 09:20:00.000000,2019-12-02 09:20:45.000000,2019-12-02 09:36:08.490145,2019-12-02 09:36:53.490145,2019-12-02 10:35:49.650997,2019-12-02 10:36:34.650997,2019-12-02 10:51:48.757348,Replace,3,41,42,0 days 00:00:45.000000000,0 days 00:16:08.490145000
9,2019-12-02 10:12:00.000000,2019-12-02 10:12:50.000000,2019-12-02 10:29:39.747857,2019-12-02 10:30:29.747857,2019-12-02 11:06:46.157076,2019-12-02 11:07:36.157076,2019-12-02 11:20:33.446150,Replace,3,41,42,0 days 00:00:50.000000000,0 days 00:17:39.747857000
10,2019-12-02 11:31:00.000000,2019-12-02 11:31:45.000000,2019-12-02 11:44:52.009308,2019-12-02 11:45:37.009308,2019-12-02 12:16:09.935141,2019-12-02 12:16:54.935141,2019-12-02 12:35:04.004153,Replace,3,41,42,0 days 00:00:45.000000000,0 days 00:13:52.009308000
11,2019-12-02 12:48:00.000000,2019-12-02 12:48:55.000000,2019-12-02 13:05:10.017009,2019-12-02 13:05:39.679923,,,,Onsite,3,41,42,0 days 00:00:55.000000000,0 days 00:16:44.679923000
12,2019-12-02 13:59:00.000000,2019-12-02 13:59:45.000000,2019-12-02 14:13:57.851768,2019-12-02 14:14:42.851768,2019-12-02 14:48:19.877911,2019-12-02 14:49:04.877911,2019-12-02 15:02:39.811191,Replace,3,41,42,0 days 00:00:45.000000000,0 days 00:14:57.851768000
13,2019-12-02 15:05:00.000000,2019-12-02 15:05:35.000000,2019-12-02 15:27:12.845675,2019-12-02 15:27:24.189082,,,,Onsite,3,41,42,0 days 00:00:35.000000000,0 days 00:21:49.189082000
14,2019-12-02 16:12:00.000000,2019-12-02 16:12:35.000000,2019-12-02 16:23:51.988818,2019-12-02 16:24:26.988818,2019-12-02 17:04:55.836732,2019-12-02 17:05:30.836732,2019-12-02 17:18:49.547892,Replace,3,41,42,0 days 00:00:35.000000000,0 days 00:11:51.988818000
15,2019-12-02 17:29:00.000000,2019-12-02 17:29:30.000000,2019-12-02 17:45:27.109092,2019-12-02 17:45:57.109092,2019-12-02 18:11:58.848538,2019-12-02 18:12:28.848538,2019-12-02 18:26:57.708333,Replace,3,41,42,0 days 00:00:30.000000000,0 days 00:16:27.109092000
16,2019-12-02 18:35:00.000000,2019-12-02 18:35:25.000000,2019-12-02 18:52:47.758404,2019-12-02 18:52:56.351556,,,,Onsite,3,41,42,0 days 00:00:25.000000000,0 days 00:17:31.351556000
17,2019-12-02 19:39:00.000000,2019-12-02 19:39:50.000000,2019-12-02 19:52:21.753767,2019-12-02 19:52:37.735995,,,,Onsite,3,41,42,0 days 00:00:50.000000000,0 days 00:12:47.735995000
18,2019-12-02 20:42:00.000000,2019-12-02 20:42:45.000000,2019-12-02 20:59:02.089146,2019-12-02 20:59:47.089146,2019-12-02 21:36:30.211220,2019-12-02 21:37:15.211220,2019-12-02 21:56:36.501478,Replace,3,41,42,0 days 00:00:45.000000000,0 days 00:17:02.089146000
0,2019-12-02 01:12:00.000000,2019-12-02 00:00:45.000000,2019-12-02 00:18:42.733176,2019-12-02 00:18:57.122312,,,,Onsite,4,41,42,-1 days +22:48:45.000000000,0 days 00:18:12.122312000
1,2019-12-02 01:07:00.000000,2019-12-02 01:07:25.000000,2019-12-02 01:26:12.329409,2019-12-02 01:26:14.603791,,,,Onsite,4,41,42,0 days 00:00:25.000000000,0 days 00:18:49.603791000
2,2019-12-02 02:28:00.000000,2019-12-02 02:28:30.000000,2019-12-02 02:42:45.697867,2019-12-02 02:43:07.860714,,,,Onsite,4,41,42,0 days 00:00:30.000000000,0 days 00:14:37.860714000
3,2019-12-02 03:21:00.000000,2019-12-02 03:21:45.000000,2019-12-02 03:38:25.640931,2019-12-02 03:39:10.640931,2019-12-02 04:05:21.524442,2019-12-02 04:06:06.524442,2019-12-02 04:27:18.222586,Replace,4,41,42,0 days 00:00:45.000000000,0 days 00:17:25.640931000
4,2019-12-02 04:29:00.000000,2019-12-02 04:29:50.000000,2019-12-02 04:44:58.279712,2019-12-02 04:45:16.067157,,,,Onsite,4,41,42,0 days 00:00:50.000000000,0 days 00:15:26.067157000
5,2019-12-02 05:24:00.000000,2019-12-02 05:24:45.000000,2019-12-02 05:42:02.856099,2019-12-02 05:42:09.898863,,,,Onsite,4,41,42,0 days 00:00:45.000000000,0 days 00:17:24.898863000
6,2019-12-02 06:20:00.000000,2019-12-02 06:20:45.000000,2019-12-02 06:41:37.959955,2019-12-02 06:41:52.010282,,,,Onsite,4,41,42,0 days 00:00:45.000000000,0 days 00:21:07.010282000
7,2019-12-02 07:25:00.000000,2019-12-02 07:25:45.000000,2019-12-02 07:37:24.441951,2019-12-02 07:37:33.658990,,,,Onsite,4,41,42,0 days 00:00:45.000000000,0 days 00:11:48.658990000
8,2019-12-02 08:17:00.000000,2019-12-02 08:17:55.000000,2019-12-02 08:31:08.688724,2019-12-02 08:32:03.688724,2019-12-02 08:58:07.298368,2019-12-02 08:59:02.298368,2019-12-02 09:17:28.528994,Replace,4,41,42,0 days 00:00:55.000000000,0 days 00:14:08.688724000
9,2019-12-02 09:20:00.000000,2019-12-02 09:20:55.000000,2019-12-02 09:35:26.334074,2019-12-02 09:36:21.334074,2019-12-02 10:21:07.432267,2019-12-02 10:22:02.432267,2019-12-02 10:40:56.558453,Replace,4,41,42,0 days 00:00:55.000000000,0 days 00:15:26.334074000
10,2019-12-02 10:14:00.000000,2019-12-02 10:14:45.000000,2019-12-02 10:27:05.332237,2019-12-02 10:27:50.332237,2019-12-02 11:13:37.432741,2019-12-02 11:14:22.432741,2019-12-02 11:37:24.123404,Replace,4,41,42,0 days 00:00:45.000000000,0 days 00:13:05.332237000
11,2019-12-02 11:22:00.000000,2019-12-02 11:22:50.000000,2019-12-02 11:37:54.633503,2019-12-02 11:38:44.633503,2019-12-02 12:19:56.494071,2019-12-02 12:20:46.494071,2019-12-02 12:39:20.217884,Replace,4,41,42,0 days 00:00:50.000000000,0 days 00:15:54.633503000
12,2019-12-02 12:38:00.000000,2019-12-02 12:38:55.000000,2019-12-02 12:57:03.084093,2019-12-02 12:57:58.084093,2019-12-02 13:31:02.233500,2019-12-02 13:31:57.233500,2019-12-02 13:48:05.034053,Replace,4,41,42,0 days 00:00:55.000000000,0 days 00:19:03.084093000
13,2019-12-02 13:51:00.000000,2019-12-02 13:51:35.000000,2019-12-02 14:11:00.661650,2019-12-02 14:11:30.772250,,,,Onsite,4,41,42,0 days 00:00:35.000000000,0 days 00:19:55.772250000
14,2019-12-02 14:59:00.000000,2019-12-02 14:59:25.000000,2019-12-02 15:20:37.152896,2019-12-02 15:21:02.152896,2019-12-02 16:09:21.417482,2019-12-02 16:09:46.417482,2019-12-02 16:25:54.353104,Replace,4,41,42,0 days 00:00:25.000000000,0 days 00:21:37.152896000
15,2019-12-02 16:12:00.000000,2019-12-02 16:12:35.000000,2019-12-02 16:25:47.081432,2019-12-02 16:25:58.940323,,,,Onsite,4,41,42,0 days 00:00:35.000000000,0 days 00:13:23.940323000
16,2019-12-02 18:17:00.000000,2019-12-02 18:17:35.000000,2019-12-02 18:36:10.641293,2019-12-02 18:36:23.917674,,,,Onsite,4,41,42,0 days 00:00:35.000000000,0 days 00:18:48.917674000
17,2019-12-02 17:20:00.000000,2019-12-02 17:20:30.000000,2019-12-02 17:46:22.385567,2019-12-02 17:46:52.385567,2019-12-02 18:17:10.262461,2019-12-02 18:17:40.262461,2019-12-02 18:30:29.640223,Replace,4,41,42,0 days 00:00:30.000000000,0 days 00:26:22.385567000
18,2019-12-02 19:32:00.000000,2019-12-02 19:32:50.000000,2019-12-02 19:50:39.814157,2019-12-02 19:50:52.192620,,,,Onsite,4,41,42,0 days 00:00:50.000000000,0 days 00:18:02.192620000
19,2019-12-02 20:40:00.000000,2019-12-02 20:40:30.000000,2019-12-02 21:01:47.459505,2019-12-02 21:02:17.459505,2019-12-02 21:44:12.829641,2019-12-02 21:44:42.829641,2019-12-02 21:57:41.688472,Replace,4,41,42,0 days 00:00:30.000000000,0 days 00:21:47.459505000
20,2019-12-02 21:35:00.000000,2019-12-02 21:35:45.000000,2019-12-02 21:49:29.139046,2019-12-02 21:49:40.525815,,,,Onsite,4,41,42,0 days 00:00:45.000000000,0 days 00:13:55.525815000
21,2019-12-02 22:32:00.000000,2019-12-02 22:32:45.000000,2019-12-02 22:48:20.293070,2019-12-02 22:48:32.951900,,,,Onsite,4,41,42,0 days 00:00:45.000000000,0 days 00:15:47.951900000
0,2019-12-02 01:03:00.000000,2019-12-02 00:00:30.000000,2019-12-02 00:18:59.550391,2019-12-02 00:19:29.550391,2019-12-02 00:59:50.568013,2019-12-02 01:00:20.568013,2019-12-02 01:19:00.193625,Replace,5,41,42,-1 days +22:57:30.000000000,0 days 00:18:59.550391000
1,2019-12-02 01:03:00.000000,2019-12-02 01:03:45.000000,2019-12-02 01:21:55.294346,2019-12-02 01:22:40.294346,2019-12-02 01:58:57.542991,2019-12-02 01:59:42.542991,2019-12-02 02:11:55.100582,Replace,5,41,42,0 days 00:00:45.000000000,0 days 00:18:55.294346000
2,2019-12-02 02:11:00.000000,2019-12-02 02:11:45.000000,2019-12-02 02:27:39.969383,2019-12-02 02:28:24.969383,2019-12-02 02:57:37.428820,2019-12-02 02:58:22.428820,2019-12-02 03:18:52.286703,Replace,5,41,42,0 days 00:00:45.000000000,0 days 00:16:39.969383000
3,2019-12-02 03:28:00.000000,2019-12-02 03:28:35.000000,2019-12-02 03:49:19.653919,2019-12-02 03:49:54.653919,2019-12-02 04:25:37.283305,2019-12-02 04:26:12.283305,2019-12-02 04:44:30.320164,Replace,5,41,42,0 days 00:00:35.000000000,0 days 00:21:19.653919000
4,2019-12-02 04:40:00.000000,2019-12-02 04:40:30.000000,2019-12-02 04:55:24.169782,2019-12-02 04:55:38.924289,,,,Onsite,5,41,42,0 days 00:00:30.000000000,0 days 00:15:08.924289000
5,2019-12-02 05:45:00.000000,2019-12-02 05:45:35.000000,2019-12-02 06:03:42.395547,2019-12-02 06:04:17.395547,2019-12-02 06:32:38.530018,2019-12-02 06:33:13.530018,2019-12-02 06:47:57.974506,Replace,5,41,42,0 days 00:00:35.000000000,0 days 00:18:42.395547000
6,2019-12-02 06:54:00.000000,2019-12-02 06:54:50.000000,2019-12-02 07:13:58.349817,2019-12-02 07:14:48.349817,2019-12-02 08:07:44.946640,2019-12-02 08:08:34.946640,2019-12-02 08:25:49.718857,Replace,5,41,42,0 days 00:00:50.000000000,0 days 00:19:58.349817000
7,2019-12-02 08:06:00.000000,2019-12-02 08:06:25.000000,2019-12-02 08:24:53.441699,2019-12-02 08:25:18.441699,2019-12-02 09:04:58.981421,2019-12-02 09:05:23.981421,2019-12-02 09:17:38.648730,Replace,5,41,42,0 days 00:00:25.000000000,0 days 00:18:53.441699000
8,2019-12-02 09:13:00.000000,2019-12-02 09:13:45.000000,2019-12-02 09:34:32.328148,2019-12-02 09:34:43.064577,,,,Onsite,5,41,42,0 days 00:00:45.000000000,0 days 00:20:58.064577000
9,2019-12-02 10:22:00.000000,2019-12-02 10:22:45.000000,2019-12-02 10:40:54.181252,2019-12-02 10:41:39.181252,2019-12-02 11:13:45.987290,2019-12-02 11:14:30.987290,2019-12-02 11:30:51.235691,Replace,5,41,42,0 days 00:00:45.000000000,0 days 00:18:54.181252000
10,2019-12-02 11:33:00.000000,2019-12-02 11:33:45.000000,2019-12-02 11:51:26.059509,2019-12-02 11:51:29.762585,,,,Onsite,5,41,42,0 days 00:00:45.000000000,0 days 00:17:44.762585000
11,2019-12-02 12:53:00.000000,2019-12-02 12:53:35.000000,2019-12-02 13:08:53.424009,2019-12-02 13:09:00.309412,,,,Onsite,5,41,42,0 days 00:00:35.000000000,0 days 00:15:25.309412000
12,2019-12-02 13:55:00.000000,2019-12-02 13:55:45.000000,2019-12-02 14:07:49.897755,2019-12-02 14:08:34.897755,2019-12-02 14:48:09.986502,2019-12-02 14:48:54.986502,2019-12-02 15:01:37.628363,Replace,5,41,42,0 days 00:00:45.000000000,0 days 00:12:49.897755000
13,2019-12-02 15:09:00.000000,2019-12-02 15:09:35.000000,2019-12-02 15:25:34.781971,2019-12-02 15:25:48.213690,,,,Onsite,5,41,42,0 days 00:00:35.000000000,0 days 00:16:13.213690000
14,2019-12-02 16:16:00.000000,2019-12-02 16:16:50.000000,2019-12-02 16:36:58.042062,2019-12-02 16:37:48.042062,2019-12-02 17:09:54.119438,2019-12-02 17:10:44.119438,2019-12-02 17:21:55.576160,Replace,5,41,42,0 days 00:00:50.000000000,0 days 00:20:58.042062000
15,2019-12-02 17:30:00.000000,2019-12-02 17:30:45.000000,2019-12-02 17:45:58.187745,2019-12-02 17:46:11.101533,,,,Onsite,5,41,42,0 days 00:00:45.000000000,0 days 00:15:26.101533000
16,2019-12-02 18:40:00.000000,2019-12-02 18:40:35.000000,2019-12-02 19:02:22.330511,2019-12-02 19:02:57.330511,2019-12-02 19:48:39.376642,2019-12-02 19:49:14.376642,2019-12-02 20:04:42.344571,Replace,5,41,42,0 days 00:00:35.000000000,0 days 00:22:22.330511000
17,2019-12-02 19:55:00.000000,2019-12-02 19:55:45.000000,2019-12-02 20:14:08.387852,2019-12-02 20:14:53.387852,2019-12-02 20:49:02.670654,2019-12-02 20:49:47.670654,2019-12-02 21:06:11.854151,Replace,5,41,42,0 days 00:00:45.000000000,0 days 00:19:08.387852000
18,2019-12-02 21:00:00.000000,2019-12-02 21:00:35.000000,2019-12-02 21:17:48.824813,2019-12-02 21:18:23.824813,2019-12-02 21:42:24.430735,2019-12-02 21:42:59.430735,2019-12-02 22:00:16.532556,Replace,5,41,42,0 days 00:00:35.000000000,0 days 00:17:48.824813000
19,2019-12-02 22:11:00.000000,2019-12-02 22:11:55.000000,2019-12-02 22:28:42.875332,2019-12-02 22:29:03.009326,,,,Onsite,5,41,42,0 days 00:00:55.000000000,0 days 00:17:08.009326000
0,2019-12-02 01:09:00.000000,2019-12-02 00:00:35.000000,2019-12-02 00:13:39.022402,2019-12-02 00:14:14.022402,2019-12-02 01:02:46.211145,2019-12-02 01:03:21.211145,2019-12-02 01:18:28.833179,Replace,6,41,42,-1 days +22:51:35.000000000,0 days 00:13:39.022402000
1,2019-12-02 02:29:00.000000,2019-12-02 02:29:55.000000,2019-12-02 02:46:41.348391,2019-12-02 02:47:08.718230,,,,Onsite,6,41,42,0 days 00:00:55.000000000,0 days 00:17:13.718230000
2,2019-12-02 01:15:00.000000,2019-12-02 01:15:35.000000,2019-12-02 01:26:27.544888,2019-12-02 01:27:02.544888,2019-12-02 02:17:27.143371,2019-12-02 02:18:02.143371,2019-12-02 02:29:40.634051,Replace,6,41,42,0 days 00:00:35.000000000,0 days 00:11:27.544888000
3,2019-12-02 03:28:00.000000,2019-12-02 03:28:45.000000,2019-12-02 03:41:41.794008,2019-12-02 03:42:06.512550,,,,Onsite,6,41,42,0 days 00:00:45.000000000,0 days 00:13:21.512550000
4,2019-12-02 04:40:00.000000,2019-12-02 04:40:50.000000,2019-12-02 04:57:51.262265,2019-12-02 04:58:41.262265,2019-12-02 05:33:44.634057,2019-12-02 05:34:34.634057,2019-12-02 05:55:43.576840,Replace,6,41,42,0 days 00:00:50.000000000,0 days 00:17:51.262265000
5,2019-12-02 05:51:00.000000,2019-12-02 05:51:45.000000,2019-12-02 06:06:49.107684,2019-12-02 06:07:34.107684,2019-12-02 06:35:36.829043,2019-12-02 06:36:21.829043,2019-12-02 06:50:54.167329,Replace,6,41,42,0 days 00:00:45.000000000,0 days 00:15:49.107684000
6,2019-12-02 06:53:00.000000,2019-12-02 06:53:45.000000,2019-12-02 07:08:34.271524,2019-12-02 07:09:19.271524,2019-12-02 07:46:09.421433,2019-12-02 07:46:54.421433,2019-12-02 08:08:11.621859,Replace,6,41,42,0 days 00:00:45.000000000,0 days 00:15:34.271524000
7,2019-12-02 08:04:00.000000,2019-12-02 08:04:55.000000,2019-12-02 08:18:31.816306,2019-12-02 08:19:26.816306,2019-12-02 08:52:31.178000,2019-12-02 08:53:26.178000,2019-12-02 09:05:34.443894,Replace,6,41,42,0 days 00:00:55.000000000,0 days 00:14:31.816306000
8,2019-12-02 09:07:00.000000,2019-12-02 09:07:45.000000,2019-12-02 09:20:18.961630,2019-12-02 09:20:41.755146,,,,Onsite,6,41,42,0 days 00:00:45.000000000,0 days 00:12:56.755146000
9,2019-12-02 10:15:00.000000,2019-12-02 10:15:55.000000,2019-12-02 10:35:06.329664,2019-12-02 10:36:01.329664,2019-12-02 11:14:39.007084,2019-12-02 11:15:34.007084,2019-12-02 11:32:29.861163,Replace,6,41,42,0 days 00:00:55.000000000,0 days 00:20:06.329664000
10,2019-12-02 11:19:00.000000,2019-12-02 11:19:45.000000,2019-12-02 11:33:23.799816,2019-12-02 11:34:08.799816,2019-12-02 12:10:58.678184,2019-12-02 12:11:43.678184,2019-12-02 12:26:59.201160,Replace,6,41,42,0 days 00:00:45.000000000,0 days 00:14:23.799816000
11,2019-12-02 12:28:00.000000,2019-12-02 12:28:50.000000,2019-12-02 12:47:59.894873,2019-12-02 12:48:49.894873,2019-12-02 13:17:15.977745,2019-12-02 13:18:05.977745,2019-12-02 13:30:57.701515,Replace,6,41,42,0 days 00:00:50.000000000,0 days 00:19:59.894873000
12,2019-12-02 13:38:00.000000,2019-12-02 13:38:45.000000,2019-12-02 13:54:28.156869,2019-12-02 13:55:13.156869,2019-12-02 14:43:13.523286,2019-12-02 14:43:58.523286,2019-12-02 14:57:39.903104,Replace,6,41,42,0 days 00:00:45.000000000,0 days 00:16:28.156869000
13,2019-12-02 14:44:00.000000,2019-12-02 14:44:55.000000,2019-12-02 14:58:11.932539,2019-12-02 14:59:06.932539,2019-12-02 15:28:50.180753,2019-12-02 15:29:45.180753,2019-12-02 15:41:29.250365,Replace,6,41,42,0 days 00:00:55.000000000,0 days 00:14:11.932539000
14,2019-12-02 15:33:00.000000,2019-12-02 15:33:45.000000,2019-12-02 15:53:13.514416,2019-12-02 15:53:26.491387,,,,Onsite,6,41,42,0 days 00:00:45.000000000,0 days 00:19:41.491387000
15,2019-12-02 16:48:00.000000,2019-12-02 16:48:35.000000,2019-12-02 17:00:46.968528,2019-12-02 17:01:21.968528,2019-12-02 17:43:40.886865,2019-12-02 17:44:15.886865,2019-12-02 18:04:17.595390,Replace,6,41,42,0 days 00:00:35.000000000,0 days 00:12:46.968528000
16,2019-12-02 17:53:00.000000,2019-12-02 17:53:30.000000,2019-12-02 18:11:17.408543,2019-12-02 18:11:35.424707,,,,Onsite,6,41,42,0 days 00:00:30.000000000,0 days 00:18:05.424707000
17,2019-12-02 19:00:00.000000,2019-12-02 19:00:45.000000,2019-12-02 19:13:50.771374,2019-12-02 19:14:07.406644,,,,Onsite,6,41,42,0 days 00:00:45.000000000,0 days 00:13:22.406644000
18,2019-12-02 19:59:00.000000,2019-12-02 19:59:55.000000,2019-12-02 20:19:05.494200,2019-12-02 20:20:00.494200,2019-12-02 20:46:17.265459,2019-12-02 20:47:12.265459,2019-12-02 21:00:47.872334,Replace,6,41,42,0 days 00:00:55.000000000,0 days 00:20:05.494200000
19,2019-12-02 21:03:00.000000,2019-12-02 21:03:35.000000,2019-12-02 21:18:25.513533,2019-12-02 21:19:00.513533,2019-12-02 21:41:19.279332,2019-12-02 21:41:54.279332,2019-12-02 21:56:40.759291,Replace,6,41,42,0 days 00:00:35.000000000,0 days 00:15:25.513533000
20,2019-12-02 22:20:00.000000,2019-12-02 22:20:35.000000,2019-12-02 22:37:56.603195,2019-12-02 22:38:22.897193,,,,Onsite,6,41,42,0 days 00:00:35.000000000,0 days 00:17:47.897193000
0,2019-12-02 01:12:00.000000,2019-12-02 00:00:55.000000,2019-12-02 00:13:06.765038,2019-12-02 00:14:01.765038,2019-12-02 00:46:10.773187,2019-12-02 00:47:05.773187,2019-12-02 00:58:00.223957,Replace,7,41,42,-1 days +22:48:55.000000000,0 days 00:13:06.765038000
1,2019-12-02 01:03:00.000000,2019-12-02 01:03:35.000000,2019-12-02 01:22:39.624971,2019-12-02 01:22:50.259473,,,,Onsite,7,41,42,0 days 00:00:35.000000000,0 days 00:19:15.259473000
2,2019-12-02 02:09:00.000000,2019-12-02 02:09:50.000000,2019-12-02 02:28:07.800898,2019-12-02 02:28:18.823823,,,,Onsite,7,41,42,0 days 00:00:50.000000000,0 days 00:18:28.823823000
3,2019-12-02 03:23:00.000000,2019-12-02 03:23:35.000000,2019-12-02 03:38:23.987292,2019-12-02 03:38:40.380655,,,,Onsite,7,41,42,0 days 00:00:35.000000000,0 days 00:15:05.380655000
4,2019-12-02 04:42:00.000000,2019-12-02 04:42:55.000000,2019-12-02 04:55:47.584455,2019-12-02 04:56:04.824877,,,,Onsite,7,41,42,0 days 00:00:55.000000000,0 days 00:13:09.824877000
5,2019-12-02 05:43:00.000000,2019-12-02 05:43:45.000000,2019-12-02 05:58:54.623871,2019-12-02 05:59:39.623871,2019-12-02 06:24:14.513954,2019-12-02 06:24:59.513954,2019-12-02 06:42:26.435899,Replace,7,41,42,0 days 00:00:45.000000000,0 days 00:15:54.623871000
6,2019-12-02 06:58:00.000000,2019-12-02 06:58:25.000000,2019-12-02 07:17:06.657409,2019-12-02 07:17:31.657409,2019-12-02 07:51:11.265527,2019-12-02 07:51:36.265527,2019-12-02 08:12:34.834973,Replace,7,41,42,0 days 00:00:25.000000000,0 days 00:19:06.657409000
7,2019-12-02 07:55:00.000000,2019-12-02 07:55:25.000000,2019-12-02 08:11:36.847669,2019-12-02 08:11:45.219167,,,,Onsite,7,41,42,0 days 00:00:25.000000000,0 days 00:16:20.219167000
8,2019-12-02 09:24:00.000000,2019-12-02 09:24:35.000000,2019-12-02 09:38:35.689638,2019-12-02 09:38:49.643703,,,,Onsite,7,41,42,0 days 00:00:35.000000000,0 days 00:14:14.643703000
9,2019-12-02 10:23:00.000000,2019-12-02 10:23:55.000000,2019-12-02 10:38:46.643403,2019-12-02 10:39:41.643403,2019-12-02 11:11:53.721862,2019-12-02 11:12:48.721862,2019-12-02 11:27:17.727163,Replace,7,41,42,0 days 00:00:55.000000000,0 days 00:15:46.643403000
10,2019-12-02 11:20:00.000000,2019-12-02 11:20:45.000000,2019-12-02 11:37:26.004659,2019-12-02 11:37:47.791777,,,,Onsite,7,41,42,0 days 00:00:45.000000000,0 days 00:17:02.791777000
11,2019-12-02 12:30:00.000000,2019-12-02 12:30:50.000000,2019-12-02 12:42:58.022759,2019-12-02 12:43:48.022759,2019-12-02 13:21:39.420462,2019-12-02 13:22:29.420462,2019-12-02 13:41:33.169542,Replace,7,41,42,0 days 00:00:50.000000000,0 days 00:12:58.022759000
12,2019-12-02 13:44:00.000000,2019-12-02 13:44:45.000000,2019-12-02 13:58:52.354470,2019-12-02 13:59:12.450657,,,,Onsite,7,41,42,0 days 00:00:45.000000000,0 days 00:14:27.450657000
13,2019-12-02 14:34:00.000000,2019-12-02 14:34:35.000000,2019-12-02 14:50:01.488151,2019-12-02 14:50:36.488151,2019-12-02 15:11:50.529399,2019-12-02 15:12:25.529399,2019-12-02 15:29:13.150303,Replace,7,41,42,0 days 00:00:35.000000000,0 days 00:16:01.488151000
14,2019-12-02 15:48:00.000000,2019-12-02 15:48:35.000000,2019-12-02 16:04:00.372277,2019-12-02 16:04:35.372277,2019-12-02 16:43:27.431471,2019-12-02 16:44:02.431471,2019-12-02 17:02:43.225318,Replace,7,41,42,0 days 00:00:35.000000000,0 days 00:16:00.372277000
15,2019-12-02 16:53:00.000000,2019-12-02 16:53:35.000000,2019-12-02 17:09:26.884500,2019-12-02 17:10:01.884500,2019-12-02 17:44:28.661061,2019-12-02 17:45:03.661061,2019-12-02 17:59:49.626276,Replace,7,41,42,0 days 00:00:35.000000000,0 days 00:16:26.884500000
16,2019-12-02 18:07:00.000000,2019-12-02 18:07:50.000000,2019-12-02 18:26:26.462851,2019-12-02 18:26:37.304566,,,,Onsite,7,41,42,0 days 00:00:50.000000000,0 days 00:18:47.304566000
17,2019-12-02 19:14:00.000000,2019-12-02 19:14:55.000000,2019-12-02 19:36:19.977953,2019-12-02 19:36:36.188494,,,,Onsite,7,41,42,0 days 00:00:55.000000000,0 days 00:21:41.188494000
18,2019-12-02 20:17:00.000000,2019-12-02 20:17:55.000000,2019-12-02 20:33:36.565085,2019-12-02 20:34:31.565085,2019-12-02 21:09:25.400885,2019-12-02 21:10:20.400885,2019-12-02 21:28:06.447000,Replace,7,41,42,0 days 00:00:55.000000000,0 days 00:16:36.565085000
19,2019-12-02 21:34:00.000000,2019-12-02 21:34:55.000000,2019-12-02 21:45:06.846127,2019-12-02 21:45:28.938287,,,,Onsite,7,41,42,0 days 00:00:55.000000000,0 days 00:10:33.938287000
0,2019-12-02 01:27:00.000000,2019-12-02 00:00:25.000000,2019-12-02 00:22:04.813323,2019-12-02 00:22:29.813323,2019-12-02 00:57:53.909287,2019-12-02 00:58:18.909287,2019-12-02 01:19:22.073516,Replace,8,41,42,-1 days +22:33:25.000000000,0 days 00:22:04.813323000
1,2019-12-02 01:05:00.000000,2019-12-02 01:05:50.000000,2019-12-02 01:18:35.638591,2019-12-02 01:18:52.765310,,,,Onsite,8,41,42,0 days 00:00:50.000000000,0 days 00:13:02.765310000
2,2019-12-02 02:16:00.000000,2019-12-02 02:16:30.000000,2019-12-02 02:33:03.297281,2019-12-02 02:33:33.297281,2019-12-02 03:27:15.725906,2019-12-02 03:27:45.725906,2019-12-02 03:40:30.759365,Replace,8,41,42,0 days 00:00:30.000000000,0 days 00:17:03.297281000
3,2019-12-02 03:12:00.000000,2019-12-02 03:12:55.000000,2019-12-02 03:30:58.075073,2019-12-02 03:31:11.188303,,,,Onsite,8,41,42,0 days 00:00:55.000000000,0 days 00:18:16.188303000
4,2019-12-02 04:17:00.000000,2019-12-02 04:17:30.000000,2019-12-02 04:39:41.667451,2019-12-02 04:40:11.667451,2019-12-02 05:14:22.313606,2019-12-02 05:14:52.313606,2019-12-02 05:30:34.625712,Replace,8,41,42,0 days 00:00:30.000000000,0 days 00:22:41.667451000
5,2019-12-02 05:27:00.000000,2019-12-02 05:27:50.000000,2019-12-02 05:47:06.965084,2019-12-02 05:47:34.142763,,,,Onsite,8,41,42,0 days 00:00:50.000000000,0 days 00:19:44.142763000
6,2019-12-02 06:28:00.000000,2019-12-02 06:28:25.000000,2019-12-02 06:47:59.621098,2019-12-02 06:48:26.482547,,,,Onsite,8,41,42,0 days 00:00:25.000000000,0 days 00:20:01.482547000
7,2019-12-02 07:43:00.000000,2019-12-02 07:43:45.000000,2019-12-02 08:01:36.659291,2019-12-02 08:01:54.575773,,,,Onsite,8,41,42,0 days 00:00:45.000000000,0 days 00:18:09.575773000
8,2019-12-02 08:49:00.000000,2019-12-02 08:49:45.000000,2019-12-02 09:08:42.495078,2019-12-02 09:08:58.977210,,,,Onsite,8,41,42,0 days 00:00:45.000000000,0 days 00:19:13.977210000
9,2019-12-02 09:51:00.000000,2019-12-02 09:51:35.000000,2019-12-02 10:05:33.685729,2019-12-02 10:06:08.685729,2019-12-02 10:49:43.508473,2019-12-02 10:50:18.508473,2019-12-02 11:07:05.972890,Replace,8,41,42,0 days 00:00:35.000000000,0 days 00:14:33.685729000
10,2019-12-02 10:57:00.000000,2019-12-02 10:57:35.000000,2019-12-02 11:13:48.987606,2019-12-02 11:14:23.987606,2019-12-02 11:35:41.113714,2019-12-02 11:36:16.113714,2019-12-02 11:49:58.145139,Replace,8,41,42,0 days 00:00:35.000000000,0 days 00:16:48.987606000
11,2019-12-02 12:18:00.000000,2019-12-02 12:18:30.000000,2019-12-02 12:31:43.227560,2019-12-02 12:31:57.407986,,,,Onsite,8,41,42,0 days 00:00:30.000000000,0 days 00:13:27.407986000
12,2019-12-02 13:21:00.000000,2019-12-02 13:21:45.000000,2019-12-02 13:36:43.545865,2019-12-02 13:37:08.926628,,,,Onsite,8,41,42,0 days 00:00:45.000000000,0 days 00:15:23.926628000
13,2019-12-02 14:42:00.000000,2019-12-02 14:42:45.000000,2019-12-02 14:59:12.410752,2019-12-02 14:59:57.410752,2019-12-02 15:47:07.067383,2019-12-02 15:47:52.067383,2019-12-02 16:05:27.828782,Replace,8,41,42,0 days 00:00:45.000000000,0 days 00:17:12.410752000
14,2019-12-02 15:42:00.000000,2019-12-02 15:42:45.000000,2019-12-02 16:00:54.396274,2019-12-02 16:01:13.351114,,,,Onsite,8,41,42,0 days 00:00:45.000000000,0 days 00:18:28.351114000
15,2019-12-02 16:27:00.000000,2019-12-02 16:27:55.000000,2019-12-02 16:42:48.465680,2019-12-02 16:43:43.465680,2019-12-02 17:30:24.775780,2019-12-02 17:31:19.775780,2019-12-02 17:51:37.917974,Replace,8,41,42,0 days 00:00:55.000000000,0 days 00:15:48.465680000
16,2019-12-02 17:28:00.000000,2019-12-02 17:28:45.000000,2019-12-02 17:44:58.769657,2019-12-02 17:45:33.559334,,,,Onsite,8,41,42,0 days 00:00:45.000000000,0 days 00:16:48.559334000
17,2019-12-02 18:35:00.000000,2019-12-02 18:35:25.000000,2019-12-02 18:49:22.293514,2019-12-02 18:49:47.293514,2019-12-02 19:15:34.179254,2019-12-02 19:15:59.179254,2019-12-02 19:35:33.580350,Replace,8,41,42,0 days 00:00:25.000000000,0 days 00:14:22.293514000
18,2019-12-02 19:56:00.000000,2019-12-02 19:56:50.000000,2019-12-02 20:14:06.816987,2019-12-02 20:14:56.816987,2019-12-02 20:44:07.304294,2019-12-02 20:44:57.304294,2019-12-02 21:08:03.995438,Replace,8,41,42,0 days 00:00:50.000000000,0 days 00:18:06.816987000
19,2019-12-02 20:49:00.000000,2019-12-02 20:49:35.000000,2019-12-02 21:06:10.027191,2019-12-02 21:06:45.027191,2019-12-02 21:46:51.349694,2019-12-02 21:47:26.349694,2019-12-02 22:00:46.293144,Replace,8,41,42,0 days 00:00:35.000000000,0 days 00:17:10.027191000
20,2019-12-02 22:04:00.000000,2019-12-02 22:04:35.000000,2019-12-02 22:22:18.747383,2019-12-02 22:22:31.335677,,,,Onsite,8,41,42,0 days 00:00:35.000000000,0 days 00:17:56.335677000
0,2019-12-02 01:04:00.000000,2019-12-02 00:00:35.000000,2019-12-02 00:19:00.807633,2019-12-02 00:19:35.807633,2019-12-02 00:59:18.286493,2019-12-02 00:59:53.286493,2019-12-02 01:20:33.930400,Replace,9,41,42,-1 days +22:56:35.000000000,0 days 00:19:00.807633000
1,2019-12-02 01:18:00.000000,2019-12-02 01:18:45.000000,2019-12-02 01:37:27.418555,2019-12-02 01:38:12.418555,2019-12-02 02:08:52.032575,2019-12-02 02:09:37.032575,2019-12-02 02:22:16.456813,Replace,9,41,42,0 days 00:00:45.000000000,0 days 00:19:27.418555000
2,2019-12-02 02:21:00.000000,2019-12-02 02:21:25.000000,2019-12-02 02:33:43.012232,2019-12-02 02:34:08.012232,2019-12-02 03:18:43.524795,2019-12-02 03:19:08.524795,2019-12-02 03:39:11.490765,Replace,9,41,42,0 days 00:00:25.000000000,0 days 00:12:43.012232000
3,2019-12-02 03:28:00.000000,2019-12-02 03:28:30.000000,2019-12-02 03:45:54.082300,2019-12-02 03:46:24.082300,2019-12-02 04:41:28.480205,2019-12-02 04:41:58.480205,2019-12-02 04:55:52.157752,Replace,9,41,42,0 days 00:00:30.000000000,0 days 00:17:54.082300000
4,2019-12-02 04:25:00.000000,2019-12-02 04:25:45.000000,2019-12-02 04:40:58.495382,2019-12-02 04:41:20.337890,,,,Onsite,9,41,42,0 days 00:00:45.000000000,0 days 00:15:35.337890000
5,2019-12-02 05:35:00.000000,2019-12-02 05:35:45.000000,2019-12-02 05:47:54.423937,2019-12-02 05:48:39.423937,2019-12-02 06:11:26.689398,2019-12-02 06:12:11.689398,2019-12-02 06:29:10.661079,Replace,9,41,42,0 days 00:00:45.000000000,0 days 00:12:54.423937000
6,2019-12-02 06:34:00.000000,2019-12-02 06:34:45.000000,2019-12-02 06:51:12.768940,2019-12-02 06:51:57.768940,2019-12-02 07:28:16.333753,2019-12-02 07:29:01.333753,2019-12-02 07:47:15.421113,Replace,9,41,42,0 days 00:00:45.000000000,0 days 00:17:12.768940000
7,2019-12-02 07:43:00.000000,2019-12-02 07:43:45.000000,2019-12-02 07:55:44.844096,2019-12-02 07:55:57.044864,,,,Onsite,9,41,42,0 days 00:00:45.000000000,0 days 00:12:12.044864000
8,2019-12-02 09:01:00.000000,2019-12-02 09:01:45.000000,2019-12-02 09:17:10.079220,2019-12-02 09:17:55.079220,2019-12-02 09:58:06.494516,2019-12-02 09:58:51.494516,2019-12-02 10:14:15.469533,Replace,9,41,42,0 days 00:00:45.000000000,0 days 00:16:10.079220000
9,2019-12-02 10:15:00.000000,2019-12-02 10:15:45.000000,2019-12-02 10:33:03.887552,2019-12-02 10:33:14.044287,,,,Onsite,9,41,42,0 days 00:00:45.000000000,0 days 00:17:29.044287000
10,2019-12-02 11:25:00.000000,2019-12-02 11:25:30.000000,2019-12-02 11:45:21.075325,2019-12-02 11:45:51.075325,2019-12-02 12:23:10.211235,2019-12-02 12:23:40.211235,2019-12-02 12:38:52.408995,Replace,9,41,42,0 days 00:00:30.000000000,0 days 00:20:21.075325000
11,2019-12-02 12:44:00.000000,2019-12-02 12:44:30.000000,2019-12-02 13:00:18.234568,2019-12-02 13:00:31.784310,,,,Onsite,9,41,42,0 days 00:00:30.000000000,0 days 00:16:01.784310000
12,2019-12-02 14:00:00.000000,2019-12-02 14:00:45.000000,2019-12-02 14:17:39.669415,2019-12-02 14:18:24.669415,2019-12-02 14:42:24.290268,2019-12-02 14:43:09.290268,2019-12-02 15:00:30.997170,Replace,9,41,42,0 days 00:00:45.000000000,0 days 00:17:39.669415000
13,2019-12-02 15:05:00.000000,2019-12-02 15:05:25.000000,2019-12-02 15:18:42.228781,2019-12-02 15:18:52.638105,,,,Onsite,9,41,42,0 days 00:00:25.000000000,0 days 00:13:27.638105000
14,2019-12-02 16:16:00.000000,2019-12-02 16:16:35.000000,2019-12-02 16:28:58.836243,2019-12-02 16:29:33.836243,2019-12-02 17:11:54.725481,2019-12-02 17:12:29.725481,2019-12-02 17:33:01.257162,Replace,9,41,42,0 days 00:00:35.000000000,0 days 00:12:58.836243000
15,2019-12-02 17:22:00.000000,2019-12-02 17:22:35.000000,2019-12-02 17:35:18.590178,2019-12-02 17:35:39.253341,,,,Onsite,9,41,42,0 days 00:00:35.000000000,0 days 00:13:04.253341000
16,2019-12-02 18:22:00.000000,2019-12-02 18:22:45.000000,2019-12-02 18:38:21.925576,2019-12-02 18:39:06.925576,2019-12-02 19:05:04.860140,2019-12-02 19:05:49.860140,2019-12-02 19:19:55.668451,Replace,9,41,42,0 days 00:00:45.000000000,0 days 00:16:21.925576000
17,2019-12-02 19:38:00.000000,2019-12-02 19:38:50.000000,2019-12-02 19:54:48.958228,2019-12-02 19:55:38.958228,2019-12-02 20:28:59.830490,2019-12-02 20:29:49.830490,2019-12-02 20:47:22.647318,Replace,9,41,42,0 days 00:00:50.000000000,0 days 00:16:48.958228000
18,2019-12-02 20:33:00.000000,2019-12-02 20:33:50.000000,2019-12-02 20:48:42.634897,2019-12-02 20:48:49.965499,,,,Onsite,9,41,42,0 days 00:00:50.000000000,0 days 00:14:59.965499000
19,2019-12-02 21:39:00.000000,2019-12-02 21:39:50.000000,2019-12-02 21:55:33.161534,2019-12-02 21:55:40.203217,,,,Onsite,9,41,42,0 days 00:00:50.000000000,0 days 00:15:50.203217000
0,2019-12-02 01:19:00.000000,2019-12-02 00:00:55.000000,2019-12-02 00:22:10.185426,2019-12-02 00:23:05.185426,2019-12-02 01:05:53.671081,2019-12-02 01:06:48.671081,2019-12-02 01:19:32.702845,Replace,1,41,43,-1 days +22:41:55.000000000,0 days 00:22:10.185426000
1,2019-12-02 02:11:00.000000,2019-12-02 02:11:45.000000,2019-12-02 02:25:08.086408,2019-12-02 02:25:20.911809,,,,Onsite,1,41,43,0 days 00:00:45.000000000,0 days 00:13:35.911809000
2,2019-12-02 01:08:00.000000,2019-12-02 01:08:50.000000,2019-12-02 01:26:23.407838,2019-12-02 01:27:13.407838,2019-12-02 01:52:42.332213,2019-12-02 01:53:32.332213,2019-12-02 02:11:24.434155,Replace,1,41,43,0 days 00:00:50.000000000,0 days 00:18:23.407838000
3,2019-12-02 03:17:00.000000,2019-12-02 03:17:45.000000,2019-12-02 03:39:26.036288,2019-12-02 03:40:11.036288,2019-12-02 04:24:58.128894,2019-12-02 04:25:43.128894,2019-12-02 04:46:02.467840,Replace,1,41,43,0 days 00:00:45.000000000,0 days 00:22:26.036288000
4,2019-12-02 04:28:00.000000,2019-12-02 04:28:45.000000,2019-12-02 04:44:29.546174,2019-12-02 04:45:14.546174,2019-12-02 05:25:08.370614,2019-12-02 05:25:53.370614,2019-12-02 05:39:57.259794,Replace,1,41,43,0 days 00:00:45.000000000,0 days 00:16:29.546174000
5,2019-12-02 05:33:00.000000,2019-12-02 05:33:30.000000,2019-12-02 05:49:24.038180,2019-12-02 05:49:34.923870,,,,Onsite,1,41,43,0 days 00:00:30.000000000,0 days 00:16:04.923870000
6,2019-12-02 06:53:00.000000,2019-12-02 06:53:25.000000,2019-12-02 07:13:49.493442,2019-12-02 07:14:14.493442,2019-12-02 08:04:45.143975,2019-12-02 08:05:10.143975,2019-12-02 08:24:12.139154,Replace,1,41,43,0 days 00:00:25.000000000,0 days 00:20:49.493442000
7,2019-12-02 07:59:00.000000,2019-12-02 07:59:45.000000,2019-12-02 08:17:17.171614,2019-12-02 08:17:36.224718,,,,Onsite,1,41,43,0 days 00:00:45.000000000,0 days 00:17:51.224718000
8,2019-12-02 09:06:00.000000,2019-12-02 09:06:35.000000,2019-12-02 09:22:27.954550,2019-12-02 09:23:02.954550,2019-12-02 09:54:01.284634,2019-12-02 09:54:36.284634,2019-12-02 10:08:06.928292,Replace,1,41,43,0 days 00:00:35.000000000,0 days 00:16:27.954550000
9,2019-12-02 10:19:00.000000,2019-12-02 10:19:30.000000,2019-12-02 10:35:37.816404,2019-12-02 10:36:07.816404,2019-12-02 11:06:27.736665,2019-12-02 11:06:57.736665,2019-12-02 11:29:25.541779,Replace,1,41,43,0 days 00:00:30.000000000,0 days 00:16:37.816404000
10,2019-12-02 11:38:00.000000,2019-12-02 11:38:45.000000,2019-12-02 11:50:51.099199,2019-12-02 11:51:11.884077,,,,Onsite,1,41,43,0 days 00:00:45.000000000,0 days 00:12:26.884077000
11,2019-12-02 12:33:00.000000,2019-12-02 12:33:45.000000,2019-12-02 12:45:25.147003,2019-12-02 12:46:10.147003,2019-12-02 13:26:22.613548,2019-12-02 13:27:07.613548,2019-12-02 13:39:31.641236,Replace,1,41,43,0 days 00:00:45.000000000,0 days 00:12:25.147003000
12,2019-12-02 13:29:00.000000,2019-12-02 13:29:45.000000,2019-12-02 13:51:40.466392,2019-12-02 13:52:03.507768,,,,Onsite,1,41,43,0 days 00:00:45.000000000,0 days 00:22:18.507768000
13,2019-12-02 14:08:00.000000,2019-12-02 14:08:55.000000,2019-12-02 14:29:26.448276,2019-12-02 14:30:21.448276,2019-12-02 15:00:37.057352,2019-12-02 15:01:32.057352,2019-12-02 15:24:35.471342,Replace,1,41,43,0 days 00:00:55.000000000,0 days 00:21:26.448276000
14,2019-12-02 15:27:00.000000,2019-12-02 15:27:55.000000,2019-12-02 15:43:02.043303,2019-12-02 15:43:57.043303,2019-12-02 16:08:36.870658,2019-12-02 16:09:31.870658,2019-12-02 16:25:09.225910,Replace,1,41,43,0 days 00:00:55.000000000,0 days 00:16:02.043303000
15,2019-12-02 16:29:00.000000,2019-12-02 16:29:25.000000,2019-12-02 16:41:39.386221,2019-12-02 16:41:53.467244,,,,Onsite,1,41,43,0 days 00:00:25.000000000,0 days 00:12:28.467244000
16,2019-12-02 17:34:00.000000,2019-12-02 17:34:45.000000,2019-12-02 17:50:08.310308,2019-12-02 17:50:21.837042,,,,Onsite,1,41,43,0 days 00:00:45.000000000,0 days 00:15:36.837042000
17,2019-12-02 18:34:00.000000,2019-12-02 18:34:35.000000,2019-12-02 18:53:26.759208,2019-12-02 18:54:01.759208,2019-12-02 19:33:10.583327,2019-12-02 19:33:45.583327,2019-12-02 19:53:16.856096,Replace,1,41,43,0 days 00:00:35.000000000,0 days 00:19:26.759208000
18,2019-12-02 19:38:00.000000,2019-12-02 19:38:25.000000,2019-12-02 19:51:25.877387,2019-12-02 19:51:50.877387,2019-12-02 20:28:07.892702,2019-12-02 20:28:32.892702,2019-12-02 20:41:08.353901,Replace,1,41,43,0 days 00:00:25.000000000,0 days 00:13:25.877387000
19,2019-12-02 21:56:00.000000,2019-12-02 21:56:55.000000,2019-12-02 22:15:46.104432,2019-12-02 22:16:04.937553,,,,Onsite,1,41,43,0 days 00:00:55.000000000,0 days 00:19:09.937553000
20,2019-12-02 20:55:00.000000,2019-12-02 20:55:30.000000,2019-12-02 21:11:56.092997,2019-12-02 21:12:26.092997,2019-12-02 21:56:34.653857,2019-12-02 21:57:04.653857,2019-12-02 22:14:54.171764,Replace,1,41,43,0 days 00:00:30.000000000,0 days 00:16:56.092997000
0,2019-12-02 00:54:00.000000,2019-12-02 00:00:25.000000,2019-12-02 00:18:03.224718,2019-12-02 00:18:05.617687,,,,Onsite,2,41,43,-1 days +23:06:25.000000000,0 days 00:17:40.617687000
1,2019-12-02 00:58:00.000000,2019-12-02 00:58:45.000000,2019-12-02 01:11:53.157384,2019-12-02 01:12:38.157384,2019-12-02 01:48:31.616730,2019-12-02 01:49:16.616730,2019-12-02 02:06:18.960116,Replace,2,41,43,0 days 00:00:45.000000000,0 days 00:13:53.157384000
2,2019-12-02 02:27:00.000000,2019-12-02 02:27:45.000000,2019-12-02 02:38:57.356469,2019-12-02 02:39:42.356469,2019-12-02 03:24:49.070252,2019-12-02 03:25:34.070252,2019-12-02 03:37:52.037152,Replace,2,41,43,0 days 00:00:45.000000000,0 days 00:11:57.356469000
3,2019-12-02 03:26:00.000000,2019-12-02 03:26:35.000000,2019-12-02 03:44:02.551826,2019-12-02 03:44:37.551826,2019-12-02 04:10:40.913012,2019-12-02 04:11:15.913012,2019-12-02 04:27:06.375965,Replace,2,41,43,0 days 00:00:35.000000000,0 days 00:18:02.551826000
4,2019-12-02 05:39:00.000000,2019-12-02 05:39:55.000000,2019-12-02 05:54:45.446357,2019-12-02 05:54:55.194471,,,,Onsite,2,41,43,0 days 00:00:55.000000000,0 days 00:15:00.194471000
5,2019-12-02 04:30:00.000000,2019-12-02 04:30:30.000000,2019-12-02 04:43:08.550502,2019-12-02 04:43:38.550502,2019-12-02 05:21:53.259484,2019-12-02 05:22:23.259484,2019-12-02 05:39:19.913495,Replace,2,41,43,0 days 00:00:30.000000000,0 days 00:13:08.550502000
6,2019-12-02 06:54:00.000000,2019-12-02 06:54:25.000000,2019-12-02 07:07:23.208931,2019-12-02 07:07:48.208931,2019-12-02 07:56:12.831900,2019-12-02 07:56:37.831900,2019-12-02 08:07:50.627333,Replace,2,41,43,0 days 00:00:25.000000000,0 days 00:13:23.208931000
7,2019-12-02 08:11:00.000000,2019-12-02 08:11:55.000000,2019-12-02 08:23:58.455148,2019-12-02 08:24:53.455148,2019-12-02 09:13:33.969855,2019-12-02 09:14:28.969855,2019-12-02 09:26:07.968628,Replace,2,41,43,0 days 00:00:55.000000000,0 days 00:12:58.455148000
8,2019-12-02 09:17:00.000000,2019-12-02 09:17:35.000000,2019-12-02 09:33:39.602646,2019-12-02 09:34:14.602646,2019-12-02 10:04:20.014387,2019-12-02 10:04:55.014387,2019-12-02 10:21:28.175959,Replace,2,41,43,0 days 00:00:35.000000000,0 days 00:16:39.602646000
9,2019-12-02 10:31:00.000000,2019-12-02 10:31:45.000000,2019-12-02 10:46:49.668737,2019-12-02 10:47:34.668737,2019-12-02 11:21:43.740990,2019-12-02 11:22:28.740990,2019-12-02 11:35:56.380629,Replace,2,41,43,0 days 00:00:45.000000000,0 days 00:15:49.668737000
10,2019-12-02 11:33:00.000000,2019-12-02 11:33:35.000000,2019-12-02 11:45:57.607615,2019-12-02 11:46:32.607615,2019-12-02 12:18:08.789536,2019-12-02 12:18:43.789536,2019-12-02 12:35:18.909069,Replace,2,41,43,0 days 00:00:35.000000000,0 days 00:12:57.607615000
11,2019-12-02 12:42:00.000000,2019-12-02 12:42:45.000000,2019-12-02 13:01:08.599871,2019-12-02 13:01:22.705412,,,,Onsite,2,41,43,0 days 00:00:45.000000000,0 days 00:18:37.705412000
12,2019-12-02 13:57:00.000000,2019-12-02 13:57:35.000000,2019-12-02 14:11:25.567932,2019-12-02 14:12:00.567932,2019-12-02 14:59:13.824269,2019-12-02 14:59:48.824269,2019-12-02 15:20:54.921049,Replace,2,41,43,0 days 00:00:35.000000000,0 days 00:14:25.567932000
13,2019-12-02 15:13:00.000000,2019-12-02 15:13:30.000000,2019-12-02 15:33:29.647484,2019-12-02 15:33:41.471219,,,,Onsite,2,41,43,0 days 00:00:30.000000000,0 days 00:20:11.471219000
14,2019-12-02 16:08:00.000000,2019-12-02 16:08:55.000000,2019-12-02 16:26:18.580547,2019-12-02 16:27:13.580547,2019-12-02 17:03:32.842144,2019-12-02 17:04:27.842144,2019-12-02 17:27:03.625385,Replace,2,41,43,0 days 00:00:55.000000000,0 days 00:18:18.580547000
15,2019-12-02 17:12:00.000000,2019-12-02 17:12:55.000000,2019-12-02 17:29:40.682887,2019-12-02 17:30:35.682887,2019-12-02 18:15:31.810796,2019-12-02 18:16:26.810796,2019-12-02 18:29:49.098388,Replace,2,41,43,0 days 00:00:55.000000000,0 days 00:17:40.682887000
16,2019-12-02 18:32:00.000000,2019-12-02 18:32:45.000000,2019-12-02 18:48:33.790679,2019-12-02 18:49:18.790679,2019-12-02 19:26:30.361480,2019-12-02 19:27:15.361480,2019-12-02 19:47:05.029707,Replace,2,41,43,0 days 00:00:45.000000000,0 days 00:16:33.790679000
17,2019-12-02 19:47:00.000000,2019-12-02 19:47:30.000000,2019-12-02 20:04:02.337740,2019-12-02 20:04:32.337740,2019-12-02 20:52:57.306024,2019-12-02 20:53:27.306024,2019-12-02 21:11:12.598416,Replace,2,41,43,0 days 00:00:30.000000000,0 days 00:17:02.337740000
18,2019-12-02 21:02:00.000000,2019-12-02 21:02:35.000000,2019-12-02 21:15:20.778531,2019-12-02 21:15:55.778531,2019-12-02 21:45:04.650796,2019-12-02 21:45:39.650796,2019-12-02 22:00:34.178927,Replace,2,41,43,0 days 00:00:35.000000000,0 days 00:13:20.778531000
0,2019-12-02 01:31:00.000000,2019-12-02 00:00:25.000000,2019-12-02 00:19:09.734771,2019-12-02 00:19:34.734771,2019-12-02 00:56:49.798127,2019-12-02 00:57:14.798127,2019-12-02 01:12:52.457464,Replace,3,41,43,-1 days +22:29:25.000000000,0 days 00:19:09.734771000
1,2019-12-02 01:13:00.000000,2019-12-02 01:13:25.000000,2019-12-02 01:29:35.877033,2019-12-02 01:29:53.340362,,,,Onsite,3,41,43,0 days 00:00:25.000000000,0 days 00:16:28.340362000
2,2019-12-02 02:28:00.000000,2019-12-02 02:28:50.000000,2019-12-02 02:42:16.588499,2019-12-02 02:43:06.588499,2019-12-02 03:41:51.189483,2019-12-02 03:42:41.189483,2019-12-02 03:58:28.700598,Replace,3,41,43,0 days 00:00:50.000000000,0 days 00:14:16.588499000
3,2019-12-02 04:05:00.000000,2019-12-02 04:05:55.000000,2019-12-02 04:24:41.640851,2019-12-02 04:25:36.640851,2019-12-02 04:50:24.840782,2019-12-02 04:51:19.840782,2019-12-02 05:14:10.604077,Replace,3,41,43,0 days 00:00:55.000000000,0 days 00:19:41.640851000
4,2019-12-02 05:03:00.000000,2019-12-02 05:03:45.000000,2019-12-02 05:15:56.984214,2019-12-02 05:16:41.984214,2019-12-02 05:52:50.578484,2019-12-02 05:53:35.578484,2019-12-02 06:07:21.240390,Replace,3,41,43,0 days 00:00:45.000000000,0 days 00:12:56.984214000
5,2019-12-02 06:12:00.000000,2019-12-02 06:12:45.000000,2019-12-02 06:32:34.873535,2019-12-02 06:32:54.655444,,,,Onsite,3,41,43,0 days 00:00:45.000000000,0 days 00:20:09.655444000
6,2019-12-02 07:21:00.000000,2019-12-02 07:21:45.000000,2019-12-02 07:36:52.310600,2019-12-02 07:37:37.310600,2019-12-02 08:06:20.712472,2019-12-02 08:07:05.712472,2019-12-02 08:19:47.526138,Replace,3,41,43,0 days 00:00:45.000000000,0 days 00:15:52.310600000
7,2019-12-02 08:37:00.000000,2019-12-02 08:37:35.000000,2019-12-02 08:52:29.390384,2019-12-02 08:52:45.861766,,,,Onsite,3,41,43,0 days 00:00:35.000000000,0 days 00:15:10.861766000
8,2019-12-02 09:45:00.000000,2019-12-02 09:45:50.000000,2019-12-02 10:01:35.994542,2019-12-02 10:02:25.994542,2019-12-02 10:36:45.260485,2019-12-02 10:37:35.260485,2019-12-02 10:49:02.289958,Replace,3,41,43,0 days 00:00:50.000000000,0 days 00:16:35.994542000
9,2019-12-02 10:44:00.000000,2019-12-02 10:44:55.000000,2019-12-02 11:01:04.086246,2019-12-02 11:01:26.642595,,,,Onsite,3,41,43,0 days 00:00:55.000000000,0 days 00:16:31.642595000
10,2019-12-02 11:38:00.000000,2019-12-02 11:38:45.000000,2019-12-02 11:56:01.950634,2019-12-02 11:56:46.950634,2019-12-02 12:36:28.372366,2019-12-02 12:37:13.372366,2019-12-02 12:50:29.664724,Replace,3,41,43,0 days 00:00:45.000000000,0 days 00:18:01.950634000
11,2019-12-02 12:44:00.000000,2019-12-02 12:44:30.000000,2019-12-02 12:54:00.894615,2019-12-02 12:54:15.438664,,,,Onsite,3,41,43,0 days 00:00:30.000000000,0 days 00:09:45.438664000
12,2019-12-02 13:56:00.000000,2019-12-02 13:56:45.000000,2019-12-02 14:08:59.386478,2019-12-02 14:09:11.190634,,,,Onsite,3,41,43,0 days 00:00:45.000000000,0 days 00:12:26.190634000
13,2019-12-02 15:05:00.000000,2019-12-02 15:05:30.000000,2019-12-02 15:27:03.285620,2019-12-02 15:27:16.088282,,,,Onsite,3,41,43,0 days 00:00:30.000000000,0 days 00:21:46.088282000
14,2019-12-02 16:02:00.000000,2019-12-02 16:02:45.000000,2019-12-02 16:14:49.739091,2019-12-02 16:15:34.739091,2019-12-02 16:38:35.820315,2019-12-02 16:39:20.820315,2019-12-02 16:55:20.376316,Replace,3,41,43,0 days 00:00:45.000000000,0 days 00:12:49.739091000
15,2019-12-02 17:13:00.000000,2019-12-02 17:13:25.000000,2019-12-02 17:25:03.344821,2019-12-02 17:25:28.344821,2019-12-02 18:04:35.632110,2019-12-02 18:05:00.632110,2019-12-02 18:24:36.040844,Replace,3,41,43,0 days 00:00:25.000000000,0 days 00:12:03.344821000
16,2019-12-02 18:20:00.000000,2019-12-02 18:20:45.000000,2019-12-02 18:31:15.880578,2019-12-02 18:32:00.880578,2019-12-02 19:19:57.182346,2019-12-02 19:20:42.182346,2019-12-02 19:43:47.517604,Replace,3,41,43,0 days 00:00:45.000000000,0 days 00:11:15.880578000
17,2019-12-02 19:43:00.000000,2019-12-02 19:43:45.000000,2019-12-02 20:00:05.998386,2019-12-02 20:00:50.998386,2019-12-02 20:33:39.846553,2019-12-02 20:34:24.846553,2019-12-02 20:51:24.449396,Replace,3,41,43,0 days 00:00:45.000000000,0 days 00:17:05.998386000
18,2019-12-02 20:56:00.000000,2019-12-02 20:56:45.000000,2019-12-02 21:10:31.130443,2019-12-02 21:10:38.506044,,,,Onsite,3,41,43,0 days 00:00:45.000000000,0 days 00:13:53.506044000
0,2019-12-02 01:18:00.000000,2019-12-02 00:00:30.000000,2019-12-02 00:18:16.436967,2019-12-02 00:18:54.688576,,,,Onsite,4,41,43,-1 days +22:42:30.000000000,0 days 00:18:24.688576000
1,2019-12-02 01:17:00.000000,2019-12-02 01:17:35.000000,2019-12-02 01:35:07.139005,2019-12-02 01:35:17.478819,,,,Onsite,4,41,43,0 days 00:00:35.000000000,0 days 00:17:42.478819000
2,2019-12-02 02:16:00.000000,2019-12-02 02:16:25.000000,2019-12-02 02:30:24.173125,2019-12-02 02:30:49.173125,2019-12-02 03:22:45.591625,2019-12-02 03:23:10.591625,2019-12-02 03:37:31.057155,Replace,4,41,43,0 days 00:00:25.000000000,0 days 00:14:24.173125000
3,2019-12-02 03:25:00.000000,2019-12-02 03:25:30.000000,2019-12-02 03:42:22.168729,2019-12-02 03:42:52.168729,2019-12-02 04:31:37.478680,2019-12-02 04:32:07.478680,2019-12-02 04:45:06.491342,Replace,4,41,43,0 days 00:00:30.000000000,0 days 00:17:22.168729000
4,2019-12-02 04:20:00.000000,2019-12-02 04:20:35.000000,2019-12-02 04:33:25.973104,2019-12-02 04:33:34.491291,,,,Onsite,4,41,43,0 days 00:00:35.000000000,0 days 00:12:59.491291000
5,2019-12-02 05:29:00.000000,2019-12-02 05:29:45.000000,2019-12-02 05:41:54.091000,2019-12-02 05:42:39.091000,2019-12-02 06:17:22.919983,2019-12-02 06:18:07.919983,2019-12-02 06:35:42.229985,Replace,4,41,43,0 days 00:00:45.000000000,0 days 00:12:54.091000000
6,2019-12-02 06:26:00.000000,2019-12-02 06:26:35.000000,2019-12-02 06:41:46.108239,2019-12-02 06:42:21.108239,2019-12-02 07:11:37.093105,2019-12-02 07:12:12.093105,2019-12-02 07:29:45.719310,Replace,4,41,43,0 days 00:00:35.000000000,0 days 00:15:46.108239000
7,2019-12-02 07:30:00.000000,2019-12-02 07:30:30.000000,2019-12-02 07:44:51.360290,2019-12-02 07:45:21.360290,2019-12-02 08:14:49.023140,2019-12-02 08:15:19.023140,2019-12-02 08:30:47.172092,Replace,4,41,43,0 days 00:00:30.000000000,0 days 00:14:51.360290000
8,2019-12-02 09:50:00.000000,2019-12-02 09:50:55.000000,2019-12-02 10:05:44.384554,2019-12-02 10:06:39.384554,2019-12-02 10:46:12.251806,2019-12-02 10:47:07.251806,2019-12-02 11:03:46.009665,Replace,4,41,43,0 days 00:00:55.000000000,0 days 00:15:44.384554000
9,2019-12-02 08:42:00.000000,2019-12-02 08:42:45.000000,2019-12-02 08:59:09.008386,2019-12-02 08:59:54.008386,2019-12-02 09:50:31.640830,2019-12-02 09:51:16.640830,2019-12-02 10:07:43.940073,Replace,4,41,43,0 days 00:00:45.000000000,0 days 00:17:09.008386000
10,2019-12-02 10:59:00.000000,2019-12-02 10:59:35.000000,2019-12-02 11:18:53.802033,2019-12-02 11:19:28.802033,2019-12-02 12:05:45.047591,2019-12-02 12:06:20.047591,2019-12-02 12:25:52.735194,Replace,4,41,43,0 days 00:00:35.000000000,0 days 00:19:53.802033000
11,2019-12-02 12:07:00.000000,2019-12-02 12:07:55.000000,2019-12-02 12:23:43.878066,2019-12-02 12:24:38.878066,2019-12-02 12:54:49.103938,2019-12-02 12:55:44.103938,2019-12-02 13:17:46.299653,Replace,4,41,43,0 days 00:00:55.000000000,0 days 00:16:43.878066000
12,2019-12-02 13:00:00.000000,2019-12-02 13:00:35.000000,2019-12-02 13:10:29.626677,2019-12-02 13:11:04.626677,2019-12-02 13:40:20.940896,2019-12-02 13:40:55.940896,2019-12-02 13:57:57.882926,Replace,4,41,43,0 days 00:00:35.000000000,0 days 00:10:29.626677000
13,2019-12-02 14:18:00.000000,2019-12-02 14:18:45.000000,2019-12-02 14:36:38.713965,2019-12-02 14:37:23.713965,2019-12-02 15:12:27.148966,2019-12-02 15:13:12.148966,2019-12-02 15:30:37.962919,Replace,4,41,43,0 days 00:00:45.000000000,0 days 00:18:38.713965000
14,2019-12-02 15:13:00.000000,2019-12-02 15:13:25.000000,2019-12-02 15:31:37.766826,2019-12-02 15:32:02.766826,2019-12-02 16:03:08.506588,2019-12-02 16:03:33.506588,2019-12-02 16:15:53.428810,Replace,4,41,43,0 days 00:00:25.000000000,0 days 00:18:37.766826000
15,2019-12-02 16:12:00.000000,2019-12-02 16:12:55.000000,2019-12-02 16:29:03.558044,2019-12-02 16:29:58.558044,2019-12-02 17:09:11.418089,2019-12-02 17:10:06.418089,2019-12-02 17:32:15.709459,Replace,4,41,43,0 days 00:00:55.000000000,0 days 00:17:03.558044000
16,2019-12-02 17:15:00.000000,2019-12-02 17:15:55.000000,2019-12-02 17:30:28.748431,2019-12-02 17:31:23.748431,2019-12-02 18:02:52.640648,2019-12-02 18:03:47.640648,2019-12-02 18:19:00.083004,Replace,4,41,43,0 days 00:00:55.000000000,0 days 00:15:28.748431000
17,2019-12-02 18:26:00.000000,2019-12-02 18:26:55.000000,2019-12-02 18:48:00.894725,2019-12-02 18:48:55.894725,2019-12-02 19:15:29.650595,2019-12-02 19:16:24.650595,2019-12-02 19:36:16.755294,Replace,4,41,43,0 days 00:00:55.000000000,0 days 00:22:00.894725000
18,2019-12-02 19:54:00.000000,2019-12-02 19:54:55.000000,2019-12-02 20:08:00.730142,2019-12-02 20:08:55.730142,2019-12-02 20:40:05.031615,2019-12-02 20:41:00.031615,2019-12-02 20:55:04.455774,Replace,4,41,43,0 days 00:00:55.000000000,0 days 00:14:00.730142000
19,2019-12-02 21:02:00.000000,2019-12-02 21:02:45.000000,2019-12-02 21:21:23.441403,2019-12-02 21:22:08.441403,2019-12-02 22:12:02.495992,2019-12-02 22:12:47.495992,2019-12-02 22:28:46.215018,Replace,4,41,43,0 days 00:00:45.000000000,0 days 00:19:23.441403000
20,2019-12-02 22:19:00.000000,2019-12-02 22:19:25.000000,2019-12-02 22:35:18.893317,2019-12-02 22:35:46.856577,,,,Onsite,4,41,43,0 days 00:00:25.000000000,0 days 00:16:21.856577000
0,2019-12-02 01:22:00.000000,2019-12-02 00:00:45.000000,2019-12-02 00:18:26.208385,2019-12-02 00:18:47.911409,,,,Onsite,5,41,43,-1 days +22:38:45.000000000,0 days 00:18:02.911409000
1,2019-12-02 01:00:00.000000,2019-12-02 01:00:55.000000,2019-12-02 01:15:43.841586,2019-12-02 01:15:50.936270,,,,Onsite,5,41,43,0 days 00:00:55.000000000,0 days 00:14:55.936270000
2,2019-12-02 02:11:00.000000,2019-12-02 02:11:35.000000,2019-12-02 02:29:12.487412,2019-12-02 02:29:41.847032,,,,Onsite,5,41,43,0 days 00:00:35.000000000,0 days 00:18:06.847032000
3,2019-12-02 03:19:00.000000,2019-12-02 03:19:45.000000,2019-12-02 03:38:33.765830,2019-12-02 03:39:18.765830,2019-12-02 04:25:19.110556,2019-12-02 04:26:04.110556,2019-12-02 04:45:51.380508,Replace,5,41,43,0 days 00:00:45.000000000,0 days 00:19:33.765830000
4,2019-12-02 04:22:00.000000,2019-12-02 04:22:30.000000,2019-12-02 04:39:24.953389,2019-12-02 04:39:39.496097,,,,Onsite,5,41,43,0 days 00:00:30.000000000,0 days 00:17:09.496097000
5,2019-12-02 05:28:00.000000,2019-12-02 05:28:35.000000,2019-12-02 05:49:43.325054,2019-12-02 05:50:18.325054,2019-12-02 06:31:34.779100,2019-12-02 06:32:09.779100,2019-12-02 06:48:14.720545,Replace,5,41,43,0 days 00:00:35.000000000,0 days 00:21:43.325054000
6,2019-12-02 06:46:00.000000,2019-12-02 06:46:35.000000,2019-12-02 07:04:44.813884,2019-12-02 07:05:19.813884,2019-12-02 07:49:17.655073,2019-12-02 07:49:52.655073,2019-12-02 08:11:08.187400,Replace,5,41,43,0 days 00:00:35.000000000,0 days 00:18:44.813884000
7,2019-12-02 07:55:00.000000,2019-12-02 07:55:30.000000,2019-12-02 08:09:45.083241,2019-12-02 08:10:15.083241,2019-12-02 08:50:57.773295,2019-12-02 08:51:27.773295,2019-12-02 09:09:31.126134,Replace,5,41,43,0 days 00:00:30.000000000,0 days 00:14:45.083241000
8,2019-12-02 09:10:00.000000,2019-12-02 09:10:35.000000,2019-12-02 09:24:09.476993,2019-12-02 09:24:18.020137,,,,Onsite,5,41,43,0 days 00:00:35.000000000,0 days 00:13:43.020137000
9,2019-12-02 10:29:00.000000,2019-12-02 10:29:45.000000,2019-12-02 10:43:53.895504,2019-12-02 10:44:16.552877,,,,Onsite,5,41,43,0 days 00:00:45.000000000,0 days 00:14:31.552877000
10,2019-12-02 11:28:00.000000,2019-12-02 11:28:45.000000,2019-12-02 11:44:58.049830,2019-12-02 11:45:43.049830,2019-12-02 12:20:49.957251,2019-12-02 12:21:34.957251,2019-12-02 12:35:49.760149,Replace,5,41,43,0 days 00:00:45.000000000,0 days 00:16:58.049830000
11,2019-12-02 12:24:00.000000,2019-12-02 12:24:45.000000,2019-12-02 12:41:51.692911,2019-12-02 12:42:36.692911,2019-12-02 13:13:09.600546,2019-12-02 13:13:54.600546,2019-12-02 13:33:53.840805,Replace,5,41,43,0 days 00:00:45.000000000,0 days 00:17:51.692911000
12,2019-12-02 13:35:00.000000,2019-12-02 13:35:50.000000,2019-12-02 13:51:20.963979,2019-12-02 13:52:10.963979,2019-12-02 14:37:54.947927,2019-12-02 14:38:44.947927,2019-12-02 14:51:21.374052,Replace,5,41,43,0 days 00:00:50.000000000,0 days 00:16:20.963979000
13,2019-12-02 14:41:00.000000,2019-12-02 14:41:30.000000,2019-12-02 15:03:24.285423,2019-12-02 15:03:36.733221,,,,Onsite,5,41,43,0 days 00:00:30.000000000,0 days 00:22:06.733221000
14,2019-12-02 15:35:00.000000,2019-12-02 15:35:25.000000,2019-12-02 15:53:23.983379,2019-12-02 15:53:48.983379,2019-12-02 16:23:09.141366,2019-12-02 16:23:34.141366,2019-12-02 16:34:05.400596,Replace,5,41,43,0 days 00:00:25.000000000,0 days 00:18:23.983379000
15,2019-12-02 16:36:00.000000,2019-12-02 16:36:25.000000,2019-12-02 16:49:36.187512,2019-12-02 16:49:51.094889,,,,Onsite,5,41,43,0 days 00:00:25.000000000,0 days 00:13:26.094889000
16,2019-12-02 17:28:00.000000,2019-12-02 17:28:45.000000,2019-12-02 17:40:58.595815,2019-12-02 17:41:43.595815,2019-12-02 18:26:20.276689,2019-12-02 18:27:05.276689,2019-12-02 18:42:48.160023,Replace,5,41,43,0 days 00:00:45.000000000,0 days 00:12:58.595815000
17,2019-12-02 18:44:00.000000,2019-12-02 18:44:45.000000,2019-12-02 19:02:06.534418,2019-12-02 19:02:23.409703,,,,Onsite,5,41,43,0 days 00:00:45.000000000,0 days 00:17:38.409703000
18,2019-12-02 19:51:00.000000,2019-12-02 19:51:55.000000,2019-12-02 20:06:53.939526,2019-12-02 20:07:48.939526,2019-12-02 20:35:09.134526,2019-12-02 20:36:04.134526,2019-12-02 20:53:32.389512,Replace,5,41,43,0 days 00:00:55.000000000,0 days 00:15:53.939526000
19,2019-12-02 20:46:00.000000,2019-12-02 20:46:50.000000,2019-12-02 21:00:17.333458,2019-12-02 21:00:26.734446,,,,Onsite,5,41,43,0 days 00:00:50.000000000,0 days 00:13:36.734446000
0,2019-12-02 01:16:00.000000,2019-12-02 00:00:50.000000,2019-12-02 00:13:39.864537,2019-12-02 00:13:53.010313,,,,Onsite,6,41,43,-1 days +22:44:50.000000000,0 days 00:13:03.010313000
1,2019-12-02 01:12:00.000000,2019-12-02 01:12:45.000000,2019-12-02 01:25:36.857175,2019-12-02 01:25:45.857695,,,,Onsite,6,41,43,0 days 00:00:45.000000000,0 days 00:13:00.857695000
2,2019-12-02 02:14:00.000000,2019-12-02 02:14:25.000000,2019-12-02 02:33:05.869604,2019-12-02 02:33:30.869604,2019-12-02 03:01:09.281166,2019-12-02 03:01:34.281166,2019-12-02 03:20:28.786139,Replace,6,41,43,0 days 00:00:25.000000000,0 days 00:19:05.869604000
3,2019-12-02 03:13:00.000000,2019-12-02 03:13:25.000000,2019-12-02 03:31:55.250578,2019-12-02 03:32:04.566177,,,,Onsite,6,41,43,0 days 00:00:25.000000000,0 days 00:18:39.566177000
4,2019-12-02 04:14:00.000000,2019-12-02 04:14:45.000000,2019-12-02 04:28:03.181744,2019-12-02 04:28:25.716602,,,,Onsite,6,41,43,0 days 00:00:45.000000000,0 days 00:13:40.716602000
5,2019-12-02 05:25:00.000000,2019-12-02 05:25:25.000000,2019-12-02 05:45:26.405640,2019-12-02 05:45:42.042151,,,,Onsite,6,41,43,0 days 00:00:25.000000000,0 days 00:20:17.042151000
6,2019-12-02 06:35:00.000000,2019-12-02 06:35:30.000000,2019-12-02 06:49:12.054915,2019-12-02 06:49:26.944965,,,,Onsite,6,41,43,0 days 00:00:30.000000000,0 days 00:13:56.944965000
7,2019-12-02 07:47:00.000000,2019-12-02 07:47:25.000000,2019-12-02 08:02:04.897965,2019-12-02 08:02:29.897965,2019-12-02 08:39:26.931823,2019-12-02 08:39:51.931823,2019-12-02 08:57:07.042545,Replace,6,41,43,0 days 00:00:25.000000000,0 days 00:15:04.897965000
8,2019-12-02 08:44:00.000000,2019-12-02 08:44:45.000000,2019-12-02 09:03:33.605341,2019-12-02 09:04:18.605341,2019-12-02 09:44:27.236027,2019-12-02 09:45:12.236027,2019-12-02 10:03:32.193403,Replace,6,41,43,0 days 00:00:45.000000000,0 days 00:19:33.605341000
9,2019-12-02 10:03:00.000000,2019-12-02 10:03:35.000000,2019-12-02 10:19:43.195131,2019-12-02 10:20:18.195131,2019-12-02 11:00:55.801715,2019-12-02 11:01:30.801715,2019-12-02 11:20:04.661155,Replace,6,41,43,0 days 00:00:35.000000000,0 days 00:16:43.195131000
10,2019-12-02 11:12:00.000000,2019-12-02 11:12:25.000000,2019-12-02 11:28:22.861795,2019-12-02 11:28:37.239328,,,,Onsite,6,41,43,0 days 00:00:25.000000000,0 days 00:16:12.239328000
11,2019-12-02 12:05:00.000000,2019-12-02 12:05:30.000000,2019-12-02 12:17:15.109513,2019-12-02 12:17:34.699386,,,,Onsite,6,41,43,0 days 00:00:30.000000000,0 days 00:12:04.699386000
12,2019-12-02 13:14:00.000000,2019-12-02 13:14:50.000000,2019-12-02 13:36:04.478141,2019-12-02 13:36:54.478141,2019-12-02 14:25:39.202639,2019-12-02 14:26:29.202639,2019-12-02 14:41:52.605085,Replace,6,41,43,0 days 00:00:50.000000000,0 days 00:22:04.478141000
13,2019-12-02 14:31:00.000000,2019-12-02 14:31:30.000000,2019-12-02 14:44:28.113376,2019-12-02 14:44:40.054337,,,,Onsite,6,41,43,0 days 00:00:30.000000000,0 days 00:13:10.054337000
14,2019-12-02 15:36:00.000000,2019-12-02 15:36:45.000000,2019-12-02 15:52:56.228428,2019-12-02 15:52:56.349659,,,,Onsite,6,41,43,0 days 00:00:45.000000000,0 days 00:16:11.349659000
15,2019-12-02 16:33:00.000000,2019-12-02 16:33:35.000000,2019-12-02 16:46:53.129944,2019-12-02 16:47:12.967445,,,,Onsite,6,41,43,0 days 00:00:35.000000000,0 days 00:13:37.967445000
16,2019-12-02 17:55:00.000000,2019-12-02 17:55:25.000000,2019-12-02 18:11:03.242352,2019-12-02 18:11:07.435365,,,,Onsite,6,41,43,0 days 00:00:25.000000000,0 days 00:15:42.435365000
17,2019-12-02 18:58:00.000000,2019-12-02 18:58:35.000000,2019-12-02 19:15:48.136680,2019-12-02 19:15:58.156400,,,,Onsite,6,41,43,0 days 00:00:35.000000000,0 days 00:17:23.156400000
18,2019-12-02 21:13:00.000000,2019-12-02 21:13:45.000000,2019-12-02 21:27:58.222926,2019-12-02 21:28:33.736529,,,,Onsite,6,41,43,0 days 00:00:45.000000000,0 days 00:14:48.736529000
19,2019-12-02 20:02:00.000000,2019-12-02 20:02:30.000000,2019-12-02 20:21:00.848199,2019-12-02 20:21:30.848199,2019-12-02 20:49:04.366582,2019-12-02 20:49:34.366582,2019-12-02 21:13:09.456943,Replace,6,41,43,0 days 00:00:30.000000000,0 days 00:19:00.848199000
0,2019-12-02 01:02:00.000000,2019-12-02 00:00:35.000000,2019-12-02 00:14:42.219821,2019-12-02 00:14:57.993078,,,,Onsite,7,41,43,-1 days +22:58:35.000000000,0 days 00:14:22.993078000
1,2019-12-02 01:19:00.000000,2019-12-02 01:19:55.000000,2019-12-02 01:36:29.465072,2019-12-02 01:37:24.465072,2019-12-02 02:14:34.700547,2019-12-02 02:15:29.700547,2019-12-02 02:32:06.339237,Replace,7,41,43,0 days 00:00:55.000000000,0 days 00:17:29.465072000
2,2019-12-02 02:18:00.000000,2019-12-02 02:18:35.000000,2019-12-02 02:31:54.648010,2019-12-02 02:32:02.110747,,,,Onsite,7,41,43,0 days 00:00:35.000000000,0 days 00:13:27.110747000
3,2019-12-02 03:24:00.000000,2019-12-02 03:24:45.000000,2019-12-02 03:42:49.992887,2019-12-02 03:43:05.685794,,,,Onsite,7,41,43,0 days 00:00:45.000000000,0 days 00:18:20.685794000
4,2019-12-02 04:33:00.000000,2019-12-02 04:33:45.000000,2019-12-02 04:45:52.083080,2019-12-02 04:46:03.163281,,,,Onsite,7,41,43,0 days 00:00:45.000000000,0 days 00:12:18.163281000
5,2019-12-02 05:40:00.000000,2019-12-02 05:40:25.000000,2019-12-02 05:58:45.795518,2019-12-02 05:59:10.795518,2019-12-02 06:54:30.281150,2019-12-02 06:54:55.281150,2019-12-02 07:14:50.499815,Replace,7,41,43,0 days 00:00:25.000000000,0 days 00:18:45.795518000
6,2019-12-02 06:47:00.000000,2019-12-02 06:47:45.000000,2019-12-02 07:04:22.365309,2019-12-02 07:05:07.365309,2019-12-02 07:32:08.664481,2019-12-02 07:32:53.664481,2019-12-02 07:53:18.268457,Replace,7,41,43,0 days 00:00:45.000000000,0 days 00:17:22.365309000
7,2019-12-02 07:59:00.000000,2019-12-02 07:59:35.000000,2019-12-02 08:17:39.661377,2019-12-02 08:18:14.661377,2019-12-02 08:40:49.750033,2019-12-02 08:41:24.750033,2019-12-02 09:03:30.662526,Replace,7,41,43,0 days 00:00:35.000000000,0 days 00:18:39.661377000
8,2019-12-02 08:49:00.000000,2019-12-02 08:49:55.000000,2019-12-02 09:04:42.048831,2019-12-02 09:05:37.048831,2019-12-02 09:29:12.789442,2019-12-02 09:30:07.789442,2019-12-02 09:45:01.981829,Replace,7,41,43,0 days 00:00:55.000000000,0 days 00:15:42.048831000
9,2019-12-02 10:08:00.000000,2019-12-02 10:08:50.000000,2019-12-02 10:23:15.574517,2019-12-02 10:24:05.574517,2019-12-02 10:59:40.115245,2019-12-02 11:00:30.115245,2019-12-02 11:17:54.669806,Replace,7,41,43,0 days 00:00:50.000000000,0 days 00:15:15.574517000
10,2019-12-02 11:04:00.000000,2019-12-02 11:04:30.000000,2019-12-02 11:17:33.180544,2019-12-02 11:18:03.180544,2019-12-02 11:40:51.388112,2019-12-02 11:41:21.388112,2019-12-02 11:59:29.190066,Replace,7,41,43,0 days 00:00:30.000000000,0 days 00:13:33.180544000
11,2019-12-02 12:07:00.000000,2019-12-02 12:07:35.000000,2019-12-02 12:27:24.313803,2019-12-02 12:27:39.660328,,,,Onsite,7,41,43,0 days 00:00:35.000000000,0 days 00:20:04.660328000
12,2019-12-02 13:17:00.000000,2019-12-02 13:17:45.000000,2019-12-02 13:34:06.936790,2019-12-02 13:34:51.936790,2019-12-02 14:06:16.543335,2019-12-02 14:07:01.543335,2019-12-02 14:22:58.875273,Replace,7,41,43,0 days 00:00:45.000000000,0 days 00:17:06.936790000
13,2019-12-02 14:32:00.000000,2019-12-02 14:32:45.000000,2019-12-02 14:50:46.125085,2019-12-02 14:51:31.125085,2019-12-02 15:26:22.979897,2019-12-02 15:27:07.979897,2019-12-02 15:43:50.878418,Replace,7,41,43,0 days 00:00:45.000000000,0 days 00:18:46.125085000
14,2019-12-02 15:41:00.000000,2019-12-02 15:41:50.000000,2019-12-02 15:58:18.901262,2019-12-02 15:59:08.901262,2019-12-02 16:32:02.270989,2019-12-02 16:32:52.270989,2019-12-02 16:48:59.520709,Replace,7,41,43,0 days 00:00:50.000000000,0 days 00:17:18.901262000
15,2019-12-02 16:46:00.000000,2019-12-02 16:46:35.000000,2019-12-02 17:07:46.613894,2019-12-02 17:07:49.777507,,,,Onsite,7,41,43,0 days 00:00:35.000000000,0 days 00:21:14.777507000
16,2019-12-02 17:53:00.000000,2019-12-02 17:53:30.000000,2019-12-02 18:11:53.394271,2019-12-02 18:12:23.394271,2019-12-02 19:01:39.578803,2019-12-02 19:02:09.578803,2019-12-02 19:21:15.163479,Replace,7,41,43,0 days 00:00:30.000000000,0 days 00:18:53.394271000
17,2019-12-02 19:16:00.000000,2019-12-02 19:16:25.000000,2019-12-02 19:35:47.365710,2019-12-02 19:36:12.365710,2019-12-02 20:07:41.406063,2019-12-02 20:08:06.406063,2019-12-02 20:22:27.138617,Replace,7,41,43,0 days 00:00:25.000000000,0 days 00:19:47.365710000
18,2019-12-02 20:36:00.000000,2019-12-02 20:36:45.000000,2019-12-02 20:52:34.208505,2019-12-02 20:53:19.208505,2019-12-02 21:27:01.604009,2019-12-02 21:27:46.604009,2019-12-02 21:43:32.339371,Replace,7,41,43,0 days 00:00:45.000000000,0 days 00:16:34.208505000
19,2019-12-02 21:54:00.000000,2019-12-02 21:54:45.000000,2019-12-02 22:10:36.347437,2019-12-02 22:10:45.287121,,,,Onsite,7,41,43,0 days 00:00:45.000000000,0 days 00:16:00.287121000
0,2019-12-02 01:17:00.000000,2019-12-02 00:00:25.000000,2019-12-02 00:14:32.030368,2019-12-02 00:14:46.077483,,,,Onsite,8,41,43,-1 days +22:43:25.000000000,0 days 00:14:21.077483000
1,2019-12-02 01:02:00.000000,2019-12-02 01:02:45.000000,2019-12-02 01:16:59.580814,2019-12-02 01:17:15.776511,,,,Onsite,8,41,43,0 days 00:00:45.000000000,0 days 00:14:30.776511000
2,2019-12-02 02:17:00.000000,2019-12-02 02:17:55.000000,2019-12-02 02:41:36.296721,2019-12-02 02:42:31.296721,2019-12-02 03:21:22.046290,2019-12-02 03:22:17.046290,2019-12-02 03:42:48.088740,Replace,8,41,43,0 days 00:00:55.000000000,0 days 00:24:36.296721000
3,2019-12-02 03:16:00.000000,2019-12-02 03:16:30.000000,2019-12-02 03:36:24.665908,2019-12-02 03:36:38.560356,,,,Onsite,8,41,43,0 days 00:00:30.000000000,0 days 00:20:08.560356000
4,2019-12-02 04:35:00.000000,2019-12-02 04:35:45.000000,2019-12-02 04:53:31.831647,2019-12-02 04:54:16.831647,2019-12-02 05:42:52.036152,2019-12-02 05:43:37.036152,2019-12-02 05:57:13.694663,Replace,8,41,43,0 days 00:00:45.000000000,0 days 00:18:31.831647000
5,2019-12-02 05:40:00.000000,2019-12-02 05:40:35.000000,2019-12-02 05:58:29.831081,2019-12-02 05:59:04.831081,2019-12-02 06:44:41.629502,2019-12-02 06:45:16.629502,2019-12-02 07:00:11.842697,Replace,8,41,43,0 days 00:00:35.000000000,0 days 00:18:29.831081000
6,2019-12-02 06:55:00.000000,2019-12-02 06:55:25.000000,2019-12-02 07:15:26.877454,2019-12-02 07:15:51.877454,2019-12-02 07:58:07.611885,2019-12-02 07:58:32.611885,2019-12-02 08:12:07.593579,Replace,8,41,43,0 days 00:00:25.000000000,0 days 00:20:26.877454000
7,2019-12-02 08:10:00.000000,2019-12-02 08:10:55.000000,2019-12-02 08:24:26.552546,2019-12-02 08:25:21.552546,2019-12-02 09:03:21.213832,2019-12-02 09:04:16.213832,2019-12-02 09:18:25.057429,Replace,8,41,43,0 days 00:00:55.000000000,0 days 00:14:26.552546000
8,2019-12-02 09:18:00.000000,2019-12-02 09:18:50.000000,2019-12-02 09:34:48.364179,2019-12-02 09:35:38.364179,2019-12-02 10:27:50.137479,2019-12-02 10:28:40.137479,2019-12-02 10:51:39.446589,Replace,8,41,43,0 days 00:00:50.000000000,0 days 00:16:48.364179000
9,2019-12-02 10:22:00.000000,2019-12-02 10:22:45.000000,2019-12-02 10:37:12.903981,2019-12-02 10:37:57.903981,2019-12-02 11:10:44.709946,2019-12-02 11:11:29.709946,2019-12-02 11:33:52.971093,Replace,8,41,43,0 days 00:00:45.000000000,0 days 00:15:12.903981000
10,2019-12-02 11:27:00.000000,2019-12-02 11:27:25.000000,2019-12-02 11:38:31.913828,2019-12-02 11:38:56.913828,2019-12-02 12:09:11.326656,2019-12-02 12:09:36.326656,2019-12-02 12:26:32.190633,Replace,8,41,43,0 days 00:00:25.000000000,0 days 00:11:31.913828000
11,2019-12-02 12:30:00.000000,2019-12-02 12:30:35.000000,2019-12-02 12:44:57.343675,2019-12-02 12:45:18.249170,,,,Onsite,8,41,43,0 days 00:00:35.000000000,0 days 00:14:43.249170000
12,2019-12-02 13:30:00.000000,2019-12-02 13:30:55.000000,2019-12-02 13:47:42.164454,2019-12-02 13:48:37.164454,2019-12-02 14:17:03.542963,2019-12-02 14:17:58.542963,2019-12-02 14:39:39.725750,Replace,8,41,43,0 days 00:00:55.000000000,0 days 00:17:42.164454000
13,2019-12-02 14:40:00.000000,2019-12-02 14:40:30.000000,2019-12-02 14:57:59.117689,2019-12-02 14:58:29.117689,2019-12-02 15:29:36.984574,2019-12-02 15:30:06.984574,2019-12-02 15:47:47.955234,Replace,8,41,43,0 days 00:00:30.000000000,0 days 00:17:59.117689000
14,2019-12-02 16:03:00.000000,2019-12-02 16:03:35.000000,2019-12-02 16:19:09.636838,2019-12-02 16:19:19.976726,,,,Onsite,8,41,43,0 days 00:00:35.000000000,0 days 00:15:44.976726000
15,2019-12-02 17:10:00.000000,2019-12-02 17:10:50.000000,2019-12-02 17:24:37.327318,2019-12-02 17:25:27.327318,2019-12-02 18:11:06.347324,2019-12-02 18:11:56.347324,2019-12-02 18:23:50.297995,Replace,8,41,43,0 days 00:00:50.000000000,0 days 00:14:37.327318000
16,2019-12-02 18:23:00.000000,2019-12-02 18:23:45.000000,2019-12-02 18:41:26.423721,2019-12-02 18:41:39.599872,,,,Onsite,8,41,43,0 days 00:00:45.000000000,0 days 00:17:54.599872000
17,2019-12-02 19:52:00.000000,2019-12-02 19:52:50.000000,2019-12-02 20:12:57.095839,2019-12-02 20:13:14.054752,,,,Onsite,8,41,43,0 days 00:00:50.000000000,0 days 00:20:24.054752000
18,2019-12-02 21:01:00.000000,2019-12-02 21:01:30.000000,2019-12-02 21:14:11.529213,2019-12-02 21:14:38.208404,,,,Onsite,8,41,43,0 days 00:00:30.000000000,0 days 00:13:08.208404000
19,2019-12-02 22:13:00.000000,2019-12-02 22:13:45.000000,2019-12-02 22:28:46.579255,2019-12-02 22:29:22.591402,,,,Onsite,8,41,43,0 days 00:00:45.000000000,0 days 00:15:37.591402000
0,2019-12-02 01:04:00.000000,2019-12-02 00:00:55.000000,2019-12-02 00:15:33.016989,2019-12-02 00:16:28.016989,2019-12-02 00:56:52.664585,2019-12-02 00:57:47.664585,2019-12-02 01:21:42.983941,Replace,9,41,43,-1 days +22:56:55.000000000,0 days 00:15:33.016989000
1,2019-12-02 01:16:00.000000,2019-12-02 01:16:35.000000,2019-12-02 01:31:41.760244,2019-12-02 01:31:50.409782,,,,Onsite,9,41,43,0 days 00:00:35.000000000,0 days 00:15:15.409782000
2,2019-12-02 02:28:00.000000,2019-12-02 02:28:50.000000,2019-12-02 02:40:27.279697,2019-12-02 02:41:17.279697,2019-12-02 03:05:22.857534,2019-12-02 03:06:12.857534,2019-12-02 03:21:40.862012,Replace,9,41,43,0 days 00:00:50.000000000,0 days 00:12:27.279697000
3,2019-12-02 03:37:00.000000,2019-12-02 03:37:30.000000,2019-12-02 03:54:00.300282,2019-12-02 03:54:14.618934,,,,Onsite,9,41,43,0 days 00:00:30.000000000,0 days 00:16:44.618934000
4,2019-12-02 04:54:00.000000,2019-12-02 04:54:45.000000,2019-12-02 05:04:06.931407,2019-12-02 05:04:10.893872,,,,Onsite,9,41,43,0 days 00:00:45.000000000,0 days 00:09:25.893872000
5,2019-12-02 06:10:00.000000,2019-12-02 06:10:30.000000,2019-12-02 06:24:15.774565,2019-12-02 06:24:45.774565,2019-12-02 07:08:56.271160,2019-12-02 07:09:26.271160,2019-12-02 07:26:09.849395,Replace,9,41,43,0 days 00:00:30.000000000,0 days 00:14:15.774565000
6,2019-12-02 07:19:00.000000,2019-12-02 07:19:45.000000,2019-12-02 07:34:00.845416,2019-12-02 07:34:45.845416,2019-12-02 08:17:10.643109,2019-12-02 08:17:55.643109,2019-12-02 08:34:02.726075,Replace,9,41,43,0 days 00:00:45.000000000,0 days 00:15:00.845416000
7,2019-12-02 08:30:00.000000,2019-12-02 08:30:45.000000,2019-12-02 08:50:07.589498,2019-12-02 08:50:52.589498,2019-12-02 09:26:16.414789,2019-12-02 09:27:01.414789,2019-12-02 09:47:37.391546,Replace,9,41,43,0 days 00:00:45.000000000,0 days 00:20:07.589498000
8,2019-12-02 09:44:00.000000,2019-12-02 09:44:35.000000,2019-12-02 10:02:23.632164,2019-12-02 10:02:58.632164,2019-12-02 10:36:23.282361,2019-12-02 10:36:58.282361,2019-12-02 10:50:17.394232,Replace,9,41,43,0 days 00:00:35.000000000,0 days 00:18:23.632164000
9,2019-12-02 11:07:00.000000,2019-12-02 11:07:45.000000,2019-12-02 11:26:03.112796,2019-12-02 11:26:48.112796,2019-12-02 12:14:44.545984,2019-12-02 12:15:29.545984,2019-12-02 12:32:05.293328,Replace,9,41,43,0 days 00:00:45.000000000,0 days 00:19:03.112796000
10,2019-12-02 13:10:00.000000,2019-12-02 13:10:50.000000,2019-12-02 13:33:29.896485,2019-12-02 13:34:19.896485,2019-12-02 14:02:32.629140,2019-12-02 14:03:22.629140,2019-12-02 14:18:30.963400,Replace,9,41,43,0 days 00:00:50.000000000,0 days 00:23:29.896485000
11,2019-12-02 12:14:00.000000,2019-12-02 12:14:55.000000,2019-12-02 12:29:46.613133,2019-12-02 12:30:41.613133,2019-12-02 13:23:32.154926,2019-12-02 13:24:27.154926,2019-12-02 13:38:17.634335,Replace,9,41,43,0 days 00:00:55.000000000,0 days 00:15:46.613133000
12,2019-12-02 14:25:00.000000,2019-12-02 14:25:55.000000,2019-12-02 14:41:56.434289,2019-12-02 14:42:12.036487,,,,Onsite,9,41,43,0 days 00:00:55.000000000,0 days 00:16:17.036487000
13,2019-12-02 15:26:00.000000,2019-12-02 15:26:55.000000,2019-12-02 15:41:56.200382,2019-12-02 15:42:51.200382,2019-12-02 16:13:39.160769,2019-12-02 16:14:34.160769,2019-12-02 16:29:24.834552,Replace,9,41,43,0 days 00:00:55.000000000,0 days 00:15:56.200382000
14,2019-12-02 16:33:00.000000,2019-12-02 16:33:50.000000,2019-12-02 16:53:48.321905,2019-12-02 16:54:38.321905,2019-12-02 17:28:45.731965,2019-12-02 17:29:35.731965,2019-12-02 17:46:31.560170,Replace,9,41,43,0 days 00:00:50.000000000,0 days 00:20:48.321905000
15,2019-12-02 17:50:00.000000,2019-12-02 17:50:25.000000,2019-12-02 18:04:55.299963,2019-12-02 18:05:20.299963,2019-12-02 19:01:57.483736,2019-12-02 19:02:22.483736,2019-12-02 19:21:24.807442,Replace,9,41,43,0 days 00:00:25.000000000,0 days 00:14:55.299963000
16,2019-12-02 19:00:00.000000,2019-12-02 19:00:55.000000,2019-12-02 19:15:33.322374,2019-12-02 19:16:28.322374,2019-12-02 20:02:51.634635,2019-12-02 20:03:46.634635,2019-12-02 20:23:56.989055,Replace,9,41,43,0 days 00:00:55.000000000,0 days 00:15:33.322374000
17,2019-12-02 20:17:00.000000,2019-12-02 20:17:25.000000,2019-12-02 20:30:50.382963,2019-12-02 20:31:14.549652,,,,Onsite,9,41,43,0 days 00:00:25.000000000,0 days 00:13:49.549652000
18,2019-12-02 21:20:00.000000,2019-12-02 21:20:25.000000,2019-12-02 21:39:24.338362,2019-12-02 21:39:49.338362,2019-12-02 22:16:35.659237,2019-12-02 22:17:00.659237,2019-12-02 22:38:17.282696,Replace,9,41,43,0 days 00:00:25.000000000,0 days 00:19:24.338362000
0,2019-12-02 01:00:00.000000,2019-12-02 00:00:45.000000,2019-12-02 00:16:39.669656,2019-12-02 00:17:24.669656,2019-12-02 00:54:08.476019,2019-12-02 00:54:53.476019,2019-12-02 01:19:12.186196,Replace,1,41,44,-1 days +23:00:45.000000000,0 days 00:16:39.669656000
1,2019-12-02 01:06:00.000000,2019-12-02 01:06:30.000000,2019-12-02 01:26:29.405231,2019-12-02 01:26:42.438149,,,,Onsite,1,41,44,0 days 00:00:30.000000000,0 days 00:20:12.438149000
2,2019-12-02 02:12:00.000000,2019-12-02 02:12:45.000000,2019-12-02 02:27:40.794217,2019-12-02 02:27:52.593430,,,,Onsite,1,41,44,0 days 00:00:45.000000000,0 days 00:15:07.593430000
3,2019-12-02 03:25:00.000000,2019-12-02 03:25:55.000000,2019-12-02 03:44:01.615669,2019-12-02 03:44:10.417364,,,,Onsite,1,41,44,0 days 00:00:55.000000000,0 days 00:18:15.417364000
4,2019-12-02 04:34:00.000000,2019-12-02 04:34:45.000000,2019-12-02 04:49:19.599712,2019-12-02 04:50:04.599712,2019-12-02 05:23:25.301850,2019-12-02 05:24:10.301850,2019-12-02 05:40:08.032807,Replace,1,41,44,0 days 00:00:45.000000000,0 days 00:15:19.599712000
5,2019-12-02 05:38:00.000000,2019-12-02 05:38:50.000000,2019-12-02 05:58:49.246386,2019-12-02 05:59:39.246386,2019-12-02 06:26:49.932430,2019-12-02 06:27:39.932430,2019-12-02 06:46:12.475450,Replace,1,41,44,0 days 00:00:50.000000000,0 days 00:20:49.246386000
6,2019-12-02 06:40:00.000000,2019-12-02 06:40:25.000000,2019-12-02 06:57:04.198591,2019-12-02 06:57:29.198591,2019-12-02 07:25:33.577810,2019-12-02 07:25:58.577810,2019-12-02 07:40:24.226603,Replace,1,41,44,0 days 00:00:25.000000000,0 days 00:17:04.198591000
7,2019-12-02 07:49:00.000000,2019-12-02 07:49:30.000000,2019-12-02 08:07:06.509552,2019-12-02 08:07:22.536100,,,,Onsite,1,41,44,0 days 00:00:30.000000000,0 days 00:17:52.536100000
8,2019-12-02 09:00:00.000000,2019-12-02 09:00:50.000000,2019-12-02 09:16:56.688082,2019-12-02 09:17:46.688082,2019-12-02 10:05:27.450753,2019-12-02 10:06:17.450753,2019-12-02 10:20:36.099655,Replace,1,41,44,0 days 00:00:50.000000000,0 days 00:16:56.688082000
9,2019-12-02 10:15:00.000000,2019-12-02 10:15:45.000000,2019-12-02 10:30:57.097226,2019-12-02 10:31:24.845206,,,,Onsite,1,41,44,0 days 00:00:45.000000000,0 days 00:15:39.845206000
10,2019-12-02 11:14:00.000000,2019-12-02 11:14:35.000000,2019-12-02 11:35:12.313039,2019-12-02 11:35:20.165497,,,,Onsite,1,41,44,0 days 00:00:35.000000000,0 days 00:20:45.165497000
11,2019-12-02 12:28:00.000000,2019-12-02 12:28:35.000000,2019-12-02 12:41:25.609953,2019-12-02 12:41:46.831016,,,,Onsite,1,41,44,0 days 00:00:35.000000000,0 days 00:13:11.831016000
12,2019-12-02 13:23:00.000000,2019-12-02 13:23:25.000000,2019-12-02 13:41:38.647646,2019-12-02 13:42:03.647646,2019-12-02 14:25:39.627186,2019-12-02 14:26:04.627186,2019-12-02 14:41:34.597602,Replace,1,41,44,0 days 00:00:25.000000000,0 days 00:18:38.647646000
13,2019-12-02 15:41:00.000000,2019-12-02 15:41:45.000000,2019-12-02 15:56:12.531791,2019-12-02 15:56:36.398184,,,,Onsite,1,41,44,0 days 00:00:45.000000000,0 days 00:14:51.398184000
14,2019-12-02 14:29:00.000000,2019-12-02 14:29:55.000000,2019-12-02 14:41:54.421687,2019-12-02 14:42:49.421687,2019-12-02 15:19:28.912375,2019-12-02 15:20:23.912375,2019-12-02 15:41:16.501151,Replace,1,41,44,0 days 00:00:55.000000000,0 days 00:12:54.421687000
15,2019-12-02 16:57:00.000000,2019-12-02 16:57:55.000000,2019-12-02 17:15:05.793341,2019-12-02 17:16:00.793341,2019-12-02 18:05:25.649137,2019-12-02 18:06:20.649137,2019-12-02 18:23:14.540625,Replace,1,41,44,0 days 00:00:55.000000000,0 days 00:18:05.793341000
16,2019-12-02 18:03:00.000000,2019-12-02 18:03:45.000000,2019-12-02 18:17:06.904838,2019-12-02 18:17:13.397453,,,,Onsite,1,41,44,0 days 00:00:45.000000000,0 days 00:13:28.397453000
17,2019-12-02 18:59:00.000000,2019-12-02 18:59:55.000000,2019-12-02 19:15:18.327358,2019-12-02 19:15:30.447440,,,,Onsite,1,41,44,0 days 00:00:55.000000000,0 days 00:15:35.447440000
18,2019-12-02 19:52:00.000000,2019-12-02 19:52:35.000000,2019-12-02 20:05:40.841018,2019-12-02 20:05:59.787541,,,,Onsite,1,41,44,0 days 00:00:35.000000000,0 days 00:13:24.787541000
19,2019-12-02 21:14:00.000000,2019-12-02 21:14:35.000000,2019-12-02 21:30:12.642059,2019-12-02 21:30:47.642059,2019-12-02 21:58:28.295875,2019-12-02 21:59:03.295875,2019-12-02 22:18:51.564388,Replace,1,41,44,0 days 00:00:35.000000000,0 days 00:16:12.642059000
20,2019-12-02 22:21:00.000000,2019-12-02 22:21:50.000000,2019-12-02 22:33:45.071394,2019-12-02 22:33:52.241595,,,,Onsite,1,41,44,0 days 00:00:50.000000000,0 days 00:12:02.241595000
0,2019-12-02 01:02:00.000000,2019-12-02 00:00:50.000000,2019-12-02 00:19:47.647464,2019-12-02 00:20:37.647464,2019-12-02 00:45:48.446809,2019-12-02 00:46:38.446809,2019-12-02 01:04:16.885891,Replace,2,41,44,-1 days +22:58:50.000000000,0 days 00:19:47.647464000
1,2019-12-02 01:01:00.000000,2019-12-02 01:01:45.000000,2019-12-02 01:18:57.762447,2019-12-02 01:19:42.762447,2019-12-02 01:47:55.604085,2019-12-02 01:48:40.604085,2019-12-02 02:01:50.320503,Replace,2,41,44,0 days 00:00:45.000000000,0 days 00:17:57.762447000
2,2019-12-02 02:04:00.000000,2019-12-02 02:04:35.000000,2019-12-02 02:22:20.864766,2019-12-02 02:22:40.712986,,,,Onsite,2,41,44,0 days 00:00:35.000000000,0 days 00:18:05.712986000
3,2019-12-02 03:06:00.000000,2019-12-02 03:06:45.000000,2019-12-02 03:22:27.637955,2019-12-02 03:23:12.637955,2019-12-02 03:47:47.516636,2019-12-02 03:48:32.516636,2019-12-02 04:07:13.450334,Replace,2,41,44,0 days 00:00:45.000000000,0 days 00:16:27.637955000
4,2019-12-02 04:16:00.000000,2019-12-02 04:16:30.000000,2019-12-02 04:34:23.187587,2019-12-02 04:34:53.187587,2019-12-02 05:07:03.945578,2019-12-02 05:07:33.945578,2019-12-02 05:23:46.455621,Replace,2,41,44,0 days 00:00:30.000000000,0 days 00:18:23.187587000
5,2019-12-02 05:12:00.000000,2019-12-02 05:12:30.000000,2019-12-02 05:25:52.718250,2019-12-02 05:26:22.718250,2019-12-02 06:07:46.090225,2019-12-02 06:08:16.090225,2019-12-02 06:18:39.633307,Replace,2,41,44,0 days 00:00:30.000000000,0 days 00:13:52.718250000
6,2019-12-02 06:24:00.000000,2019-12-02 06:24:45.000000,2019-12-02 06:42:34.220248,2019-12-02 06:43:19.220248,2019-12-02 07:15:29.258727,2019-12-02 07:16:14.258727,2019-12-02 07:37:19.999450,Replace,2,41,44,0 days 00:00:45.000000000,0 days 00:18:34.220248000
7,2019-12-02 08:30:00.000000,2019-12-02 08:30:30.000000,2019-12-02 08:46:47.119789,2019-12-02 08:46:56.132306,,,,Onsite,2,41,44,0 days 00:00:30.000000000,0 days 00:16:26.132306000
8,2019-12-02 07:22:00.000000,2019-12-02 07:22:55.000000,2019-12-02 07:38:04.514119,2019-12-02 07:38:59.514119,2019-12-02 08:13:58.283368,2019-12-02 08:14:53.283368,2019-12-02 08:30:04.054259,Replace,2,41,44,0 days 00:00:55.000000000,0 days 00:16:04.514119000
9,2019-12-02 09:43:00.000000,2019-12-02 09:43:45.000000,2019-12-02 10:01:58.189095,2019-12-02 10:02:07.604505,,,,Onsite,2,41,44,0 days 00:00:45.000000000,0 days 00:18:22.604505000
10,2019-12-02 12:20:00.000000,2019-12-02 12:20:55.000000,2019-12-02 12:36:13.441191,2019-12-02 12:37:08.441191,2019-12-02 13:04:42.134409,2019-12-02 13:05:37.134409,2019-12-02 13:18:51.626719,Replace,2,41,44,0 days 00:00:55.000000000,0 days 00:16:13.441191000
11,2019-12-02 11:09:00.000000,2019-12-02 11:09:35.000000,2019-12-02 11:25:02.016781,2019-12-02 11:25:37.016781,2019-12-02 12:03:22.940598,2019-12-02 12:03:57.940598,2019-12-02 12:20:39.435435,Replace,2,41,44,0 days 00:00:35.000000000,0 days 00:16:02.016781000
12,2019-12-02 13:34:00.000000,2019-12-02 13:34:35.000000,2019-12-02 13:49:46.442235,2019-12-02 13:49:57.158175,,,,Onsite,2,41,44,0 days 00:00:35.000000000,0 days 00:15:22.158175000
13,2019-12-02 14:52:00.000000,2019-12-02 14:52:25.000000,2019-12-02 15:09:40.120611,2019-12-02 15:10:05.120611,2019-12-02 15:35:53.766998,2019-12-02 15:36:18.766998,2019-12-02 15:54:11.718558,Replace,2,41,44,0 days 00:00:25.000000000,0 days 00:17:40.120611000
14,2019-12-02 15:56:00.000000,2019-12-02 15:56:45.000000,2019-12-02 16:12:32.419759,2019-12-02 16:12:49.772019,,,,Onsite,2,41,44,0 days 00:00:45.000000000,0 days 00:16:04.772019000
15,2019-12-02 17:04:00.000000,2019-12-02 17:04:55.000000,2019-12-02 17:17:21.312891,2019-12-02 17:18:16.312891,2019-12-02 17:50:35.954836,2019-12-02 17:51:30.954836,2019-12-02 18:12:51.591417,Replace,2,41,44,0 days 00:00:55.000000000,0 days 00:13:21.312891000
16,2019-12-02 17:58:00.000000,2019-12-02 17:58:55.000000,2019-12-02 18:13:59.615100,2019-12-02 18:14:18.598639,,,,Onsite,2,41,44,0 days 00:00:55.000000000,0 days 00:15:23.598639000
17,2019-12-02 19:01:00.000000,2019-12-02 19:01:55.000000,2019-12-02 19:20:57.785409,2019-12-02 19:21:52.785409,2019-12-02 19:59:35.846747,2019-12-02 20:00:30.846747,2019-12-02 20:13:02.932967,Replace,2,41,44,0 days 00:00:55.000000000,0 days 00:19:57.785409000
18,2019-12-02 20:06:00.000000,2019-12-02 20:06:50.000000,2019-12-02 20:23:10.164646,2019-12-02 20:24:00.164646,2019-12-02 20:56:40.179666,2019-12-02 20:57:30.179666,2019-12-02 21:15:59.400530,Replace,2,41,44,0 days 00:00:50.000000000,0 days 00:17:10.164646000
19,2019-12-02 21:10:00.000000,2019-12-02 21:10:25.000000,2019-12-02 21:25:11.386591,2019-12-02 21:25:26.910468,,,,Onsite,2,41,44,0 days 00:00:25.000000000,0 days 00:15:01.910468000
20,2019-12-02 22:26:00.000000,2019-12-02 22:26:45.000000,2019-12-02 22:41:49.131578,2019-12-02 22:42:01.399139,,,,Onsite,2,41,44,0 days 00:00:45.000000000,0 days 00:15:16.399139000
0,2019-12-02 01:03:00.000000,2019-12-02 00:00:45.000000,2019-12-02 00:14:49.516228,2019-12-02 00:15:34.516228,2019-12-02 00:55:09.910619,2019-12-02 00:55:54.910619,2019-12-02 01:14:04.089403,Replace,3,41,44,-1 days +22:57:45.000000000,0 days 00:14:49.516228000
1,2019-12-02 01:05:00.000000,2019-12-02 01:05:35.000000,2019-12-02 01:19:51.958481,2019-12-02 01:20:10.844411,,,,Onsite,3,41,44,0 days 00:00:35.000000000,0 days 00:14:35.844411000
2,2019-12-02 02:09:00.000000,2019-12-02 02:09:25.000000,2019-12-02 02:27:37.987373,2019-12-02 02:27:48.430109,,,,Onsite,3,41,44,0 days 00:00:25.000000000,0 days 00:18:23.430109000
3,2019-12-02 03:07:00.000000,2019-12-02 03:07:45.000000,2019-12-02 03:21:34.408319,2019-12-02 03:21:57.654656,,,,Onsite,3,41,44,0 days 00:00:45.000000000,0 days 00:14:12.654656000
4,2019-12-02 04:24:00.000000,2019-12-02 04:24:35.000000,2019-12-02 04:36:20.034375,2019-12-02 04:36:32.944237,,,,Onsite,3,41,44,0 days 00:00:35.000000000,0 days 00:11:57.944237000
5,2019-12-02 05:32:00.000000,2019-12-02 05:32:50.000000,2019-12-02 05:49:01.480251,2019-12-02 05:49:51.480251,2019-12-02 06:14:57.187138,2019-12-02 06:15:47.187138,2019-12-02 06:32:35.209771,Replace,3,41,44,0 days 00:00:50.000000000,0 days 00:17:01.480251000
6,2019-12-02 06:53:00.000000,2019-12-02 06:53:55.000000,2019-12-02 07:08:06.269472,2019-12-02 07:08:25.840151,,,,Onsite,3,41,44,0 days 00:00:55.000000000,0 days 00:14:30.840151000
7,2019-12-02 07:58:00.000000,2019-12-02 07:58:35.000000,2019-12-02 08:14:59.902302,2019-12-02 08:15:12.401746,,,,Onsite,3,41,44,0 days 00:00:35.000000000,0 days 00:16:37.401746000
8,2019-12-02 09:04:00.000000,2019-12-02 09:04:45.000000,2019-12-02 09:19:16.187385,2019-12-02 09:19:39.600948,,,,Onsite,3,41,44,0 days 00:00:45.000000000,0 days 00:14:54.600948000
9,2019-12-02 10:18:00.000000,2019-12-02 10:18:45.000000,2019-12-02 10:38:21.330616,2019-12-02 10:39:06.330616,2019-12-02 11:32:13.635744,2019-12-02 11:32:58.635744,2019-12-02 11:48:37.804876,Replace,3,41,44,0 days 00:00:45.000000000,0 days 00:20:21.330616000
10,2019-12-02 11:19:00.000000,2019-12-02 11:19:55.000000,2019-12-02 11:37:37.088373,2019-12-02 11:38:32.088373,2019-12-02 12:21:19.925928,2019-12-02 12:22:14.925928,2019-12-02 12:42:58.476578,Replace,3,41,44,0 days 00:00:55.000000000,0 days 00:18:37.088373000
11,2019-12-02 12:13:00.000000,2019-12-02 12:13:30.000000,2019-12-02 12:34:53.139994,2019-12-02 12:35:23.139994,2019-12-02 13:16:35.521383,2019-12-02 13:17:05.521383,2019-12-02 13:39:59.642655,Replace,3,41,44,0 days 00:00:30.000000000,0 days 00:21:53.139994000
12,2019-12-02 13:11:00.000000,2019-12-02 13:11:55.000000,2019-12-02 13:29:31.678718,2019-12-02 13:29:48.844908,,,,Onsite,3,41,44,0 days 00:00:55.000000000,0 days 00:17:53.844908000
13,2019-12-02 14:02:00.000000,2019-12-02 14:02:35.000000,2019-12-02 14:12:46.019287,2019-12-02 14:13:04.267156,,,,Onsite,3,41,44,0 days 00:00:35.000000000,0 days 00:10:29.267156000
14,2019-12-02 15:13:00.000000,2019-12-02 15:13:35.000000,2019-12-02 15:30:43.479114,2019-12-02 15:31:18.479114,2019-12-02 16:05:47.468877,2019-12-02 16:06:22.468877,2019-12-02 16:21:56.293239,Replace,3,41,44,0 days 00:00:35.000000000,0 days 00:17:43.479114000
15,2019-12-02 16:15:00.000000,2019-12-02 16:15:45.000000,2019-12-02 16:27:28.044244,2019-12-02 16:28:13.044244,2019-12-02 16:54:55.742158,2019-12-02 16:55:40.742158,2019-12-02 17:13:20.429855,Replace,3,41,44,0 days 00:00:45.000000000,0 days 00:12:28.044244000
16,2019-12-02 17:22:00.000000,2019-12-02 17:22:50.000000,2019-12-02 17:39:22.705350,2019-12-02 17:40:12.705350,2019-12-02 18:18:52.757478,2019-12-02 18:19:42.757478,2019-12-02 18:43:20.432751,Replace,3,41,44,0 days 00:00:50.000000000,0 days 00:17:22.705350000
17,2019-12-02 18:11:00.000000,2019-12-02 18:11:45.000000,2019-12-02 18:25:11.737654,2019-12-02 18:25:56.737654,2019-12-02 19:12:12.595011,2019-12-02 19:12:57.595011,2019-12-02 19:29:37.229958,Replace,3,41,44,0 days 00:00:45.000000000,0 days 00:14:11.737654000
18,2019-12-02 19:11:00.000000,2019-12-02 19:11:35.000000,2019-12-02 19:27:43.812648,2019-12-02 19:28:18.812648,2019-12-02 20:03:21.208723,2019-12-02 20:03:56.208723,2019-12-02 20:19:29.676111,Replace,3,41,44,0 days 00:00:35.000000000,0 days 00:16:43.812648000
19,2019-12-02 20:22:00.000000,2019-12-02 20:22:45.000000,2019-12-02 20:40:00.006173,2019-12-02 20:40:45.006173,2019-12-02 21:32:00.725985,2019-12-02 21:32:45.725985,2019-12-02 21:46:46.882903,Replace,3,41,44,0 days 00:00:45.000000000,0 days 00:18:00.006173000
20,2019-12-02 21:30:00.000000,2019-12-02 21:30:25.000000,2019-12-02 21:50:24.262603,2019-12-02 21:50:54.598688,,,,Onsite,3,41,44,0 days 00:00:25.000000000,0 days 00:20:29.598688000
21,2019-12-02 22:42:00.000000,2019-12-02 22:42:45.000000,2019-12-02 22:58:42.553957,2019-12-02 22:58:50.566839,,,,Onsite,3,41,44,0 days 00:00:45.000000000,0 days 00:16:05.566839000
0,2019-12-02 00:59:00.000000,2019-12-02 00:00:45.000000,2019-12-02 00:19:26.785953,2019-12-02 00:19:45.661207,,,,Onsite,4,41,44,-1 days +23:01:45.000000000,0 days 00:19:00.661207000
1,2019-12-02 00:57:00.000000,2019-12-02 00:57:45.000000,2019-12-02 01:17:41.151718,2019-12-02 01:18:26.151718,2019-12-02 02:00:21.287208,2019-12-02 02:01:06.287208,2019-12-02 02:19:46.539497,Replace,4,41,44,0 days 00:00:45.000000000,0 days 00:20:41.151718000
2,2019-12-02 02:04:00.000000,2019-12-02 02:04:35.000000,2019-12-02 02:21:29.876373,2019-12-02 02:22:04.876373,2019-12-02 02:49:39.921784,2019-12-02 02:50:14.921784,2019-12-02 03:08:48.951475,Replace,4,41,44,0 days 00:00:35.000000000,0 days 00:17:29.876373000
3,2019-12-02 03:15:00.000000,2019-12-02 03:15:45.000000,2019-12-02 03:35:31.171742,2019-12-02 03:36:16.171742,2019-12-02 03:57:48.385372,2019-12-02 03:58:33.385372,2019-12-02 04:11:05.667732,Replace,4,41,44,0 days 00:00:45.000000000,0 days 00:20:31.171742000
4,2019-12-02 04:18:00.000000,2019-12-02 04:18:35.000000,2019-12-02 04:36:40.908342,2019-12-02 04:37:15.908342,2019-12-02 05:04:30.604681,2019-12-02 05:05:05.604681,2019-12-02 05:20:49.212814,Replace,4,41,44,0 days 00:00:35.000000000,0 days 00:18:40.908342000
5,2019-12-02 05:28:00.000000,2019-12-02 05:28:55.000000,2019-12-02 05:46:53.005305,2019-12-02 05:47:27.561502,,,,Onsite,4,41,44,0 days 00:00:55.000000000,0 days 00:18:32.561502000
6,2019-12-02 06:37:00.000000,2019-12-02 06:37:35.000000,2019-12-02 06:53:35.406126,2019-12-02 06:54:10.406126,2019-12-02 07:27:44.850725,2019-12-02 07:28:19.850725,2019-12-02 07:41:10.664118,Replace,4,41,44,0 days 00:00:35.000000000,0 days 00:16:35.406126000
7,2019-12-02 07:33:00.000000,2019-12-02 07:33:35.000000,2019-12-02 07:46:09.982041,2019-12-02 07:46:28.059409,,,,Onsite,4,41,44,0 days 00:00:35.000000000,0 days 00:12:53.059409000
8,2019-12-02 08:37:00.000000,2019-12-02 08:37:45.000000,2019-12-02 08:55:54.280195,2019-12-02 08:56:10.905038,,,,Onsite,4,41,44,0 days 00:00:45.000000000,0 days 00:18:25.905038000
9,2019-12-02 09:41:00.000000,2019-12-02 09:41:45.000000,2019-12-02 09:56:03.015630,2019-12-02 09:56:48.015630,2019-12-02 10:26:10.730705,2019-12-02 10:26:55.730705,2019-12-02 10:44:56.772731,Replace,4,41,44,0 days 00:00:45.000000000,0 days 00:15:03.015630000
10,2019-12-02 10:44:00.000000,2019-12-02 10:44:35.000000,2019-12-02 11:00:28.041286,2019-12-02 11:00:47.319180,,,,Onsite,4,41,44,0 days 00:00:35.000000000,0 days 00:16:12.319180000
11,2019-12-02 12:06:00.000000,2019-12-02 12:06:55.000000,2019-12-02 12:25:24.013365,2019-12-02 12:26:19.013365,2019-12-02 12:58:13.519062,2019-12-02 12:59:08.519062,2019-12-02 13:15:28.660016,Replace,4,41,44,0 days 00:00:55.000000000,0 days 00:19:24.013365000
12,2019-12-02 13:16:00.000000,2019-12-02 13:16:45.000000,2019-12-02 13:32:03.997153,2019-12-02 13:32:48.997153,2019-12-02 14:14:28.977861,2019-12-02 14:15:13.977861,2019-12-02 14:30:37.910843,Replace,4,41,44,0 days 00:00:45.000000000,0 days 00:16:03.997153000
13,2019-12-02 14:23:00.000000,2019-12-02 14:23:35.000000,2019-12-02 14:37:16.123009,2019-12-02 14:37:51.123009,2019-12-02 15:23:38.311503,2019-12-02 15:24:13.311503,2019-12-02 15:37:29.054374,Replace,4,41,44,0 days 00:00:35.000000000,0 days 00:14:16.123009000
14,2019-12-02 15:22:00.000000,2019-12-02 15:22:35.000000,2019-12-02 15:34:07.273495,2019-12-02 15:34:19.410756,,,,Onsite,4,41,44,0 days 00:00:35.000000000,0 days 00:11:44.410756000
15,2019-12-02 16:24:00.000000,2019-12-02 16:24:35.000000,2019-12-02 16:34:30.040736,2019-12-02 16:35:05.040736,2019-12-02 17:04:41.600954,2019-12-02 17:05:16.600954,2019-12-02 17:23:36.451321,Replace,4,41,44,0 days 00:00:35.000000000,0 days 00:10:30.040736000
16,2019-12-02 17:34:00.000000,2019-12-02 17:34:50.000000,2019-12-02 17:52:28.370677,2019-12-02 17:53:18.370677,2019-12-02 18:23:27.642853,2019-12-02 18:24:17.642853,2019-12-02 18:42:36.963576,Replace,4,41,44,0 days 00:00:50.000000000,0 days 00:18:28.370677000
17,2019-12-02 18:45:00.000000,2019-12-02 18:45:45.000000,2019-12-02 19:01:31.141745,2019-12-02 19:01:49.509787,,,,Onsite,4,41,44,0 days 00:00:45.000000000,0 days 00:16:04.509787000
18,2019-12-02 20:03:00.000000,2019-12-02 20:03:35.000000,2019-12-02 20:18:19.594899,2019-12-02 20:18:54.594899,2019-12-02 21:04:07.983887,2019-12-02 21:04:42.983887,2019-12-02 21:19:58.146920,Replace,4,41,44,0 days 00:00:35.000000000,0 days 00:15:19.594899000
19,2019-12-02 21:58:00.000000,2019-12-02 21:58:45.000000,2019-12-02 22:16:54.982690,2019-12-02 22:17:39.982690,2019-12-02 22:41:44.857323,2019-12-02 22:42:29.857323,2019-12-02 22:53:25.000045,Replace,4,41,44,0 days 00:00:45.000000000,0 days 00:18:54.982690000
20,2019-12-02 20:51:00.000000,2019-12-02 20:51:35.000000,2019-12-02 21:06:17.323875,2019-12-02 21:06:52.323875,2019-12-02 21:40:36.615230,2019-12-02 21:41:11.615230,2019-12-02 21:58:30.960102,Replace,4,41,44,0 days 00:00:35.000000000,0 days 00:15:17.323875000
0,2019-12-02 01:22:00.000000,2019-12-02 00:00:45.000000,2019-12-02 00:16:06.844030,2019-12-02 00:16:51.844030,2019-12-02 00:51:06.156831,2019-12-02 00:51:51.156831,2019-12-02 01:07:38.361976,Replace,5,41,44,-1 days +22:38:45.000000000,0 days 00:16:06.844030000
1,2019-12-02 00:57:00.000000,2019-12-02 00:57:45.000000,2019-12-02 01:12:47.315526,2019-12-02 01:13:15.438094,,,,Onsite,5,41,44,0 days 00:00:45.000000000,0 days 00:15:30.438094000
2,2019-12-02 02:05:00.000000,2019-12-02 02:05:35.000000,2019-12-02 02:20:40.693845,2019-12-02 02:20:44.049688,,,,Onsite,5,41,44,0 days 00:00:35.000000000,0 days 00:15:09.049688000
3,2019-12-02 03:16:00.000000,2019-12-02 03:16:45.000000,2019-12-02 03:37:59.528849,2019-12-02 03:38:11.230624,,,,Onsite,5,41,44,0 days 00:00:45.000000000,0 days 00:21:26.230624000
4,2019-12-02 04:23:00.000000,2019-12-02 04:23:35.000000,2019-12-02 04:42:00.790361,2019-12-02 04:42:14.448178,,,,Onsite,5,41,44,0 days 00:00:35.000000000,0 days 00:18:39.448178000
5,2019-12-02 05:30:00.000000,2019-12-02 05:30:50.000000,2019-12-02 05:48:43.733149,2019-12-02 05:49:33.733149,2019-12-02 06:20:51.557473,2019-12-02 06:21:41.557473,2019-12-02 06:37:21.635982,Replace,5,41,44,0 days 00:00:50.000000000,0 days 00:18:43.733149000
6,2019-12-02 06:26:00.000000,2019-12-02 06:26:50.000000,2019-12-02 06:38:40.584991,2019-12-02 06:39:30.584991,2019-12-02 07:26:07.493738,2019-12-02 07:26:57.493738,2019-12-02 07:45:44.417245,Replace,5,41,44,0 days 00:00:50.000000000,0 days 00:12:40.584991000
7,2019-12-02 07:44:00.000000,2019-12-02 07:44:45.000000,2019-12-02 08:03:17.372511,2019-12-02 08:04:02.372511,2019-12-02 08:38:13.770072,2019-12-02 08:38:58.770072,2019-12-02 08:53:48.042967,Replace,5,41,44,0 days 00:00:45.000000000,0 days 00:19:17.372511000
8,2019-12-02 08:58:00.000000,2019-12-02 08:58:35.000000,2019-12-02 09:13:02.371699,2019-12-02 09:13:39.038041,,,,Onsite,5,41,44,0 days 00:00:35.000000000,0 days 00:15:04.038041000
9,2019-12-02 10:13:00.000000,2019-12-02 10:13:45.000000,2019-12-02 10:30:25.672268,2019-12-02 10:30:37.710407,,,,Onsite,5,41,44,0 days 00:00:45.000000000,0 days 00:16:52.710407000
10,2019-12-02 11:29:00.000000,2019-12-02 11:29:50.000000,2019-12-02 11:46:31.188504,2019-12-02 11:47:21.188504,2019-12-02 12:21:14.435826,2019-12-02 12:22:04.435826,2019-12-02 12:38:51.056221,Replace,5,41,44,0 days 00:00:50.000000000,0 days 00:17:31.188504000
11,2019-12-02 13:58:00.000000,2019-12-02 13:58:35.000000,2019-12-02 14:14:32.892432,2019-12-02 14:15:07.892432,2019-12-02 14:45:42.293656,2019-12-02 14:46:17.293656,2019-12-02 15:00:46.122737,Replace,5,41,44,0 days 00:00:35.000000000,0 days 00:16:32.892432000
12,2019-12-02 12:48:00.000000,2019-12-02 12:48:50.000000,2019-12-02 13:01:16.269029,2019-12-02 13:02:06.269029,2019-12-02 13:42:21.463944,2019-12-02 13:43:11.463944,2019-12-02 13:58:22.068769,Replace,5,41,44,0 days 00:00:50.000000000,0 days 00:13:16.269029000
13,2019-12-02 15:01:00.000000,2019-12-02 15:01:45.000000,2019-12-02 15:14:11.075042,2019-12-02 15:14:56.075042,2019-12-02 15:55:02.491943,2019-12-02 15:55:47.491943,2019-12-02 16:13:52.526792,Replace,5,41,44,0 days 00:00:45.000000000,0 days 00:13:11.075042000
14,2019-12-02 16:05:00.000000,2019-12-02 16:05:45.000000,2019-12-02 16:20:50.024462,2019-12-02 16:21:35.024462,2019-12-02 16:52:06.176457,2019-12-02 16:52:51.176457,2019-12-02 17:16:06.399651,Replace,5,41,44,0 days 00:00:45.000000000,0 days 00:15:50.024462000
15,2019-12-02 17:15:00.000000,2019-12-02 17:15:50.000000,2019-12-02 17:33:36.182543,2019-12-02 17:34:10.117138,,,,Onsite,5,41,44,0 days 00:00:50.000000000,0 days 00:18:20.117138000
16,2019-12-02 18:26:00.000000,2019-12-02 18:26:35.000000,2019-12-02 18:41:37.020424,2019-12-02 18:41:44.558416,,,,Onsite,5,41,44,0 days 00:00:35.000000000,0 days 00:15:09.558416000
17,2019-12-02 19:34:00.000000,2019-12-02 19:34:45.000000,2019-12-02 19:50:51.066052,2019-12-02 19:51:36.066052,2019-12-02 20:39:19.781654,2019-12-02 20:40:04.781654,2019-12-02 20:57:48.117989,Replace,5,41,44,0 days 00:00:45.000000000,0 days 00:16:51.066052000
18,2019-12-02 20:42:00.000000,2019-12-02 20:42:45.000000,2019-12-02 20:56:19.886927,2019-12-02 20:57:04.886927,2019-12-02 21:30:50.318273,2019-12-02 21:31:35.318273,2019-12-02 21:48:30.839159,Replace,5,41,44,0 days 00:00:45.000000000,0 days 00:14:19.886927000
0,2019-12-02 01:17:00.000000,2019-12-02 00:00:30.000000,2019-12-02 00:10:34.619056,2019-12-02 00:10:45.253107,,,,Onsite,6,41,44,-1 days +22:43:30.000000000,0 days 00:10:15.253107000
1,2019-12-02 00:57:00.000000,2019-12-02 00:57:55.000000,2019-12-02 01:15:29.743796,2019-12-02 01:16:24.743796,2019-12-02 01:46:54.605738,2019-12-02 01:47:49.605738,2019-12-02 01:59:14.998958,Replace,6,41,44,0 days 00:00:55.000000000,0 days 00:18:29.743796000
2,2019-12-02 01:48:00.000000,2019-12-02 01:48:30.000000,2019-12-02 02:04:57.241186,2019-12-02 02:05:05.453836,,,,Onsite,6,41,44,0 days 00:00:30.000000000,0 days 00:16:35.453836000
3,2019-12-02 03:10:00.000000,2019-12-02 03:10:45.000000,2019-12-02 03:26:29.214804,2019-12-02 03:27:14.214804,2019-12-02 03:50:57.222422,2019-12-02 03:51:42.222422,2019-12-02 04:10:03.310796,Replace,6,41,44,0 days 00:00:45.000000000,0 days 00:16:29.214804000
4,2019-12-02 04:01:00.000000,2019-12-02 04:01:25.000000,2019-12-02 04:14:26.511304,2019-12-02 04:14:51.511304,2019-12-02 04:55:35.548176,2019-12-02 04:56:00.548176,2019-12-02 05:19:35.097464,Replace,6,41,44,0 days 00:00:25.000000000,0 days 00:13:26.511304000
5,2019-12-02 05:17:00.000000,2019-12-02 05:17:55.000000,2019-12-02 05:36:26.526910,2019-12-02 05:37:21.526910,2019-12-02 06:23:35.762615,2019-12-02 06:24:30.762615,2019-12-02 06:44:47.756271,Replace,6,41,44,0 days 00:00:55.000000000,0 days 00:19:26.526910000
6,2019-12-02 06:25:00.000000,2019-12-02 06:25:45.000000,2019-12-02 06:41:39.701997,2019-12-02 06:42:24.701997,2019-12-02 07:10:09.540766,2019-12-02 07:10:54.540766,2019-12-02 07:29:29.818121,Replace,6,41,44,0 days 00:00:45.000000000,0 days 00:16:39.701997000
7,2019-12-02 07:25:00.000000,2019-12-02 07:25:50.000000,2019-12-02 07:45:43.695184,2019-12-02 07:46:33.695184,2019-12-02 08:35:27.791004,2019-12-02 08:36:17.791004,2019-12-02 08:51:11.139936,Replace,6,41,44,0 days 00:00:50.000000000,0 days 00:20:43.695184000
8,2019-12-02 08:43:00.000000,2019-12-02 08:43:35.000000,2019-12-02 09:00:16.536447,2019-12-02 09:00:51.536447,2019-12-02 09:39:55.639345,2019-12-02 09:40:30.639345,2019-12-02 09:53:47.378091,Replace,6,41,44,0 days 00:00:35.000000000,0 days 00:17:16.536447000
9,2019-12-02 09:37:00.000000,2019-12-02 09:37:50.000000,2019-12-02 09:50:57.322354,2019-12-02 09:51:05.007596,,,,Onsite,6,41,44,0 days 00:00:50.000000000,0 days 00:13:15.007596000
10,2019-12-02 10:47:00.000000,2019-12-02 10:47:35.000000,2019-12-02 11:01:25.366333,2019-12-02 11:02:00.366333,2019-12-02 11:37:55.454466,2019-12-02 11:38:30.454466,2019-12-02 11:54:32.957952,Replace,6,41,44,0 days 00:00:35.000000000,0 days 00:14:25.366333000
11,2019-12-02 11:41:00.000000,2019-12-02 11:41:25.000000,2019-12-02 11:57:56.637921,2019-12-02 11:58:05.665965,,,,Onsite,6,41,44,0 days 00:00:25.000000000,0 days 00:16:40.665965000
12,2019-12-02 12:48:00.000000,2019-12-02 12:48:35.000000,2019-12-02 13:06:32.984174,2019-12-02 13:07:07.984174,2019-12-02 14:02:02.900421,2019-12-02 14:02:37.900421,2019-12-02 14:20:30.576183,Replace,6,41,44,0 days 00:00:35.000000000,0 days 00:18:32.984174000
13,2019-12-02 14:00:00.000000,2019-12-02 14:00:35.000000,2019-12-02 14:13:55.817997,2019-12-02 14:14:18.544857,,,,Onsite,6,41,44,0 days 00:00:35.000000000,0 days 00:13:43.544857000
14,2019-12-02 15:00:00.000000,2019-12-02 15:00:25.000000,2019-12-02 15:15:13.962557,2019-12-02 15:15:24.390608,,,,Onsite,6,41,44,0 days 00:00:25.000000000,0 days 00:14:59.390608000
15,2019-12-02 16:23:00.000000,2019-12-02 16:23:45.000000,2019-12-02 16:40:24.755452,2019-12-02 16:41:09.755452,2019-12-02 17:05:28.543685,2019-12-02 17:06:13.543685,2019-12-02 17:27:14.579364,Replace,6,41,44,0 days 00:00:45.000000000,0 days 00:17:24.755452000
16,2019-12-02 17:30:00.000000,2019-12-02 17:30:50.000000,2019-12-02 17:45:24.992817,2019-12-02 17:46:14.992817,2019-12-02 18:19:55.542891,2019-12-02 18:20:45.542891,2019-12-02 18:35:46.781223,Replace,6,41,44,0 days 00:00:50.000000000,0 days 00:15:24.992817000
17,2019-12-02 18:36:00.000000,2019-12-02 18:36:35.000000,2019-12-02 18:46:00.036393,2019-12-02 18:46:07.805819,,,,Onsite,6,41,44,0 days 00:00:35.000000000,0 days 00:09:32.805819000
18,2019-12-02 19:37:00.000000,2019-12-02 19:37:25.000000,2019-12-02 19:52:28.668188,2019-12-02 19:52:38.052735,,,,Onsite,6,41,44,0 days 00:00:25.000000000,0 days 00:15:13.052735000
19,2019-12-02 20:51:00.000000,2019-12-02 20:51:25.000000,2019-12-02 21:11:02.296816,2019-12-02 21:11:27.296816,2019-12-02 21:42:53.666705,2019-12-02 21:43:18.666705,2019-12-02 22:00:08.359703,Replace,6,41,44,0 days 00:00:25.000000000,0 days 00:20:02.296816000
20,2019-12-02 22:06:00.000000,2019-12-02 22:06:55.000000,2019-12-02 22:17:48.752046,2019-12-02 22:18:06.486002,,,,Onsite,6,41,44,0 days 00:00:55.000000000,0 days 00:11:11.486002000
0,2019-12-02 01:04:00.000000,2019-12-02 00:00:35.000000,2019-12-02 00:20:16.060736,2019-12-02 00:20:29.891643,,,,Onsite,7,41,44,-1 days +22:56:35.000000000,0 days 00:19:54.891643000
1,2019-12-02 01:25:00.000000,2019-12-02 01:25:55.000000,2019-12-02 01:42:19.345146,2019-12-02 01:43:14.345146,2019-12-02 02:08:33.880214,2019-12-02 02:09:28.880214,2019-12-02 02:23:38.055892,Replace,7,41,44,0 days 00:00:55.000000000,0 days 00:17:19.345146000
2,2019-12-02 02:32:00.000000,2019-12-02 02:32:45.000000,2019-12-02 02:47:33.472229,2019-12-02 02:48:18.472229,2019-12-02 03:17:54.034766,2019-12-02 03:18:39.034766,2019-12-02 03:34:47.785536,Replace,7,41,44,0 days 00:00:45.000000000,0 days 00:15:33.472229000
3,2019-12-02 03:51:00.000000,2019-12-02 03:51:45.000000,2019-12-02 04:06:45.740560,2019-12-02 04:07:06.560055,,,,Onsite,7,41,44,0 days 00:00:45.000000000,0 days 00:15:21.560055000
4,2019-12-02 05:07:00.000000,2019-12-02 05:07:45.000000,2019-12-02 05:22:01.992777,2019-12-02 05:22:07.260937,,,,Onsite,7,41,44,0 days 00:00:45.000000000,0 days 00:14:22.260937000
5,2019-12-02 06:14:00.000000,2019-12-02 06:14:45.000000,2019-12-02 06:29:43.479202,2019-12-02 06:30:28.479202,2019-12-02 07:20:53.218263,2019-12-02 07:21:38.218263,2019-12-02 07:37:06.895781,Replace,7,41,44,0 days 00:00:45.000000000,0 days 00:15:43.479202000
6,2019-12-02 07:22:00.000000,2019-12-02 07:22:45.000000,2019-12-02 07:39:56.572934,2019-12-02 07:40:41.572934,2019-12-02 08:17:07.488471,2019-12-02 08:17:52.488471,2019-12-02 08:33:14.335930,Replace,7,41,44,0 days 00:00:45.000000000,0 days 00:17:56.572934000
7,2019-12-02 08:41:00.000000,2019-12-02 08:41:45.000000,2019-12-02 08:56:51.786295,2019-12-02 08:57:03.890190,,,,Onsite,7,41,44,0 days 00:00:45.000000000,0 days 00:15:18.890190000
8,2019-12-02 09:40:00.000000,2019-12-02 09:40:35.000000,2019-12-02 09:56:21.294971,2019-12-02 09:56:51.301733,,,,Onsite,7,41,44,0 days 00:00:35.000000000,0 days 00:16:16.301733000
9,2019-12-02 10:33:00.000000,2019-12-02 10:33:50.000000,2019-12-02 10:47:27.490552,2019-12-02 10:48:17.490552,2019-12-02 11:33:07.102441,2019-12-02 11:33:57.102441,2019-12-02 11:47:46.147016,Replace,7,41,44,0 days 00:00:50.000000000,0 days 00:14:27.490552000
10,2019-12-02 11:56:00.000000,2019-12-02 11:56:30.000000,2019-12-02 12:15:50.450476,2019-12-02 12:16:20.450476,2019-12-02 12:54:11.359924,2019-12-02 12:54:41.359924,2019-12-02 13:09:14.489439,Replace,7,41,44,0 days 00:00:30.000000000,0 days 00:19:50.450476000
11,2019-12-02 13:20:00.000000,2019-12-02 13:20:30.000000,2019-12-02 13:33:24.226337,2019-12-02 13:33:54.226337,2019-12-02 14:20:28.250060,2019-12-02 14:20:58.250060,2019-12-02 14:39:22.527103,Replace,7,41,44,0 days 00:00:30.000000000,0 days 00:13:24.226337000
12,2019-12-02 14:26:00.000000,2019-12-02 14:26:45.000000,2019-12-02 14:40:48.200614,2019-12-02 14:41:33.200614,2019-12-02 15:32:16.384053,2019-12-02 15:33:01.384053,2019-12-02 15:53:45.568983,Replace,7,41,44,0 days 00:00:45.000000000,0 days 00:14:48.200614000
13,2019-12-02 15:41:00.000000,2019-12-02 15:41:45.000000,2019-12-02 15:57:50.790153,2019-12-02 15:58:35.790153,2019-12-02 16:41:08.889149,2019-12-02 16:41:53.889149,2019-12-02 17:04:10.721926,Replace,7,41,44,0 days 00:00:45.000000000,0 days 00:16:50.790153000
14,2019-12-02 16:47:00.000000,2019-12-02 16:47:45.000000,2019-12-02 17:03:40.089432,2019-12-02 17:04:04.855130,,,,Onsite,7,41,44,0 days 00:00:45.000000000,0 days 00:16:19.855130000
15,2019-12-02 17:46:00.000000,2019-12-02 17:46:45.000000,2019-12-02 17:58:57.112256,2019-12-02 17:59:18.289471,,,,Onsite,7,41,44,0 days 00:00:45.000000000,0 days 00:12:33.289471000
16,2019-12-02 18:46:00.000000,2019-12-02 18:46:35.000000,2019-12-02 19:04:25.176032,2019-12-02 19:05:00.176032,2019-12-02 19:54:02.765085,2019-12-02 19:54:37.765085,2019-12-02 20:06:19.814376,Replace,7,41,44,0 days 00:00:35.000000000,0 days 00:18:25.176032000
17,2019-12-02 20:06:00.000000,2019-12-02 20:06:45.000000,2019-12-02 20:18:43.257227,2019-12-02 20:19:28.257227,2019-12-02 21:17:07.364825,2019-12-02 21:17:52.364825,2019-12-02 21:33:41.441391,Replace,7,41,44,0 days 00:00:45.000000000,0 days 00:12:43.257227000
18,2019-12-02 21:21:00.000000,2019-12-02 21:21:45.000000,2019-12-02 21:33:33.245240,2019-12-02 21:34:18.245240,2019-12-02 21:57:20.908555,2019-12-02 21:58:05.908555,2019-12-02 22:15:16.896681,Replace,7,41,44,0 days 00:00:45.000000000,0 days 00:12:33.245240000
0,2019-12-02 01:03:00.000000,2019-12-02 00:00:55.000000,2019-12-02 00:16:38.195219,2019-12-02 00:16:48.881648,,,,Onsite,8,41,44,-1 days +22:57:55.000000000,0 days 00:15:53.881648000
1,2019-12-02 00:54:00.000000,2019-12-02 00:54:30.000000,2019-12-02 01:12:06.358321,2019-12-02 01:12:36.358321,2019-12-02 01:42:28.272151,2019-12-02 01:42:58.272151,2019-12-02 01:56:13.318380,Replace,8,41,44,0 days 00:00:30.000000000,0 days 00:18:06.358321000
2,2019-12-02 02:10:00.000000,2019-12-02 02:10:30.000000,2019-12-02 02:20:52.685747,2019-12-02 02:21:11.160631,,,,Onsite,8,41,44,0 days 00:00:30.000000000,0 days 00:10:41.160631000
3,2019-12-02 03:17:00.000000,2019-12-02 03:17:55.000000,2019-12-02 03:37:26.099079,2019-12-02 03:38:21.099079,2019-12-02 04:36:56.147382,2019-12-02 04:37:51.147382,2019-12-02 04:53:47.726092,Replace,8,41,44,0 days 00:00:55.000000000,0 days 00:20:26.099079000
4,2019-12-02 04:13:00.000000,2019-12-02 04:13:30.000000,2019-12-02 04:25:02.977993,2019-12-02 04:25:31.298002,,,,Onsite,8,41,44,0 days 00:00:30.000000000,0 days 00:12:01.298002000
5,2019-12-02 05:19:00.000000,2019-12-02 05:19:50.000000,2019-12-02 05:33:14.497899,2019-12-02 05:34:04.497899,2019-12-02 06:07:24.083322,2019-12-02 06:08:14.083322,2019-12-02 06:24:48.976713,Replace,8,41,44,0 days 00:00:50.000000000,0 days 00:14:14.497899000
6,2019-12-02 06:21:00.000000,2019-12-02 06:21:25.000000,2019-12-02 06:39:52.334459,2019-12-02 06:40:17.334459,2019-12-02 07:20:13.266952,2019-12-02 07:20:38.266952,2019-12-02 07:39:53.807790,Replace,8,41,44,0 days 00:00:25.000000000,0 days 00:18:52.334459000
7,2019-12-02 07:39:00.000000,2019-12-02 07:39:25.000000,2019-12-02 07:57:42.300715,2019-12-02 07:58:07.300715,2019-12-02 08:32:17.305030,2019-12-02 08:32:42.305030,2019-12-02 08:46:16.540210,Replace,8,41,44,0 days 00:00:25.000000000,0 days 00:18:42.300715000
8,2019-12-02 08:44:00.000000,2019-12-02 08:44:25.000000,2019-12-02 08:59:35.789101,2019-12-02 08:59:41.492665,,,,Onsite,8,41,44,0 days 00:00:25.000000000,0 days 00:15:16.492665000
9,2019-12-02 09:45:00.000000,2019-12-02 09:45:55.000000,2019-12-02 09:56:50.620939,2019-12-02 09:57:45.620939,2019-12-02 10:35:29.323389,2019-12-02 10:36:24.323389,2019-12-02 10:56:49.936939,Replace,8,41,44,0 days 00:00:55.000000000,0 days 00:11:50.620939000
10,2019-12-02 10:56:00.000000,2019-12-02 10:56:25.000000,2019-12-02 11:12:46.280747,2019-12-02 11:13:11.280747,2019-12-02 12:04:16.939648,2019-12-02 12:04:41.939648,2019-12-02 12:21:01.347974,Replace,8,41,44,0 days 00:00:25.000000000,0 days 00:16:46.280747000
11,2019-12-02 11:58:00.000000,2019-12-02 11:58:45.000000,2019-12-02 12:10:18.652259,2019-12-02 12:10:40.843455,,,,Onsite,8,41,44,0 days 00:00:45.000000000,0 days 00:11:55.843455000
12,2019-12-02 13:12:00.000000,2019-12-02 13:12:35.000000,2019-12-02 13:29:40.801824,2019-12-02 13:30:15.801824,2019-12-02 14:05:22.866106,2019-12-02 14:05:57.866106,2019-12-02 14:21:59.497614,Replace,8,41,44,0 days 00:00:35.000000000,0 days 00:17:40.801824000
13,2019-12-02 14:23:00.000000,2019-12-02 14:23:35.000000,2019-12-02 14:38:04.325079,2019-12-02 14:38:39.325079,2019-12-02 15:25:23.450438,2019-12-02 15:25:58.450438,2019-12-02 15:44:07.629360,Replace,8,41,44,0 days 00:00:35.000000000,0 days 00:15:04.325079000
14,2019-12-02 15:22:00.000000,2019-12-02 15:22:45.000000,2019-12-02 15:35:46.896715,2019-12-02 15:36:31.896715,2019-12-02 16:04:13.945694,2019-12-02 16:04:58.945694,2019-12-02 16:20:15.846908,Replace,8,41,44,0 days 00:00:45.000000000,0 days 00:13:46.896715000
15,2019-12-02 16:34:00.000000,2019-12-02 16:34:45.000000,2019-12-02 16:48:45.941288,2019-12-02 16:49:30.941288,2019-12-02 17:25:01.644349,2019-12-02 17:25:46.644349,2019-12-02 17:39:10.984756,Replace,8,41,44,0 days 00:00:45.000000000,0 days 00:14:45.941288000
16,2019-12-02 17:31:00.000000,2019-12-02 17:31:30.000000,2019-12-02 17:44:18.256337,2019-12-02 17:44:40.387179,,,,Onsite,8,41,44,0 days 00:00:30.000000000,0 days 00:13:10.387179000
17,2019-12-02 18:42:00.000000,2019-12-02 18:42:55.000000,2019-12-02 19:00:51.855033,2019-12-02 19:01:46.855033,2019-12-02 19:24:58.485726,2019-12-02 19:25:53.485726,2019-12-02 19:41:09.916071,Replace,8,41,44,0 days 00:00:55.000000000,0 days 00:18:51.855033000
18,2019-12-02 20:07:00.000000,2019-12-02 20:07:25.000000,2019-12-02 20:27:21.425814,2019-12-02 20:27:46.425814,2019-12-02 20:55:11.823903,2019-12-02 20:55:36.823903,2019-12-02 21:07:08.469140,Replace,8,41,44,0 days 00:00:25.000000000,0 days 00:20:21.425814000
19,2019-12-02 21:32:00.000000,2019-12-02 21:32:55.000000,2019-12-02 21:50:05.942277,2019-12-02 21:51:00.942277,2019-12-02 22:17:13.106981,2019-12-02 22:18:08.106981,2019-12-02 22:35:00.147764,Replace,8,41,44,0 days 00:00:55.000000000,0 days 00:18:05.942277000
20,2019-12-02 22:30:00.000000,2019-12-02 22:30:55.000000,2019-12-02 22:48:58.377020,2019-12-02 22:48:59.895093,,,,Onsite,8,41,44,0 days 00:00:55.000000000,0 days 00:18:04.895093000
0,2019-12-02 01:10:00.000000,2019-12-02 00:00:45.000000,2019-12-02 00:22:50.822140,2019-12-02 00:23:35.822140,2019-12-02 00:54:57.072852,2019-12-02 00:55:42.072852,2019-12-02 01:14:29.173373,Replace,9,41,44,-1 days +22:50:45.000000000,0 days 00:22:50.822140000
1,2019-12-02 01:05:00.000000,2019-12-02 01:05:55.000000,2019-12-02 01:22:57.467024,2019-12-02 01:23:52.467024,2019-12-02 01:52:46.723855,2019-12-02 01:53:41.723855,2019-12-02 02:15:59.507047,Replace,9,41,44,0 days 00:00:55.000000000,0 days 00:17:57.467024000
2,2019-12-02 02:31:00.000000,2019-12-02 02:31:55.000000,2019-12-02 02:44:01.059597,2019-12-02 02:44:56.059597,2019-12-02 03:19:34.869777,2019-12-02 03:20:29.869777,2019-12-02 03:35:18.265126,Replace,9,41,44,0 days 00:00:55.000000000,0 days 00:13:01.059597000
3,2019-12-02 03:36:00.000000,2019-12-02 03:36:30.000000,2019-12-02 03:54:01.361089,2019-12-02 03:54:31.361089,2019-12-02 04:34:59.113145,2019-12-02 04:35:29.113145,2019-12-02 04:57:28.737193,Replace,9,41,44,0 days 00:00:30.000000000,0 days 00:18:01.361089000
4,2019-12-02 04:48:00.000000,2019-12-02 04:48:35.000000,2019-12-02 05:02:23.012719,2019-12-02 05:02:58.012719,2019-12-02 05:28:21.912790,2019-12-02 05:28:56.912790,2019-12-02 05:45:23.104267,Replace,9,41,44,0 days 00:00:35.000000000,0 days 00:14:23.012719000
5,2019-12-02 06:08:00.000000,2019-12-02 06:08:45.000000,2019-12-02 06:28:44.875333,2019-12-02 06:29:29.875333,2019-12-02 06:59:51.212339,2019-12-02 07:00:36.212339,2019-12-02 07:12:24.868469,Replace,9,41,44,0 days 00:00:45.000000000,0 days 00:20:44.875333000
6,2019-12-02 07:20:00.000000,2019-12-02 07:20:25.000000,2019-12-02 07:35:00.345396,2019-12-02 07:35:25.345396,2019-12-02 08:26:29.449346,2019-12-02 08:26:54.449346,2019-12-02 08:42:31.264940,Replace,9,41,44,0 days 00:00:25.000000000,0 days 00:15:00.345396000
7,2019-12-02 08:34:00.000000,2019-12-02 08:34:30.000000,2019-12-02 08:52:50.249293,2019-12-02 08:53:20.249293,2019-12-02 09:28:23.440415,2019-12-02 09:28:53.440415,2019-12-02 09:49:03.047997,Replace,9,41,44,0 days 00:00:30.000000000,0 days 00:18:50.249293000
8,2019-12-02 09:38:00.000000,2019-12-02 09:38:45.000000,2019-12-02 09:52:11.190156,2019-12-02 09:52:27.143853,,,,Onsite,9,41,44,0 days 00:00:45.000000000,0 days 00:13:42.143853000
9,2019-12-02 11:03:00.000000,2019-12-02 11:03:45.000000,2019-12-02 11:17:01.940225,2019-12-02 11:17:46.940225,2019-12-02 11:47:57.282673,2019-12-02 11:48:42.282673,2019-12-02 12:06:51.862069,Replace,9,41,44,0 days 00:00:45.000000000,0 days 00:14:01.940225000
10,2019-12-02 12:09:00.000000,2019-12-02 12:09:35.000000,2019-12-02 12:19:50.390609,2019-12-02 12:20:25.390609,2019-12-02 13:16:02.102525,2019-12-02 13:16:37.102525,2019-12-02 13:29:45.833303,Replace,9,41,44,0 days 00:00:35.000000000,0 days 00:10:50.390609000
11,2019-12-02 13:22:00.000000,2019-12-02 13:22:25.000000,2019-12-02 13:39:19.152639,2019-12-02 13:39:32.816102,,,,Onsite,9,41,44,0 days 00:00:25.000000000,0 days 00:17:07.816102000
12,2019-12-02 14:30:00.000000,2019-12-02 14:30:30.000000,2019-12-02 14:42:06.070163,2019-12-02 14:42:36.070163,2019-12-02 15:05:05.479621,2019-12-02 15:05:35.479621,2019-12-02 15:20:28.728842,Replace,9,41,44,0 days 00:00:30.000000000,0 days 00:12:06.070163000
13,2019-12-02 15:33:00.000000,2019-12-02 15:33:35.000000,2019-12-02 15:46:26.169333,2019-12-02 15:46:47.713970,,,,Onsite,9,41,44,0 days 00:00:35.000000000,0 days 00:13:12.713970000
14,2019-12-02 16:52:00.000000,2019-12-02 16:52:45.000000,2019-12-02 17:04:59.125105,2019-12-02 17:05:38.390004,,,,Onsite,9,41,44,0 days 00:00:45.000000000,0 days 00:12:53.390004000
15,2019-12-02 17:59:00.000000,2019-12-02 17:59:30.000000,2019-12-02 18:16:59.557332,2019-12-02 18:17:14.355621,,,,Onsite,9,41,44,0 days 00:00:30.000000000,0 days 00:17:44.355621000
16,2019-12-02 19:10:00.000000,2019-12-02 19:10:45.000000,2019-12-02 19:27:14.621170,2019-12-02 19:27:59.621170,2019-12-02 20:00:02.618898,2019-12-02 20:00:47.618898,2019-12-02 20:15:16.591894,Replace,9,41,44,0 days 00:00:45.000000000,0 days 00:17:14.621170000
17,2019-12-02 20:11:00.000000,2019-12-02 20:11:25.000000,2019-12-02 20:30:25.128194,2019-12-02 20:30:42.130069,,,,Onsite,9,41,44,0 days 00:00:25.000000000,0 days 00:19:17.130069000
18,2019-12-02 21:14:00.000000,2019-12-02 21:14:35.000000,2019-12-02 21:30:03.513666,2019-12-02 21:30:24.472676,,,,Onsite,9,41,44,0 days 00:00:35.000000000,0 days 00:15:49.472676000
0,2019-12-02 01:04:00.000000,2019-12-02 00:00:45.000000,2019-12-02 00:17:34.570438,2019-12-02 00:18:19.570438,2019-12-02 01:04:07.564357,2019-12-02 01:04:52.564357,2019-12-02 01:17:01.953888,Replace,1,41,45,-1 days +22:56:45.000000000,0 days 00:17:34.570438000
1,2019-12-02 01:01:00.000000,2019-12-02 01:01:45.000000,2019-12-02 01:19:35.888786,2019-12-02 01:19:51.466852,,,,Onsite,1,41,45,0 days 00:00:45.000000000,0 days 00:18:06.466852000
2,2019-12-02 02:06:00.000000,2019-12-02 02:06:45.000000,2019-12-02 02:21:50.282221,2019-12-02 02:22:08.604928,,,,Onsite,1,41,45,0 days 00:00:45.000000000,0 days 00:15:23.604928000
3,2019-12-02 02:56:00.000000,2019-12-02 02:56:45.000000,2019-12-02 03:16:45.704696,2019-12-02 03:17:30.704696,2019-12-02 03:41:49.374691,2019-12-02 03:42:34.374691,2019-12-02 04:04:51.901191,Replace,1,41,45,0 days 00:00:45.000000000,0 days 00:20:45.704696000
4,2019-12-02 04:10:00.000000,2019-12-02 04:10:45.000000,2019-12-02 04:27:47.310763,2019-12-02 04:28:32.310763,2019-12-02 04:54:16.056595,2019-12-02 04:55:01.056595,2019-12-02 05:09:18.148251,Replace,1,41,45,0 days 00:00:45.000000000,0 days 00:17:47.310763000
5,2019-12-02 06:36:00.000000,2019-12-02 06:36:30.000000,2019-12-02 06:48:55.588868,2019-12-02 06:49:25.588868,2019-12-02 07:26:31.652711,2019-12-02 07:27:01.652711,2019-12-02 07:41:53.892397,Replace,1,41,45,0 days 00:00:30.000000000,0 days 00:12:55.588868000
6,2019-12-02 05:28:00.000000,2019-12-02 05:28:35.000000,2019-12-02 05:46:16.601229,2019-12-02 05:46:51.601229,2019-12-02 06:18:16.726283,2019-12-02 06:18:51.726283,2019-12-02 06:36:08.371722,Replace,1,41,45,0 days 00:00:35.000000000,0 days 00:18:16.601229000
7,2019-12-02 07:56:00.000000,2019-12-02 07:56:35.000000,2019-12-02 08:16:01.985302,2019-12-02 08:16:36.985302,2019-12-02 08:46:19.588635,2019-12-02 08:46:54.588635,2019-12-02 09:01:11.754851,Replace,1,41,45,0 days 00:00:35.000000000,0 days 00:20:01.985302000
8,2019-12-02 10:08:00.000000,2019-12-02 10:08:55.000000,2019-12-02 10:25:31.923104,2019-12-02 10:25:49.364016,,,,Onsite,1,41,45,0 days 00:00:55.000000000,0 days 00:16:54.364016000
9,2019-12-02 09:10:00.000000,2019-12-02 09:10:50.000000,2019-12-02 09:30:16.971506,2019-12-02 09:31:06.971506,2019-12-02 10:08:01.113664,2019-12-02 10:08:51.113664,2019-12-02 10:21:33.020303,Replace,1,41,45,0 days 00:00:50.000000000,0 days 00:20:16.971506000
10,2019-12-02 11:04:00.000000,2019-12-02 11:04:35.000000,2019-12-02 11:19:46.727770,2019-12-02 11:20:21.727770,2019-12-02 11:54:27.022925,2019-12-02 11:55:02.022925,2019-12-02 12:08:01.352905,Replace,1,41,45,0 days 00:00:35.000000000,0 days 00:15:46.727770000
11,2019-12-02 12:09:00.000000,2019-12-02 12:09:30.000000,2019-12-02 12:28:54.393015,2019-12-02 12:29:24.393015,2019-12-02 13:04:18.833291,2019-12-02 13:04:48.833291,2019-12-02 13:25:38.555645,Replace,1,41,45,0 days 00:00:30.000000000,0 days 00:19:54.393015000
12,2019-12-02 13:24:00.000000,2019-12-02 13:24:35.000000,2019-12-02 13:39:11.052856,2019-12-02 13:39:31.671026,,,,Onsite,1,41,45,0 days 00:00:35.000000000,0 days 00:14:56.671026000
13,2019-12-02 14:20:00.000000,2019-12-02 14:20:25.000000,2019-12-02 14:35:09.122843,2019-12-02 14:35:34.122843,2019-12-02 15:19:22.434698,2019-12-02 15:19:47.434698,2019-12-02 15:38:09.556404,Replace,1,41,45,0 days 00:00:25.000000000,0 days 00:15:09.122843000
14,2019-12-02 16:32:00.000000,2019-12-02 16:32:55.000000,2019-12-02 16:51:29.828443,2019-12-02 16:52:24.828443,2019-12-02 17:28:23.885447,2019-12-02 17:29:18.885447,2019-12-02 17:46:18.807609,Replace,1,41,45,0 days 00:00:55.000000000,0 days 00:19:29.828443000
15,2019-12-02 15:26:00.000000,2019-12-02 15:26:45.000000,2019-12-02 15:45:33.605816,2019-12-02 15:46:18.605816,2019-12-02 16:16:26.848995,2019-12-02 16:17:11.848995,2019-12-02 16:32:53.527609,Replace,1,41,45,0 days 00:00:45.000000000,0 days 00:19:33.605816000
16,2019-12-02 17:53:00.000000,2019-12-02 17:53:45.000000,2019-12-02 18:12:54.341076,2019-12-02 18:13:39.341076,2019-12-02 18:55:15.586755,2019-12-02 18:56:00.586755,2019-12-02 19:10:27.808865,Replace,1,41,45,0 days 00:00:45.000000000,0 days 00:19:54.341076000
17,2019-12-02 18:53:00.000000,2019-12-02 18:53:55.000000,2019-12-02 19:12:27.491623,2019-12-02 19:13:22.491623,2019-12-02 19:42:39.821263,2019-12-02 19:43:34.821263,2019-12-02 20:05:01.715046,Replace,1,41,45,0 days 00:00:55.000000000,0 days 00:19:27.491623000
18,2019-12-02 20:13:00.000000,2019-12-02 20:13:55.000000,2019-12-02 20:27:52.178862,2019-12-02 20:28:47.178862,2019-12-02 20:59:51.954922,2019-12-02 21:00:46.954922,2019-12-02 21:15:50.835829,Replace,1,41,45,0 days 00:00:55.000000000,0 days 00:14:52.178862000
19,2019-12-02 21:19:00.000000,2019-12-02 21:19:35.000000,2019-12-02 21:28:38.311934,2019-12-02 21:29:13.311934,2019-12-02 22:09:40.703266,2019-12-02 22:10:15.703266,2019-12-02 22:26:18.144522,Replace,1,41,45,0 days 00:00:35.000000000,0 days 00:09:38.311934000
0,2019-12-02 01:21:00.000000,2019-12-02 00:00:35.000000,2019-12-02 00:17:34.641324,2019-12-02 00:18:09.641324,2019-12-02 00:56:00.651484,2019-12-02 00:56:35.651484,2019-12-02 01:12:51.870645,Replace,2,41,45,-1 days +22:39:35.000000000,0 days 00:17:34.641324000
1,2019-12-02 01:09:00.000000,2019-12-02 01:09:45.000000,2019-12-02 01:28:50.007857,2019-12-02 01:29:35.007857,2019-12-02 02:11:51.924086,2019-12-02 02:12:36.924086,2019-12-02 02:23:41.024470,Replace,2,41,45,0 days 00:00:45.000000000,0 days 00:19:50.007857000
2,2019-12-02 02:16:00.000000,2019-12-02 02:16:55.000000,2019-12-02 02:32:43.441502,2019-12-02 02:32:49.210214,,,,Onsite,2,41,45,0 days 00:00:55.000000000,0 days 00:15:54.210214000
3,2019-12-02 03:34:00.000000,2019-12-02 03:34:55.000000,2019-12-02 03:51:42.215947,2019-12-02 03:52:16.084447,,,,Onsite,2,41,45,0 days 00:00:55.000000000,0 days 00:17:21.084447000
4,2019-12-02 04:50:00.000000,2019-12-02 04:50:55.000000,2019-12-02 05:05:57.144639,2019-12-02 05:06:52.144639,2019-12-02 05:57:20.152012,2019-12-02 05:58:15.152012,2019-12-02 06:18:25.697439,Replace,2,41,45,0 days 00:00:55.000000000,0 days 00:15:57.144639000
5,2019-12-02 05:54:00.000000,2019-12-02 05:54:45.000000,2019-12-02 06:08:14.573897,2019-12-02 06:08:37.298939,,,,Onsite,2,41,45,0 days 00:00:45.000000000,0 days 00:13:52.298939000
6,2019-12-02 07:14:00.000000,2019-12-02 07:14:45.000000,2019-12-02 07:25:35.776534,2019-12-02 07:26:20.776534,2019-12-02 08:20:38.832571,2019-12-02 08:21:23.832571,2019-12-02 08:41:03.733795,Replace,2,41,45,0 days 00:00:45.000000000,0 days 00:11:35.776534000
7,2019-12-02 08:16:00.000000,2019-12-02 08:16:55.000000,2019-12-02 08:32:33.756216,2019-12-02 08:32:48.407463,,,,Onsite,2,41,45,0 days 00:00:55.000000000,0 days 00:15:53.407463000
8,2019-12-02 09:09:00.000000,2019-12-02 09:09:55.000000,2019-12-02 09:22:25.237635,2019-12-02 09:22:31.157998,,,,Onsite,2,41,45,0 days 00:00:55.000000000,0 days 00:12:36.157998000
9,2019-12-02 10:07:00.000000,2019-12-02 10:07:45.000000,2019-12-02 10:20:44.637314,2019-12-02 10:21:29.637314,2019-12-02 11:14:16.063204,2019-12-02 11:15:01.063204,2019-12-02 11:32:17.344939,Replace,2,41,45,0 days 00:00:45.000000000,0 days 00:13:44.637314000
10,2019-12-02 11:24:00.000000,2019-12-02 11:24:55.000000,2019-12-02 11:40:02.742763,2019-12-02 11:40:57.742763,2019-12-02 12:17:43.389525,2019-12-02 12:18:38.389525,2019-12-02 12:33:07.844504,Replace,2,41,45,0 days 00:00:55.000000000,0 days 00:16:02.742763000
11,2019-12-02 12:27:00.000000,2019-12-02 12:27:45.000000,2019-12-02 12:47:12.986430,2019-12-02 12:47:26.761541,,,,Onsite,2,41,45,0 days 00:00:45.000000000,0 days 00:19:41.761541000
12,2019-12-02 13:48:00.000000,2019-12-02 13:48:25.000000,2019-12-02 14:04:34.164047,2019-12-02 14:04:59.164047,2019-12-02 14:33:42.121709,2019-12-02 14:34:07.121709,2019-12-02 14:49:06.496719,Replace,2,41,45,0 days 00:00:25.000000000,0 days 00:16:34.164047000
13,2019-12-02 14:57:00.000000,2019-12-02 14:57:50.000000,2019-12-02 15:12:13.472852,2019-12-02 15:13:03.472852,2019-12-02 15:47:31.039987,2019-12-02 15:48:21.039987,2019-12-02 16:08:39.055336,Replace,2,41,45,0 days 00:00:50.000000000,0 days 00:15:13.472852000
14,2019-12-02 16:13:00.000000,2019-12-02 16:13:30.000000,2019-12-02 16:27:47.202648,2019-12-02 16:28:17.202648,2019-12-02 17:00:38.525888,2019-12-02 17:01:08.525888,2019-12-02 17:20:39.993668,Replace,2,41,45,0 days 00:00:30.000000000,0 days 00:14:47.202648000
15,2019-12-02 17:26:00.000000,2019-12-02 17:26:35.000000,2019-12-02 17:45:25.215617,2019-12-02 17:45:40.382162,,,,Onsite,2,41,45,0 days 00:00:35.000000000,0 days 00:19:05.382162000
16,2019-12-02 18:32:00.000000,2019-12-02 18:32:45.000000,2019-12-02 18:52:27.078264,2019-12-02 18:53:12.078264,2019-12-02 19:47:41.608314,2019-12-02 19:48:26.608314,2019-12-02 20:03:14.303370,Replace,2,41,45,0 days 00:00:45.000000000,0 days 00:20:27.078264000
17,2019-12-02 19:38:00.000000,2019-12-02 19:38:50.000000,2019-12-02 19:53:25.260092,2019-12-02 19:53:31.099505,,,,Onsite,2,41,45,0 days 00:00:50.000000000,0 days 00:14:41.099505000
18,2019-12-02 20:56:00.000000,2019-12-02 20:56:25.000000,2019-12-02 21:10:42.278419,2019-12-02 21:11:07.278419,2019-12-02 21:44:41.206902,2019-12-02 21:45:06.206902,2019-12-02 21:59:51.386193,Replace,2,41,45,0 days 00:00:25.000000000,0 days 00:14:42.278419000
19,2019-12-02 21:43:00.000000,2019-12-02 21:43:45.000000,2019-12-02 22:02:48.097966,2019-12-02 22:03:33.097966,2019-12-02 22:35:50.075250,2019-12-02 22:36:35.075250,2019-12-02 22:55:50.826702,Replace,2,41,45,0 days 00:00:45.000000000,0 days 00:19:48.097966000
0,2019-12-02 01:12:00.000000,2019-12-02 00:00:30.000000,2019-12-02 00:16:33.554483,2019-12-02 00:16:53.567854,,,,Onsite,3,41,45,-1 days +22:48:30.000000000,0 days 00:16:23.567854000
1,2019-12-02 01:13:00.000000,2019-12-02 01:13:55.000000,2019-12-02 01:31:43.021416,2019-12-02 01:31:55.841316,,,,Onsite,3,41,45,0 days 00:00:55.000000000,0 days 00:18:00.841316000
2,2019-12-02 02:22:00.000000,2019-12-02 02:22:35.000000,2019-12-02 02:35:48.496275,2019-12-02 02:36:23.496275,2019-12-02 03:13:55.793301,2019-12-02 03:14:30.793301,2019-12-02 03:30:15.872168,Replace,3,41,45,0 days 00:00:35.000000000,0 days 00:13:48.496275000
3,2019-12-02 03:26:00.000000,2019-12-02 03:26:35.000000,2019-12-02 03:43:31.343839,2019-12-02 03:44:06.343839,2019-12-02 04:09:49.401706,2019-12-02 04:10:24.401706,2019-12-02 04:33:15.669494,Replace,3,41,45,0 days 00:00:35.000000000,0 days 00:17:31.343839000
4,2019-12-02 04:37:00.000000,2019-12-02 04:37:30.000000,2019-12-02 04:56:09.879368,2019-12-02 04:56:39.879368,2019-12-02 05:24:14.097072,2019-12-02 05:24:44.097072,2019-12-02 05:46:03.272808,Replace,3,41,45,0 days 00:00:30.000000000,0 days 00:19:09.879368000
5,2019-12-02 05:49:00.000000,2019-12-02 05:49:55.000000,2019-12-02 06:05:05.550331,2019-12-02 06:06:00.550331,2019-12-02 06:33:34.802306,2019-12-02 06:34:29.802306,2019-12-02 06:49:39.973419,Replace,3,41,45,0 days 00:00:55.000000000,0 days 00:16:05.550331000
6,2019-12-02 06:57:00.000000,2019-12-02 06:57:25.000000,2019-12-02 07:20:59.848000,2019-12-02 07:21:24.848000,2019-12-02 08:18:39.787617,2019-12-02 08:19:04.787617,2019-12-02 08:33:20.570839,Replace,3,41,45,0 days 00:00:25.000000000,0 days 00:23:59.848000000
7,2019-12-02 08:17:00.000000,2019-12-02 08:17:45.000000,2019-12-02 08:32:22.607261,2019-12-02 08:33:07.607261,2019-12-02 09:02:24.041601,2019-12-02 09:03:09.041601,2019-12-02 09:19:29.297860,Replace,3,41,45,0 days 00:00:45.000000000,0 days 00:15:22.607261000
8,2019-12-02 09:26:00.000000,2019-12-02 09:26:45.000000,2019-12-02 09:40:28.722747,2019-12-02 09:41:13.722747,2019-12-02 10:15:23.799288,2019-12-02 10:16:08.799288,2019-12-02 10:31:33.060205,Replace,3,41,45,0 days 00:00:45.000000000,0 days 00:14:28.722747000
9,2019-12-02 10:19:00.000000,2019-12-02 10:19:50.000000,2019-12-02 10:38:07.770495,2019-12-02 10:38:57.770495,2019-12-02 11:07:08.658853,2019-12-02 11:07:58.658853,2019-12-02 11:21:21.626776,Replace,3,41,45,0 days 00:00:50.000000000,0 days 00:19:07.770495000
10,2019-12-02 11:23:00.000000,2019-12-02 11:23:30.000000,2019-12-02 11:43:12.237321,2019-12-02 11:43:42.237321,2019-12-02 12:16:18.062674,2019-12-02 12:16:48.062674,2019-12-02 12:34:33.911179,Replace,3,41,45,0 days 00:00:30.000000000,0 days 00:20:12.237321000
11,2019-12-02 12:41:00.000000,2019-12-02 12:41:35.000000,2019-12-02 12:50:19.636464,2019-12-02 12:50:54.636464,2019-12-02 13:24:48.726293,2019-12-02 13:25:23.726293,2019-12-02 13:39:34.948373,Replace,3,41,45,0 days 00:00:35.000000000,0 days 00:09:19.636464000
12,2019-12-02 13:49:00.000000,2019-12-02 13:49:35.000000,2019-12-02 14:06:06.170493,2019-12-02 14:06:41.170493,2019-12-02 14:46:20.642001,2019-12-02 14:46:55.642001,2019-12-02 15:01:15.960164,Replace,3,41,45,0 days 00:00:35.000000000,0 days 00:17:06.170493000
13,2019-12-02 14:50:00.000000,2019-12-02 14:50:55.000000,2019-12-02 15:07:34.193595,2019-12-02 15:07:47.126432,,,,Onsite,3,41,45,0 days 00:00:55.000000000,0 days 00:16:52.126432000
14,2019-12-02 16:01:00.000000,2019-12-02 16:01:35.000000,2019-12-02 16:18:05.235725,2019-12-02 16:18:23.876835,,,,Onsite,3,41,45,0 days 00:00:35.000000000,0 days 00:16:48.876835000
15,2019-12-02 17:11:00.000000,2019-12-02 17:11:50.000000,2019-12-02 17:21:05.729290,2019-12-02 17:21:55.729290,2019-12-02 18:10:44.196354,2019-12-02 18:11:34.196354,2019-12-02 18:23:11.593541,Replace,3,41,45,0 days 00:00:50.000000000,0 days 00:10:05.729290000
16,2019-12-02 18:30:00.000000,2019-12-02 18:30:30.000000,2019-12-02 18:44:49.130182,2019-12-02 18:45:19.130182,2019-12-02 19:16:02.329830,2019-12-02 19:16:32.329830,2019-12-02 19:36:11.039666,Replace,3,41,45,0 days 00:00:30.000000000,0 days 00:14:49.130182000
17,2019-12-02 19:38:00.000000,2019-12-02 19:38:50.000000,2019-12-02 19:56:08.963918,2019-12-02 19:56:58.963918,2019-12-02 20:34:16.326839,2019-12-02 20:35:06.326839,2019-12-02 20:52:06.906956,Replace,3,41,45,0 days 00:00:50.000000000,0 days 00:18:08.963918000
18,2019-12-02 20:53:00.000000,2019-12-02 20:53:35.000000,2019-12-02 21:09:24.951142,2019-12-02 21:09:59.951142,2019-12-02 21:50:49.876079,2019-12-02 21:51:24.876079,2019-12-02 22:05:24.694158,Replace,3,41,45,0 days 00:00:35.000000000,0 days 00:16:24.951142000
0,2019-12-02 01:07:00.000000,2019-12-02 00:00:45.000000,2019-12-02 00:17:26.476823,2019-12-02 00:17:34.326923,,,,Onsite,4,41,45,-1 days +22:53:45.000000000,0 days 00:16:49.326923000
1,2019-12-02 01:13:00.000000,2019-12-02 01:13:55.000000,2019-12-02 01:30:39.859949,2019-12-02 01:31:34.859949,2019-12-02 02:02:47.893960,2019-12-02 02:03:42.893960,2019-12-02 02:21:32.162895,Replace,4,41,45,0 days 00:00:55.000000000,0 days 00:17:39.859949000
2,2019-12-02 02:09:00.000000,2019-12-02 02:09:55.000000,2019-12-02 02:29:46.727136,2019-12-02 02:30:41.727136,2019-12-02 02:55:26.640657,2019-12-02 02:56:21.640657,2019-12-02 03:14:23.192412,Replace,4,41,45,0 days 00:00:55.000000000,0 days 00:20:46.727136000
3,2019-12-02 03:18:00.000000,2019-12-02 03:18:30.000000,2019-12-02 03:31:57.843110,2019-12-02 03:32:00.398179,,,,Onsite,4,41,45,0 days 00:00:30.000000000,0 days 00:13:30.398179000
4,2019-12-02 04:21:00.000000,2019-12-02 04:21:50.000000,2019-12-02 04:40:18.738134,2019-12-02 04:41:08.738134,2019-12-02 05:28:36.094765,2019-12-02 05:29:26.094765,2019-12-02 05:45:25.622881,Replace,4,41,45,0 days 00:00:50.000000000,0 days 00:19:18.738134000
5,2019-12-02 05:38:00.000000,2019-12-02 05:38:30.000000,2019-12-02 05:55:11.855130,2019-12-02 05:55:32.374569,,,,Onsite,4,41,45,0 days 00:00:30.000000000,0 days 00:17:02.374569000
6,2019-12-02 06:39:00.000000,2019-12-02 06:39:35.000000,2019-12-02 06:57:41.053595,2019-12-02 06:58:16.053595,2019-12-02 07:31:10.758815,2019-12-02 07:31:45.758815,2019-12-02 07:42:03.764886,Replace,4,41,45,0 days 00:00:35.000000000,0 days 00:18:41.053595000
7,2019-12-02 07:33:00.000000,2019-12-02 07:33:35.000000,2019-12-02 07:48:44.553220,2019-12-02 07:49:11.983488,,,,Onsite,4,41,45,0 days 00:00:35.000000000,0 days 00:15:36.983488000
8,2019-12-02 08:47:00.000000,2019-12-02 08:47:45.000000,2019-12-02 09:02:30.512950,2019-12-02 09:03:04.584087,,,,Onsite,4,41,45,0 days 00:00:45.000000000,0 days 00:15:19.584087000
9,2019-12-02 10:01:00.000000,2019-12-02 10:01:45.000000,2019-12-02 10:17:02.689329,2019-12-02 10:17:47.689329,2019-12-02 10:47:34.992022,2019-12-02 10:48:19.992022,2019-12-02 11:07:38.908341,Replace,4,41,45,0 days 00:00:45.000000000,0 days 00:16:02.689329000
10,2019-12-02 11:05:00.000000,2019-12-02 11:05:45.000000,2019-12-02 11:25:47.033542,2019-12-02 11:26:32.033542,2019-12-02 11:56:25.141940,2019-12-02 11:57:10.141940,2019-12-02 12:18:40.141134,Replace,4,41,45,0 days 00:00:45.000000000,0 days 00:20:47.033542000
11,2019-12-02 12:16:00.000000,2019-12-02 12:16:30.000000,2019-12-02 12:36:20.678086,2019-12-02 12:36:50.678086,2019-12-02 13:02:17.165316,2019-12-02 13:02:47.165316,2019-12-02 13:17:02.528267,Replace,4,41,45,0 days 00:00:30.000000000,0 days 00:20:20.678086000
12,2019-12-02 13:24:00.000000,2019-12-02 13:24:45.000000,2019-12-02 13:38:00.428756,2019-12-02 13:38:06.484230,,,,Onsite,4,41,45,0 days 00:00:45.000000000,0 days 00:13:21.484230000
13,2019-12-02 14:22:00.000000,2019-12-02 14:22:30.000000,2019-12-02 14:41:27.298006,2019-12-02 14:41:57.298006,2019-12-02 15:18:10.697720,2019-12-02 15:18:40.697720,2019-12-02 15:33:32.593520,Replace,4,41,45,0 days 00:00:30.000000000,0 days 00:19:27.298006000
14,2019-12-02 15:39:00.000000,2019-12-02 15:39:45.000000,2019-12-02 15:56:08.794697,2019-12-02 15:56:53.794697,2019-12-02 16:49:01.183316,2019-12-02 16:49:46.183316,2019-12-02 17:07:55.873855,Replace,4,41,45,0 days 00:00:45.000000000,0 days 00:17:08.794697000
15,2019-12-02 16:33:00.000000,2019-12-02 16:33:35.000000,2019-12-02 16:50:58.105853,2019-12-02 16:51:10.142630,,,,Onsite,4,41,45,0 days 00:00:35.000000000,0 days 00:17:35.142630000
16,2019-12-02 17:30:00.000000,2019-12-02 17:30:45.000000,2019-12-02 17:50:14.782674,2019-12-02 17:50:59.782674,2019-12-02 18:32:10.240064,2019-12-02 18:32:55.240064,2019-12-02 18:45:06.547496,Replace,4,41,45,0 days 00:00:45.000000000,0 days 00:20:14.782674000
17,2019-12-02 18:33:00.000000,2019-12-02 18:33:55.000000,2019-12-02 18:48:24.676629,2019-12-02 18:49:19.676629,2019-12-02 19:35:54.897725,2019-12-02 19:36:49.897725,2019-12-02 19:56:22.564461,Replace,4,41,45,0 days 00:00:55.000000000,0 days 00:15:24.676629000
18,2019-12-02 19:33:00.000000,2019-12-02 19:33:55.000000,2019-12-02 19:51:28.561842,2019-12-02 19:51:44.838260,,,,Onsite,4,41,45,0 days 00:00:55.000000000,0 days 00:17:49.838260000
19,2019-12-02 20:41:00.000000,2019-12-02 20:41:25.000000,2019-12-02 20:57:02.641686,2019-12-02 20:57:17.894021,,,,Onsite,4,41,45,0 days 00:00:25.000000000,0 days 00:15:52.894021000
20,2019-12-02 21:57:00.000000,2019-12-02 21:57:30.000000,2019-12-02 22:08:52.718125,2019-12-02 22:09:10.265484,,,,Onsite,4,41,45,0 days 00:00:30.000000000,0 days 00:11:40.265484000
0,2019-12-02 01:13:00.000000,2019-12-02 00:00:25.000000,2019-12-02 00:16:59.203512,2019-12-02 00:17:24.203512,2019-12-02 00:55:58.774499,2019-12-02 00:56:23.774499,2019-12-02 01:14:15.781372,Replace,5,41,45,-1 days +22:47:25.000000000,0 days 00:16:59.203512000
1,2019-12-02 01:20:00.000000,2019-12-02 01:20:45.000000,2019-12-02 01:33:33.650410,2019-12-02 01:34:18.650410,2019-12-02 02:21:48.266015,2019-12-02 02:22:33.266015,2019-12-02 02:37:07.564019,Replace,5,41,45,0 days 00:00:45.000000000,0 days 00:13:33.650410000
2,2019-12-02 02:27:00.000000,2019-12-02 02:27:35.000000,2019-12-02 02:48:29.420306,2019-12-02 02:48:39.972770,,,,Onsite,5,41,45,0 days 00:00:35.000000000,0 days 00:21:04.972770000
3,2019-12-02 03:34:00.000000,2019-12-02 03:34:45.000000,2019-12-02 03:52:04.727779,2019-12-02 03:52:49.727779,2019-12-02 04:43:26.467436,2019-12-02 04:44:11.467436,2019-12-02 05:03:18.965804,Replace,5,41,45,0 days 00:00:45.000000000,0 days 00:18:04.727779000
4,2019-12-02 04:50:00.000000,2019-12-02 04:50:45.000000,2019-12-02 05:09:58.922571,2019-12-02 05:10:43.922571,2019-12-02 05:56:49.814810,2019-12-02 05:57:34.814810,2019-12-02 06:12:01.014705,Replace,5,41,45,0 days 00:00:45.000000000,0 days 00:19:58.922571000
5,2019-12-02 06:06:00.000000,2019-12-02 06:06:35.000000,2019-12-02 06:18:42.347249,2019-12-02 06:19:17.347249,2019-12-02 06:57:19.216023,2019-12-02 06:57:54.216023,2019-12-02 07:12:17.605345,Replace,5,41,45,0 days 00:00:35.000000000,0 days 00:12:42.347249000
6,2019-12-02 07:08:00.000000,2019-12-02 07:08:35.000000,2019-12-02 07:24:53.987961,2019-12-02 07:25:28.987961,2019-12-02 08:00:53.576379,2019-12-02 08:01:28.576379,2019-12-02 08:13:48.136903,Replace,5,41,45,0 days 00:00:35.000000000,0 days 00:16:53.987961000
7,2019-12-02 08:08:00.000000,2019-12-02 08:08:35.000000,2019-12-02 08:23:14.515717,2019-12-02 08:23:49.515717,2019-12-02 09:02:53.284673,2019-12-02 09:03:28.284673,2019-12-02 09:19:19.551065,Replace,5,41,45,0 days 00:00:35.000000000,0 days 00:15:14.515717000
8,2019-12-02 09:05:00.000000,2019-12-02 09:05:45.000000,2019-12-02 09:20:41.054245,2019-12-02 09:20:45.974014,,,,Onsite,5,41,45,0 days 00:00:45.000000000,0 days 00:15:00.974014000
9,2019-12-02 10:09:00.000000,2019-12-02 10:09:25.000000,2019-12-02 10:22:59.195014,2019-12-02 10:23:13.935479,,,,Onsite,5,41,45,0 days 00:00:25.000000000,0 days 00:13:48.935479000
10,2019-12-02 11:12:00.000000,2019-12-02 11:12:45.000000,2019-12-02 11:28:42.723060,2019-12-02 11:29:08.165680,,,,Onsite,5,41,45,0 days 00:00:45.000000000,0 days 00:16:23.165680000
11,2019-12-02 12:17:00.000000,2019-12-02 12:17:35.000000,2019-12-02 12:24:14.407455,2019-12-02 12:24:49.407455,2019-12-02 13:03:33.757959,2019-12-02 13:04:08.757959,2019-12-02 13:23:54.688759,Replace,5,41,45,0 days 00:00:35.000000000,0 days 00:07:14.407455000
12,2019-12-02 13:17:00.000000,2019-12-02 13:17:45.000000,2019-12-02 13:35:19.083257,2019-12-02 13:35:39.007474,,,,Onsite,5,41,45,0 days 00:00:45.000000000,0 days 00:17:54.007474000
13,2019-12-02 14:16:00.000000,2019-12-02 14:16:45.000000,2019-12-02 14:32:15.814653,2019-12-02 14:32:33.195188,,,,Onsite,5,41,45,0 days 00:00:45.000000000,0 days 00:15:48.195188000
14,2019-12-02 15:32:00.000000,2019-12-02 15:32:45.000000,2019-12-02 15:48:40.974064,2019-12-02 15:49:25.974064,2019-12-02 16:27:58.984042,2019-12-02 16:28:43.984042,2019-12-02 16:42:48.782616,Replace,5,41,45,0 days 00:00:45.000000000,0 days 00:16:40.974064000
15,2019-12-02 16:39:00.000000,2019-12-02 16:39:50.000000,2019-12-02 16:57:22.233675,2019-12-02 16:58:12.233675,2019-12-02 17:38:43.019167,2019-12-02 17:39:33.019167,2019-12-02 18:00:20.697235,Replace,5,41,45,0 days 00:00:50.000000000,0 days 00:18:22.233675000
16,2019-12-02 17:44:00.000000,2019-12-02 17:44:45.000000,2019-12-02 17:59:59.169570,2019-12-02 18:00:44.169570,2019-12-02 18:33:41.524164,2019-12-02 18:34:26.524164,2019-12-02 18:46:49.557794,Replace,5,41,45,0 days 00:00:45.000000000,0 days 00:15:59.169570000
17,2019-12-02 19:58:00.000000,2019-12-02 19:58:50.000000,2019-12-02 20:10:56.126691,2019-12-02 20:11:46.126691,2019-12-02 20:43:42.731859,2019-12-02 20:44:32.731859,2019-12-02 21:02:11.113643,Replace,5,41,45,0 days 00:00:50.000000000,0 days 00:12:56.126691000
18,2019-12-02 18:56:00.000000,2019-12-02 18:56:45.000000,2019-12-02 19:09:43.615449,2019-12-02 19:10:28.615449,2019-12-02 19:57:26.439595,2019-12-02 19:58:11.439595,2019-12-02 20:09:47.029061,Replace,5,41,45,0 days 00:00:45.000000000,0 days 00:13:43.615449000
19,2019-12-02 21:15:00.000000,2019-12-02 21:15:25.000000,2019-12-02 21:35:01.359635,2019-12-02 21:35:26.359635,2019-12-02 22:11:21.141727,2019-12-02 22:11:46.141727,2019-12-02 22:26:58.333660,Replace,5,41,45,0 days 00:00:25.000000000,0 days 00:20:01.359635000
20,2019-12-02 22:15:00.000000,2019-12-02 22:15:45.000000,2019-12-02 22:28:31.901638,2019-12-02 22:28:40.814043,,,,Onsite,5,41,45,0 days 00:00:45.000000000,0 days 00:12:55.814043000
0,2019-12-02 00:54:00.000000,2019-12-02 00:00:50.000000,2019-12-02 00:18:24.330191,2019-12-02 00:18:44.142260,,,,Onsite,6,41,45,-1 days +23:06:50.000000000,0 days 00:17:54.142260000
1,2019-12-02 00:55:00.000000,2019-12-02 00:55:55.000000,2019-12-02 01:09:42.252515,2019-12-02 01:10:10.487811,,,,Onsite,6,41,45,0 days 00:00:55.000000000,0 days 00:14:15.487811000
2,2019-12-02 02:09:00.000000,2019-12-02 02:09:35.000000,2019-12-02 02:26:52.061787,2019-12-02 02:27:04.371384,,,,Onsite,6,41,45,0 days 00:00:35.000000000,0 days 00:17:29.371384000
3,2019-12-02 03:23:00.000000,2019-12-02 03:23:55.000000,2019-12-02 03:46:44.233754,2019-12-02 03:47:39.233754,2019-12-02 04:16:01.856154,2019-12-02 04:16:56.856154,2019-12-02 04:36:23.848192,Replace,6,41,45,0 days 00:00:55.000000000,0 days 00:23:44.233754000
4,2019-12-02 04:31:00.000000,2019-12-02 04:31:55.000000,2019-12-02 04:50:05.811580,2019-12-02 04:51:00.811580,2019-12-02 05:44:00.190911,2019-12-02 05:44:55.190911,2019-12-02 06:05:13.489392,Replace,6,41,45,0 days 00:00:55.000000000,0 days 00:19:05.811580000
5,2019-12-02 05:37:00.000000,2019-12-02 05:37:30.000000,2019-12-02 05:52:56.874957,2019-12-02 05:53:10.861187,,,,Onsite,6,41,45,0 days 00:00:30.000000000,0 days 00:15:40.861187000
6,2019-12-02 06:47:00.000000,2019-12-02 06:47:35.000000,2019-12-02 06:59:50.963264,2019-12-02 07:00:25.963264,2019-12-02 07:39:57.303980,2019-12-02 07:40:32.303980,2019-12-02 07:57:45.923273,Replace,6,41,45,0 days 00:00:35.000000000,0 days 00:12:50.963264000
7,2019-12-02 07:33:00.000000,2019-12-02 07:33:45.000000,2019-12-02 07:49:13.519826,2019-12-02 07:49:58.519826,2019-12-02 08:44:33.902139,2019-12-02 08:45:18.902139,2019-12-02 09:05:01.786938,Replace,6,41,45,0 days 00:00:45.000000000,0 days 00:16:13.519826000
8,2019-12-02 08:56:00.000000,2019-12-02 08:56:55.000000,2019-12-02 09:10:42.445166,2019-12-02 09:11:37.445166,2019-12-02 09:57:46.608609,2019-12-02 09:58:41.608609,2019-12-02 10:19:57.795740,Replace,6,41,45,0 days 00:00:55.000000000,0 days 00:14:42.445166000
9,2019-12-02 09:56:00.000000,2019-12-02 09:56:55.000000,2019-12-02 10:10:22.004469,2019-12-02 10:11:17.004469,2019-12-02 10:54:16.889308,2019-12-02 10:55:11.889308,2019-12-02 11:11:32.186419,Replace,6,41,45,0 days 00:00:55.000000000,0 days 00:14:22.004469000
10,2019-12-02 11:20:00.000000,2019-12-02 11:20:30.000000,2019-12-02 11:38:34.999117,2019-12-02 11:38:44.724037,,,,Onsite,6,41,45,0 days 00:00:30.000000000,0 days 00:18:14.724037000
11,2019-12-02 12:36:00.000000,2019-12-02 12:36:45.000000,2019-12-02 12:53:25.563504,2019-12-02 12:54:10.563504,2019-12-02 13:18:04.091266,2019-12-02 13:18:49.091266,2019-12-02 13:36:30.902101,Replace,6,41,45,0 days 00:00:45.000000000,0 days 00:17:25.563504000
12,2019-12-02 13:47:00.000000,2019-12-02 13:47:35.000000,2019-12-02 13:56:57.065474,2019-12-02 13:57:32.065474,2019-12-02 14:25:32.221932,2019-12-02 14:26:07.221932,2019-12-02 14:44:16.863912,Replace,6,41,45,0 days 00:00:35.000000000,0 days 00:09:57.065474000
13,2019-12-02 15:07:00.000000,2019-12-02 15:07:55.000000,2019-12-02 15:26:34.845423,2019-12-02 15:27:29.845423,2019-12-02 16:15:48.199423,2019-12-02 16:16:43.199423,2019-12-02 16:37:16.644126,Replace,6,41,45,0 days 00:00:55.000000000,0 days 00:19:34.845423000
14,2019-12-02 16:04:00.000000,2019-12-02 16:04:45.000000,2019-12-02 16:23:45.210017,2019-12-02 16:24:30.210017,2019-12-02 17:12:41.268580,2019-12-02 17:13:26.268580,2019-12-02 17:29:42.463184,Replace,6,41,45,0 days 00:00:45.000000000,0 days 00:19:45.210017000
15,2019-12-02 17:25:00.000000,2019-12-02 17:25:35.000000,2019-12-02 17:40:19.967375,2019-12-02 17:40:54.967375,2019-12-02 18:18:22.630370,2019-12-02 18:18:57.630370,2019-12-02 18:35:44.746087,Replace,6,41,45,0 days 00:00:35.000000000,0 days 00:15:19.967375000
16,2019-12-02 18:37:00.000000,2019-12-02 18:37:25.000000,2019-12-02 18:52:39.311443,2019-12-02 18:53:00.101822,,,,Onsite,6,41,45,0 days 00:00:25.000000000,0 days 00:15:35.101822000
17,2019-12-02 19:39:00.000000,2019-12-02 19:39:45.000000,2019-12-02 19:57:09.080990,2019-12-02 19:57:54.080990,2019-12-02 20:27:44.676422,2019-12-02 20:28:29.676422,2019-12-02 20:44:19.818854,Replace,6,41,45,0 days 00:00:45.000000000,0 days 00:18:09.080990000
18,2019-12-02 20:38:00.000000,2019-12-02 20:38:25.000000,2019-12-02 20:55:06.099419,2019-12-02 20:55:43.564139,,,,Onsite,6,41,45,0 days 00:00:25.000000000,0 days 00:17:18.564139000
19,2019-12-02 21:52:00.000000,2019-12-02 21:52:25.000000,2019-12-02 22:08:51.516323,2019-12-02 22:08:56.357274,,,,Onsite,6,41,45,0 days 00:00:25.000000000,0 days 00:16:31.357274000
0,2019-12-02 01:03:00.000000,2019-12-02 00:00:35.000000,2019-12-02 00:12:50.446392,2019-12-02 00:13:02.070583,,,,Onsite,7,41,45,-1 days +22:57:35.000000000,0 days 00:12:27.070583000
1,2019-12-02 01:10:00.000000,2019-12-02 01:10:45.000000,2019-12-02 01:24:40.937830,2019-12-02 01:25:25.937830,2019-12-02 01:55:58.138725,2019-12-02 01:56:43.138725,2019-12-02 02:19:09.153790,Replace,7,41,45,0 days 00:00:45.000000000,0 days 00:14:40.937830000
2,2019-12-02 02:23:00.000000,2019-12-02 02:23:25.000000,2019-12-02 02:39:22.182458,2019-12-02 02:39:47.182458,2019-12-02 03:14:08.102435,2019-12-02 03:14:33.102435,2019-12-02 03:27:33.099990,Replace,7,41,45,0 days 00:00:25.000000000,0 days 00:16:22.182458000
3,2019-12-02 03:44:00.000000,2019-12-02 03:44:35.000000,2019-12-02 04:01:56.532212,2019-12-02 04:02:31.532212,2019-12-02 04:47:42.487842,2019-12-02 04:48:17.487842,2019-12-02 05:06:59.517032,Replace,7,41,45,0 days 00:00:35.000000000,0 days 00:17:56.532212000
4,2019-12-02 04:52:00.000000,2019-12-02 04:52:45.000000,2019-12-02 05:05:19.978126,2019-12-02 05:06:04.978126,2019-12-02 05:33:31.987069,2019-12-02 05:34:16.987069,2019-12-02 05:48:43.590226,Replace,7,41,45,0 days 00:00:45.000000000,0 days 00:13:19.978126000
5,2019-12-02 06:11:00.000000,2019-12-02 06:11:55.000000,2019-12-02 06:25:33.837942,2019-12-02 06:26:28.837942,2019-12-02 06:54:30.636807,2019-12-02 06:55:25.636807,2019-12-02 07:10:06.059190,Replace,7,41,45,0 days 00:00:55.000000000,0 days 00:14:33.837942000
6,2019-12-02 07:12:00.000000,2019-12-02 07:12:25.000000,2019-12-02 07:26:38.841877,2019-12-02 07:27:09.989641,,,,Onsite,7,41,45,0 days 00:00:25.000000000,0 days 00:14:44.989641000
7,2019-12-02 07:56:00.000000,2019-12-02 07:56:35.000000,2019-12-02 08:11:16.426179,2019-12-02 08:11:27.543725,,,,Onsite,7,41,45,0 days 00:00:35.000000000,0 days 00:14:52.543725000
8,2019-12-02 09:06:00.000000,2019-12-02 09:06:25.000000,2019-12-02 09:24:48.130657,2019-12-02 09:25:13.130657,2019-12-02 09:54:36.596412,2019-12-02 09:55:01.596412,2019-12-02 10:11:08.063677,Replace,7,41,45,0 days 00:00:25.000000000,0 days 00:18:48.130657000
9,2019-12-02 10:05:00.000000,2019-12-02 10:05:50.000000,2019-12-02 10:21:51.195874,2019-12-02 10:22:41.195874,2019-12-02 10:52:17.854401,2019-12-02 10:53:07.854401,2019-12-02 11:12:53.530775,Replace,7,41,45,0 days 00:00:50.000000000,0 days 00:16:51.195874000
10,2019-12-02 11:10:00.000000,2019-12-02 11:10:45.000000,2019-12-02 11:28:24.521349,2019-12-02 11:29:09.521349,2019-12-02 11:59:37.000812,2019-12-02 12:00:22.000812,2019-12-02 12:14:17.145635,Replace,7,41,45,0 days 00:00:45.000000000,0 days 00:18:24.521349000
11,2019-12-02 12:27:00.000000,2019-12-02 12:27:25.000000,2019-12-02 12:45:02.203668,2019-12-02 12:45:09.753296,,,,Onsite,7,41,45,0 days 00:00:25.000000000,0 days 00:17:44.753296000
12,2019-12-02 13:22:00.000000,2019-12-02 13:22:55.000000,2019-12-02 13:42:21.852659,2019-12-02 13:43:16.852659,2019-12-02 14:23:14.673027,2019-12-02 14:24:09.673027,2019-12-02 14:43:34.500107,Replace,7,41,45,0 days 00:00:55.000000000,0 days 00:20:21.852659000
13,2019-12-02 14:38:00.000000,2019-12-02 14:38:55.000000,2019-12-02 14:59:12.090799,2019-12-02 15:00:07.090799,2019-12-02 15:36:39.475707,2019-12-02 15:37:34.475707,2019-12-02 15:55:17.931384,Replace,7,41,45,0 days 00:00:55.000000000,0 days 00:21:12.090799000
14,2019-12-02 15:41:00.000000,2019-12-02 15:41:25.000000,2019-12-02 15:59:15.563251,2019-12-02 15:59:31.654692,,,,Onsite,7,41,45,0 days 00:00:25.000000000,0 days 00:18:06.654692000
15,2019-12-02 16:40:00.000000,2019-12-02 16:40:45.000000,2019-12-02 16:53:46.070810,2019-12-02 16:54:31.070810,2019-12-02 17:31:03.912646,2019-12-02 17:31:48.912646,2019-12-02 17:46:01.829828,Replace,7,41,45,0 days 00:00:45.000000000,0 days 00:13:46.070810000
16,2019-12-02 18:07:00.000000,2019-12-02 18:07:45.000000,2019-12-02 18:26:29.745986,2019-12-02 18:27:14.745986,2019-12-02 18:57:47.048377,2019-12-02 18:58:32.048377,2019-12-02 19:17:25.509070,Replace,7,41,45,0 days 00:00:45.000000000,0 days 00:19:29.745986000
17,2019-12-02 19:19:00.000000,2019-12-02 19:19:35.000000,2019-12-02 19:36:20.481339,2019-12-02 19:36:35.122826,,,,Onsite,7,41,45,0 days 00:00:35.000000000,0 days 00:17:00.122826000
18,2019-12-02 20:23:00.000000,2019-12-02 20:23:45.000000,2019-12-02 20:41:04.572945,2019-12-02 20:41:26.748776,,,,Onsite,7,41,45,0 days 00:00:45.000000000,0 days 00:17:41.748776000
19,2019-12-02 21:21:00.000000,2019-12-02 21:21:25.000000,2019-12-02 21:40:41.313190,2019-12-02 21:40:52.307971,,,,Onsite,7,41,45,0 days 00:00:25.000000000,0 days 00:19:27.307971000
0,2019-12-02 01:28:00.000000,2019-12-02 00:00:30.000000,2019-12-02 00:17:45.224745,2019-12-02 00:18:00.809129,,,,Onsite,8,41,45,-1 days +22:32:30.000000000,0 days 00:17:30.809129000
1,2019-12-02 01:02:00.000000,2019-12-02 01:02:35.000000,2019-12-02 01:20:51.448540,2019-12-02 01:21:26.448540,2019-12-02 01:49:01.079635,2019-12-02 01:49:36.079635,2019-12-02 02:09:10.227305,Replace,8,41,45,0 days 00:00:35.000000000,0 days 00:18:51.448540000
2,2019-12-02 02:22:00.000000,2019-12-02 02:22:45.000000,2019-12-02 02:36:17.605725,2019-12-02 02:36:27.957462,,,,Onsite,8,41,45,0 days 00:00:45.000000000,0 days 00:13:42.957462000
3,2019-12-02 03:39:00.000000,2019-12-02 03:39:30.000000,2019-12-02 03:56:55.877678,2019-12-02 03:57:17.739453,,,,Onsite,8,41,45,0 days 00:00:30.000000000,0 days 00:17:47.739453000
4,2019-12-02 04:31:00.000000,2019-12-02 04:31:55.000000,2019-12-02 04:47:40.547634,2019-12-02 04:48:35.547634,2019-12-02 05:17:14.564782,2019-12-02 05:18:09.564782,2019-12-02 05:35:10.764984,Replace,8,41,45,0 days 00:00:55.000000000,0 days 00:16:40.547634000
5,2019-12-02 05:38:00.000000,2019-12-02 05:38:35.000000,2019-12-02 05:49:17.773616,2019-12-02 05:49:52.773616,2019-12-02 06:21:14.373775,2019-12-02 06:21:49.373775,2019-12-02 06:37:28.098619,Replace,8,41,45,0 days 00:00:35.000000000,0 days 00:11:17.773616000
6,2019-12-02 06:40:00.000000,2019-12-02 06:40:45.000000,2019-12-02 07:00:06.636730,2019-12-02 07:00:11.981686,,,,Onsite,8,41,45,0 days 00:00:45.000000000,0 days 00:19:26.981686000
7,2019-12-02 07:38:00.000000,2019-12-02 07:38:45.000000,2019-12-02 07:59:44.169971,2019-12-02 08:00:29.169971,2019-12-02 08:24:39.125109,2019-12-02 08:25:24.125109,2019-12-02 08:43:01.011667,Replace,8,41,45,0 days 00:00:45.000000000,0 days 00:21:44.169971000
8,2019-12-02 08:54:00.000000,2019-12-02 08:54:45.000000,2019-12-02 09:10:33.475521,2019-12-02 09:11:18.475521,2019-12-02 09:39:51.246265,2019-12-02 09:40:36.246265,2019-12-02 09:52:54.677827,Replace,8,41,45,0 days 00:00:45.000000000,0 days 00:16:33.475521000
9,2019-12-02 10:08:00.000000,2019-12-02 10:08:50.000000,2019-12-02 10:27:39.615243,2019-12-02 10:27:58.030992,,,,Onsite,8,41,45,0 days 00:00:50.000000000,0 days 00:19:08.030992000
10,2019-12-02 11:12:00.000000,2019-12-02 11:12:45.000000,2019-12-02 11:29:56.233786,2019-12-02 11:30:41.233786,2019-12-02 11:57:16.606880,2019-12-02 11:58:01.606880,2019-12-02 12:14:33.056440,Replace,8,41,45,0 days 00:00:45.000000000,0 days 00:17:56.233786000
11,2019-12-02 12:30:00.000000,2019-12-02 12:30:45.000000,2019-12-02 12:44:45.948954,2019-12-02 12:45:30.948954,2019-12-02 13:18:34.671366,2019-12-02 13:19:19.671366,2019-12-02 13:33:16.016900,Replace,8,41,45,0 days 00:00:45.000000000,0 days 00:14:45.948954000
12,2019-12-02 13:51:00.000000,2019-12-02 13:51:25.000000,2019-12-02 14:09:32.299154,2019-12-02 14:09:57.299154,2019-12-02 14:50:35.586392,2019-12-02 14:51:00.586392,2019-12-02 15:06:55.682233,Replace,8,41,45,0 days 00:00:25.000000000,0 days 00:18:32.299154000
13,2019-12-02 15:00:00.000000,2019-12-02 15:00:45.000000,2019-12-02 15:09:32.941613,2019-12-02 15:10:17.941613,2019-12-02 15:49:38.258696,2019-12-02 15:50:23.258696,2019-12-02 16:08:37.016736,Replace,8,41,45,0 days 00:00:45.000000000,0 days 00:09:32.941613000
14,2019-12-02 16:13:00.000000,2019-12-02 16:13:45.000000,2019-12-02 16:25:27.948084,2019-12-02 16:25:42.624730,,,,Onsite,8,41,45,0 days 00:00:45.000000000,0 days 00:11:57.624730000
15,2019-12-02 17:12:00.000000,2019-12-02 17:12:45.000000,2019-12-02 17:30:22.187607,2019-12-02 17:31:07.187607,2019-12-02 18:10:17.111211,2019-12-02 18:11:02.111211,2019-12-02 18:32:04.234828,Replace,8,41,45,0 days 00:00:45.000000000,0 days 00:18:22.187607000
16,2019-12-02 18:29:00.000000,2019-12-02 18:29:45.000000,2019-12-02 18:46:03.249347,2019-12-02 18:46:19.967298,,,,Onsite,8,41,45,0 days 00:00:45.000000000,0 days 00:16:34.967298000
17,2019-12-02 20:42:00.000000,2019-12-02 20:42:50.000000,2019-12-02 20:57:43.830242,2019-12-02 20:58:33.830242,2019-12-02 21:51:01.700923,2019-12-02 21:51:51.700923,2019-12-02 22:07:44.694296,Replace,8,41,45,0 days 00:00:50.000000000,0 days 00:15:43.830242000
18,2019-12-02 21:53:00.000000,2019-12-02 21:53:50.000000,2019-12-02 22:10:01.250153,2019-12-02 22:10:28.949094,,,,Onsite,8,41,45,0 days 00:00:50.000000000,0 days 00:16:38.949094000
19,2019-12-02 19:33:00.000000,2019-12-02 19:33:45.000000,2019-12-02 19:53:19.743184,2019-12-02 19:54:04.743184,2019-12-02 20:42:10.201467,2019-12-02 20:42:55.201467,2019-12-02 20:58:00.667494,Replace,8,41,45,0 days 00:00:45.000000000,0 days 00:20:19.743184000
0,2019-12-02 00:53:00.000000,2019-12-02 00:00:35.000000,2019-12-02 00:19:35.278206,2019-12-02 00:20:10.278206,2019-12-02 01:02:41.545084,2019-12-02 01:03:16.545084,2019-12-02 01:17:45.633365,Replace,9,41,45,-1 days +23:07:35.000000000,0 days 00:19:35.278206000
1,2019-12-02 01:13:00.000000,2019-12-02 01:13:35.000000,2019-12-02 01:32:46.065709,2019-12-02 01:33:00.328444,,,,Onsite,9,41,45,0 days 00:00:35.000000000,0 days 00:19:25.328444000
2,2019-12-02 02:19:00.000000,2019-12-02 02:19:45.000000,2019-12-02 02:30:45.763046,2019-12-02 02:31:30.763046,2019-12-02 02:59:22.905022,2019-12-02 03:00:07.905022,2019-12-02 03:13:38.622515,Replace,9,41,45,0 days 00:00:45.000000000,0 days 00:11:45.763046000
3,2019-12-02 03:26:00.000000,2019-12-02 03:26:45.000000,2019-12-02 03:40:35.161721,2019-12-02 03:41:20.161721,2019-12-02 04:08:29.679635,2019-12-02 04:09:14.679635,2019-12-02 04:32:10.994786,Replace,9,41,45,0 days 00:00:45.000000000,0 days 00:14:35.161721000
4,2019-12-02 04:42:00.000000,2019-12-02 04:42:35.000000,2019-12-02 04:56:31.101538,2019-12-02 04:56:36.240804,,,,Onsite,9,41,45,0 days 00:00:35.000000000,0 days 00:14:01.240804000
5,2019-12-02 05:49:00.000000,2019-12-02 05:49:30.000000,2019-12-02 06:02:57.257983,2019-12-02 06:03:27.257983,2019-12-02 06:46:36.276654,2019-12-02 06:47:06.276654,2019-12-02 07:03:43.227242,Replace,9,41,45,0 days 00:00:30.000000000,0 days 00:13:57.257983000
6,2019-12-02 07:01:00.000000,2019-12-02 07:01:35.000000,2019-12-02 07:15:46.566481,2019-12-02 07:16:06.953957,,,,Onsite,9,41,45,0 days 00:00:35.000000000,0 days 00:14:31.953957000
7,2019-12-02 08:24:00.000000,2019-12-02 08:24:50.000000,2019-12-02 08:49:04.350486,2019-12-02 08:49:54.350486,2019-12-02 09:15:13.949102,2019-12-02 09:16:03.949102,2019-12-02 09:35:26.946304,Replace,9,41,45,0 days 00:00:50.000000000,0 days 00:25:04.350486000
8,2019-12-02 09:37:00.000000,2019-12-02 09:37:45.000000,2019-12-02 09:55:18.075882,2019-12-02 09:56:03.075882,2019-12-02 10:34:24.936732,2019-12-02 10:35:09.936732,2019-12-02 10:50:04.934385,Replace,9,41,45,0 days 00:00:45.000000000,0 days 00:18:18.075882000
9,2019-12-02 10:49:00.000000,2019-12-02 10:49:55.000000,2019-12-02 11:10:30.716284,2019-12-02 11:11:25.716284,2019-12-02 11:57:58.682453,2019-12-02 11:58:53.682453,2019-12-02 12:18:22.673416,Replace,9,41,45,0 days 00:00:55.000000000,0 days 00:21:30.716284000
10,2019-12-02 12:16:00.000000,2019-12-02 12:16:55.000000,2019-12-02 12:33:19.598709,2019-12-02 12:34:14.598709,2019-12-02 12:57:56.785058,2019-12-02 12:58:51.785058,2019-12-02 13:14:46.430377,Replace,9,41,45,0 days 00:00:55.000000000,0 days 00:17:19.598709000
11,2019-12-02 13:21:00.000000,2019-12-02 13:21:55.000000,2019-12-02 13:37:57.457298,2019-12-02 13:38:52.457298,2019-12-02 14:17:06.872565,2019-12-02 14:18:01.872565,2019-12-02 14:32:40.466482,Replace,9,41,45,0 days 00:00:55.000000000,0 days 00:16:57.457298000
12,2019-12-02 14:31:00.000000,2019-12-02 14:31:25.000000,2019-12-02 14:47:16.194817,2019-12-02 14:47:41.194817,2019-12-02 15:24:39.638897,2019-12-02 15:25:04.638897,2019-12-02 15:48:06.918702,Replace,9,41,45,0 days 00:00:25.000000000,0 days 00:16:16.194817000
13,2019-12-02 15:32:00.000000,2019-12-02 15:32:30.000000,2019-12-02 15:49:24.710868,2019-12-02 15:49:54.710868,2019-12-02 16:18:40.752660,2019-12-02 16:19:10.752660,2019-12-02 16:33:04.365877,Replace,9,41,45,0 days 00:00:30.000000000,0 days 00:17:24.710868000
14,2019-12-02 16:27:00.000000,2019-12-02 16:27:35.000000,2019-12-02 16:42:30.441735,2019-12-02 16:43:05.441735,2019-12-02 17:31:31.982687,2019-12-02 17:32:06.982687,2019-12-02 17:45:53.346645,Replace,9,41,45,0 days 00:00:35.000000000,0 days 00:15:30.441735000
15,2019-12-02 17:49:00.000000,2019-12-02 17:49:35.000000,2019-12-02 18:03:44.571044,2019-12-02 18:04:19.571044,2019-12-02 18:52:49.018346,2019-12-02 18:53:24.018346,2019-12-02 19:14:04.588267,Replace,9,41,45,0 days 00:00:35.000000000,0 days 00:14:44.571044000
16,2019-12-02 19:00:00.000000,2019-12-02 19:00:55.000000,2019-12-02 19:18:57.795144,2019-12-02 19:19:03.919180,,,,Onsite,9,41,45,0 days 00:00:55.000000000,0 days 00:18:08.919180000
17,2019-12-02 20:09:00.000000,2019-12-02 20:09:55.000000,2019-12-02 20:25:36.398752,2019-12-02 20:25:47.915437,,,,Onsite,9,41,45,0 days 00:00:55.000000000,0 days 00:15:52.915437000
18,2019-12-02 21:12:00.000000,2019-12-02 21:12:55.000000,2019-12-02 21:28:54.401306,2019-12-02 21:29:06.079354,,,,Onsite,9,41,45,0 days 00:00:55.000000000,0 days 00:16:11.079354000
0,2019-12-02 01:02:00.000000,2019-12-02 00:00:35.000000,2019-12-02 00:18:05.596809,2019-12-02 00:18:40.596809,2019-12-02 00:48:55.234699,2019-12-02 00:49:30.234699,2019-12-02 01:05:19.609476,Replace,1,41,46,-1 days +22:58:35.000000000,0 days 00:18:05.596809000
1,2019-12-02 01:04:00.000000,2019-12-02 01:04:45.000000,2019-12-02 01:20:55.285646,2019-12-02 01:21:30.518865,,,,Onsite,1,41,46,0 days 00:00:45.000000000,0 days 00:16:45.518865000
2,2019-12-02 02:09:00.000000,2019-12-02 02:09:35.000000,2019-12-02 02:25:36.665244,2019-12-02 02:26:11.665244,2019-12-02 03:10:39.500370,2019-12-02 03:11:14.500370,2019-12-02 03:24:44.819631,Replace,1,41,46,0 days 00:00:35.000000000,0 days 00:16:36.665244000
3,2019-12-02 03:16:00.000000,2019-12-02 03:16:35.000000,2019-12-02 03:31:04.088104,2019-12-02 03:31:39.088104,2019-12-02 04:10:00.707364,2019-12-02 04:10:35.707364,2019-12-02 04:26:21.365398,Replace,1,41,46,0 days 00:00:35.000000000,0 days 00:15:04.088104000
4,2019-12-02 04:15:00.000000,2019-12-02 04:15:25.000000,2019-12-02 04:37:19.006545,2019-12-02 04:37:44.006545,2019-12-02 05:02:37.085507,2019-12-02 05:03:02.085507,2019-12-02 05:16:55.278940,Replace,1,41,46,0 days 00:00:25.000000000,0 days 00:22:19.006545000
5,2019-12-02 05:29:00.000000,2019-12-02 05:29:45.000000,2019-12-02 05:44:29.318158,2019-12-02 05:45:14.318158,2019-12-02 06:31:40.424133,2019-12-02 06:32:25.424133,2019-12-02 06:47:36.825224,Replace,1,41,46,0 days 00:00:45.000000000,0 days 00:15:29.318158000
6,2019-12-02 06:38:00.000000,2019-12-02 06:38:50.000000,2019-12-02 06:58:24.992115,2019-12-02 06:58:48.612946,,,,Onsite,1,41,46,0 days 00:00:50.000000000,0 days 00:19:58.612946000
7,2019-12-02 07:54:00.000000,2019-12-02 07:54:30.000000,2019-12-02 08:13:11.988978,2019-12-02 08:13:41.988978,2019-12-02 08:40:54.827985,2019-12-02 08:41:24.827985,2019-12-02 09:00:49.411159,Replace,1,41,46,0 days 00:00:30.000000000,0 days 00:19:11.988978000
8,2019-12-02 08:59:00.000000,2019-12-02 08:59:35.000000,2019-12-02 09:17:15.950105,2019-12-02 09:17:18.564888,,,,Onsite,1,41,46,0 days 00:00:35.000000000,0 days 00:17:43.564888000
9,2019-12-02 10:21:00.000000,2019-12-02 10:21:25.000000,2019-12-02 10:41:18.287915,2019-12-02 10:41:43.287915,2019-12-02 11:18:18.188549,2019-12-02 11:18:43.188549,2019-12-02 11:34:50.156833,Replace,1,41,46,0 days 00:00:25.000000000,0 days 00:20:18.287915000
10,2019-12-02 11:40:00.000000,2019-12-02 11:40:25.000000,2019-12-02 12:00:53.849404,2019-12-02 12:01:18.849404,2019-12-02 12:40:13.637206,2019-12-02 12:40:38.637206,2019-12-02 13:03:01.382771,Replace,1,41,46,0 days 00:00:25.000000000,0 days 00:20:53.849404000
11,2019-12-02 12:46:00.000000,2019-12-02 12:46:45.000000,2019-12-02 13:03:24.802571,2019-12-02 13:03:40.755636,,,,Onsite,1,41,46,0 days 00:00:45.000000000,0 days 00:16:55.755636000
12,2019-12-02 13:57:00.000000,2019-12-02 13:57:25.000000,2019-12-02 14:14:17.134371,2019-12-02 14:14:42.134371,2019-12-02 14:45:26.179803,2019-12-02 14:45:51.179803,2019-12-02 14:57:11.535740,Replace,1,41,46,0 days 00:00:25.000000000,0 days 00:17:17.134371000
13,2019-12-02 15:08:00.000000,2019-12-02 15:08:35.000000,2019-12-02 15:32:39.097170,2019-12-02 15:33:14.097170,2019-12-02 16:27:16.158261,2019-12-02 16:27:51.158261,2019-12-02 16:46:17.452663,Replace,1,41,46,0 days 00:00:35.000000000,0 days 00:24:39.097170000
14,2019-12-02 16:16:00.000000,2019-12-02 16:16:25.000000,2019-12-02 16:33:17.533673,2019-12-02 16:33:42.533673,2019-12-02 17:11:11.105979,2019-12-02 17:11:36.105979,2019-12-02 17:26:01.505445,Replace,1,41,46,0 days 00:00:25.000000000,0 days 00:17:17.533673000
15,2019-12-02 17:17:00.000000,2019-12-02 17:17:45.000000,2019-12-02 17:38:09.955486,2019-12-02 17:38:54.955486,2019-12-02 18:08:02.636331,2019-12-02 18:08:47.636331,2019-12-02 18:23:30.132934,Replace,1,41,46,0 days 00:00:45.000000000,0 days 00:21:09.955486000
16,2019-12-02 18:36:00.000000,2019-12-02 18:36:50.000000,2019-12-02 18:52:02.967574,2019-12-02 18:52:52.967574,2019-12-02 19:36:09.637150,2019-12-02 19:36:59.637150,2019-12-02 19:50:59.115223,Replace,1,41,46,0 days 00:00:50.000000000,0 days 00:16:02.967574000
17,2019-12-02 19:57:00.000000,2019-12-02 19:57:45.000000,2019-12-02 20:18:54.681150,2019-12-02 20:19:39.681150,2019-12-02 20:50:33.534530,2019-12-02 20:51:18.534530,2019-12-02 21:07:24.133259,Replace,1,41,46,0 days 00:00:45.000000000,0 days 00:21:54.681150000
18,2019-12-02 21:11:00.000000,2019-12-02 21:11:25.000000,2019-12-02 21:28:32.014013,2019-12-02 21:28:50.894896,,,,Onsite,1,41,46,0 days 00:00:25.000000000,0 days 00:17:25.894896000
19,2019-12-02 22:00:00.000000,2019-12-02 22:00:25.000000,2019-12-02 22:17:25.043721,2019-12-02 22:17:39.335576,,,,Onsite,1,41,46,0 days 00:00:25.000000000,0 days 00:17:14.335576000
0,2019-12-02 00:58:00.000000,2019-12-02 00:00:55.000000,2019-12-02 00:19:43.871354,2019-12-02 00:20:38.871354,2019-12-02 00:57:40.500571,2019-12-02 00:58:35.500571,2019-12-02 01:19:21.390582,Replace,2,41,46,-1 days +23:02:55.000000000,0 days 00:19:43.871354000
1,2019-12-02 01:06:00.000000,2019-12-02 01:06:55.000000,2019-12-02 01:25:19.907192,2019-12-02 01:26:14.907192,2019-12-02 01:53:23.106083,2019-12-02 01:54:18.106083,2019-12-02 02:13:52.455426,Replace,2,41,46,0 days 00:00:55.000000000,0 days 00:19:19.907192000
2,2019-12-02 02:14:00.000000,2019-12-02 02:14:35.000000,2019-12-02 02:28:41.012626,2019-12-02 02:29:03.951189,,,,Onsite,2,41,46,0 days 00:00:35.000000000,0 days 00:14:28.951189000
3,2019-12-02 03:34:00.000000,2019-12-02 03:34:45.000000,2019-12-02 03:47:58.858102,2019-12-02 03:48:14.318283,,,,Onsite,2,41,46,0 days 00:00:45.000000000,0 days 00:13:29.318283000
4,2019-12-02 04:45:00.000000,2019-12-02 04:45:30.000000,2019-12-02 05:01:51.332630,2019-12-02 05:02:04.683729,,,,Onsite,2,41,46,0 days 00:00:30.000000000,0 days 00:16:34.683729000
5,2019-12-02 06:04:00.000000,2019-12-02 06:04:30.000000,2019-12-02 06:25:36.345332,2019-12-02 06:26:06.345332,2019-12-02 07:03:19.691847,2019-12-02 07:03:49.691847,2019-12-02 07:24:14.981768,Replace,2,41,46,0 days 00:00:30.000000000,0 days 00:21:36.345332000
6,2019-12-02 07:02:00.000000,2019-12-02 07:02:50.000000,2019-12-02 07:16:07.351839,2019-12-02 07:16:57.351839,2019-12-02 08:06:12.391314,2019-12-02 08:07:02.391314,2019-12-02 08:22:44.069817,Replace,2,41,46,0 days 00:00:50.000000000,0 days 00:14:07.351839000
7,2019-12-02 08:19:00.000000,2019-12-02 08:19:30.000000,2019-12-02 08:37:07.179021,2019-12-02 08:37:37.179021,2019-12-02 09:30:20.991558,2019-12-02 09:30:50.991558,2019-12-02 09:47:01.540079,Replace,2,41,46,0 days 00:00:30.000000000,0 days 00:18:07.179021000
8,2019-12-02 09:40:00.000000,2019-12-02 09:40:45.000000,2019-12-02 09:54:14.312895,2019-12-02 09:54:59.312895,2019-12-02 10:23:37.635777,2019-12-02 10:24:22.635777,2019-12-02 10:44:28.647746,Replace,2,41,46,0 days 00:00:45.000000000,0 days 00:14:14.312895000
9,2019-12-02 10:45:00.000000,2019-12-02 10:45:45.000000,2019-12-02 10:57:54.898419,2019-12-02 10:58:39.898419,2019-12-02 11:45:52.939978,2019-12-02 11:46:37.939978,2019-12-02 12:00:36.624306,Replace,2,41,46,0 days 00:00:45.000000000,0 days 00:12:54.898419000
10,2019-12-02 11:48:00.000000,2019-12-02 11:48:25.000000,2019-12-02 11:58:52.880988,2019-12-02 11:59:17.880988,2019-12-02 12:26:19.288716,2019-12-02 12:26:44.288716,2019-12-02 12:48:58.461536,Replace,2,41,46,0 days 00:00:25.000000000,0 days 00:10:52.880988000
11,2019-12-02 12:44:00.000000,2019-12-02 12:44:50.000000,2019-12-02 12:58:43.925764,2019-12-02 12:59:33.925764,2019-12-02 13:33:02.304613,2019-12-02 13:33:52.304613,2019-12-02 13:46:57.981526,Replace,2,41,46,0 days 00:00:50.000000000,0 days 00:14:43.925764000
12,2019-12-02 14:06:00.000000,2019-12-02 14:06:35.000000,2019-12-02 14:21:30.782282,2019-12-02 14:22:05.782282,2019-12-02 14:55:47.500128,2019-12-02 14:56:22.500128,2019-12-02 15:14:58.948973,Replace,2,41,46,0 days 00:00:35.000000000,0 days 00:15:30.782282000
13,2019-12-02 15:11:00.000000,2019-12-02 15:11:45.000000,2019-12-02 15:27:58.215508,2019-12-02 15:28:43.215508,2019-12-02 16:20:33.441804,2019-12-02 16:21:18.441804,2019-12-02 16:37:40.361056,Replace,2,41,46,0 days 00:00:45.000000000,0 days 00:16:58.215508000
14,2019-12-02 16:19:00.000000,2019-12-02 16:19:55.000000,2019-12-02 16:38:15.044912,2019-12-02 16:39:10.044912,2019-12-02 17:08:16.750408,2019-12-02 17:09:11.750408,2019-12-02 17:22:16.809946,Replace,2,41,46,0 days 00:00:55.000000000,0 days 00:19:15.044912000
15,2019-12-02 17:29:00.000000,2019-12-02 17:29:55.000000,2019-12-02 17:45:26.070273,2019-12-02 17:46:21.070273,2019-12-02 18:32:05.142675,2019-12-02 18:33:00.142675,2019-12-02 18:47:34.955627,Replace,2,41,46,0 days 00:00:55.000000000,0 days 00:16:26.070273000
16,2019-12-02 18:28:00.000000,2019-12-02 18:28:30.000000,2019-12-02 18:46:19.366386,2019-12-02 18:46:49.366386,2019-12-02 19:23:41.722131,2019-12-02 19:24:11.722131,2019-12-02 19:40:04.753844,Replace,2,41,46,0 days 00:00:30.000000000,0 days 00:18:19.366386000
17,2019-12-02 19:25:00.000000,2019-12-02 19:25:45.000000,2019-12-02 19:40:20.576305,2019-12-02 19:41:05.576305,2019-12-02 20:21:18.642617,2019-12-02 20:22:03.642617,2019-12-02 20:39:03.370658,Replace,2,41,46,0 days 00:00:45.000000000,0 days 00:15:20.576305000
18,2019-12-02 20:33:00.000000,2019-12-02 20:33:35.000000,2019-12-02 20:50:06.472893,2019-12-02 20:50:41.472893,2019-12-02 21:29:00.791835,2019-12-02 21:29:35.791835,2019-12-02 21:47:28.954907,Replace,2,41,46,0 days 00:00:35.000000000,0 days 00:17:06.472893000
19,2019-12-02 21:39:00.000000,2019-12-02 21:39:30.000000,2019-12-02 21:51:45.892209,2019-12-02 21:52:15.892209,2019-12-02 22:22:44.319087,2019-12-02 22:23:14.319087,2019-12-02 22:39:33.342820,Replace,2,41,46,0 days 00:00:30.000000000,0 days 00:12:45.892209000
20,2019-12-02 22:37:00.000000,2019-12-02 22:37:25.000000,2019-12-02 22:56:45.334747,2019-12-02 22:56:51.400308,,,,Onsite,2,41,46,0 days 00:00:25.000000000,0 days 00:19:26.400308000
0,2019-12-02 00:56:00.000000,2019-12-02 00:00:35.000000,2019-12-02 00:21:04.990454,2019-12-02 00:21:39.990454,2019-12-02 01:00:42.450210,2019-12-02 01:01:17.450210,2019-12-02 01:21:25.702674,Replace,3,41,46,-1 days +23:04:35.000000000,0 days 00:21:04.990454000
1,2019-12-02 01:08:00.000000,2019-12-02 01:08:35.000000,2019-12-02 01:23:03.401758,2019-12-02 01:23:38.401758,2019-12-02 01:59:31.562589,2019-12-02 02:00:06.562589,2019-12-02 02:12:38.797213,Replace,3,41,46,0 days 00:00:35.000000000,0 days 00:15:03.401758000
2,2019-12-02 02:23:00.000000,2019-12-02 02:23:50.000000,2019-12-02 02:40:54.192534,2019-12-02 02:41:44.192534,2019-12-02 03:15:18.749446,2019-12-02 03:16:08.749446,2019-12-02 03:30:33.121530,Replace,3,41,46,0 days 00:00:50.000000000,0 days 00:17:54.192534000
3,2019-12-02 03:23:00.000000,2019-12-02 03:23:45.000000,2019-12-02 03:40:59.577094,2019-12-02 03:41:44.577094,2019-12-02 04:27:37.648545,2019-12-02 04:28:22.648545,2019-12-02 04:41:21.671998,Replace,3,41,46,0 days 00:00:45.000000000,0 days 00:17:59.577094000
4,2019-12-02 04:34:00.000000,2019-12-02 04:34:35.000000,2019-12-02 04:49:43.714935,2019-12-02 04:50:18.714935,2019-12-02 05:23:22.467114,2019-12-02 05:23:57.467114,2019-12-02 05:44:45.230831,Replace,3,41,46,0 days 00:00:35.000000000,0 days 00:15:43.714935000
5,2019-12-02 05:45:00.000000,2019-12-02 05:45:30.000000,2019-12-02 06:04:52.427595,2019-12-02 06:05:22.427595,2019-12-02 06:34:47.884701,2019-12-02 06:35:17.884701,2019-12-02 06:49:40.778993,Replace,3,41,46,0 days 00:00:30.000000000,0 days 00:19:52.427595000
6,2019-12-02 06:51:00.000000,2019-12-02 06:51:55.000000,2019-12-02 07:07:41.725068,2019-12-02 07:08:02.823325,,,,Onsite,3,41,46,0 days 00:00:55.000000000,0 days 00:16:07.823325000
7,2019-12-02 07:53:00.000000,2019-12-02 07:53:35.000000,2019-12-02 08:07:32.451361,2019-12-02 08:07:48.847490,,,,Onsite,3,41,46,0 days 00:00:35.000000000,0 days 00:14:13.847490000
8,2019-12-02 09:03:00.000000,2019-12-02 09:03:25.000000,2019-12-02 09:20:05.535405,2019-12-02 09:20:10.080916,,,,Onsite,3,41,46,0 days 00:00:25.000000000,0 days 00:16:45.080916000
9,2019-12-02 10:25:00.000000,2019-12-02 10:25:25.000000,2019-12-02 10:39:30.497217,2019-12-02 10:39:55.497217,2019-12-02 11:15:57.961887,2019-12-02 11:16:22.961887,2019-12-02 11:31:00.218052,Replace,3,41,46,0 days 00:00:25.000000000,0 days 00:14:30.497217000
10,2019-12-02 11:31:00.000000,2019-12-02 11:31:30.000000,2019-12-02 11:48:24.681114,2019-12-02 11:48:54.681114,2019-12-02 12:32:33.215592,2019-12-02 12:33:03.215592,2019-12-02 12:47:36.124861,Replace,3,41,46,0 days 00:00:30.000000000,0 days 00:17:24.681114000
11,2019-12-02 12:42:00.000000,2019-12-02 12:42:35.000000,2019-12-02 12:52:13.729286,2019-12-02 12:52:25.227563,,,,Onsite,3,41,46,0 days 00:00:35.000000000,0 days 00:09:50.227563000
12,2019-12-02 13:55:00.000000,2019-12-02 13:55:55.000000,2019-12-02 14:06:35.563006,2019-12-02 14:07:30.563006,2019-12-02 14:42:49.404656,2019-12-02 14:43:44.404656,2019-12-02 15:01:05.737355,Replace,3,41,46,0 days 00:00:55.000000000,0 days 00:11:35.563006000
13,2019-12-02 15:08:00.000000,2019-12-02 15:08:55.000000,2019-12-02 15:23:29.861404,2019-12-02 15:24:24.861404,2019-12-02 16:01:02.520283,2019-12-02 16:01:57.520283,2019-12-02 16:25:50.601926,Replace,3,41,46,0 days 00:00:55.000000000,0 days 00:15:29.861404000
14,2019-12-02 16:21:00.000000,2019-12-02 16:21:35.000000,2019-12-02 16:39:27.511134,2019-12-02 16:40:02.511134,2019-12-02 17:31:45.660840,2019-12-02 17:32:20.660840,2019-12-02 17:46:48.498627,Replace,3,41,46,0 days 00:00:35.000000000,0 days 00:18:27.511134000
15,2019-12-02 17:27:00.000000,2019-12-02 17:27:45.000000,2019-12-02 17:42:59.793471,2019-12-02 17:43:05.087573,,,,Onsite,3,41,46,0 days 00:00:45.000000000,0 days 00:15:20.087573000
16,2019-12-02 18:34:00.000000,2019-12-02 18:34:50.000000,2019-12-02 18:56:56.120358,2019-12-02 18:57:46.120358,2019-12-02 19:48:25.244289,2019-12-02 19:49:15.244289,2019-12-02 20:03:29.913665,Replace,3,41,46,0 days 00:00:50.000000000,0 days 00:22:56.120358000
17,2019-12-02 19:47:00.000000,2019-12-02 19:47:25.000000,2019-12-02 20:06:17.570023,2019-12-02 20:06:34.254616,,,,Onsite,3,41,46,0 days 00:00:25.000000000,0 days 00:19:09.254616000
18,2019-12-02 20:46:00.000000,2019-12-02 20:46:30.000000,2019-12-02 21:03:52.117112,2019-12-02 21:04:22.117112,2019-12-02 21:38:29.971265,2019-12-02 21:38:59.971265,2019-12-02 21:54:45.766774,Replace,3,41,46,0 days 00:00:30.000000000,0 days 00:17:52.117112000
19,2019-12-02 21:50:00.000000,2019-12-02 21:50:35.000000,2019-12-02 22:06:43.109815,2019-12-02 22:07:18.109815,2019-12-02 22:41:30.423620,2019-12-02 22:42:05.423620,2019-12-02 22:59:40.515673,Replace,3,41,46,0 days 00:00:35.000000000,0 days 00:16:43.109815000
0,2019-12-02 01:06:00.000000,2019-12-02 00:00:45.000000,2019-12-02 00:13:41.456838,2019-12-02 00:14:26.456838,2019-12-02 00:49:10.057033,2019-12-02 00:49:55.057033,2019-12-02 01:05:56.773166,Replace,4,41,46,-1 days +22:54:45.000000000,0 days 00:13:41.456838000
1,2019-12-02 01:01:00.000000,2019-12-02 01:01:45.000000,2019-12-02 01:17:56.624243,2019-12-02 01:18:41.624243,2019-12-02 02:09:10.370468,2019-12-02 02:09:55.370468,2019-12-02 02:26:07.831921,Replace,4,41,46,0 days 00:00:45.000000000,0 days 00:16:56.624243000
2,2019-12-02 02:02:00.000000,2019-12-02 02:02:55.000000,2019-12-02 02:18:53.515550,2019-12-02 02:19:48.515550,2019-12-02 02:45:25.562705,2019-12-02 02:46:20.562705,2019-12-02 03:05:15.176559,Replace,4,41,46,0 days 00:00:55.000000000,0 days 00:16:53.515550000
3,2019-12-02 03:07:00.000000,2019-12-02 03:07:45.000000,2019-12-02 03:20:11.892001,2019-12-02 03:20:29.642066,,,,Onsite,4,41,46,0 days 00:00:45.000000000,0 days 00:12:44.642066000
4,2019-12-02 04:01:00.000000,2019-12-02 04:01:50.000000,2019-12-02 04:16:25.821464,2019-12-02 04:16:42.011710,,,,Onsite,4,41,46,0 days 00:00:50.000000000,0 days 00:14:52.011710000
5,2019-12-02 04:59:00.000000,2019-12-02 04:59:35.000000,2019-12-02 05:12:57.576149,2019-12-02 05:13:32.576149,2019-12-02 05:56:59.259785,2019-12-02 05:57:34.259785,2019-12-02 06:17:46.245199,Replace,4,41,46,0 days 00:00:35.000000000,0 days 00:13:57.576149000
6,2019-12-02 05:58:00.000000,2019-12-02 05:58:55.000000,2019-12-02 06:15:11.774572,2019-12-02 06:16:06.774572,2019-12-02 06:41:05.221027,2019-12-02 06:42:00.221027,2019-12-02 06:53:52.268749,Replace,4,41,46,0 days 00:00:55.000000000,0 days 00:17:11.774572000
7,2019-12-02 07:04:00.000000,2019-12-02 07:04:30.000000,2019-12-02 07:21:19.511308,2019-12-02 07:21:49.511308,2019-12-02 07:50:46.666616,2019-12-02 07:51:16.666616,2019-12-02 08:11:46.772495,Replace,4,41,46,0 days 00:00:30.000000000,0 days 00:17:19.511308000
8,2019-12-02 08:10:00.000000,2019-12-02 08:10:45.000000,2019-12-02 08:25:02.647603,2019-12-02 08:25:47.647603,2019-12-02 09:06:50.148599,2019-12-02 09:07:35.148599,2019-12-02 09:23:35.838116,Replace,4,41,46,0 days 00:00:45.000000000,0 days 00:15:02.647603000
9,2019-12-02 09:16:00.000000,2019-12-02 09:16:35.000000,2019-12-02 09:29:08.492078,2019-12-02 09:29:22.144791,,,,Onsite,4,41,46,0 days 00:00:35.000000000,0 days 00:12:47.144791000
10,2019-12-02 10:39:00.000000,2019-12-02 10:39:45.000000,2019-12-02 10:52:59.190194,2019-12-02 10:53:44.190194,2019-12-02 11:26:53.870146,2019-12-02 11:27:38.870146,2019-12-02 11:45:07.655078,Replace,4,41,46,0 days 00:00:45.000000000,0 days 00:13:59.190194000
11,2019-12-02 12:55:00.000000,2019-12-02 12:55:45.000000,2019-12-02 13:11:59.740986,2019-12-02 13:12:44.740986,2019-12-02 13:36:54.882648,2019-12-02 13:37:39.882648,2019-12-02 13:59:35.429773,Replace,4,41,46,0 days 00:00:45.000000000,0 days 00:16:59.740986000
12,2019-12-02 11:51:00.000000,2019-12-02 11:51:45.000000,2019-12-02 12:09:11.394170,2019-12-02 12:09:56.394170,2019-12-02 12:39:37.719348,2019-12-02 12:40:22.719348,2019-12-02 12:55:17.170010,Replace,4,41,46,0 days 00:00:45.000000000,0 days 00:18:11.394170000
13,2019-12-02 14:03:00.000000,2019-12-02 14:03:35.000000,2019-12-02 14:20:22.814585,2019-12-02 14:20:27.193298,,,,Onsite,4,41,46,0 days 00:00:35.000000000,0 days 00:16:52.193298000
14,2019-12-02 15:01:00.000000,2019-12-02 15:01:45.000000,2019-12-02 15:18:37.492895,2019-12-02 15:18:42.855777,,,,Onsite,4,41,46,0 days 00:00:45.000000000,0 days 00:16:57.855777000
15,2019-12-02 16:08:00.000000,2019-12-02 16:08:45.000000,2019-12-02 16:22:57.502752,2019-12-02 16:23:11.943131,,,,Onsite,4,41,46,0 days 00:00:45.000000000,0 days 00:14:26.943131000
16,2019-12-02 18:24:00.000000,2019-12-02 18:24:55.000000,2019-12-02 18:40:53.241426,2019-12-02 18:41:17.970367,,,,Onsite,4,41,46,0 days 00:00:55.000000000,0 days 00:16:22.970367000
17,2019-12-02 17:16:00.000000,2019-12-02 17:16:50.000000,2019-12-02 17:34:00.519479,2019-12-02 17:34:50.519479,2019-12-02 18:24:40.340604,2019-12-02 18:25:30.340604,2019-12-02 18:45:47.671254,Replace,4,41,46,0 days 00:00:50.000000000,0 days 00:18:00.519479000
18,2019-12-02 19:19:00.000000,2019-12-02 19:19:25.000000,2019-12-02 19:36:36.717718,2019-12-02 19:36:40.126098,,,,Onsite,4,41,46,0 days 00:00:25.000000000,0 days 00:17:15.126098000
19,2019-12-02 20:26:00.000000,2019-12-02 20:26:25.000000,2019-12-02 20:45:40.763212,2019-12-02 20:46:00.301161,,,,Onsite,4,41,46,0 days 00:00:25.000000000,0 days 00:19:35.301161000
20,2019-12-02 21:31:00.000000,2019-12-02 21:31:45.000000,2019-12-02 21:45:52.753446,2019-12-02 21:46:06.266042,,,,Onsite,4,41,46,0 days 00:00:45.000000000,0 days 00:14:21.266042000
21,2019-12-02 22:31:00.000000,2019-12-02 22:31:55.000000,2019-12-02 22:52:29.206095,2019-12-02 22:52:34.802701,,,,Onsite,4,41,46,0 days 00:00:55.000000000,0 days 00:20:39.802701000
0,2019-12-02 01:25:00.000000,2019-12-02 00:00:55.000000,2019-12-02 00:19:12.751144,2019-12-02 00:20:07.751144,2019-12-02 01:03:42.893636,2019-12-02 01:04:37.893636,2019-12-02 01:19:33.276508,Replace,5,41,46,-1 days +22:35:55.000000000,0 days 00:19:12.751144000
1,2019-12-02 01:04:00.000000,2019-12-02 01:04:30.000000,2019-12-02 01:19:13.202887,2019-12-02 01:19:43.202887,2019-12-02 02:12:53.770182,2019-12-02 02:13:23.770182,2019-12-02 02:28:02.402489,Replace,5,41,46,0 days 00:00:30.000000000,0 days 00:15:13.202887000
2,2019-12-02 02:07:00.000000,2019-12-02 02:07:55.000000,2019-12-02 02:23:58.621461,2019-12-02 02:24:53.621461,2019-12-02 03:03:47.087764,2019-12-02 03:04:42.087764,2019-12-02 03:18:32.264980,Replace,5,41,46,0 days 00:00:55.000000000,0 days 00:16:58.621461000
3,2019-12-02 03:22:00.000000,2019-12-02 03:22:35.000000,2019-12-02 03:40:50.983080,2019-12-02 03:41:12.334736,,,,Onsite,5,41,46,0 days 00:00:35.000000000,0 days 00:18:37.334736000
4,2019-12-02 04:28:00.000000,2019-12-02 04:28:55.000000,2019-12-02 04:52:00.345209,2019-12-02 04:52:11.069892,,,,Onsite,5,41,46,0 days 00:00:55.000000000,0 days 00:23:16.069892000
5,2019-12-02 05:26:00.000000,2019-12-02 05:26:25.000000,2019-12-02 05:38:47.019336,2019-12-02 05:39:12.019336,2019-12-02 06:11:43.454561,2019-12-02 06:12:08.454561,2019-12-02 06:29:58.912320,Replace,5,41,46,0 days 00:00:25.000000000,0 days 00:12:47.019336000
6,2019-12-02 06:27:00.000000,2019-12-02 06:27:30.000000,2019-12-02 06:39:02.359773,2019-12-02 06:39:07.480494,,,,Onsite,5,41,46,0 days 00:00:30.000000000,0 days 00:11:37.480494000
7,2019-12-02 07:39:00.000000,2019-12-02 07:39:30.000000,2019-12-02 07:53:23.985611,2019-12-02 07:53:53.985611,2019-12-02 08:16:42.357109,2019-12-02 08:17:12.357109,2019-12-02 08:36:52.760432,Replace,5,41,46,0 days 00:00:30.000000000,0 days 00:14:23.985611000
8,2019-12-02 09:06:00.000000,2019-12-02 09:06:50.000000,2019-12-02 09:24:17.748055,2019-12-02 09:24:29.238838,,,,Onsite,5,41,46,0 days 00:00:50.000000000,0 days 00:17:39.238838000
9,2019-12-02 10:22:00.000000,2019-12-02 10:22:55.000000,2019-12-02 10:38:33.382138,2019-12-02 10:39:28.382138,2019-12-02 11:21:00.305602,2019-12-02 11:21:55.305602,2019-12-02 11:34:48.513306,Replace,5,41,46,0 days 00:00:55.000000000,0 days 00:16:33.382138000
10,2019-12-02 11:44:00.000000,2019-12-02 11:44:50.000000,2019-12-02 12:02:15.018680,2019-12-02 12:02:32.635876,,,,Onsite,5,41,46,0 days 00:00:50.000000000,0 days 00:17:42.635876000
11,2019-12-02 12:45:00.000000,2019-12-02 12:45:45.000000,2019-12-02 12:57:59.352804,2019-12-02 12:58:06.736051,,,,Onsite,5,41,46,0 days 00:00:45.000000000,0 days 00:12:21.736051000
12,2019-12-02 13:55:00.000000,2019-12-02 13:55:35.000000,2019-12-02 14:11:45.567721,2019-12-02 14:12:20.567721,2019-12-02 14:41:33.543269,2019-12-02 14:42:08.543269,2019-12-02 14:54:32.849454,Replace,5,41,46,0 days 00:00:35.000000000,0 days 00:16:45.567721000
13,2019-12-02 14:59:00.000000,2019-12-02 14:59:35.000000,2019-12-02 15:13:20.755904,2019-12-02 15:13:55.755904,2019-12-02 15:47:53.656281,2019-12-02 15:48:28.656281,2019-12-02 16:03:58.615988,Replace,5,41,46,0 days 00:00:35.000000000,0 days 00:14:20.755904000
14,2019-12-02 15:53:00.000000,2019-12-02 15:53:45.000000,2019-12-02 16:08:03.789929,2019-12-02 16:08:07.611407,,,,Onsite,5,41,46,0 days 00:00:45.000000000,0 days 00:14:22.611407000
15,2019-12-02 17:02:00.000000,2019-12-02 17:02:30.000000,2019-12-02 17:19:42.071405,2019-12-02 17:20:12.071405,2019-12-02 17:51:58.185702,2019-12-02 17:52:28.185702,2019-12-02 18:08:15.214980,Replace,5,41,46,0 days 00:00:30.000000000,0 days 00:17:42.071405000
16,2019-12-02 18:03:00.000000,2019-12-02 18:03:35.000000,2019-12-02 18:21:15.302417,2019-12-02 18:21:50.302417,2019-12-02 19:03:43.424612,2019-12-02 19:04:18.424612,2019-12-02 19:17:59.341579,Replace,5,41,46,0 days 00:00:35.000000000,0 days 00:18:15.302417000
17,2019-12-02 19:10:00.000000,2019-12-02 19:10:45.000000,2019-12-02 19:27:09.587363,2019-12-02 19:27:43.460607,,,,Onsite,5,41,46,0 days 00:00:45.000000000,0 days 00:16:58.460607000
18,2019-12-02 20:21:00.000000,2019-12-02 20:21:50.000000,2019-12-02 20:38:00.891474,2019-12-02 20:38:50.891474,2019-12-02 21:06:46.492874,2019-12-02 21:07:36.492874,2019-12-02 21:31:06.625532,Replace,5,41,46,0 days 00:00:50.000000000,0 days 00:17:00.891474000
19,2019-12-02 21:23:00.000000,2019-12-02 21:23:50.000000,2019-12-02 21:37:03.272951,2019-12-02 21:37:53.272951,2019-12-02 22:17:58.358464,2019-12-02 22:18:48.358464,2019-12-02 22:37:10.733481,Replace,5,41,46,0 days 00:00:50.000000000,0 days 00:14:03.272951000
0,2019-12-02 01:22:00.000000,2019-12-02 00:00:25.000000,2019-12-02 00:19:16.086674,2019-12-02 00:19:51.204975,,,,Onsite,6,41,46,-1 days +22:38:25.000000000,0 days 00:19:26.204975000
1,2019-12-02 01:12:00.000000,2019-12-02 01:12:45.000000,2019-12-02 01:26:25.009547,2019-12-02 01:27:10.009547,2019-12-02 01:59:35.186753,2019-12-02 02:00:20.186753,2019-12-02 02:21:09.341872,Replace,6,41,46,0 days 00:00:45.000000000,0 days 00:14:25.009547000
2,2019-12-02 02:33:00.000000,2019-12-02 02:33:45.000000,2019-12-02 02:48:01.237589,2019-12-02 02:48:15.172377,,,,Onsite,6,41,46,0 days 00:00:45.000000000,0 days 00:14:30.172377000
3,2019-12-02 03:47:00.000000,2019-12-02 03:47:35.000000,2019-12-02 03:55:42.288866,2019-12-02 03:56:17.288866,2019-12-02 04:28:11.772593,2019-12-02 04:28:46.772593,2019-12-02 04:43:49.634962,Replace,6,41,46,0 days 00:00:35.000000000,0 days 00:08:42.288866000
4,2019-12-02 04:40:00.000000,2019-12-02 04:40:55.000000,2019-12-02 04:57:03.468700,2019-12-02 04:57:20.941050,,,,Onsite,6,41,46,0 days 00:00:55.000000000,0 days 00:16:25.941050000
5,2019-12-02 06:00:00.000000,2019-12-02 06:00:50.000000,2019-12-02 06:17:09.508974,2019-12-02 06:17:59.508974,2019-12-02 06:58:00.773276,2019-12-02 06:58:50.773276,2019-12-02 07:21:26.285550,Replace,6,41,46,0 days 00:00:50.000000000,0 days 00:17:09.508974000
6,2019-12-02 07:14:00.000000,2019-12-02 07:14:30.000000,2019-12-02 07:31:01.467432,2019-12-02 07:31:31.467432,2019-12-02 08:04:29.584510,2019-12-02 08:04:59.584510,2019-12-02 08:26:06.091226,Replace,6,41,46,0 days 00:00:30.000000000,0 days 00:17:01.467432000
7,2019-12-02 08:34:00.000000,2019-12-02 08:34:45.000000,2019-12-02 08:49:06.377504,2019-12-02 08:49:23.297961,,,,Onsite,6,41,46,0 days 00:00:45.000000000,0 days 00:14:38.297961000
8,2019-12-02 09:34:00.000000,2019-12-02 09:34:30.000000,2019-12-02 09:45:16.904403,2019-12-02 09:45:37.091004,,,,Onsite,6,41,46,0 days 00:00:30.000000000,0 days 00:11:07.091004000
9,2019-12-02 10:48:00.000000,2019-12-02 10:48:45.000000,2019-12-02 11:05:45.094075,2019-12-02 11:06:30.094075,2019-12-02 11:45:54.939775,2019-12-02 11:46:39.939775,2019-12-02 12:07:50.645628,Replace,6,41,46,0 days 00:00:45.000000000,0 days 00:17:45.094075000
10,2019-12-02 11:48:00.000000,2019-12-02 11:48:50.000000,2019-12-02 12:02:47.872483,2019-12-02 12:03:37.872483,2019-12-02 12:56:24.045916,2019-12-02 12:57:14.045916,2019-12-02 13:17:13.477609,Replace,6,41,46,0 days 00:00:50.000000000,0 days 00:14:47.872483000
11,2019-12-02 12:59:00.000000,2019-12-02 12:59:25.000000,2019-12-02 13:13:33.096619,2019-12-02 13:13:37.344684,,,,Onsite,6,41,46,0 days 00:00:25.000000000,0 days 00:14:12.344684000
12,2019-12-02 14:08:00.000000,2019-12-02 14:08:50.000000,2019-12-02 14:27:16.392917,2019-12-02 14:28:06.392917,2019-12-02 14:59:19.513261,2019-12-02 15:00:09.513261,2019-12-02 15:12:40.132103,Replace,6,41,46,0 days 00:00:50.000000000,0 days 00:19:16.392917000
13,2019-12-02 15:07:00.000000,2019-12-02 15:07:45.000000,2019-12-02 15:25:20.019348,2019-12-02 15:26:05.019348,2019-12-02 15:59:53.754621,2019-12-02 16:00:38.754621,2019-12-02 16:18:47.789297,Replace,6,41,46,0 days 00:00:45.000000000,0 days 00:18:20.019348000
14,2019-12-02 16:19:00.000000,2019-12-02 16:19:45.000000,2019-12-02 16:32:26.040076,2019-12-02 16:33:11.040076,2019-12-02 17:08:59.883362,2019-12-02 17:09:44.883362,2019-12-02 17:21:41.920070,Replace,6,41,46,0 days 00:00:45.000000000,0 days 00:13:26.040076000
15,2019-12-02 17:28:00.000000,2019-12-02 17:28:35.000000,2019-12-02 17:42:46.846383,2019-12-02 17:43:21.846383,2019-12-02 18:28:16.939896,2019-12-02 18:28:51.939896,2019-12-02 18:42:54.255342,Replace,6,41,46,0 days 00:00:35.000000000,0 days 00:14:46.846383000
16,2019-12-02 18:29:00.000000,2019-12-02 18:29:35.000000,2019-12-02 18:47:56.747523,2019-12-02 18:48:31.747523,2019-12-02 19:14:32.644231,2019-12-02 19:15:07.644231,2019-12-02 19:30:46.919918,Replace,6,41,46,0 days 00:00:35.000000000,0 days 00:18:56.747523000
17,2019-12-02 19:36:00.000000,2019-12-02 19:36:35.000000,2019-12-02 19:53:54.895675,2019-12-02 19:54:29.895675,2019-12-02 20:28:34.838968,2019-12-02 20:29:09.838968,2019-12-02 20:42:56.969482,Replace,6,41,46,0 days 00:00:35.000000000,0 days 00:17:54.895675000
18,2019-12-02 21:05:00.000000,2019-12-02 21:05:35.000000,2019-12-02 21:21:06.600060,2019-12-02 21:21:41.600060,2019-12-02 21:54:43.747489,2019-12-02 21:55:18.747489,2019-12-02 22:07:56.194305,Replace,6,41,46,0 days 00:00:35.000000000,0 days 00:16:06.600060000
19,2019-12-02 22:13:00.000000,2019-12-02 22:13:30.000000,2019-12-02 22:30:47.067850,2019-12-02 22:30:55.683515,,,,Onsite,6,41,46,0 days 00:00:30.000000000,0 days 00:17:25.683515000
0,2019-12-02 00:58:00.000000,2019-12-02 00:00:35.000000,2019-12-02 00:12:46.931570,2019-12-02 00:13:02.736351,,,,Onsite,7,41,46,-1 days +23:02:35.000000000,0 days 00:12:27.736351000
1,2019-12-02 01:11:00.000000,2019-12-02 01:11:45.000000,2019-12-02 01:26:57.222682,2019-12-02 01:27:07.575870,,,,Onsite,7,41,46,0 days 00:00:45.000000000,0 days 00:15:22.575870000
2,2019-12-02 02:21:00.000000,2019-12-02 02:21:35.000000,2019-12-02 02:40:22.695629,2019-12-02 02:40:57.695629,2019-12-02 03:11:16.319405,2019-12-02 03:11:51.319405,2019-12-02 03:32:22.186341,Replace,7,41,46,0 days 00:00:35.000000000,0 days 00:19:22.695629000
3,2019-12-02 03:37:00.000000,2019-12-02 03:37:45.000000,2019-12-02 03:52:29.928713,2019-12-02 03:53:14.928713,2019-12-02 04:26:14.129697,2019-12-02 04:26:59.129697,2019-12-02 04:44:43.436411,Replace,7,41,46,0 days 00:00:45.000000000,0 days 00:15:29.928713000
4,2019-12-02 04:46:00.000000,2019-12-02 04:46:45.000000,2019-12-02 05:04:40.335476,2019-12-02 05:04:50.716800,,,,Onsite,7,41,46,0 days 00:00:45.000000000,0 days 00:18:05.716800000
5,2019-12-02 05:45:00.000000,2019-12-02 05:45:55.000000,2019-12-02 05:59:19.452579,2019-12-02 06:00:14.452579,2019-12-02 06:39:41.746437,2019-12-02 06:40:36.746437,2019-12-02 07:01:56.772219,Replace,7,41,46,0 days 00:00:55.000000000,0 days 00:14:19.452579000
6,2019-12-02 06:58:00.000000,2019-12-02 06:58:35.000000,2019-12-02 07:14:06.352054,2019-12-02 07:14:41.352054,2019-12-02 07:46:12.344015,2019-12-02 07:46:47.344015,2019-12-02 08:00:48.321612,Replace,7,41,46,0 days 00:00:35.000000000,0 days 00:16:06.352054000
7,2019-12-02 08:02:00.000000,2019-12-02 08:02:30.000000,2019-12-02 08:15:40.146304,2019-12-02 08:16:10.146304,2019-12-02 08:47:59.955636,2019-12-02 08:48:29.955636,2019-12-02 09:07:25.451734,Replace,7,41,46,0 days 00:00:30.000000000,0 days 00:13:40.146304000
8,2019-12-02 09:11:00.000000,2019-12-02 09:11:50.000000,2019-12-02 09:28:01.030830,2019-12-02 09:28:51.030830,2019-12-02 10:01:46.045784,2019-12-02 10:02:36.045784,2019-12-02 10:16:52.839097,Replace,7,41,46,0 days 00:00:50.000000000,0 days 00:17:01.030830000
9,2019-12-02 10:25:00.000000,2019-12-02 10:25:45.000000,2019-12-02 10:38:31.478437,2019-12-02 10:39:16.478437,2019-12-02 11:21:12.317734,2019-12-02 11:21:57.317734,2019-12-02 11:41:38.651145,Replace,7,41,46,0 days 00:00:45.000000000,0 days 00:13:31.478437000
10,2019-12-02 11:38:00.000000,2019-12-02 11:38:25.000000,2019-12-02 12:01:50.705083,2019-12-02 12:01:59.625336,,,,Onsite,7,41,46,0 days 00:00:25.000000000,0 days 00:23:34.625336000
11,2019-12-02 12:53:00.000000,2019-12-02 12:53:25.000000,2019-12-02 13:07:55.072158,2019-12-02 13:08:05.368303,,,,Onsite,7,41,46,0 days 00:00:25.000000000,0 days 00:14:40.368303000
12,2019-12-02 14:05:00.000000,2019-12-02 14:05:45.000000,2019-12-02 14:19:44.751629,2019-12-02 14:20:29.751629,2019-12-02 14:58:19.599790,2019-12-02 14:59:04.599790,2019-12-02 15:12:21.419445,Replace,7,41,46,0 days 00:00:45.000000000,0 days 00:14:44.751629000
13,2019-12-02 15:13:00.000000,2019-12-02 15:13:35.000000,2019-12-02 15:29:56.290327,2019-12-02 15:30:07.678064,,,,Onsite,7,41,46,0 days 00:00:35.000000000,0 days 00:16:32.678064000
14,2019-12-02 16:21:00.000000,2019-12-02 16:21:35.000000,2019-12-02 16:32:49.694446,2019-12-02 16:33:01.715572,,,,Onsite,7,41,46,0 days 00:00:35.000000000,0 days 00:11:26.715572000
15,2019-12-02 17:34:00.000000,2019-12-02 17:34:50.000000,2019-12-02 17:53:15.058563,2019-12-02 17:53:37.629551,,,,Onsite,7,41,46,0 days 00:00:50.000000000,0 days 00:18:47.629551000
16,2019-12-02 18:40:00.000000,2019-12-02 18:40:45.000000,2019-12-02 18:57:16.466407,2019-12-02 18:58:01.466407,2019-12-02 19:40:48.374206,2019-12-02 19:41:33.374206,2019-12-02 19:54:32.662243,Replace,7,41,46,0 days 00:00:45.000000000,0 days 00:17:16.466407000
17,2019-12-02 19:34:00.000000,2019-12-02 19:34:45.000000,2019-12-02 19:51:34.651030,2019-12-02 19:52:12.264266,,,,Onsite,7,41,46,0 days 00:00:45.000000000,0 days 00:17:27.264266000
18,2019-12-02 20:39:00.000000,2019-12-02 20:39:45.000000,2019-12-02 20:54:09.710810,2019-12-02 20:54:54.710810,2019-12-02 21:34:11.301102,2019-12-02 21:34:56.301102,2019-12-02 21:54:11.790734,Replace,7,41,46,0 days 00:00:45.000000000,0 days 00:15:09.710810000
0,2019-12-02 01:21:00.000000,2019-12-02 00:00:30.000000,2019-12-02 00:18:23.002376,2019-12-02 00:18:37.981523,,,,Onsite,8,41,46,-1 days +22:39:30.000000000,0 days 00:18:07.981523000
1,2019-12-02 01:11:00.000000,2019-12-02 01:11:45.000000,2019-12-02 01:35:11.900485,2019-12-02 01:35:46.554502,,,,Onsite,8,41,46,0 days 00:00:45.000000000,0 days 00:24:01.554502000
2,2019-12-02 02:17:00.000000,2019-12-02 02:17:55.000000,2019-12-02 02:36:31.532136,2019-12-02 02:37:26.532136,2019-12-02 03:10:46.898428,2019-12-02 03:11:41.898428,2019-12-02 03:33:43.630411,Replace,8,41,46,0 days 00:00:55.000000000,0 days 00:19:31.532136000
3,2019-12-02 03:21:00.000000,2019-12-02 03:21:30.000000,2019-12-02 03:37:47.370982,2019-12-02 03:37:57.669277,,,,Onsite,8,41,46,0 days 00:00:30.000000000,0 days 00:16:27.669277000
4,2019-12-02 04:32:00.000000,2019-12-02 04:32:45.000000,2019-12-02 04:49:26.637241,2019-12-02 04:50:11.637241,2019-12-02 05:45:31.202049,2019-12-02 05:46:16.202049,2019-12-02 05:58:28.599760,Replace,8,41,46,0 days 00:00:45.000000000,0 days 00:17:26.637241000
5,2019-12-02 05:33:00.000000,2019-12-02 05:33:35.000000,2019-12-02 05:46:42.947223,2019-12-02 05:47:17.947223,2019-12-02 06:33:09.844229,2019-12-02 06:33:44.844229,2019-12-02 06:49:57.589654,Replace,8,41,46,0 days 00:00:35.000000000,0 days 00:13:42.947223000
6,2019-12-02 06:36:00.000000,2019-12-02 06:36:25.000000,2019-12-02 06:51:29.937923,2019-12-02 06:51:39.793183,,,,Onsite,8,41,46,0 days 00:00:25.000000000,0 days 00:15:14.793183000
7,2019-12-02 07:41:00.000000,2019-12-02 07:41:45.000000,2019-12-02 07:56:13.268884,2019-12-02 07:56:58.268884,2019-12-02 08:27:52.149598,2019-12-02 08:28:37.149598,2019-12-02 08:43:54.303245,Replace,8,41,46,0 days 00:00:45.000000000,0 days 00:15:13.268884000
8,2019-12-02 08:44:00.000000,2019-12-02 08:44:35.000000,2019-12-02 09:00:48.846917,2019-12-02 09:01:23.846917,2019-12-02 09:31:44.942015,2019-12-02 09:32:19.942015,2019-12-02 09:47:33.492856,Replace,8,41,46,0 days 00:00:35.000000000,0 days 00:16:48.846917000
9,2019-12-02 09:39:00.000000,2019-12-02 09:39:30.000000,2019-12-02 09:55:14.303024,2019-12-02 09:55:44.303024,2019-12-02 10:37:10.235539,2019-12-02 10:37:40.235539,2019-12-02 10:56:51.471720,Replace,8,41,46,0 days 00:00:30.000000000,0 days 00:16:14.303024000
10,2019-12-02 10:55:00.000000,2019-12-02 10:55:45.000000,2019-12-02 11:07:59.146223,2019-12-02 11:08:44.146223,2019-12-02 11:30:07.950975,2019-12-02 11:30:52.950975,2019-12-02 11:43:48.789219,Replace,8,41,46,0 days 00:00:45.000000000,0 days 00:12:59.146223000
11,2019-12-02 12:14:00.000000,2019-12-02 12:14:30.000000,2019-12-02 12:34:01.845289,2019-12-02 12:34:31.845289,2019-12-02 13:21:51.145249,2019-12-02 13:22:21.145249,2019-12-02 13:38:44.324777,Replace,8,41,46,0 days 00:00:30.000000000,0 days 00:20:01.845289000
12,2019-12-02 13:23:00.000000,2019-12-02 13:23:30.000000,2019-12-02 13:37:25.783561,2019-12-02 13:37:28.912707,,,,Onsite,8,41,46,0 days 00:00:30.000000000,0 days 00:13:58.912707000
13,2019-12-02 14:32:00.000000,2019-12-02 14:32:25.000000,2019-12-02 14:44:38.527821,2019-12-02 14:45:03.527821,2019-12-02 15:15:02.028170,2019-12-02 15:15:27.028170,2019-12-02 15:32:38.388164,Replace,8,41,46,0 days 00:00:25.000000000,0 days 00:12:38.527821000
14,2019-12-02 15:44:00.000000,2019-12-02 15:44:50.000000,2019-12-02 15:55:11.211555,2019-12-02 15:56:01.211555,2019-12-02 16:37:14.864136,2019-12-02 16:38:04.864136,2019-12-02 16:52:17.235649,Replace,8,41,46,0 days 00:00:50.000000000,0 days 00:11:11.211555000
15,2019-12-02 16:49:00.000000,2019-12-02 16:49:45.000000,2019-12-02 17:04:46.835692,2019-12-02 17:04:58.825575,,,,Onsite,8,41,46,0 days 00:00:45.000000000,0 days 00:15:13.825575000
16,2019-12-02 18:09:00.000000,2019-12-02 18:09:45.000000,2019-12-02 18:28:33.820013,2019-12-02 18:28:49.046127,,,,Onsite,8,41,46,0 days 00:00:45.000000000,0 days 00:19:04.046127000
17,2019-12-02 19:17:00.000000,2019-12-02 19:17:45.000000,2019-12-02 19:33:26.725909,2019-12-02 19:33:41.658495,,,,Onsite,8,41,46,0 days 00:00:45.000000000,0 days 00:15:56.658495000
18,2019-12-02 20:18:00.000000,2019-12-02 20:18:55.000000,2019-12-02 20:37:49.534646,2019-12-02 20:38:44.534646,2019-12-02 21:05:35.468739,2019-12-02 21:06:30.468739,2019-12-02 21:18:10.998916,Replace,8,41,46,0 days 00:00:55.000000000,0 days 00:19:49.534646000
19,2019-12-02 21:34:00.000000,2019-12-02 21:34:55.000000,2019-12-02 21:46:51.684334,2019-12-02 21:46:58.609723,,,,Onsite,8,41,46,0 days 00:00:55.000000000,0 days 00:12:03.609723000
0,2019-12-02 01:06:00.000000,2019-12-02 00:00:55.000000,2019-12-02 00:17:59.247958,2019-12-02 00:18:54.247958,2019-12-02 00:52:26.298997,2019-12-02 00:53:21.298997,2019-12-02 01:07:13.463035,Replace,9,41,46,-1 days +22:54:55.000000000,0 days 00:17:59.247958000
1,2019-12-02 02:12:00.000000,2019-12-02 02:12:50.000000,2019-12-02 02:29:49.859611,2019-12-02 02:30:39.859611,2019-12-02 03:00:53.872129,2019-12-02 03:01:43.872129,2019-12-02 03:19:53.597269,Replace,9,41,46,0 days 00:00:50.000000000,0 days 00:17:49.859611000
2,2019-12-02 01:08:00.000000,2019-12-02 01:08:45.000000,2019-12-02 01:23:16.703049,2019-12-02 01:24:01.703049,2019-12-02 02:12:40.353538,2019-12-02 02:13:25.353538,2019-12-02 02:32:29.789291,Replace,9,41,46,0 days 00:00:45.000000000,0 days 00:15:16.703049000
3,2019-12-02 03:28:00.000000,2019-12-02 03:28:30.000000,2019-12-02 03:46:18.027620,2019-12-02 03:46:48.027620,2019-12-02 04:23:17.522753,2019-12-02 04:23:47.522753,2019-12-02 04:41:37.403791,Replace,9,41,46,0 days 00:00:30.000000000,0 days 00:18:18.027620000
4,2019-12-02 04:58:00.000000,2019-12-02 04:58:55.000000,2019-12-02 05:19:21.913409,2019-12-02 05:19:48.586227,,,,Onsite,9,41,46,0 days 00:00:55.000000000,0 days 00:20:53.586227000
5,2019-12-02 06:08:00.000000,2019-12-02 06:08:30.000000,2019-12-02 06:22:23.999870,2019-12-02 06:22:53.999870,2019-12-02 07:06:49.020259,2019-12-02 07:07:19.020259,2019-12-02 07:29:57.298734,Replace,9,41,46,0 days 00:00:30.000000000,0 days 00:14:23.999870000
6,2019-12-02 07:12:00.000000,2019-12-02 07:12:55.000000,2019-12-02 07:27:25.194817,2019-12-02 07:28:20.194817,2019-12-02 08:02:48.771548,2019-12-02 08:03:43.771548,2019-12-02 08:26:40.136981,Replace,9,41,46,0 days 00:00:55.000000000,0 days 00:15:25.194817000
7,2019-12-02 08:24:00.000000,2019-12-02 08:24:45.000000,2019-12-02 08:36:29.349347,2019-12-02 08:37:14.349347,2019-12-02 09:19:04.606960,2019-12-02 09:19:49.606960,2019-12-02 09:39:00.375753,Replace,9,41,46,0 days 00:00:45.000000000,0 days 00:12:29.349347000
8,2019-12-02 09:26:00.000000,2019-12-02 09:26:50.000000,2019-12-02 09:43:49.361590,2019-12-02 09:44:39.361590,2019-12-02 10:14:37.454588,2019-12-02 10:15:27.454588,2019-12-02 10:33:17.884492,Replace,9,41,46,0 days 00:00:50.000000000,0 days 00:17:49.361590000
9,2019-12-02 10:39:00.000000,2019-12-02 10:39:50.000000,2019-12-02 10:57:33.517203,2019-12-02 10:57:48.764709,,,,Onsite,9,41,46,0 days 00:00:50.000000000,0 days 00:17:58.764709000
10,2019-12-02 12:00:00.000000,2019-12-02 12:00:30.000000,2019-12-02 12:16:20.418940,2019-12-02 12:16:32.614453,,,,Onsite,9,41,46,0 days 00:00:30.000000000,0 days 00:16:02.614453000
11,2019-12-02 13:09:00.000000,2019-12-02 13:09:35.000000,2019-12-02 13:24:26.906250,2019-12-02 13:24:44.333067,,,,Onsite,9,41,46,0 days 00:00:35.000000000,0 days 00:15:09.333067000
12,2019-12-02 14:18:00.000000,2019-12-02 14:18:55.000000,2019-12-02 14:36:47.703090,2019-12-02 14:37:42.703090,2019-12-02 15:23:59.641234,2019-12-02 15:24:54.641234,2019-12-02 15:41:27.041593,Replace,9,41,46,0 days 00:00:55.000000000,0 days 00:18:47.703090000
13,2019-12-02 15:28:00.000000,2019-12-02 15:28:45.000000,2019-12-02 15:45:18.170639,2019-12-02 15:46:03.170639,2019-12-02 16:23:46.749449,2019-12-02 16:24:31.749449,2019-12-02 16:46:14.219257,Replace,9,41,46,0 days 00:00:45.000000000,0 days 00:17:18.170639000
14,2019-12-02 16:37:00.000000,2019-12-02 16:37:50.000000,2019-12-02 16:55:57.495797,2019-12-02 16:56:13.988322,,,,Onsite,9,41,46,0 days 00:00:50.000000000,0 days 00:18:23.988322000
15,2019-12-02 17:40:00.000000,2019-12-02 17:40:45.000000,2019-12-02 17:55:32.349659,2019-12-02 17:55:43.422489,,,,Onsite,9,41,46,0 days 00:00:45.000000000,0 days 00:14:58.422489000
16,2019-12-02 18:52:00.000000,2019-12-02 18:52:35.000000,2019-12-02 19:09:39.523704,2019-12-02 19:09:59.498544,,,,Onsite,9,41,46,0 days 00:00:35.000000000,0 days 00:17:24.498544000
17,2019-12-02 20:14:00.000000,2019-12-02 20:14:30.000000,2019-12-02 20:29:28.824725,2019-12-02 20:29:52.374367,,,,Onsite,9,41,46,0 days 00:00:30.000000000,0 days 00:15:22.374367000
18,2019-12-02 21:25:00.000000,2019-12-02 21:25:55.000000,2019-12-02 21:44:49.718211,2019-12-02 21:44:59.487685,,,,Onsite,9,41,46,0 days 00:00:55.000000000,0 days 00:19:04.487685000
0,2019-12-02 01:01:00.000000,2019-12-02 00:00:35.000000,2019-12-02 00:24:02.145136,2019-12-02 00:24:13.060608,,,,Onsite,1,41,47,-1 days +22:59:35.000000000,0 days 00:23:38.060608000
1,2019-12-02 01:01:00.000000,2019-12-02 01:01:50.000000,2019-12-02 01:19:20.851437,2019-12-02 01:19:41.643343,,,,Onsite,1,41,47,0 days 00:00:50.000000000,0 days 00:17:51.643343000
2,2019-12-02 02:05:00.000000,2019-12-02 02:05:45.000000,2019-12-02 02:22:10.325712,2019-12-02 02:22:28.862835,,,,Onsite,1,41,47,0 days 00:00:45.000000000,0 days 00:16:43.862835000
3,2019-12-02 03:15:00.000000,2019-12-02 03:15:45.000000,2019-12-02 03:33:27.058173,2019-12-02 03:34:12.058173,2019-12-02 04:14:54.173441,2019-12-02 04:15:39.173441,2019-12-02 04:33:40.747823,Replace,1,41,47,0 days 00:00:45.000000000,0 days 00:18:27.058173000
4,2019-12-02 04:13:00.000000,2019-12-02 04:13:50.000000,2019-12-02 04:34:56.849195,2019-12-02 04:35:17.706614,,,,Onsite,1,41,47,0 days 00:00:50.000000000,0 days 00:21:27.706614000
5,2019-12-02 05:35:00.000000,2019-12-02 05:35:30.000000,2019-12-02 05:48:53.882367,2019-12-02 05:49:04.178999,,,,Onsite,1,41,47,0 days 00:00:30.000000000,0 days 00:13:34.178999000
6,2019-12-02 06:59:00.000000,2019-12-02 06:59:35.000000,2019-12-02 07:15:12.691142,2019-12-02 07:15:47.691142,2019-12-02 08:01:34.891384,2019-12-02 08:02:09.891384,2019-12-02 08:16:24.952409,Replace,1,41,47,0 days 00:00:35.000000000,0 days 00:16:12.691142000
7,2019-12-02 08:09:00.000000,2019-12-02 08:09:50.000000,2019-12-02 08:28:22.361708,2019-12-02 08:28:31.467491,,,,Onsite,1,41,47,0 days 00:00:50.000000000,0 days 00:18:41.467491000
8,2019-12-02 09:07:00.000000,2019-12-02 09:07:35.000000,2019-12-02 09:25:44.951939,2019-12-02 09:26:19.951939,2019-12-02 09:59:37.472746,2019-12-02 10:00:12.472746,2019-12-02 10:12:39.530704,Replace,1,41,47,0 days 00:00:35.000000000,0 days 00:18:44.951939000
9,2019-12-02 10:21:00.000000,2019-12-02 10:21:55.000000,2019-12-02 10:41:21.949711,2019-12-02 10:42:16.949711,2019-12-02 11:17:46.066148,2019-12-02 11:18:41.066148,2019-12-02 11:35:14.519567,Replace,1,41,47,0 days 00:00:55.000000000,0 days 00:20:21.949711000
10,2019-12-02 11:30:00.000000,2019-12-02 11:30:45.000000,2019-12-02 11:45:22.976844,2019-12-02 11:46:07.976844,2019-12-02 12:17:07.969816,2019-12-02 12:17:52.969816,2019-12-02 12:33:45.586549,Replace,1,41,47,0 days 00:00:45.000000000,0 days 00:15:22.976844000
11,2019-12-02 12:43:00.000000,2019-12-02 12:43:30.000000,2019-12-02 13:00:16.973845,2019-12-02 13:00:18.330795,,,,Onsite,1,41,47,0 days 00:00:30.000000000,0 days 00:16:48.330795000
12,2019-12-02 13:54:00.000000,2019-12-02 13:54:45.000000,2019-12-02 14:13:33.678539,2019-12-02 14:14:18.678539,2019-12-02 14:57:22.211370,2019-12-02 14:58:07.211370,2019-12-02 15:12:15.548707,Replace,1,41,47,0 days 00:00:45.000000000,0 days 00:19:33.678539000
13,2019-12-02 16:19:00.000000,2019-12-02 16:19:35.000000,2019-12-02 16:31:30.605346,2019-12-02 16:31:34.722242,,,,Onsite,1,41,47,0 days 00:00:35.000000000,0 days 00:11:59.722242000
14,2019-12-02 15:14:00.000000,2019-12-02 15:14:35.000000,2019-12-02 15:35:50.817805,2019-12-02 15:36:25.817805,2019-12-02 16:18:52.138841,2019-12-02 16:19:27.138841,2019-12-02 16:41:32.051411,Replace,1,41,47,0 days 00:00:35.000000000,0 days 00:21:50.817805000
15,2019-12-02 17:28:00.000000,2019-12-02 17:28:35.000000,2019-12-02 17:39:49.507807,2019-12-02 17:40:24.507807,2019-12-02 18:28:43.951784,2019-12-02 18:29:18.951784,2019-12-02 18:46:08.147267,Replace,1,41,47,0 days 00:00:35.000000000,0 days 00:11:49.507807000
16,2019-12-02 18:40:00.000000,2019-12-02 18:40:45.000000,2019-12-02 18:58:48.372420,2019-12-02 18:59:33.372420,2019-12-02 19:48:20.764007,2019-12-02 19:49:05.764007,2019-12-02 20:08:05.169650,Replace,1,41,47,0 days 00:00:45.000000000,0 days 00:18:48.372420000
17,2019-12-02 19:39:00.000000,2019-12-02 19:39:50.000000,2019-12-02 19:59:53.323503,2019-12-02 20:00:43.323503,2019-12-02 20:42:12.527399,2019-12-02 20:43:02.527399,2019-12-02 20:58:30.858440,Replace,1,41,47,0 days 00:00:50.000000000,0 days 00:20:53.323503000
18,2019-12-02 20:41:00.000000,2019-12-02 20:41:50.000000,2019-12-02 20:52:52.210712,2019-12-02 20:53:10.808173,,,,Onsite,1,41,47,0 days 00:00:50.000000000,0 days 00:11:20.808173000
19,2019-12-02 21:28:00.000000,2019-12-02 21:28:50.000000,2019-12-02 21:45:07.649290,2019-12-02 21:45:57.649290,2019-12-02 22:31:46.448452,2019-12-02 22:32:36.448452,2019-12-02 22:44:49.121370,Replace,1,41,47,0 days 00:00:50.000000000,0 days 00:17:07.649290000
20,2019-12-02 22:42:00.000000,2019-12-02 22:42:45.000000,2019-12-02 22:58:58.871235,2019-12-02 22:59:12.035808,,,,Onsite,1,41,47,0 days 00:00:45.000000000,0 days 00:16:27.035808000
0,2019-12-02 01:07:00.000000,2019-12-02 00:00:35.000000,2019-12-02 00:12:39.466981,2019-12-02 00:12:52.937252,,,,Onsite,2,41,47,-1 days +22:53:35.000000000,0 days 00:12:17.937252000
1,2019-12-02 01:10:00.000000,2019-12-02 01:10:35.000000,2019-12-02 01:21:16.390784,2019-12-02 01:21:51.390784,2019-12-02 01:48:53.840916,2019-12-02 01:49:28.840916,2019-12-02 02:01:05.041804,Replace,2,41,47,0 days 00:00:35.000000000,0 days 00:11:16.390784000
2,2019-12-02 02:19:00.000000,2019-12-02 02:19:50.000000,2019-12-02 02:35:17.379521,2019-12-02 02:36:07.379521,2019-12-02 03:01:23.301662,2019-12-02 03:02:13.301662,2019-12-02 03:17:02.804317,Replace,2,41,47,0 days 00:00:50.000000000,0 days 00:16:17.379521000
3,2019-12-02 03:35:00.000000,2019-12-02 03:35:55.000000,2019-12-02 03:54:37.821780,2019-12-02 03:55:32.821780,2019-12-02 04:30:53.388407,2019-12-02 04:31:48.388407,2019-12-02 04:51:41.859638,Replace,2,41,47,0 days 00:00:55.000000000,0 days 00:19:37.821780000
4,2019-12-02 04:37:00.000000,2019-12-02 04:37:35.000000,2019-12-02 04:48:02.895988,2019-12-02 04:48:37.895988,2019-12-02 05:36:52.449635,2019-12-02 05:37:27.449635,2019-12-02 05:53:21.759574,Replace,2,41,47,0 days 00:00:35.000000000,0 days 00:11:02.895988000
5,2019-12-02 05:40:00.000000,2019-12-02 05:40:50.000000,2019-12-02 05:53:57.896950,2019-12-02 05:54:12.927621,,,,Onsite,2,41,47,0 days 00:00:50.000000000,0 days 00:13:22.927621000
6,2019-12-02 07:41:00.000000,2019-12-02 07:41:45.000000,2019-12-02 07:55:10.861632,2019-12-02 07:55:25.278393,,,,Onsite,2,41,47,0 days 00:00:45.000000000,0 days 00:13:40.278393000
7,2019-12-02 06:42:00.000000,2019-12-02 06:42:45.000000,2019-12-02 07:03:36.953034,2019-12-02 07:04:21.953034,2019-12-02 07:26:41.777158,2019-12-02 07:27:26.777158,2019-12-02 07:41:38.161975,Replace,2,41,47,0 days 00:00:45.000000000,0 days 00:21:36.953034000
8,2019-12-02 09:01:00.000000,2019-12-02 09:01:45.000000,2019-12-02 09:14:13.235637,2019-12-02 09:14:58.235637,2019-12-02 10:02:51.389137,2019-12-02 10:03:36.389137,2019-12-02 10:17:29.838475,Replace,2,41,47,0 days 00:00:45.000000000,0 days 00:13:13.235637000
9,2019-12-02 09:58:00.000000,2019-12-02 09:58:35.000000,2019-12-02 10:18:04.652280,2019-12-02 10:18:39.652280,2019-12-02 10:50:51.241259,2019-12-02 10:51:26.241259,2019-12-02 11:13:27.127962,Replace,2,41,47,0 days 00:00:35.000000000,0 days 00:20:04.652280000
10,2019-12-02 11:23:00.000000,2019-12-02 11:23:25.000000,2019-12-02 11:38:53.019507,2019-12-02 11:39:05.927829,,,,Onsite,2,41,47,0 days 00:00:25.000000000,0 days 00:15:40.927829000
11,2019-12-02 12:33:00.000000,2019-12-02 12:33:50.000000,2019-12-02 12:50:14.721105,2019-12-02 12:51:04.721105,2019-12-02 13:17:22.638544,2019-12-02 13:18:12.638544,2019-12-02 13:33:14.073601,Replace,2,41,47,0 days 00:00:50.000000000,0 days 00:17:14.721105000
12,2019-12-02 13:32:00.000000,2019-12-02 13:32:50.000000,2019-12-02 13:44:22.533476,2019-12-02 13:44:37.229355,,,,Onsite,2,41,47,0 days 00:00:50.000000000,0 days 00:11:47.229355000
13,2019-12-02 14:44:00.000000,2019-12-02 14:44:45.000000,2019-12-02 15:02:46.933661,2019-12-02 15:03:15.637303,,,,Onsite,2,41,47,0 days 00:00:45.000000000,0 days 00:18:30.637303000
14,2019-12-02 15:42:00.000000,2019-12-02 15:42:45.000000,2019-12-02 15:55:16.874903,2019-12-02 15:56:01.874903,2019-12-02 16:25:15.142890,2019-12-02 16:26:00.142890,2019-12-02 16:45:41.173888,Replace,2,41,47,0 days 00:00:45.000000000,0 days 00:13:16.874903000
15,2019-12-02 17:55:00.000000,2019-12-02 17:55:25.000000,2019-12-02 18:06:38.214405,2019-12-02 18:06:52.477303,,,,Onsite,2,41,47,0 days 00:00:25.000000000,0 days 00:11:27.477303000
16,2019-12-02 16:53:00.000000,2019-12-02 16:53:25.000000,2019-12-02 17:11:17.364002,2019-12-02 17:11:42.364002,2019-12-02 17:54:50.953937,2019-12-02 17:55:15.953937,2019-12-02 18:08:16.402722,Replace,2,41,47,0 days 00:00:25.000000000,0 days 00:18:17.364002000
17,2019-12-02 19:08:00.000000,2019-12-02 19:08:55.000000,2019-12-02 19:31:56.398545,2019-12-02 19:32:51.398545,2019-12-02 20:19:17.137954,2019-12-02 20:20:12.137954,2019-12-02 20:38:21.447223,Replace,2,41,47,0 days 00:00:55.000000000,0 days 00:23:56.398545000
18,2019-12-02 20:22:00.000000,2019-12-02 20:22:35.000000,2019-12-02 20:43:20.773917,2019-12-02 20:43:55.773917,2019-12-02 21:13:33.333155,2019-12-02 21:14:08.333155,2019-12-02 21:31:16.182917,Replace,2,41,47,0 days 00:00:35.000000000,0 days 00:21:20.773917000
19,2019-12-02 21:10:00.000000,2019-12-02 21:10:45.000000,2019-12-02 21:25:46.452489,2019-12-02 21:26:31.452489,2019-12-02 21:53:24.773415,2019-12-02 21:54:09.773415,2019-12-02 22:13:36.743245,Replace,2,41,47,0 days 00:00:45.000000000,0 days 00:15:46.452489000
20,2019-12-02 22:19:00.000000,2019-12-02 22:19:45.000000,2019-12-02 22:39:07.667123,2019-12-02 22:39:20.872677,,,,Onsite,2,41,47,0 days 00:00:45.000000000,0 days 00:19:35.872677000
0,2019-12-02 01:05:00.000000,2019-12-02 00:00:45.000000,2019-12-02 00:17:51.663974,2019-12-02 00:18:03.438855,,,,Onsite,3,41,47,-1 days +22:55:45.000000000,0 days 00:17:18.438855000
1,2019-12-02 01:08:00.000000,2019-12-02 01:08:45.000000,2019-12-02 01:23:30.656110,2019-12-02 01:24:15.656110,2019-12-02 01:53:45.424344,2019-12-02 01:54:30.424344,2019-12-02 02:10:46.321519,Replace,3,41,47,0 days 00:00:45.000000000,0 days 00:15:30.656110000
2,2019-12-02 02:07:00.000000,2019-12-02 02:07:35.000000,2019-12-02 02:21:42.574782,2019-12-02 02:21:45.740794,,,,Onsite,3,41,47,0 days 00:00:35.000000000,0 days 00:14:10.740794000
3,2019-12-02 03:12:00.000000,2019-12-02 03:12:35.000000,2019-12-02 03:32:34.359307,2019-12-02 03:33:09.359307,2019-12-02 04:03:22.004704,2019-12-02 04:03:57.004704,2019-12-02 04:17:50.087267,Replace,3,41,47,0 days 00:00:35.000000000,0 days 00:20:34.359307000
4,2019-12-02 04:21:00.000000,2019-12-02 04:21:55.000000,2019-12-02 04:41:16.086394,2019-12-02 04:42:11.086394,2019-12-02 05:21:17.250896,2019-12-02 05:22:12.250896,2019-12-02 05:38:01.522119,Replace,3,41,47,0 days 00:00:55.000000000,0 days 00:20:16.086394000
5,2019-12-02 05:10:00.000000,2019-12-02 05:10:45.000000,2019-12-02 05:22:19.302093,2019-12-02 05:22:39.767986,,,,Onsite,3,41,47,0 days 00:00:45.000000000,0 days 00:11:54.767986000
6,2019-12-02 06:06:00.000000,2019-12-02 06:06:30.000000,2019-12-02 06:25:15.022710,2019-12-02 06:25:45.022710,2019-12-02 06:49:55.752605,2019-12-02 06:50:25.752605,2019-12-02 07:04:23.343128,Replace,3,41,47,0 days 00:00:30.000000000,0 days 00:19:15.022710000
7,2019-12-02 07:02:00.000000,2019-12-02 07:02:25.000000,2019-12-02 07:16:37.150496,2019-12-02 07:16:53.403889,,,,Onsite,3,41,47,0 days 00:00:25.000000000,0 days 00:14:28.403889000
8,2019-12-02 08:05:00.000000,2019-12-02 08:05:35.000000,2019-12-02 08:20:00.314261,2019-12-02 08:20:35.314261,2019-12-02 09:16:46.287413,2019-12-02 09:17:21.287413,2019-12-02 09:29:29.560410,Replace,3,41,47,0 days 00:00:35.000000000,0 days 00:15:00.314261000
9,2019-12-02 09:08:00.000000,2019-12-02 09:08:45.000000,2019-12-02 09:24:18.344116,2019-12-02 09:25:03.344116,2019-12-02 09:49:48.287978,2019-12-02 09:50:33.287978,2019-12-02 10:06:13.499863,Replace,3,41,47,0 days 00:00:45.000000000,0 days 00:16:18.344116000
10,2019-12-02 10:14:00.000000,2019-12-02 10:14:45.000000,2019-12-02 10:30:20.057594,2019-12-02 10:30:32.594910,,,,Onsite,3,41,47,0 days 00:00:45.000000000,0 days 00:15:47.594910000
11,2019-12-02 11:27:00.000000,2019-12-02 11:27:50.000000,2019-12-02 11:49:52.125194,2019-12-02 11:50:25.069111,,,,Onsite,3,41,47,0 days 00:00:50.000000000,0 days 00:22:35.069111000
12,2019-12-02 12:12:00.000000,2019-12-02 12:12:30.000000,2019-12-02 12:25:46.460716,2019-12-02 12:26:16.460716,2019-12-02 13:10:40.777344,2019-12-02 13:11:10.777344,2019-12-02 13:25:11.641909,Replace,3,41,47,0 days 00:00:30.000000000,0 days 00:13:46.460716000
13,2019-12-02 13:20:00.000000,2019-12-02 13:20:45.000000,2019-12-02 13:36:50.697128,2019-12-02 13:37:35.697128,2019-12-02 14:13:15.123464,2019-12-02 14:14:00.123464,2019-12-02 14:29:51.289264,Replace,3,41,47,0 days 00:00:45.000000000,0 days 00:16:50.697128000
14,2019-12-02 14:36:00.000000,2019-12-02 14:36:35.000000,2019-12-02 14:54:31.968295,2019-12-02 14:54:40.097837,,,,Onsite,3,41,47,0 days 00:00:35.000000000,0 days 00:18:05.097837000
15,2019-12-02 15:32:00.000000,2019-12-02 15:32:35.000000,2019-12-02 15:47:47.094852,2019-12-02 15:48:22.094852,2019-12-02 16:20:26.240716,2019-12-02 16:21:01.240716,2019-12-02 16:36:44.635669,Replace,3,41,47,0 days 00:00:35.000000000,0 days 00:15:47.094852000
16,2019-12-02 16:38:00.000000,2019-12-02 16:38:50.000000,2019-12-02 16:50:54.730298,2019-12-02 16:51:01.804094,,,,Onsite,3,41,47,0 days 00:00:50.000000000,0 days 00:12:11.804094000
17,2019-12-02 17:50:00.000000,2019-12-02 17:50:30.000000,2019-12-02 18:07:43.429280,2019-12-02 18:08:10.215583,,,,Onsite,3,41,47,0 days 00:00:30.000000000,0 days 00:17:40.215583000
18,2019-12-02 18:49:00.000000,2019-12-02 18:49:50.000000,2019-12-02 19:05:04.715160,2019-12-02 19:05:54.715160,2019-12-02 19:36:28.418552,2019-12-02 19:37:18.418552,2019-12-02 19:53:19.556878,Replace,3,41,47,0 days 00:00:50.000000000,0 days 00:16:04.715160000
19,2019-12-02 19:59:00.000000,2019-12-02 19:59:35.000000,2019-12-02 20:17:03.415718,2019-12-02 20:17:38.415718,2019-12-02 21:00:27.928577,2019-12-02 21:01:02.928577,2019-12-02 21:18:08.566695,Replace,3,41,47,0 days 00:00:35.000000000,0 days 00:18:03.415718000
20,2019-12-02 21:02:00.000000,2019-12-02 21:02:50.000000,2019-12-02 21:23:00.004799,2019-12-02 21:23:10.114611,,,,Onsite,3,41,47,0 days 00:00:50.000000000,0 days 00:20:20.114611000
0,2019-12-02 01:02:00.000000,2019-12-02 00:00:45.000000,2019-12-02 00:17:10.231896,2019-12-02 00:17:29.182044,,,,Onsite,4,41,47,-1 days +22:58:45.000000000,0 days 00:16:44.182044000
1,2019-12-02 01:12:00.000000,2019-12-02 01:12:35.000000,2019-12-02 01:30:51.165140,2019-12-02 01:31:11.861762,,,,Onsite,4,41,47,0 days 00:00:35.000000000,0 days 00:18:36.861762000
2,2019-12-02 02:22:00.000000,2019-12-02 02:22:35.000000,2019-12-02 02:37:39.541278,2019-12-02 02:37:54.346615,,,,Onsite,4,41,47,0 days 00:00:35.000000000,0 days 00:15:19.346615000
3,2019-12-02 03:20:00.000000,2019-12-02 03:20:50.000000,2019-12-02 03:35:09.827276,2019-12-02 03:35:59.827276,2019-12-02 04:08:00.723531,2019-12-02 04:08:50.723531,2019-12-02 04:20:50.843443,Replace,4,41,47,0 days 00:00:50.000000000,0 days 00:15:09.827276000
4,2019-12-02 04:35:00.000000,2019-12-02 04:35:45.000000,2019-12-02 04:48:49.425960,2019-12-02 04:49:08.060059,,,,Onsite,4,41,47,0 days 00:00:45.000000000,0 days 00:13:23.060059000
5,2019-12-02 05:52:00.000000,2019-12-02 05:52:45.000000,2019-12-02 06:08:50.349566,2019-12-02 06:09:35.349566,2019-12-02 06:37:50.486643,2019-12-02 06:38:35.486643,2019-12-02 06:51:08.675724,Replace,4,41,47,0 days 00:00:45.000000000,0 days 00:16:50.349566000
6,2019-12-02 07:04:00.000000,2019-12-02 07:04:50.000000,2019-12-02 07:24:33.910447,2019-12-02 07:25:23.910447,2019-12-02 07:55:45.188498,2019-12-02 07:56:35.188498,2019-12-02 08:15:38.449556,Replace,4,41,47,0 days 00:00:50.000000000,0 days 00:20:33.910447000
7,2019-12-02 08:08:00.000000,2019-12-02 08:08:45.000000,2019-12-02 08:27:10.875753,2019-12-02 08:27:22.915698,,,,Onsite,4,41,47,0 days 00:00:45.000000000,0 days 00:18:37.915698000
8,2019-12-02 09:22:00.000000,2019-12-02 09:22:55.000000,2019-12-02 09:32:25.783869,2019-12-02 09:32:47.440369,,,,Onsite,4,41,47,0 days 00:00:55.000000000,0 days 00:09:52.440369000
9,2019-12-02 10:30:00.000000,2019-12-02 10:30:35.000000,2019-12-02 10:45:10.766427,2019-12-02 10:45:45.766427,2019-12-02 11:09:18.536460,2019-12-02 11:09:53.536460,2019-12-02 11:27:58.722243,Replace,4,41,47,0 days 00:00:35.000000000,0 days 00:15:10.766427000
10,2019-12-02 11:57:00.000000,2019-12-02 11:57:45.000000,2019-12-02 12:14:08.388886,2019-12-02 12:14:53.388886,2019-12-02 12:45:17.940559,2019-12-02 12:46:02.940559,2019-12-02 13:02:02.136761,Replace,4,41,47,0 days 00:00:45.000000000,0 days 00:17:08.388886000
11,2019-12-02 13:04:00.000000,2019-12-02 13:04:50.000000,2019-12-02 13:25:23.524546,2019-12-02 13:26:13.524546,2019-12-02 14:02:47.990598,2019-12-02 14:03:37.990598,2019-12-02 14:19:52.402913,Replace,4,41,47,0 days 00:00:50.000000000,0 days 00:21:23.524546000
12,2019-12-02 14:07:00.000000,2019-12-02 14:07:45.000000,2019-12-02 14:26:33.200704,2019-12-02 14:27:18.200704,2019-12-02 15:20:31.899977,2019-12-02 15:21:16.899977,2019-12-02 15:36:22.097866,Replace,4,41,47,0 days 00:00:45.000000000,0 days 00:19:33.200704000
13,2019-12-02 15:13:00.000000,2019-12-02 15:13:50.000000,2019-12-02 15:33:41.291147,2019-12-02 15:34:31.291147,2019-12-02 16:04:18.445960,2019-12-02 16:05:08.445960,2019-12-02 16:20:38.711279,Replace,4,41,47,0 days 00:00:50.000000000,0 days 00:20:41.291147000
14,2019-12-02 16:21:00.000000,2019-12-02 16:21:30.000000,2019-12-02 16:39:09.916057,2019-12-02 16:39:39.916057,2019-12-02 17:10:18.281390,2019-12-02 17:10:48.281390,2019-12-02 17:24:56.631595,Replace,4,41,47,0 days 00:00:30.000000000,0 days 00:18:09.916057000
15,2019-12-02 17:31:00.000000,2019-12-02 17:31:55.000000,2019-12-02 17:44:23.318858,2019-12-02 17:44:34.602338,,,,Onsite,4,41,47,0 days 00:00:55.000000000,0 days 00:12:39.602338000
16,2019-12-02 18:47:00.000000,2019-12-02 18:47:45.000000,2019-12-02 19:04:52.969094,2019-12-02 19:05:37.969094,2019-12-02 19:45:16.873775,2019-12-02 19:46:01.873775,2019-12-02 20:03:58.513819,Replace,4,41,47,0 days 00:00:45.000000000,0 days 00:17:52.969094000
17,2019-12-02 19:55:00.000000,2019-12-02 19:55:25.000000,2019-12-02 20:06:43.329068,2019-12-02 20:06:56.118908,,,,Onsite,4,41,47,0 days 00:00:25.000000000,0 days 00:11:31.118908000
18,2019-12-02 22:13:00.000000,2019-12-02 22:13:55.000000,2019-12-02 22:35:55.107475,2019-12-02 22:36:08.213093,,,,Onsite,4,41,47,0 days 00:00:55.000000000,0 days 00:22:13.213093000
19,2019-12-02 20:51:00.000000,2019-12-02 20:51:35.000000,2019-12-02 21:03:07.086995,2019-12-02 21:03:42.086995,2019-12-02 21:50:23.277567,2019-12-02 21:50:58.277567,2019-12-02 22:13:15.496728,Replace,4,41,47,0 days 00:00:35.000000000,0 days 00:12:07.086995000
0,2019-12-02 01:10:00.000000,2019-12-02 00:00:45.000000,2019-12-02 00:18:03.464382,2019-12-02 00:18:06.719211,,,,Onsite,5,41,47,-1 days +22:50:45.000000000,0 days 00:17:21.719211000
1,2019-12-02 01:16:00.000000,2019-12-02 01:16:45.000000,2019-12-02 01:32:21.868685,2019-12-02 01:33:06.868685,2019-12-02 02:21:37.722540,2019-12-02 02:22:22.722540,2019-12-02 02:38:16.812189,Replace,5,41,47,0 days 00:00:45.000000000,0 days 00:16:21.868685000
2,2019-12-02 02:25:00.000000,2019-12-02 02:25:45.000000,2019-12-02 02:46:42.119020,2019-12-02 02:47:27.119020,2019-12-02 03:36:26.459090,2019-12-02 03:37:11.459090,2019-12-02 03:54:36.087589,Replace,5,41,47,0 days 00:00:45.000000000,0 days 00:21:42.119020000
3,2019-12-02 03:25:00.000000,2019-12-02 03:25:50.000000,2019-12-02 03:43:40.835851,2019-12-02 03:44:30.835851,2019-12-02 04:32:33.616859,2019-12-02 04:33:23.616859,2019-12-02 04:52:07.961980,Replace,5,41,47,0 days 00:00:50.000000000,0 days 00:18:40.835851000
4,2019-12-02 04:41:00.000000,2019-12-02 04:41:30.000000,2019-12-02 04:59:29.269159,2019-12-02 04:59:59.269159,2019-12-02 05:31:08.276265,2019-12-02 05:31:38.276265,2019-12-02 05:50:04.151385,Replace,5,41,47,0 days 00:00:30.000000000,0 days 00:18:29.269159000
5,2019-12-02 05:41:00.000000,2019-12-02 05:41:25.000000,2019-12-02 05:52:46.525465,2019-12-02 05:52:52.330037,,,,Onsite,5,41,47,0 days 00:00:25.000000000,0 days 00:11:27.330037000
6,2019-12-02 06:50:00.000000,2019-12-02 06:50:25.000000,2019-12-02 07:08:38.675882,2019-12-02 07:09:03.675882,2019-12-02 07:41:18.515341,2019-12-02 07:41:43.515341,2019-12-02 08:04:04.491724,Replace,5,41,47,0 days 00:00:25.000000000,0 days 00:18:38.675882000
7,2019-12-02 07:59:00.000000,2019-12-02 07:59:45.000000,2019-12-02 08:16:06.903579,2019-12-02 08:16:23.507682,,,,Onsite,5,41,47,0 days 00:00:45.000000000,0 days 00:16:38.507682000
8,2019-12-02 09:24:00.000000,2019-12-02 09:24:45.000000,2019-12-02 09:44:27.056731,2019-12-02 09:44:50.309450,,,,Onsite,5,41,47,0 days 00:00:45.000000000,0 days 00:20:05.309450000
9,2019-12-02 10:36:00.000000,2019-12-02 10:36:45.000000,2019-12-02 10:52:52.142903,2019-12-02 10:53:37.142903,2019-12-02 11:18:16.632488,2019-12-02 11:19:01.632488,2019-12-02 11:38:22.333354,Replace,5,41,47,0 days 00:00:45.000000000,0 days 00:16:52.142903000
10,2019-12-02 11:31:00.000000,2019-12-02 11:31:45.000000,2019-12-02 11:51:17.324738,2019-12-02 11:52:02.324738,2019-12-02 12:21:29.501085,2019-12-02 12:22:14.501085,2019-12-02 12:36:58.168802,Replace,5,41,47,0 days 00:00:45.000000000,0 days 00:20:17.324738000
11,2019-12-02 12:45:00.000000,2019-12-02 12:45:45.000000,2019-12-02 13:03:34.869984,2019-12-02 13:03:41.722055,,,,Onsite,5,41,47,0 days 00:00:45.000000000,0 days 00:17:56.722055000
12,2019-12-02 14:12:00.000000,2019-12-02 14:12:45.000000,2019-12-02 14:29:47.323210,2019-12-02 14:30:00.042217,,,,Onsite,5,41,47,0 days 00:00:45.000000000,0 days 00:17:15.042217000
13,2019-12-02 15:06:00.000000,2019-12-02 15:06:50.000000,2019-12-02 15:20:20.653562,2019-12-02 15:20:33.403192,,,,Onsite,5,41,47,0 days 00:00:50.000000000,0 days 00:13:43.403192000
14,2019-12-02 15:49:00.000000,2019-12-02 15:49:45.000000,2019-12-02 16:09:50.503724,2019-12-02 16:10:11.580622,,,,Onsite,5,41,47,0 days 00:00:45.000000000,0 days 00:20:26.580622000
15,2019-12-02 16:57:00.000000,2019-12-02 16:57:50.000000,2019-12-02 17:10:29.647872,2019-12-02 17:10:40.356117,,,,Onsite,5,41,47,0 days 00:00:50.000000000,0 days 00:12:50.356117000
16,2019-12-02 18:10:00.000000,2019-12-02 18:10:30.000000,2019-12-02 18:24:32.392257,2019-12-02 18:25:02.392257,2019-12-02 18:59:30.439015,2019-12-02 19:00:00.439015,2019-12-02 19:16:37.431350,Replace,5,41,47,0 days 00:00:30.000000000,0 days 00:14:32.392257000
17,2019-12-02 19:34:00.000000,2019-12-02 19:34:55.000000,2019-12-02 19:54:14.767436,2019-12-02 19:55:09.767436,2019-12-02 20:33:40.365009,2019-12-02 20:34:35.365009,2019-12-02 20:47:58.209693,Replace,5,41,47,0 days 00:00:55.000000000,0 days 00:20:14.767436000
18,2019-12-02 20:25:00.000000,2019-12-02 20:25:35.000000,2019-12-02 20:40:27.828477,2019-12-02 20:40:44.722816,,,,Onsite,5,41,47,0 days 00:00:35.000000000,0 days 00:15:09.722816000
19,2019-12-02 21:53:00.000000,2019-12-02 21:53:45.000000,2019-12-02 22:13:26.104941,2019-12-02 22:14:11.104941,2019-12-02 22:41:43.301000,2019-12-02 22:42:28.301000,2019-12-02 22:54:17.142387,Replace,5,41,47,0 days 00:00:45.000000000,0 days 00:20:26.104941000
0,2019-12-02 00:50:00.000000,2019-12-02 00:00:45.000000,2019-12-02 00:14:18.899397,2019-12-02 00:15:03.899397,2019-12-02 00:53:26.421760,2019-12-02 00:54:11.421760,2019-12-02 01:05:57.203457,Replace,6,41,47,-1 days +23:10:45.000000000,0 days 00:14:18.899397000
1,2019-12-02 01:15:00.000000,2019-12-02 01:15:45.000000,2019-12-02 01:30:48.797508,2019-12-02 01:30:57.173608,,,,Onsite,6,41,47,0 days 00:00:45.000000000,0 days 00:15:12.173608000
2,2019-12-02 02:37:00.000000,2019-12-02 02:37:25.000000,2019-12-02 02:52:13.936063,2019-12-02 02:52:38.936063,2019-12-02 03:18:49.392648,2019-12-02 03:19:14.392648,2019-12-02 03:36:12.979652,Replace,6,41,47,0 days 00:00:25.000000000,0 days 00:15:13.936063000
3,2019-12-02 03:43:00.000000,2019-12-02 03:43:45.000000,2019-12-02 04:01:47.136618,2019-12-02 04:01:53.691960,,,,Onsite,6,41,47,0 days 00:00:45.000000000,0 days 00:18:08.691960000
4,2019-12-02 04:54:00.000000,2019-12-02 04:54:35.000000,2019-12-02 05:08:58.160177,2019-12-02 05:09:33.160177,2019-12-02 05:34:32.820373,2019-12-02 05:35:07.820373,2019-12-02 05:47:36.375500,Replace,6,41,47,0 days 00:00:35.000000000,0 days 00:14:58.160177000
5,2019-12-02 06:14:00.000000,2019-12-02 06:14:45.000000,2019-12-02 06:32:57.714422,2019-12-02 06:33:12.221186,,,,Onsite,6,41,47,0 days 00:00:45.000000000,0 days 00:18:27.221186000
6,2019-12-02 07:15:00.000000,2019-12-02 07:15:25.000000,2019-12-02 07:26:47.003913,2019-12-02 07:27:14.013838,,,,Onsite,6,41,47,0 days 00:00:25.000000000,0 days 00:11:49.013838000
7,2019-12-02 08:17:00.000000,2019-12-02 08:17:55.000000,2019-12-02 08:36:13.829775,2019-12-02 08:37:08.829775,2019-12-02 09:16:48.771945,2019-12-02 09:17:43.771945,2019-12-02 09:31:54.401337,Replace,6,41,47,0 days 00:00:55.000000000,0 days 00:19:13.829775000
8,2019-12-02 09:47:00.000000,2019-12-02 09:47:25.000000,2019-12-02 09:58:02.832006,2019-12-02 09:58:27.832006,2019-12-02 10:32:27.624842,2019-12-02 10:32:52.624842,2019-12-02 10:47:20.333925,Replace,6,41,47,0 days 00:00:25.000000000,0 days 00:11:02.832006000
9,2019-12-02 10:45:00.000000,2019-12-02 10:45:35.000000,2019-12-02 11:02:28.128014,2019-12-02 11:03:02.561868,,,,Onsite,6,41,47,0 days 00:00:35.000000000,0 days 00:17:27.561868000
10,2019-12-02 11:55:00.000000,2019-12-02 11:55:45.000000,2019-12-02 12:08:21.416218,2019-12-02 12:09:06.416218,2019-12-02 12:53:45.609036,2019-12-02 12:54:30.609036,2019-12-02 13:12:29.156545,Replace,6,41,47,0 days 00:00:45.000000000,0 days 00:13:21.416218000
11,2019-12-02 12:54:00.000000,2019-12-02 12:54:45.000000,2019-12-02 13:08:11.591254,2019-12-02 13:08:56.591254,2019-12-02 13:42:25.957809,2019-12-02 13:43:10.957809,2019-12-02 14:06:54.246787,Replace,6,41,47,0 days 00:00:45.000000000,0 days 00:14:11.591254000
12,2019-12-02 14:05:00.000000,2019-12-02 14:05:35.000000,2019-12-02 14:23:31.613174,2019-12-02 14:24:06.613174,2019-12-02 15:04:47.568264,2019-12-02 15:05:22.568264,2019-12-02 15:22:37.735200,Replace,6,41,47,0 days 00:00:35.000000000,0 days 00:18:31.613174000
13,2019-12-02 15:04:00.000000,2019-12-02 15:04:25.000000,2019-12-02 15:24:27.632568,2019-12-02 15:24:52.632568,2019-12-02 15:52:19.721484,2019-12-02 15:52:44.721484,2019-12-02 16:13:41.284287,Replace,6,41,47,0 days 00:00:25.000000000,0 days 00:20:27.632568000
14,2019-12-02 16:09:00.000000,2019-12-02 16:09:45.000000,2019-12-02 16:26:11.718851,2019-12-02 16:26:56.718851,2019-12-02 17:06:59.750394,2019-12-02 17:07:44.750394,2019-12-02 17:24:12.238409,Replace,6,41,47,0 days 00:00:45.000000000,0 days 00:17:11.718851000
15,2019-12-02 17:23:00.000000,2019-12-02 17:23:45.000000,2019-12-02 17:35:40.710645,2019-12-02 17:36:25.710645,2019-12-02 18:05:56.544893,2019-12-02 18:06:41.544893,2019-12-02 18:25:21.023556,Replace,6,41,47,0 days 00:00:45.000000000,0 days 00:12:40.710645000
16,2019-12-02 18:49:00.000000,2019-12-02 18:49:50.000000,2019-12-02 19:05:21.564054,2019-12-02 19:05:53.650443,,,,Onsite,6,41,47,0 days 00:00:50.000000000,0 days 00:16:03.650443000
17,2019-12-02 19:57:00.000000,2019-12-02 19:57:45.000000,2019-12-02 20:14:27.661970,2019-12-02 20:15:04.106884,,,,Onsite,6,41,47,0 days 00:00:45.000000000,0 days 00:17:19.106884000
18,2019-12-02 21:02:00.000000,2019-12-02 21:02:35.000000,2019-12-02 21:25:35.715646,2019-12-02 21:26:10.715646,2019-12-02 21:58:10.693561,2019-12-02 21:58:45.693561,2019-12-02 22:13:13.667429,Replace,6,41,47,0 days 00:00:35.000000000,0 days 00:23:35.715646000
19,2019-12-02 22:09:00.000000,2019-12-02 22:09:55.000000,2019-12-02 22:22:12.573210,2019-12-02 22:22:48.881998,,,,Onsite,6,41,47,0 days 00:00:55.000000000,0 days 00:12:53.881998000
0,2019-12-02 01:28:00.000000,2019-12-02 00:00:45.000000,2019-12-02 00:13:19.558122,2019-12-02 00:14:04.558122,2019-12-02 00:51:34.307660,2019-12-02 00:52:19.307660,2019-12-02 01:14:42.455135,Replace,7,41,47,-1 days +22:32:45.000000000,0 days 00:13:19.558122000
1,2019-12-02 01:02:00.000000,2019-12-02 01:02:35.000000,2019-12-02 01:18:29.833873,2019-12-02 01:18:53.556580,,,,Onsite,7,41,47,0 days 00:00:35.000000000,0 days 00:16:18.556580000
2,2019-12-02 02:00:00.000000,2019-12-02 02:00:45.000000,2019-12-02 02:16:54.584873,2019-12-02 02:17:39.584873,2019-12-02 02:49:23.085945,2019-12-02 02:50:08.085945,2019-12-02 03:04:34.053316,Replace,7,41,47,0 days 00:00:45.000000000,0 days 00:16:54.584873000
3,2019-12-02 03:09:00.000000,2019-12-02 03:09:25.000000,2019-12-02 03:20:05.347343,2019-12-02 03:20:30.347343,2019-12-02 04:04:40.595928,2019-12-02 04:05:05.595928,2019-12-02 04:24:26.110289,Replace,7,41,47,0 days 00:00:25.000000000,0 days 00:11:05.347343000
4,2019-12-02 04:16:00.000000,2019-12-02 04:16:55.000000,2019-12-02 04:33:51.263739,2019-12-02 04:34:09.097792,,,,Onsite,7,41,47,0 days 00:00:55.000000000,0 days 00:17:14.097792000
5,2019-12-02 05:14:00.000000,2019-12-02 05:14:30.000000,2019-12-02 05:27:37.475096,2019-12-02 05:28:07.475096,2019-12-02 05:53:37.205249,2019-12-02 05:54:07.205249,2019-12-02 06:05:36.507621,Replace,7,41,47,0 days 00:00:30.000000000,0 days 00:13:37.475096000
6,2019-12-02 06:29:00.000000,2019-12-02 06:29:45.000000,2019-12-02 06:44:55.321029,2019-12-02 06:45:09.695186,,,,Onsite,7,41,47,0 days 00:00:45.000000000,0 days 00:15:24.695186000
7,2019-12-02 07:36:00.000000,2019-12-02 07:36:30.000000,2019-12-02 07:49:39.740418,2019-12-02 07:50:09.740418,2019-12-02 08:15:54.741443,2019-12-02 08:16:24.741443,2019-12-02 08:30:01.232644,Replace,7,41,47,0 days 00:00:30.000000000,0 days 00:13:39.740418000
8,2019-12-02 08:55:00.000000,2019-12-02 08:55:45.000000,2019-12-02 09:09:49.436701,2019-12-02 09:10:01.589510,,,,Onsite,7,41,47,0 days 00:00:45.000000000,0 days 00:14:16.589510000
9,2019-12-02 10:06:00.000000,2019-12-02 10:06:30.000000,2019-12-02 10:20:58.277729,2019-12-02 10:21:28.277729,2019-12-02 11:05:43.795652,2019-12-02 11:06:13.795652,2019-12-02 11:23:59.600002,Replace,7,41,47,0 days 00:00:30.000000000,0 days 00:14:58.277729000
10,2019-12-02 11:18:00.000000,2019-12-02 11:18:25.000000,2019-12-02 11:34:14.163118,2019-12-02 11:34:16.966437,,,,Onsite,7,41,47,0 days 00:00:25.000000000,0 days 00:15:51.966437000
11,2019-12-02 12:14:00.000000,2019-12-02 12:14:35.000000,2019-12-02 12:32:38.415081,2019-12-02 12:33:13.415081,2019-12-02 13:01:05.571533,2019-12-02 13:01:40.571533,2019-12-02 13:20:43.932157,Replace,7,41,47,0 days 00:00:35.000000000,0 days 00:18:38.415081000
12,2019-12-02 13:22:00.000000,2019-12-02 13:22:45.000000,2019-12-02 13:35:08.156401,2019-12-02 13:35:19.706585,,,,Onsite,7,41,47,0 days 00:00:45.000000000,0 days 00:12:34.706585000
13,2019-12-02 14:35:00.000000,2019-12-02 14:35:30.000000,2019-12-02 14:49:45.277696,2019-12-02 14:50:15.277696,2019-12-02 15:33:01.866413,2019-12-02 15:33:31.866413,2019-12-02 15:46:05.248149,Replace,7,41,47,0 days 00:00:30.000000000,0 days 00:14:45.277696000
14,2019-12-02 15:16:00.000000,2019-12-02 15:16:50.000000,2019-12-02 15:30:06.906716,2019-12-02 15:30:56.906716,2019-12-02 16:10:02.871422,2019-12-02 16:10:52.871422,2019-12-02 16:24:22.377183,Replace,7,41,47,0 days 00:00:50.000000000,0 days 00:14:06.906716000
15,2019-12-02 16:27:00.000000,2019-12-02 16:27:45.000000,2019-12-02 16:45:25.275093,2019-12-02 16:45:53.879476,,,,Onsite,7,41,47,0 days 00:00:45.000000000,0 days 00:18:08.879476000
16,2019-12-02 17:43:00.000000,2019-12-02 17:43:45.000000,2019-12-02 18:06:00.094972,2019-12-02 18:06:28.127193,,,,Onsite,7,41,47,0 days 00:00:45.000000000,0 days 00:22:43.127193000
17,2019-12-02 19:04:00.000000,2019-12-02 19:04:35.000000,2019-12-02 19:22:15.823989,2019-12-02 19:22:50.823989,2019-12-02 20:02:16.226962,2019-12-02 20:02:51.226962,2019-12-02 20:16:25.050273,Replace,7,41,47,0 days 00:00:35.000000000,0 days 00:18:15.823989000
18,2019-12-02 20:15:00.000000,2019-12-02 20:15:45.000000,2019-12-02 20:32:42.033959,2019-12-02 20:33:07.624876,,,,Onsite,7,41,47,0 days 00:00:45.000000000,0 days 00:17:22.624876000
19,2019-12-02 21:27:00.000000,2019-12-02 21:27:45.000000,2019-12-02 21:49:05.787414,2019-12-02 21:49:11.918363,,,,Onsite,7,41,47,0 days 00:00:45.000000000,0 days 00:21:26.918363000
0,2019-12-02 01:11:00.000000,2019-12-02 00:00:45.000000,2019-12-02 00:15:05.811632,2019-12-02 00:15:16.391521,,,,Onsite,8,41,47,-1 days +22:49:45.000000000,0 days 00:14:31.391521000
1,2019-12-02 01:02:00.000000,2019-12-02 01:02:55.000000,2019-12-02 01:15:58.176989,2019-12-02 01:16:53.176989,2019-12-02 01:49:13.994139,2019-12-02 01:50:08.994139,2019-12-02 02:02:55.069821,Replace,8,41,47,0 days 00:00:55.000000000,0 days 00:13:58.176989000
2,2019-12-02 02:15:00.000000,2019-12-02 02:15:45.000000,2019-12-02 02:32:36.378620,2019-12-02 02:32:45.921485,,,,Onsite,8,41,47,0 days 00:00:45.000000000,0 days 00:17:00.921485000
3,2019-12-02 03:16:00.000000,2019-12-02 03:16:45.000000,2019-12-02 03:32:32.198956,2019-12-02 03:33:17.198956,2019-12-02 04:21:19.494412,2019-12-02 04:22:04.494412,2019-12-02 04:42:21.988040,Replace,8,41,47,0 days 00:00:45.000000000,0 days 00:16:32.198956000
4,2019-12-02 04:24:00.000000,2019-12-02 04:24:25.000000,2019-12-02 04:41:43.434340,2019-12-02 04:42:02.488312,,,,Onsite,8,41,47,0 days 00:00:25.000000000,0 days 00:17:37.488312000
5,2019-12-02 05:54:00.000000,2019-12-02 05:54:45.000000,2019-12-02 06:10:16.672486,2019-12-02 06:11:01.672486,2019-12-02 06:53:16.416561,2019-12-02 06:54:01.416561,2019-12-02 07:07:42.363266,Replace,8,41,47,0 days 00:00:45.000000000,0 days 00:16:16.672486000
6,2019-12-02 07:11:00.000000,2019-12-02 07:11:50.000000,2019-12-02 07:24:47.303487,2019-12-02 07:25:37.303487,2019-12-02 08:04:14.478848,2019-12-02 08:05:04.478848,2019-12-02 08:24:13.399872,Replace,8,41,47,0 days 00:00:50.000000000,0 days 00:13:47.303487000
7,2019-12-02 08:10:00.000000,2019-12-02 08:10:25.000000,2019-12-02 08:22:55.599427,2019-12-02 08:23:20.599427,2019-12-02 09:14:31.011141,2019-12-02 09:14:56.011141,2019-12-02 09:35:26.044902,Replace,8,41,47,0 days 00:00:25.000000000,0 days 00:12:55.599427000
8,2019-12-02 10:47:00.000000,2019-12-02 10:47:45.000000,2019-12-02 11:02:21.988157,2019-12-02 11:02:45.286843,,,,Onsite,8,41,47,0 days 00:00:45.000000000,0 days 00:15:00.286843000
9,2019-12-02 09:36:00.000000,2019-12-02 09:36:55.000000,2019-12-02 09:53:35.964897,2019-12-02 09:54:30.964897,2019-12-02 10:25:27.358241,2019-12-02 10:26:22.358241,2019-12-02 10:47:00.795591,Replace,8,41,47,0 days 00:00:55.000000000,0 days 00:17:35.964897000
10,2019-12-02 11:50:00.000000,2019-12-02 11:50:30.000000,2019-12-02 12:12:21.070117,2019-12-02 12:12:32.021443,,,,Onsite,8,41,47,0 days 00:00:30.000000000,0 days 00:22:02.021443000
11,2019-12-02 13:08:00.000000,2019-12-02 13:08:45.000000,2019-12-02 13:28:28.196943,2019-12-02 13:29:13.196943,2019-12-02 14:03:25.521884,2019-12-02 14:04:10.521884,2019-12-02 14:20:39.124905,Replace,8,41,47,0 days 00:00:45.000000000,0 days 00:20:28.196943000
12,2019-12-02 14:14:00.000000,2019-12-02 14:14:30.000000,2019-12-02 14:26:30.901182,2019-12-02 14:27:00.901182,2019-12-02 15:04:54.559329,2019-12-02 15:05:24.559329,2019-12-02 15:24:48.684465,Replace,8,41,47,0 days 00:00:30.000000000,0 days 00:12:30.901182000
13,2019-12-02 15:29:00.000000,2019-12-02 15:29:45.000000,2019-12-02 15:46:33.901448,2019-12-02 15:47:18.901448,2019-12-02 16:24:18.475124,2019-12-02 16:25:03.475124,2019-12-02 16:42:27.915992,Replace,8,41,47,0 days 00:00:45.000000000,0 days 00:17:33.901448000
14,2019-12-02 16:35:00.000000,2019-12-02 16:35:35.000000,2019-12-02 16:55:59.926449,2019-12-02 16:56:16.134654,,,,Onsite,8,41,47,0 days 00:00:35.000000000,0 days 00:20:41.134654000
15,2019-12-02 17:39:00.000000,2019-12-02 17:39:50.000000,2019-12-02 17:58:06.451500,2019-12-02 17:58:56.451500,2019-12-02 18:38:43.322770,2019-12-02 18:39:33.322770,2019-12-02 18:58:32.268894,Replace,8,41,47,0 days 00:00:50.000000000,0 days 00:19:06.451500000
16,2019-12-02 18:41:00.000000,2019-12-02 18:41:25.000000,2019-12-02 18:58:17.514209,2019-12-02 18:58:21.618820,,,,Onsite,8,41,47,0 days 00:00:25.000000000,0 days 00:16:56.618820000
17,2019-12-02 20:03:00.000000,2019-12-02 20:03:35.000000,2019-12-02 20:17:05.685129,2019-12-02 20:17:40.685129,2019-12-02 20:51:25.902047,2019-12-02 20:52:00.902047,2019-12-02 21:07:29.572421,Replace,8,41,47,0 days 00:00:35.000000000,0 days 00:14:05.685129000
18,2019-12-02 21:10:00.000000,2019-12-02 21:10:35.000000,2019-12-02 21:30:02.752401,2019-12-02 21:30:15.608525,,,,Onsite,8,41,47,0 days 00:00:35.000000000,0 days 00:19:40.608525000
0,2019-12-02 01:11:00.000000,2019-12-02 00:00:25.000000,2019-12-02 00:14:21.835874,2019-12-02 00:14:46.835874,2019-12-02 01:10:33.167308,2019-12-02 01:10:58.167308,2019-12-02 01:26:45.632291,Replace,9,41,47,-1 days +22:49:25.000000000,0 days 00:14:21.835874000
1,2019-12-02 01:15:00.000000,2019-12-02 01:15:55.000000,2019-12-02 01:32:30.325302,2019-12-02 01:33:25.325302,2019-12-02 01:58:53.050178,2019-12-02 01:59:48.050178,2019-12-02 02:16:02.539147,Replace,9,41,47,0 days 00:00:55.000000000,0 days 00:17:30.325302000
2,2019-12-02 02:29:00.000000,2019-12-02 02:29:35.000000,2019-12-02 02:45:28.165939,2019-12-02 02:46:03.165939,2019-12-02 03:27:23.621559,2019-12-02 03:27:58.621559,2019-12-02 03:48:29.152285,Replace,9,41,47,0 days 00:00:35.000000000,0 days 00:16:28.165939000
3,2019-12-02 03:45:00.000000,2019-12-02 03:45:45.000000,2019-12-02 04:03:03.854704,2019-12-02 04:03:48.854704,2019-12-02 04:33:55.649605,2019-12-02 04:34:40.649605,2019-12-02 04:46:12.812176,Replace,9,41,47,0 days 00:00:45.000000000,0 days 00:18:03.854704000
4,2019-12-02 04:44:00.000000,2019-12-02 04:44:30.000000,2019-12-02 04:59:16.583282,2019-12-02 04:59:30.528540,,,,Onsite,9,41,47,0 days 00:00:30.000000000,0 days 00:15:00.528540000
5,2019-12-02 05:52:00.000000,2019-12-02 05:52:35.000000,2019-12-02 06:07:59.677774,2019-12-02 06:08:34.677774,2019-12-02 06:46:05.165818,2019-12-02 06:46:40.165818,2019-12-02 06:58:37.891088,Replace,9,41,47,0 days 00:00:35.000000000,0 days 00:15:59.677774000
6,2019-12-02 06:50:00.000000,2019-12-02 06:50:35.000000,2019-12-02 07:01:54.686677,2019-12-02 07:02:29.686677,2019-12-02 07:53:13.085837,2019-12-02 07:53:48.085837,2019-12-02 08:15:44.679698,Replace,9,41,47,0 days 00:00:35.000000000,0 days 00:11:54.686677000
7,2019-12-02 07:52:00.000000,2019-12-02 07:52:50.000000,2019-12-02 08:10:23.997164,2019-12-02 08:10:38.743288,,,,Onsite,9,41,47,0 days 00:00:50.000000000,0 days 00:17:48.743288000
8,2019-12-02 08:52:00.000000,2019-12-02 08:52:55.000000,2019-12-02 09:08:17.754722,2019-12-02 09:08:34.305522,,,,Onsite,9,41,47,0 days 00:00:55.000000000,0 days 00:15:39.305522000
9,2019-12-02 10:05:00.000000,2019-12-02 10:05:25.000000,2019-12-02 10:22:04.144822,2019-12-02 10:22:19.166382,,,,Onsite,9,41,47,0 days 00:00:25.000000000,0 days 00:16:54.166382000
10,2019-12-02 11:12:00.000000,2019-12-02 11:12:30.000000,2019-12-02 11:26:16.196895,2019-12-02 11:26:46.196895,2019-12-02 12:03:29.671734,2019-12-02 12:03:59.671734,2019-12-02 12:15:43.124496,Replace,9,41,47,0 days 00:00:30.000000000,0 days 00:14:16.196895000
11,2019-12-02 12:28:00.000000,2019-12-02 12:28:45.000000,2019-12-02 12:48:13.835790,2019-12-02 12:48:58.835790,2019-12-02 13:40:42.509398,2019-12-02 13:41:27.509398,2019-12-02 14:00:14.207524,Replace,9,41,47,0 days 00:00:45.000000000,0 days 00:20:13.835790000
12,2019-12-02 13:25:00.000000,2019-12-02 13:25:45.000000,2019-12-02 13:44:04.833525,2019-12-02 13:44:30.140927,,,,Onsite,9,41,47,0 days 00:00:45.000000000,0 days 00:18:45.140927000
13,2019-12-02 14:41:00.000000,2019-12-02 14:41:45.000000,2019-12-02 14:54:24.577987,2019-12-02 14:54:43.763021,,,,Onsite,9,41,47,0 days 00:00:45.000000000,0 days 00:12:58.763021000
14,2019-12-02 15:35:00.000000,2019-12-02 15:35:25.000000,2019-12-02 15:55:24.540881,2019-12-02 15:55:47.340443,,,,Onsite,9,41,47,0 days 00:00:25.000000000,0 days 00:20:22.340443000
15,2019-12-02 16:50:00.000000,2019-12-02 16:50:45.000000,2019-12-02 17:07:46.697773,2019-12-02 17:08:07.608094,,,,Onsite,9,41,47,0 days 00:00:45.000000000,0 days 00:17:22.608094000
16,2019-12-02 17:55:00.000000,2019-12-02 17:55:55.000000,2019-12-02 18:08:26.272444,2019-12-02 18:09:21.272444,2019-12-02 18:31:33.679490,2019-12-02 18:32:28.679490,2019-12-02 18:45:16.534323,Replace,9,41,47,0 days 00:00:55.000000000,0 days 00:13:26.272444000
17,2019-12-02 19:07:00.000000,2019-12-02 19:07:45.000000,2019-12-02 19:19:42.964433,2019-12-02 19:20:27.964433,2019-12-02 20:09:18.502051,2019-12-02 20:10:03.502051,2019-12-02 20:21:22.464182,Replace,9,41,47,0 days 00:00:45.000000000,0 days 00:12:42.964433000
18,2019-12-02 20:23:00.000000,2019-12-02 20:23:45.000000,2019-12-02 20:37:44.216028,2019-12-02 20:38:02.534680,,,,Onsite,9,41,47,0 days 00:00:45.000000000,0 days 00:14:17.534680000
19,2019-12-02 22:24:00.000000,2019-12-02 22:24:25.000000,2019-12-02 22:36:01.786593,2019-12-02 22:36:18.491338,,,,Onsite,9,41,47,0 days 00:00:25.000000000,0 days 00:11:53.491338000
20,2019-12-02 21:27:00.000000,2019-12-02 21:27:30.000000,2019-12-02 21:46:08.345534,2019-12-02 21:46:38.345534,2019-12-02 22:24:22.885091,2019-12-02 22:24:52.885091,2019-12-02 22:47:55.445845,Replace,9,41,47,0 days 00:00:30.000000000,0 days 00:19:08.345534000
0,2019-12-02 01:17:00.000000,2019-12-02 00:00:45.000000,2019-12-02 00:19:08.189602,2019-12-02 00:19:27.320434,,,,Onsite,1,41,48,-1 days +22:43:45.000000000,0 days 00:18:42.320434000
1,2019-12-02 01:10:00.000000,2019-12-02 01:10:55.000000,2019-12-02 01:25:23.041783,2019-12-02 01:26:18.041783,2019-12-02 01:58:38.965386,2019-12-02 01:59:33.965386,2019-12-02 02:15:58.533818,Replace,1,41,48,0 days 00:00:55.000000000,0 days 00:15:23.041783000
2,2019-12-02 02:12:00.000000,2019-12-02 02:12:35.000000,2019-12-02 02:30:45.482824,2019-12-02 02:31:20.482824,2019-12-02 03:19:48.010372,2019-12-02 03:20:23.010372,2019-12-02 03:33:17.773453,Replace,1,41,48,0 days 00:00:35.000000000,0 days 00:18:45.482824000
3,2019-12-02 03:27:00.000000,2019-12-02 03:27:35.000000,2019-12-02 03:40:48.190333,2019-12-02 03:41:23.190333,2019-12-02 04:22:18.633585,2019-12-02 04:22:53.633585,2019-12-02 04:41:56.541064,Replace,1,41,48,0 days 00:00:35.000000000,0 days 00:13:48.190333000
4,2019-12-02 04:53:00.000000,2019-12-02 04:53:45.000000,2019-12-02 05:09:05.523339,2019-12-02 05:09:13.207839,,,,Onsite,1,41,48,0 days 00:00:45.000000000,0 days 00:15:28.207839000
5,2019-12-02 06:09:00.000000,2019-12-02 06:09:35.000000,2019-12-02 06:22:48.585986,2019-12-02 06:22:57.405524,,,,Onsite,1,41,48,0 days 00:00:35.000000000,0 days 00:13:22.405524000
6,2019-12-02 07:18:00.000000,2019-12-02 07:18:45.000000,2019-12-02 07:29:47.803389,2019-12-02 07:30:13.177968,,,,Onsite,1,41,48,0 days 00:00:45.000000000,0 days 00:11:28.177968000
7,2019-12-02 08:25:00.000000,2019-12-02 08:25:45.000000,2019-12-02 08:39:41.962469,2019-12-02 08:40:00.005261,,,,Onsite,1,41,48,0 days 00:00:45.000000000,0 days 00:14:15.005261000
8,2019-12-02 09:25:00.000000,2019-12-02 09:25:45.000000,2019-12-02 09:39:28.101161,2019-12-02 09:39:46.270559,,,,Onsite,1,41,48,0 days 00:00:45.000000000,0 days 00:14:01.270559000
9,2019-12-02 10:31:00.000000,2019-12-02 10:31:45.000000,2019-12-02 10:50:25.262050,2019-12-02 10:50:48.355190,,,,Onsite,1,41,48,0 days 00:00:45.000000000,0 days 00:19:03.355190000
10,2019-12-02 11:40:00.000000,2019-12-02 11:40:55.000000,2019-12-02 11:52:28.944310,2019-12-02 11:52:39.393979,,,,Onsite,1,41,48,0 days 00:00:55.000000000,0 days 00:11:44.393979000
11,2019-12-02 12:58:00.000000,2019-12-02 12:58:45.000000,2019-12-02 13:10:14.555717,2019-12-02 13:10:59.555717,2019-12-02 13:55:42.957720,2019-12-02 13:56:27.957720,2019-12-02 14:16:18.546231,Replace,1,41,48,0 days 00:00:45.000000000,0 days 00:12:14.555717000
12,2019-12-02 14:13:00.000000,2019-12-02 14:13:55.000000,2019-12-02 14:30:15.553740,2019-12-02 14:30:39.348829,,,,Onsite,1,41,48,0 days 00:00:55.000000000,0 days 00:16:44.348829000
13,2019-12-02 15:20:00.000000,2019-12-02 15:20:50.000000,2019-12-02 15:33:42.160549,2019-12-02 15:34:32.160549,2019-12-02 16:04:59.135658,2019-12-02 16:05:49.135658,2019-12-02 16:25:32.652149,Replace,1,41,48,0 days 00:00:50.000000000,0 days 00:13:42.160549000
14,2019-12-02 16:28:00.000000,2019-12-02 16:28:35.000000,2019-12-02 16:46:04.767348,2019-12-02 16:46:39.767348,2019-12-02 17:31:21.371078,2019-12-02 17:31:56.371078,2019-12-02 17:46:51.602661,Replace,1,41,48,0 days 00:00:35.000000000,0 days 00:18:04.767348000
15,2019-12-02 17:41:00.000000,2019-12-02 17:41:30.000000,2019-12-02 17:55:43.991388,2019-12-02 17:56:13.991388,2019-12-02 18:24:30.926041,2019-12-02 18:25:00.926041,2019-12-02 18:45:03.141805,Replace,1,41,48,0 days 00:00:30.000000000,0 days 00:14:43.991388000
16,2019-12-02 18:54:00.000000,2019-12-02 18:54:30.000000,2019-12-02 19:05:46.473510,2019-12-02 19:06:00.373265,,,,Onsite,1,41,48,0 days 00:00:30.000000000,0 days 00:11:30.373265000
17,2019-12-02 20:13:00.000000,2019-12-02 20:13:30.000000,2019-12-02 20:29:17.104226,2019-12-02 20:29:42.008614,,,,Onsite,1,41,48,0 days 00:00:30.000000000,0 days 00:16:12.008614000
18,2019-12-02 21:09:00.000000,2019-12-02 21:09:35.000000,2019-12-02 21:23:44.324463,2019-12-02 21:23:49.634292,,,,Onsite,1,41,48,0 days 00:00:35.000000000,0 days 00:14:14.634292000
0,2019-12-02 00:59:00.000000,2019-12-02 00:00:35.000000,2019-12-02 00:16:09.781912,2019-12-02 00:16:23.569435,,,,Onsite,2,41,48,-1 days +23:01:35.000000000,0 days 00:15:48.569435000
1,2019-12-02 00:55:00.000000,2019-12-02 00:55:30.000000,2019-12-02 01:10:48.811454,2019-12-02 01:11:18.811454,2019-12-02 01:56:03.192410,2019-12-02 01:56:33.192410,2019-12-02 02:14:31.669013,Replace,2,41,48,0 days 00:00:30.000000000,0 days 00:15:48.811454000
2,2019-12-02 02:03:00.000000,2019-12-02 02:03:35.000000,2019-12-02 02:18:51.916467,2019-12-02 02:19:26.916467,2019-12-02 03:05:22.399971,2019-12-02 03:05:57.399971,2019-12-02 03:19:27.964119,Replace,2,41,48,0 days 00:00:35.000000000,0 days 00:15:51.916467000
3,2019-12-02 03:03:00.000000,2019-12-02 03:03:50.000000,2019-12-02 03:20:52.317903,2019-12-02 03:21:42.317903,2019-12-02 03:55:34.650408,2019-12-02 03:56:24.650408,2019-12-02 04:10:57.092859,Replace,2,41,48,0 days 00:00:50.000000000,0 days 00:17:52.317903000
4,2019-12-02 04:02:00.000000,2019-12-02 04:02:35.000000,2019-12-02 04:19:56.022002,2019-12-02 04:20:10.527425,,,,Onsite,2,41,48,0 days 00:00:35.000000000,0 days 00:17:35.527425000
5,2019-12-02 05:17:00.000000,2019-12-02 05:17:30.000000,2019-12-02 05:31:38.798076,2019-12-02 05:32:08.798076,2019-12-02 06:12:26.231205,2019-12-02 06:12:56.231205,2019-12-02 06:34:19.364209,Replace,2,41,48,0 days 00:00:30.000000000,0 days 00:14:38.798076000
6,2019-12-02 06:03:00.000000,2019-12-02 06:03:45.000000,2019-12-02 06:24:33.303923,2019-12-02 06:25:08.181712,,,,Onsite,2,41,48,0 days 00:00:45.000000000,0 days 00:21:23.181712000
7,2019-12-02 07:17:00.000000,2019-12-02 07:17:35.000000,2019-12-02 07:35:05.141470,2019-12-02 07:35:12.876541,,,,Onsite,2,41,48,0 days 00:00:35.000000000,0 days 00:17:37.876541000
8,2019-12-02 08:22:00.000000,2019-12-02 08:22:35.000000,2019-12-02 08:40:37.386919,2019-12-02 08:41:12.386919,2019-12-02 09:12:25.068625,2019-12-02 09:13:00.068625,2019-12-02 09:27:56.973131,Replace,2,41,48,0 days 00:00:35.000000000,0 days 00:18:37.386919000
9,2019-12-02 09:36:00.000000,2019-12-02 09:36:45.000000,2019-12-02 09:52:19.906482,2019-12-02 09:52:31.872927,,,,Onsite,2,41,48,0 days 00:00:45.000000000,0 days 00:15:46.872927000
10,2019-12-02 10:46:00.000000,2019-12-02 10:46:45.000000,2019-12-02 11:00:31.102900,2019-12-02 11:00:39.336857,,,,Onsite,2,41,48,0 days 00:00:45.000000000,0 days 00:13:54.336857000
11,2019-12-02 11:57:00.000000,2019-12-02 11:57:30.000000,2019-12-02 12:17:13.037458,2019-12-02 12:17:43.037458,2019-12-02 12:55:45.727614,2019-12-02 12:56:15.727614,2019-12-02 13:15:48.539856,Replace,2,41,48,0 days 00:00:30.000000000,0 days 00:20:13.037458000
12,2019-12-02 13:01:00.000000,2019-12-02 13:01:30.000000,2019-12-02 13:24:23.215512,2019-12-02 13:24:31.344742,,,,Onsite,2,41,48,0 days 00:00:30.000000000,0 days 00:23:01.344742000
13,2019-12-02 14:15:00.000000,2019-12-02 14:15:50.000000,2019-12-02 14:31:31.822944,2019-12-02 14:31:37.009251,,,,Onsite,2,41,48,0 days 00:00:50.000000000,0 days 00:15:47.009251000
14,2019-12-02 15:22:00.000000,2019-12-02 15:22:25.000000,2019-12-02 15:38:02.580676,2019-12-02 15:38:27.580676,2019-12-02 16:16:50.817790,2019-12-02 16:17:15.817790,2019-12-02 16:34:00.718460,Replace,2,41,48,0 days 00:00:25.000000000,0 days 00:16:02.580676000
15,2019-12-02 16:20:00.000000,2019-12-02 16:20:45.000000,2019-12-02 16:31:46.793073,2019-12-02 16:32:31.793073,2019-12-02 17:10:16.456699,2019-12-02 17:11:01.456699,2019-12-02 17:22:40.452835,Replace,2,41,48,0 days 00:00:45.000000000,0 days 00:11:46.793073000
16,2019-12-02 17:34:00.000000,2019-12-02 17:34:50.000000,2019-12-02 17:52:05.338069,2019-12-02 17:52:31.942618,,,,Onsite,2,41,48,0 days 00:00:50.000000000,0 days 00:17:41.942618000
17,2019-12-02 18:40:00.000000,2019-12-02 18:40:25.000000,2019-12-02 18:58:48.606340,2019-12-02 18:58:58.287539,,,,Onsite,2,41,48,0 days 00:00:25.000000000,0 days 00:18:33.287539000
18,2019-12-02 19:33:00.000000,2019-12-02 19:33:45.000000,2019-12-02 19:52:45.986030,2019-12-02 19:53:30.986030,2019-12-02 20:50:17.063504,2019-12-02 20:51:02.063504,2019-12-02 21:15:27.953372,Replace,2,41,48,0 days 00:00:45.000000000,0 days 00:19:45.986030000
19,2019-12-02 20:35:00.000000,2019-12-02 20:35:30.000000,2019-12-02 20:52:46.797667,2019-12-02 20:53:16.797667,2019-12-02 21:47:05.450458,2019-12-02 21:47:35.450458,2019-12-02 22:04:07.169706,Replace,2,41,48,0 days 00:00:30.000000000,0 days 00:17:46.797667000
20,2019-12-02 21:36:00.000000,2019-12-02 21:36:35.000000,2019-12-02 21:53:14.195841,2019-12-02 21:53:44.478661,,,,Onsite,2,41,48,0 days 00:00:35.000000000,0 days 00:17:09.478661000
0,2019-12-02 01:01:00.000000,2019-12-02 00:00:35.000000,2019-12-02 00:16:20.255917,2019-12-02 00:16:55.255917,2019-12-02 00:42:04.453778,2019-12-02 00:42:39.453778,2019-12-02 01:01:47.369277,Replace,3,41,48,-1 days +22:59:35.000000000,0 days 00:16:20.255917000
1,2019-12-02 01:10:00.000000,2019-12-02 01:10:55.000000,2019-12-02 01:22:01.629550,2019-12-02 01:22:56.629550,2019-12-02 01:55:50.658665,2019-12-02 01:56:45.658665,2019-12-02 02:14:30.482777,Replace,3,41,48,0 days 00:00:55.000000000,0 days 00:12:01.629550000
2,2019-12-02 02:00:00.000000,2019-12-02 02:00:55.000000,2019-12-02 02:18:10.868792,2019-12-02 02:19:05.868792,2019-12-02 02:54:54.226361,2019-12-02 02:55:49.226361,2019-12-02 03:14:33.263976,Replace,3,41,48,0 days 00:00:55.000000000,0 days 00:18:10.868792000
3,2019-12-02 03:21:00.000000,2019-12-02 03:21:45.000000,2019-12-02 03:36:30.160915,2019-12-02 03:36:42.225649,,,,Onsite,3,41,48,0 days 00:00:45.000000000,0 days 00:14:57.225649000
4,2019-12-02 05:30:00.000000,2019-12-02 05:30:30.000000,2019-12-02 05:51:38.342178,2019-12-02 05:52:08.342178,2019-12-02 06:20:57.807090,2019-12-02 06:21:27.807090,2019-12-02 06:37:41.150932,Replace,3,41,48,0 days 00:00:30.000000000,0 days 00:21:38.342178000
5,2019-12-02 04:18:00.000000,2019-12-02 04:18:55.000000,2019-12-02 04:38:10.765171,2019-12-02 04:39:05.765171,2019-12-02 05:14:19.334687,2019-12-02 05:15:14.334687,2019-12-02 05:30:18.615971,Replace,3,41,48,0 days 00:00:55.000000000,0 days 00:20:10.765171000
6,2019-12-02 06:47:00.000000,2019-12-02 06:47:45.000000,2019-12-02 07:09:08.870362,2019-12-02 07:09:53.870362,2019-12-02 07:40:39.629019,2019-12-02 07:41:24.629019,2019-12-02 08:02:53.647573,Replace,3,41,48,0 days 00:00:45.000000000,0 days 00:22:08.870362000
7,2019-12-02 08:12:00.000000,2019-12-02 08:12:25.000000,2019-12-02 08:26:17.026080,2019-12-02 08:26:42.026080,2019-12-02 08:52:50.740855,2019-12-02 08:53:15.740855,2019-12-02 09:15:53.846269,Replace,3,41,48,0 days 00:00:25.000000000,0 days 00:14:17.026080000
8,2019-12-02 09:21:00.000000,2019-12-02 09:21:55.000000,2019-12-02 09:40:20.466731,2019-12-02 09:41:15.466731,2019-12-02 10:19:24.318971,2019-12-02 10:20:19.318971,2019-12-02 10:34:11.826747,Replace,3,41,48,0 days 00:00:55.000000000,0 days 00:19:20.466731000
9,2019-12-02 10:23:00.000000,2019-12-02 10:23:55.000000,2019-12-02 10:44:52.905862,2019-12-02 10:45:47.905862,2019-12-02 11:28:22.084821,2019-12-02 11:29:17.084821,2019-12-02 11:45:54.597974,Replace,3,41,48,0 days 00:00:55.000000000,0 days 00:21:52.905862000
10,2019-12-02 11:24:00.000000,2019-12-02 11:24:35.000000,2019-12-02 11:41:49.515767,2019-12-02 11:42:03.239938,,,,Onsite,3,41,48,0 days 00:00:35.000000000,0 days 00:17:28.239938000
11,2019-12-02 12:33:00.000000,2019-12-02 12:33:30.000000,2019-12-02 12:49:32.521386,2019-12-02 12:50:02.521386,2019-12-02 13:25:01.994533,2019-12-02 13:25:31.994533,2019-12-02 13:45:26.768283,Replace,3,41,48,0 days 00:00:30.000000000,0 days 00:16:32.521386000
12,2019-12-02 13:44:00.000000,2019-12-02 13:44:45.000000,2019-12-02 13:58:28.742342,2019-12-02 13:58:41.408861,,,,Onsite,3,41,48,0 days 00:00:45.000000000,0 days 00:13:56.408861000
13,2019-12-02 14:43:00.000000,2019-12-02 14:43:35.000000,2019-12-02 15:01:07.491904,2019-12-02 15:01:18.061886,,,,Onsite,3,41,48,0 days 00:00:35.000000000,0 days 00:17:43.061886000
14,2019-12-02 15:47:00.000000,2019-12-02 15:47:35.000000,2019-12-02 16:04:06.599925,2019-12-02 16:04:27.566761,,,,Onsite,3,41,48,0 days 00:00:35.000000000,0 days 00:16:52.566761000
15,2019-12-02 17:08:00.000000,2019-12-02 17:08:35.000000,2019-12-02 17:23:50.644919,2019-12-02 17:24:25.644919,2019-12-02 17:50:48.151627,2019-12-02 17:51:23.151627,2019-12-02 18:04:58.636120,Replace,3,41,48,0 days 00:00:35.000000000,0 days 00:15:50.644919000
16,2019-12-02 19:16:00.000000,2019-12-02 19:16:55.000000,2019-12-02 19:30:23.579770,2019-12-02 19:30:28.300612,,,,Onsite,3,41,48,0 days 00:00:55.000000000,0 days 00:13:33.300612000
17,2019-12-02 18:07:00.000000,2019-12-02 18:07:45.000000,2019-12-02 18:31:24.172038,2019-12-02 18:32:09.172038,2019-12-02 19:15:59.753705,2019-12-02 19:16:44.753705,2019-12-02 19:31:19.042360,Replace,3,41,48,0 days 00:00:45.000000000,0 days 00:24:24.172038000
18,2019-12-02 20:21:00.000000,2019-12-02 20:21:45.000000,2019-12-02 20:41:55.145913,2019-12-02 20:42:11.539088,,,,Onsite,3,41,48,0 days 00:00:45.000000000,0 days 00:20:26.539088000
19,2019-12-02 21:41:00.000000,2019-12-02 21:41:30.000000,2019-12-02 21:58:17.333073,2019-12-02 21:58:47.333073,2019-12-02 22:33:50.682052,2019-12-02 22:34:20.682052,2019-12-02 22:51:32.429066,Replace,3,41,48,0 days 00:00:30.000000000,0 days 00:17:17.333073000
0,2019-12-02 01:28:00.000000,2019-12-02 00:00:35.000000,2019-12-02 00:22:17.745623,2019-12-02 00:22:52.745623,2019-12-02 00:58:42.385539,2019-12-02 00:59:17.385539,2019-12-02 01:09:55.826738,Replace,4,41,48,-1 days +22:32:35.000000000,0 days 00:22:17.745623000
1,2019-12-02 01:06:00.000000,2019-12-02 01:06:50.000000,2019-12-02 01:18:01.766443,2019-12-02 01:18:51.766443,2019-12-02 01:55:21.391631,2019-12-02 01:56:11.391631,2019-12-02 02:12:17.996183,Replace,4,41,48,0 days 00:00:50.000000000,0 days 00:12:01.766443000
2,2019-12-02 02:10:00.000000,2019-12-02 02:10:25.000000,2019-12-02 02:29:20.179059,2019-12-02 02:29:40.141430,,,,Onsite,4,41,48,0 days 00:00:25.000000000,0 days 00:19:15.141430000
3,2019-12-02 03:16:00.000000,2019-12-02 03:16:30.000000,2019-12-02 03:28:25.578792,2019-12-02 03:28:55.578792,2019-12-02 04:07:23.027269,2019-12-02 04:07:53.027269,2019-12-02 04:24:45.208667,Replace,4,41,48,0 days 00:00:30.000000000,0 days 00:12:25.578792000
4,2019-12-02 04:19:00.000000,2019-12-02 04:19:25.000000,2019-12-02 04:32:10.149868,2019-12-02 04:32:18.999262,,,,Onsite,4,41,48,0 days 00:00:25.000000000,0 days 00:12:53.999262000
5,2019-12-02 05:29:00.000000,2019-12-02 05:29:35.000000,2019-12-02 05:46:36.716864,2019-12-02 05:47:01.127502,,,,Onsite,4,41,48,0 days 00:00:35.000000000,0 days 00:17:26.127502000
6,2019-12-02 06:27:00.000000,2019-12-02 06:27:25.000000,2019-12-02 06:43:54.641489,2019-12-02 06:44:08.308638,,,,Onsite,4,41,48,0 days 00:00:25.000000000,0 days 00:16:43.308638000
7,2019-12-02 07:33:00.000000,2019-12-02 07:33:35.000000,2019-12-02 07:49:20.135711,2019-12-02 07:49:29.691853,,,,Onsite,4,41,48,0 days 00:00:35.000000000,0 days 00:15:54.691853000
8,2019-12-02 08:35:00.000000,2019-12-02 08:35:45.000000,2019-12-02 08:55:12.638803,2019-12-02 08:55:28.786082,,,,Onsite,4,41,48,0 days 00:00:45.000000000,0 days 00:19:43.786082000
9,2019-12-02 09:37:00.000000,2019-12-02 09:37:35.000000,2019-12-02 09:57:25.496160,2019-12-02 09:57:53.795472,,,,Onsite,4,41,48,0 days 00:00:35.000000000,0 days 00:20:18.795472000
10,2019-12-02 10:42:00.000000,2019-12-02 10:42:30.000000,2019-12-02 11:02:44.494584,2019-12-02 11:03:06.661463,,,,Onsite,4,41,48,0 days 00:00:30.000000000,0 days 00:20:36.661463000
11,2019-12-02 11:46:00.000000,2019-12-02 11:46:50.000000,2019-12-02 12:00:55.368613,2019-12-02 12:01:45.368613,2019-12-02 12:46:59.242052,2019-12-02 12:47:49.242052,2019-12-02 13:02:49.487038,Replace,4,41,48,0 days 00:00:50.000000000,0 days 00:14:55.368613000
12,2019-12-02 12:48:00.000000,2019-12-02 12:48:25.000000,2019-12-02 13:02:10.938985,2019-12-02 13:02:35.938985,2019-12-02 13:30:49.295623,2019-12-02 13:31:14.295623,2019-12-02 13:44:25.801999,Replace,4,41,48,0 days 00:00:25.000000000,0 days 00:14:10.938985000
13,2019-12-02 14:08:00.000000,2019-12-02 14:08:55.000000,2019-12-02 14:19:57.302468,2019-12-02 14:20:52.302468,2019-12-02 14:57:21.471334,2019-12-02 14:58:16.471334,2019-12-02 15:16:58.810957,Replace,4,41,48,0 days 00:00:55.000000000,0 days 00:11:57.302468000
14,2019-12-02 15:15:00.000000,2019-12-02 15:15:35.000000,2019-12-02 15:31:53.964220,2019-12-02 15:32:18.318581,,,,Onsite,4,41,48,0 days 00:00:35.000000000,0 days 00:16:43.318581000
15,2019-12-02 16:01:00.000000,2019-12-02 16:01:55.000000,2019-12-02 16:16:55.042904,2019-12-02 16:17:09.810609,,,,Onsite,4,41,48,0 days 00:00:55.000000000,0 days 00:15:14.810609000
16,2019-12-02 16:56:00.000000,2019-12-02 16:56:25.000000,2019-12-02 17:12:26.870679,2019-12-02 17:12:50.183061,,,,Onsite,4,41,48,0 days 00:00:25.000000000,0 days 00:16:25.183061000
17,2019-12-02 17:59:00.000000,2019-12-02 17:59:45.000000,2019-12-02 18:17:30.625941,2019-12-02 18:17:34.429278,,,,Onsite,4,41,48,0 days 00:00:45.000000000,0 days 00:17:49.429278000
18,2019-12-02 19:17:00.000000,2019-12-02 19:17:55.000000,2019-12-02 19:28:58.168372,2019-12-02 19:29:53.168372,2019-12-02 19:56:50.670867,2019-12-02 19:57:45.670867,2019-12-02 20:14:10.762082,Replace,4,41,48,0 days 00:00:55.000000000,0 days 00:11:58.168372000
19,2019-12-02 20:16:00.000000,2019-12-02 20:16:55.000000,2019-12-02 20:31:48.852690,2019-12-02 20:32:43.852690,2019-12-02 21:05:45.493943,2019-12-02 21:06:40.493943,2019-12-02 21:24:00.316216,Replace,4,41,48,0 days 00:00:55.000000000,0 days 00:15:48.852690000
20,2019-12-02 21:24:00.000000,2019-12-02 21:24:45.000000,2019-12-02 21:40:12.672040,2019-12-02 21:40:57.672040,2019-12-02 22:27:45.627659,2019-12-02 22:28:30.627659,2019-12-02 22:42:17.861869,Replace,4,41,48,0 days 00:00:45.000000000,0 days 00:16:12.672040000
21,2019-12-02 22:38:00.000000,2019-12-02 22:38:45.000000,2019-12-02 22:51:09.710322,2019-12-02 22:51:30.988356,,,,Onsite,4,41,48,0 days 00:00:45.000000000,0 days 00:12:45.988356000
0,2019-12-02 01:17:00.000000,2019-12-02 00:00:30.000000,2019-12-02 00:18:55.954216,2019-12-02 00:19:25.954216,2019-12-02 00:44:04.980275,2019-12-02 00:44:34.980275,2019-12-02 00:57:58.376200,Replace,5,41,48,-1 days +22:43:30.000000000,0 days 00:18:55.954216000
1,2019-12-02 01:17:00.000000,2019-12-02 01:17:30.000000,2019-12-02 01:34:04.742169,2019-12-02 01:34:34.742169,2019-12-02 02:07:35.836838,2019-12-02 02:08:05.836838,2019-12-02 02:22:50.409388,Replace,5,41,48,0 days 00:00:30.000000000,0 days 00:17:04.742169000
2,2019-12-02 02:22:00.000000,2019-12-02 02:22:25.000000,2019-12-02 02:34:23.790334,2019-12-02 02:34:48.790334,2019-12-02 02:59:11.106387,2019-12-02 02:59:36.106387,2019-12-02 03:17:34.190404,Replace,5,41,48,0 days 00:00:25.000000000,0 days 00:12:23.790334000
3,2019-12-02 03:32:00.000000,2019-12-02 03:32:50.000000,2019-12-02 03:44:55.064662,2019-12-02 03:45:45.064662,2019-12-02 04:11:41.879386,2019-12-02 04:12:31.879386,2019-12-02 04:30:44.003831,Replace,5,41,48,0 days 00:00:50.000000000,0 days 00:12:55.064662000
4,2019-12-02 04:43:00.000000,2019-12-02 04:43:30.000000,2019-12-02 04:56:43.690001,2019-12-02 04:56:59.173166,,,,Onsite,5,41,48,0 days 00:00:30.000000000,0 days 00:13:29.173166000
5,2019-12-02 05:58:00.000000,2019-12-02 05:58:30.000000,2019-12-02 06:09:33.269879,2019-12-02 06:09:49.783151,,,,Onsite,5,41,48,0 days 00:00:30.000000000,0 days 00:11:19.783151000
6,2019-12-02 06:59:00.000000,2019-12-02 06:59:45.000000,2019-12-02 07:21:40.269767,2019-12-02 07:22:25.269767,2019-12-02 08:01:33.927493,2019-12-02 08:02:18.927493,2019-12-02 08:16:03.153118,Replace,5,41,48,0 days 00:00:45.000000000,0 days 00:22:40.269767000
7,2019-12-02 08:12:00.000000,2019-12-02 08:12:55.000000,2019-12-02 08:29:00.889992,2019-12-02 08:29:55.889992,2019-12-02 09:13:03.824790,2019-12-02 09:13:58.824790,2019-12-02 09:31:02.742704,Replace,5,41,48,0 days 00:00:55.000000000,0 days 00:17:00.889992000
8,2019-12-02 09:21:00.000000,2019-12-02 09:21:45.000000,2019-12-02 09:36:03.272539,2019-12-02 09:36:30.671706,,,,Onsite,5,41,48,0 days 00:00:45.000000000,0 days 00:14:45.671706000
9,2019-12-02 10:34:00.000000,2019-12-02 10:34:35.000000,2019-12-02 10:49:15.552854,2019-12-02 10:49:20.926591,,,,Onsite,5,41,48,0 days 00:00:35.000000000,0 days 00:14:45.926591000
10,2019-12-02 11:31:00.000000,2019-12-02 11:31:35.000000,2019-12-02 11:50:05.403646,2019-12-02 11:50:30.946189,,,,Onsite,5,41,48,0 days 00:00:35.000000000,0 days 00:18:55.946189000
11,2019-12-02 12:42:00.000000,2019-12-02 12:42:35.000000,2019-12-02 12:56:21.403044,2019-12-02 12:56:56.403044,2019-12-02 13:29:54.913546,2019-12-02 13:30:29.913546,2019-12-02 13:50:13.679756,Replace,5,41,48,0 days 00:00:35.000000000,0 days 00:14:21.403044000
12,2019-12-02 13:56:00.000000,2019-12-02 13:56:45.000000,2019-12-02 14:15:55.194804,2019-12-02 14:16:20.916040,,,,Onsite,5,41,48,0 days 00:00:45.000000000,0 days 00:19:35.916040000
13,2019-12-02 15:01:00.000000,2019-12-02 15:01:50.000000,2019-12-02 15:16:43.737924,2019-12-02 15:17:33.737924,2019-12-02 15:45:39.747951,2019-12-02 15:46:29.747951,2019-12-02 16:06:31.627940,Replace,5,41,48,0 days 00:00:50.000000000,0 days 00:15:43.737924000
14,2019-12-02 16:21:00.000000,2019-12-02 16:21:45.000000,2019-12-02 16:40:45.421091,2019-12-02 16:41:30.421091,2019-12-02 17:25:01.219580,2019-12-02 17:25:46.219580,2019-12-02 17:38:36.966141,Replace,5,41,48,0 days 00:00:45.000000000,0 days 00:19:45.421091000
15,2019-12-02 17:34:00.000000,2019-12-02 17:34:50.000000,2019-12-02 17:52:20.524209,2019-12-02 17:53:10.524209,2019-12-02 18:30:11.037299,2019-12-02 18:31:01.037299,2019-12-02 18:52:43.225716,Replace,5,41,48,0 days 00:00:50.000000000,0 days 00:18:20.524209000
16,2019-12-02 18:59:00.000000,2019-12-02 18:59:35.000000,2019-12-02 19:17:57.320004,2019-12-02 19:18:32.320004,2019-12-02 19:55:04.312526,2019-12-02 19:55:39.312526,2019-12-02 20:12:06.339811,Replace,5,41,48,0 days 00:00:35.000000000,0 days 00:18:57.320004000
17,2019-12-02 20:15:00.000000,2019-12-02 20:15:45.000000,2019-12-02 20:34:24.914092,2019-12-02 20:35:09.914092,2019-12-02 21:16:28.228790,2019-12-02 21:17:13.228790,2019-12-02 21:32:15.819406,Replace,5,41,48,0 days 00:00:45.000000000,0 days 00:19:24.914092000
18,2019-12-02 21:34:00.000000,2019-12-02 21:34:45.000000,2019-12-02 21:48:39.157367,2019-12-02 21:48:55.531473,,,,Onsite,5,41,48,0 days 00:00:45.000000000,0 days 00:14:10.531473000
0,2019-12-02 01:09:00.000000,2019-12-02 00:00:25.000000,2019-12-02 00:18:01.458713,2019-12-02 00:18:26.458713,2019-12-02 01:01:51.769965,2019-12-02 01:02:16.769965,2019-12-02 01:15:47.609282,Replace,6,41,48,-1 days +22:51:25.000000000,0 days 00:18:01.458713000
1,2019-12-02 01:11:00.000000,2019-12-02 01:11:35.000000,2019-12-02 01:25:17.980564,2019-12-02 01:25:32.737626,,,,Onsite,6,41,48,0 days 00:00:35.000000000,0 days 00:13:57.737626000
2,2019-12-02 02:31:00.000000,2019-12-02 02:31:50.000000,2019-12-02 02:44:40.551729,2019-12-02 02:45:02.542403,,,,Onsite,6,41,48,0 days 00:00:50.000000000,0 days 00:13:12.542403000
3,2019-12-02 03:41:00.000000,2019-12-02 03:41:35.000000,2019-12-02 03:54:19.577599,2019-12-02 03:54:54.577599,2019-12-02 04:30:44.651013,2019-12-02 04:31:19.651013,2019-12-02 04:54:06.161488,Replace,6,41,48,0 days 00:00:35.000000000,0 days 00:13:19.577599000
4,2019-12-02 04:41:00.000000,2019-12-02 04:41:50.000000,2019-12-02 04:58:52.455494,2019-12-02 04:59:01.366245,,,,Onsite,6,41,48,0 days 00:00:50.000000000,0 days 00:17:11.366245000
5,2019-12-02 05:41:00.000000,2019-12-02 05:41:45.000000,2019-12-02 05:55:17.393554,2019-12-02 05:55:22.959153,,,,Onsite,6,41,48,0 days 00:00:45.000000000,0 days 00:13:37.959153000
6,2019-12-02 06:34:00.000000,2019-12-02 06:34:45.000000,2019-12-02 06:50:48.300042,2019-12-02 06:51:33.300042,2019-12-02 07:15:35.431348,2019-12-02 07:16:20.431348,2019-12-02 07:34:38.916163,Replace,6,41,48,0 days 00:00:45.000000000,0 days 00:16:48.300042000
7,2019-12-02 07:46:00.000000,2019-12-02 07:46:35.000000,2019-12-02 08:04:03.965101,2019-12-02 08:04:38.965101,2019-12-02 08:46:12.780931,2019-12-02 08:46:47.780931,2019-12-02 09:04:58.187739,Replace,6,41,48,0 days 00:00:35.000000000,0 days 00:18:03.965101000
8,2019-12-02 08:47:00.000000,2019-12-02 08:47:45.000000,2019-12-02 09:08:36.697492,2019-12-02 09:09:21.697492,2019-12-02 09:41:48.884243,2019-12-02 09:42:33.884243,2019-12-02 09:56:45.374458,Replace,6,41,48,0 days 00:00:45.000000000,0 days 00:21:36.697492000
9,2019-12-02 10:00:00.000000,2019-12-02 10:00:55.000000,2019-12-02 10:14:25.482108,2019-12-02 10:14:36.579076,,,,Onsite,6,41,48,0 days 00:00:55.000000000,0 days 00:13:41.579076000
10,2019-12-02 11:01:00.000000,2019-12-02 11:01:35.000000,2019-12-02 11:16:09.409481,2019-12-02 11:16:44.409481,2019-12-02 11:39:25.789348,2019-12-02 11:40:00.789348,2019-12-02 12:01:34.582236,Replace,6,41,48,0 days 00:00:35.000000000,0 days 00:15:09.409481000
11,2019-12-02 12:15:00.000000,2019-12-02 12:15:45.000000,2019-12-02 12:32:32.479351,2019-12-02 12:33:17.479351,2019-12-02 13:10:56.741389,2019-12-02 13:11:41.741389,2019-12-02 13:27:49.505636,Replace,6,41,48,0 days 00:00:45.000000000,0 days 00:17:32.479351000
12,2019-12-02 13:13:00.000000,2019-12-02 13:13:50.000000,2019-12-02 13:28:38.256010,2019-12-02 13:29:28.256010,2019-12-02 13:59:50.512545,2019-12-02 14:00:40.512545,2019-12-02 14:24:39.626940,Replace,6,41,48,0 days 00:00:50.000000000,0 days 00:15:38.256010000
13,2019-12-02 14:14:00.000000,2019-12-02 14:14:45.000000,2019-12-02 14:33:03.284521,2019-12-02 14:33:19.616609,,,,Onsite,6,41,48,0 days 00:00:45.000000000,0 days 00:18:34.616609000
14,2019-12-02 15:25:00.000000,2019-12-02 15:25:50.000000,2019-12-02 15:39:44.437096,2019-12-02 15:40:04.618965,,,,Onsite,6,41,48,0 days 00:00:50.000000000,0 days 00:14:14.618965000
15,2019-12-02 16:41:00.000000,2019-12-02 16:41:45.000000,2019-12-02 16:56:17.477975,2019-12-02 16:57:02.477975,2019-12-02 17:32:56.435739,2019-12-02 17:33:41.435739,2019-12-02 17:51:31.641666,Replace,6,41,48,0 days 00:00:45.000000000,0 days 00:15:17.477975000
16,2019-12-02 17:59:00.000000,2019-12-02 17:59:25.000000,2019-12-02 18:15:21.852951,2019-12-02 18:15:46.852951,2019-12-02 18:55:34.638137,2019-12-02 18:55:59.638137,2019-12-02 19:09:10.899578,Replace,6,41,48,0 days 00:00:25.000000000,0 days 00:16:21.852951000
17,2019-12-02 18:50:00.000000,2019-12-02 18:50:30.000000,2019-12-02 19:03:28.289747,2019-12-02 19:03:42.044962,,,,Onsite,6,41,48,0 days 00:00:30.000000000,0 days 00:13:12.044962000
18,2019-12-02 20:06:00.000000,2019-12-02 20:06:55.000000,2019-12-02 20:20:49.592563,2019-12-02 20:21:44.592563,2019-12-02 20:50:50.179971,2019-12-02 20:51:45.179971,2019-12-02 21:12:20.926124,Replace,6,41,48,0 days 00:00:55.000000000,0 days 00:14:49.592563000
19,2019-12-02 21:26:00.000000,2019-12-02 21:26:30.000000,2019-12-02 21:44:54.099841,2019-12-02 21:45:24.099841,2019-12-02 22:34:09.722996,2019-12-02 22:34:39.722996,2019-12-02 22:50:29.672716,Replace,6,41,48,0 days 00:00:30.000000000,0 days 00:18:54.099841000
0,2019-12-02 01:10:00.000000,2019-12-02 00:00:55.000000,2019-12-02 00:14:52.367107,2019-12-02 00:15:03.725713,,,,Onsite,7,41,48,-1 days +22:50:55.000000000,0 days 00:14:08.725713000
1,2019-12-02 01:06:00.000000,2019-12-02 01:06:35.000000,2019-12-02 01:26:13.653382,2019-12-02 01:26:48.653382,2019-12-02 02:00:13.404101,2019-12-02 02:00:48.404101,2019-12-02 02:22:00.155690,Replace,7,41,48,0 days 00:00:35.000000000,0 days 00:20:13.653382000
2,2019-12-02 02:06:00.000000,2019-12-02 02:06:45.000000,2019-12-02 02:25:32.941661,2019-12-02 02:26:17.941661,2019-12-02 02:54:14.622941,2019-12-02 02:54:59.622941,2019-12-02 03:09:05.665337,Replace,7,41,48,0 days 00:00:45.000000000,0 days 00:19:32.941661000
3,2019-12-02 03:24:00.000000,2019-12-02 03:24:30.000000,2019-12-02 03:42:31.787942,2019-12-02 03:43:01.787942,2019-12-02 04:09:55.190018,2019-12-02 04:10:25.190018,2019-12-02 04:33:27.518335,Replace,7,41,48,0 days 00:00:30.000000000,0 days 00:18:31.787942000
4,2019-12-02 04:21:00.000000,2019-12-02 04:21:45.000000,2019-12-02 04:38:21.467267,2019-12-02 04:39:06.467267,2019-12-02 05:23:26.203088,2019-12-02 05:24:11.203088,2019-12-02 05:41:23.025858,Replace,7,41,48,0 days 00:00:45.000000000,0 days 00:17:21.467267000
5,2019-12-02 05:34:00.000000,2019-12-02 05:34:35.000000,2019-12-02 05:53:13.759186,2019-12-02 05:53:48.759186,2019-12-02 06:23:36.008871,2019-12-02 06:24:11.008871,2019-12-02 06:35:06.813609,Replace,7,41,48,0 days 00:00:35.000000000,0 days 00:19:13.759186000
6,2019-12-02 06:38:00.000000,2019-12-02 06:38:50.000000,2019-12-02 06:51:27.768082,2019-12-02 06:52:17.768082,2019-12-02 07:31:21.243290,2019-12-02 07:32:11.243290,2019-12-02 07:51:01.972923,Replace,7,41,48,0 days 00:00:50.000000000,0 days 00:13:27.768082000
7,2019-12-02 07:46:00.000000,2019-12-02 07:46:35.000000,2019-12-02 08:03:39.311682,2019-12-02 08:04:14.311682,2019-12-02 08:29:05.780866,2019-12-02 08:29:40.780866,2019-12-02 08:49:05.570526,Replace,7,41,48,0 days 00:00:35.000000000,0 days 00:17:39.311682000
8,2019-12-02 08:46:00.000000,2019-12-02 08:46:30.000000,2019-12-02 09:02:17.459055,2019-12-02 09:02:25.405101,,,,Onsite,7,41,48,0 days 00:00:30.000000000,0 days 00:15:55.405101000
9,2019-12-02 09:46:00.000000,2019-12-02 09:46:45.000000,2019-12-02 10:04:08.599767,2019-12-02 10:04:53.599767,2019-12-02 10:34:14.001993,2019-12-02 10:34:59.001993,2019-12-02 10:51:39.775295,Replace,7,41,48,0 days 00:00:45.000000000,0 days 00:18:08.599767000
10,2019-12-02 10:45:00.000000,2019-12-02 10:45:45.000000,2019-12-02 11:00:02.643799,2019-12-02 11:00:47.643799,2019-12-02 11:30:43.108453,2019-12-02 11:31:28.108453,2019-12-02 11:44:19.079398,Replace,7,41,48,0 days 00:00:45.000000000,0 days 00:15:02.643799000
11,2019-12-02 11:53:00.000000,2019-12-02 11:53:45.000000,2019-12-02 12:05:15.892257,2019-12-02 12:05:32.615300,,,,Onsite,7,41,48,0 days 00:00:45.000000000,0 days 00:11:47.615300000
12,2019-12-02 12:55:00.000000,2019-12-02 12:55:45.000000,2019-12-02 13:11:56.547101,2019-12-02 13:12:41.547101,2019-12-02 14:02:42.722505,2019-12-02 14:03:27.722505,2019-12-02 14:18:24.685114,Replace,7,41,48,0 days 00:00:45.000000000,0 days 00:16:56.547101000
13,2019-12-02 14:09:00.000000,2019-12-02 14:09:45.000000,2019-12-02 14:31:31.121723,2019-12-02 14:32:16.121723,2019-12-02 15:04:40.845194,2019-12-02 15:05:25.845194,2019-12-02 15:25:49.792928,Replace,7,41,48,0 days 00:00:45.000000000,0 days 00:22:31.121723000
14,2019-12-02 15:12:00.000000,2019-12-02 15:12:50.000000,2019-12-02 15:28:54.611436,2019-12-02 15:29:18.942232,,,,Onsite,7,41,48,0 days 00:00:50.000000000,0 days 00:16:28.942232000
15,2019-12-02 16:23:00.000000,2019-12-02 16:23:45.000000,2019-12-02 16:43:54.651683,2019-12-02 16:44:39.651683,2019-12-02 17:32:03.512382,2019-12-02 17:32:48.512382,2019-12-02 17:54:54.918372,Replace,7,41,48,0 days 00:00:45.000000000,0 days 00:20:54.651683000
16,2019-12-02 17:41:00.000000,2019-12-02 17:41:45.000000,2019-12-02 17:58:40.683954,2019-12-02 17:59:25.683954,2019-12-02 18:31:12.699351,2019-12-02 18:31:57.699351,2019-12-02 18:44:33.784875,Replace,7,41,48,0 days 00:00:45.000000000,0 days 00:17:40.683954000
17,2019-12-02 18:45:00.000000,2019-12-02 18:45:45.000000,2019-12-02 19:06:06.848263,2019-12-02 19:06:48.319926,,,,Onsite,7,41,48,0 days 00:00:45.000000000,0 days 00:21:03.319926000
18,2019-12-02 20:00:00.000000,2019-12-02 20:00:55.000000,2019-12-02 20:14:27.359963,2019-12-02 20:15:22.359963,2019-12-02 20:42:36.416009,2019-12-02 20:43:31.416009,2019-12-02 20:56:09.565932,Replace,7,41,48,0 days 00:00:55.000000000,0 days 00:14:27.359963000
19,2019-12-02 21:14:00.000000,2019-12-02 21:14:35.000000,2019-12-02 21:25:39.681622,2019-12-02 21:26:14.681622,2019-12-02 22:05:26.066975,2019-12-02 22:06:01.066975,2019-12-02 22:26:17.671165,Replace,7,41,48,0 days 00:00:35.000000000,0 days 00:11:39.681622000
0,2019-12-02 01:14:00.000000,2019-12-02 00:00:25.000000,2019-12-02 00:14:04.541372,2019-12-02 00:14:29.844848,,,,Onsite,8,41,48,-1 days +22:46:25.000000000,0 days 00:14:04.844848000
1,2019-12-02 02:15:00.000000,2019-12-02 02:15:30.000000,2019-12-02 02:37:14.456732,2019-12-02 02:37:20.217252,,,,Onsite,8,41,48,0 days 00:00:30.000000000,0 days 00:21:50.217252000
2,2019-12-02 01:09:00.000000,2019-12-02 01:09:25.000000,2019-12-02 01:29:35.932103,2019-12-02 01:30:00.932103,2019-12-02 02:14:55.509859,2019-12-02 02:15:20.509859,2019-12-02 02:30:28.260411,Replace,8,41,48,0 days 00:00:25.000000000,0 days 00:20:35.932103000
3,2019-12-02 03:19:00.000000,2019-12-02 03:19:30.000000,2019-12-02 03:33:08.784367,2019-12-02 03:33:38.784367,2019-12-02 04:12:08.853633,2019-12-02 04:12:38.853633,2019-12-02 04:25:12.402064,Replace,8,41,48,0 days 00:00:30.000000000,0 days 00:14:08.784367000
4,2019-12-02 04:24:00.000000,2019-12-02 04:24:45.000000,2019-12-02 04:42:12.331820,2019-12-02 04:42:57.331820,2019-12-02 05:14:38.605874,2019-12-02 05:15:23.605874,2019-12-02 05:31:11.794918,Replace,8,41,48,0 days 00:00:45.000000000,0 days 00:18:12.331820000
5,2019-12-02 05:30:00.000000,2019-12-02 05:30:30.000000,2019-12-02 05:47:47.711975,2019-12-02 05:48:17.711975,2019-12-02 06:38:06.118341,2019-12-02 06:38:36.118341,2019-12-02 06:55:08.489396,Replace,8,41,48,0 days 00:00:30.000000000,0 days 00:17:47.711975000
6,2019-12-02 06:40:00.000000,2019-12-02 06:40:35.000000,2019-12-02 06:58:10.912557,2019-12-02 06:58:33.064226,,,,Onsite,8,41,48,0 days 00:00:35.000000000,0 days 00:17:58.064226000
7,2019-12-02 08:00:00.000000,2019-12-02 08:00:50.000000,2019-12-02 08:17:46.675278,2019-12-02 08:18:02.723786,,,,Onsite,8,41,48,0 days 00:00:50.000000000,0 days 00:17:12.723786000
8,2019-12-02 09:06:00.000000,2019-12-02 09:06:45.000000,2019-12-02 09:22:29.414305,2019-12-02 09:23:14.414305,2019-12-02 09:54:35.940146,2019-12-02 09:55:20.940146,2019-12-02 10:14:54.132145,Replace,8,41,48,0 days 00:00:45.000000000,0 days 00:16:29.414305000
9,2019-12-02 10:13:00.000000,2019-12-02 10:13:50.000000,2019-12-02 10:28:28.159776,2019-12-02 10:29:18.159776,2019-12-02 10:57:57.913135,2019-12-02 10:58:47.913135,2019-12-02 11:18:12.178560,Replace,8,41,48,0 days 00:00:50.000000000,0 days 00:15:28.159776000
10,2019-12-02 11:12:00.000000,2019-12-02 11:12:35.000000,2019-12-02 11:27:18.297989,2019-12-02 11:27:53.297989,2019-12-02 12:22:33.940879,2019-12-02 12:23:08.940879,2019-12-02 12:34:53.973897,Replace,8,41,48,0 days 00:00:35.000000000,0 days 00:15:18.297989000
11,2019-12-02 12:29:00.000000,2019-12-02 12:29:35.000000,2019-12-02 12:45:59.707123,2019-12-02 12:46:34.707123,2019-12-02 13:27:34.440430,2019-12-02 13:28:09.440430,2019-12-02 13:46:48.113641,Replace,8,41,48,0 days 00:00:35.000000000,0 days 00:16:59.707123000
12,2019-12-02 13:34:00.000000,2019-12-02 13:34:55.000000,2019-12-02 13:49:44.359536,2019-12-02 13:49:56.371961,,,,Onsite,8,41,48,0 days 00:00:55.000000000,0 days 00:15:01.371961000
13,2019-12-02 14:30:00.000000,2019-12-02 14:30:50.000000,2019-12-02 14:43:25.119638,2019-12-02 14:44:15.119638,2019-12-02 15:04:54.675158,2019-12-02 15:05:44.675158,2019-12-02 15:22:22.152486,Replace,8,41,48,0 days 00:00:50.000000000,0 days 00:13:25.119638000
14,2019-12-02 15:39:00.000000,2019-12-02 15:39:35.000000,2019-12-02 15:56:47.761423,2019-12-02 15:57:22.761423,2019-12-02 16:48:10.293775,2019-12-02 16:48:45.293775,2019-12-02 17:04:40.096144,Replace,8,41,48,0 days 00:00:35.000000000,0 days 00:17:47.761423000
15,2019-12-02 17:03:00.000000,2019-12-02 17:03:45.000000,2019-12-02 17:19:08.467843,2019-12-02 17:19:23.443566,,,,Onsite,8,41,48,0 days 00:00:45.000000000,0 days 00:15:38.443566000
16,2019-12-02 18:20:00.000000,2019-12-02 18:20:25.000000,2019-12-02 18:36:39.475819,2019-12-02 18:36:48.044317,,,,Onsite,8,41,48,0 days 00:00:25.000000000,0 days 00:16:23.044317000
17,2019-12-02 19:12:00.000000,2019-12-02 19:12:30.000000,2019-12-02 19:30:32.638366,2019-12-02 19:31:02.638366,2019-12-02 20:00:21.080003,2019-12-02 20:00:51.080003,2019-12-02 20:21:30.153918,Replace,8,41,48,0 days 00:00:30.000000000,0 days 00:18:32.638366000
18,2019-12-02 21:27:00.000000,2019-12-02 21:27:55.000000,2019-12-02 21:47:02.478199,2019-12-02 21:47:57.478199,2019-12-02 22:16:01.111749,2019-12-02 22:16:56.111749,2019-12-02 22:33:34.843314,Replace,8,41,48,0 days 00:00:55.000000000,0 days 00:20:02.478199000
19,2019-12-02 20:16:00.000000,2019-12-02 20:16:55.000000,2019-12-02 20:31:30.385402,2019-12-02 20:32:25.385402,2019-12-02 21:26:54.775169,2019-12-02 21:27:49.775169,2019-12-02 21:46:23.408998,Replace,8,41,48,0 days 00:00:55.000000000,0 days 00:15:30.385402000
0,2019-12-02 01:07:00.000000,2019-12-02 00:00:45.000000,2019-12-02 00:15:29.043180,2019-12-02 00:16:14.043180,2019-12-02 01:04:23.114494,2019-12-02 01:05:08.114494,2019-12-02 01:21:50.719662,Replace,9,41,48,-1 days +22:53:45.000000000,0 days 00:15:29.043180000
1,2019-12-02 01:08:00.000000,2019-12-02 01:08:45.000000,2019-12-02 01:21:26.765055,2019-12-02 01:21:36.292521,,,,Onsite,9,41,48,0 days 00:00:45.000000000,0 days 00:12:51.292521000
2,2019-12-02 02:22:00.000000,2019-12-02 02:22:35.000000,2019-12-02 02:43:58.594170,2019-12-02 02:44:33.594170,2019-12-02 03:18:40.570443,2019-12-02 03:19:15.570443,2019-12-02 03:34:59.108487,Replace,9,41,48,0 days 00:00:35.000000000,0 days 00:21:58.594170000
3,2019-12-02 03:30:00.000000,2019-12-02 03:30:25.000000,2019-12-02 03:45:50.931599,2019-12-02 03:46:15.931599,2019-12-02 04:28:28.595491,2019-12-02 04:28:53.595491,2019-12-02 04:41:40.705761,Replace,9,41,48,0 days 00:00:25.000000000,0 days 00:15:50.931599000
4,2019-12-02 04:47:00.000000,2019-12-02 04:47:45.000000,2019-12-02 05:07:12.013813,2019-12-02 05:07:57.013813,2019-12-02 05:39:18.665160,2019-12-02 05:40:03.665160,2019-12-02 06:02:13.288706,Replace,9,41,48,0 days 00:00:45.000000000,0 days 00:20:12.013813000
5,2019-12-02 06:00:00.000000,2019-12-02 06:00:25.000000,2019-12-02 06:15:43.402921,2019-12-02 06:16:08.402921,2019-12-02 07:00:02.962063,2019-12-02 07:00:27.962063,2019-12-02 07:15:38.426083,Replace,9,41,48,0 days 00:00:25.000000000,0 days 00:15:43.402921000
6,2019-12-02 07:08:00.000000,2019-12-02 07:08:55.000000,2019-12-02 07:29:06.441336,2019-12-02 07:30:01.441336,2019-12-02 08:22:10.315477,2019-12-02 08:23:05.315477,2019-12-02 08:43:38.646765,Replace,9,41,48,0 days 00:00:55.000000000,0 days 00:21:06.441336000
7,2019-12-02 08:16:00.000000,2019-12-02 08:16:35.000000,2019-12-02 08:34:44.218211,2019-12-02 08:35:19.218211,2019-12-02 09:08:39.873512,2019-12-02 09:09:14.873512,2019-12-02 09:28:27.153850,Replace,9,41,48,0 days 00:00:35.000000000,0 days 00:18:44.218211000
8,2019-12-02 09:15:00.000000,2019-12-02 09:15:30.000000,2019-12-02 09:30:23.697777,2019-12-02 09:30:53.697777,2019-12-02 09:59:20.563265,2019-12-02 09:59:50.563265,2019-12-02 10:13:52.845456,Replace,9,41,48,0 days 00:00:30.000000000,0 days 00:15:23.697777000
9,2019-12-02 10:27:00.000000,2019-12-02 10:27:25.000000,2019-12-02 10:40:49.385633,2019-12-02 10:41:14.385633,2019-12-02 11:18:06.787527,2019-12-02 11:18:31.787527,2019-12-02 11:38:38.519949,Replace,9,41,48,0 days 00:00:25.000000000,0 days 00:13:49.385633000
10,2019-12-02 11:47:00.000000,2019-12-02 11:47:30.000000,2019-12-02 12:04:14.287919,2019-12-02 12:04:28.501293,,,,Onsite,9,41,48,0 days 00:00:30.000000000,0 days 00:16:58.501293000
11,2019-12-02 13:54:00.000000,2019-12-02 13:54:45.000000,2019-12-02 14:10:41.229675,2019-12-02 14:11:08.862206,,,,Onsite,9,41,48,0 days 00:00:45.000000000,0 days 00:16:23.862206000
12,2019-12-02 12:50:00.000000,2019-12-02 12:50:45.000000,2019-12-02 13:09:18.736495,2019-12-02 13:10:03.736495,2019-12-02 13:33:23.039781,2019-12-02 13:34:08.039781,2019-12-02 13:54:27.426402,Replace,9,41,48,0 days 00:00:45.000000000,0 days 00:19:18.736495000
13,2019-12-02 15:04:00.000000,2019-12-02 15:04:45.000000,2019-12-02 15:21:14.278155,2019-12-02 15:21:24.466912,,,,Onsite,9,41,48,0 days 00:00:45.000000000,0 days 00:16:39.466912000
14,2019-12-02 16:08:00.000000,2019-12-02 16:08:25.000000,2019-12-02 16:22:06.688771,2019-12-02 16:22:31.688771,2019-12-02 16:55:01.244832,2019-12-02 16:55:26.244832,2019-12-02 17:11:41.671081,Replace,9,41,48,0 days 00:00:25.000000000,0 days 00:14:06.688771000
15,2019-12-02 17:19:00.000000,2019-12-02 17:19:35.000000,2019-12-02 17:32:41.524298,2019-12-02 17:32:44.534757,,,,Onsite,9,41,48,0 days 00:00:35.000000000,0 days 00:13:09.534757000
16,2019-12-02 18:16:00.000000,2019-12-02 18:16:45.000000,2019-12-02 18:31:48.125032,2019-12-02 18:32:33.125032,2019-12-02 19:05:28.093264,2019-12-02 19:06:13.093264,2019-12-02 19:20:14.372436,Replace,9,41,48,0 days 00:00:45.000000000,0 days 00:15:48.125032000
17,2019-12-02 19:19:00.000000,2019-12-02 19:19:50.000000,2019-12-02 19:42:11.372063,2019-12-02 19:43:01.372063,2019-12-02 20:19:48.542449,2019-12-02 20:20:38.542449,2019-12-02 20:42:18.343658,Replace,9,41,48,0 days 00:00:50.000000000,0 days 00:23:11.372063000
18,2019-12-02 20:25:00.000000,2019-12-02 20:25:35.000000,2019-12-02 20:42:09.100132,2019-12-02 20:42:44.100132,2019-12-02 21:18:59.018768,2019-12-02 21:19:34.018768,2019-12-02 21:36:30.876487,Replace,9,41,48,0 days 00:00:35.000000000,0 days 00:17:09.100132000
19,2019-12-02 21:30:00.000000,2019-12-02 21:30:35.000000,2019-12-02 21:47:35.512724,2019-12-02 21:48:10.512724,2019-12-02 22:22:30.630350,2019-12-02 22:23:05.630350,2019-12-02 22:40:07.209889,Replace,9,41,48,0 days 00:00:35.000000000,0 days 00:17:35.512724000
0,2019-12-02 01:08:00.000000,2019-12-02 00:00:55.000000,2019-12-02 00:19:49.748926,2019-12-02 00:20:02.368687,,,,Onsite,1,41,49,-1 days +22:52:55.000000000,0 days 00:19:07.368687000
1,2019-12-02 01:03:00.000000,2019-12-02 01:03:45.000000,2019-12-02 01:18:42.211886,2019-12-02 01:19:27.211886,2019-12-02 01:58:05.350997,2019-12-02 01:58:50.350997,2019-12-02 02:13:29.946993,Replace,1,41,49,0 days 00:00:45.000000000,0 days 00:15:42.211886000
2,2019-12-02 02:09:00.000000,2019-12-02 02:09:45.000000,2019-12-02 02:26:27.444203,2019-12-02 02:26:51.666220,,,,Onsite,1,41,49,0 days 00:00:45.000000000,0 days 00:17:06.666220000
3,2019-12-02 03:26:00.000000,2019-12-02 03:26:35.000000,2019-12-02 03:41:35.451530,2019-12-02 03:41:44.992015,,,,Onsite,1,41,49,0 days 00:00:35.000000000,0 days 00:15:09.992015000
4,2019-12-02 04:32:00.000000,2019-12-02 04:32:45.000000,2019-12-02 04:50:56.400444,2019-12-02 04:51:12.354971,,,,Onsite,1,41,49,0 days 00:00:45.000000000,0 days 00:18:27.354971000
5,2019-12-02 05:42:00.000000,2019-12-02 05:42:45.000000,2019-12-02 05:59:41.113098,2019-12-02 06:00:26.113098,2019-12-02 06:34:45.037445,2019-12-02 06:35:30.037445,2019-12-02 06:51:51.363349,Replace,1,41,49,0 days 00:00:45.000000000,0 days 00:17:41.113098000
6,2019-12-02 06:38:00.000000,2019-12-02 06:38:35.000000,2019-12-02 06:56:54.815709,2019-12-02 06:57:29.815709,2019-12-02 07:43:16.378453,2019-12-02 07:43:51.378453,2019-12-02 08:05:11.365847,Replace,1,41,49,0 days 00:00:35.000000000,0 days 00:18:54.815709000
7,2019-12-02 07:55:00.000000,2019-12-02 07:55:50.000000,2019-12-02 08:10:11.447338,2019-12-02 08:11:01.447338,2019-12-02 08:40:10.275660,2019-12-02 08:41:00.275660,2019-12-02 08:59:47.388508,Replace,1,41,49,0 days 00:00:50.000000000,0 days 00:15:11.447338000
8,2019-12-02 09:04:00.000000,2019-12-02 09:04:45.000000,2019-12-02 09:23:54.125629,2019-12-02 09:24:10.254236,,,,Onsite,1,41,49,0 days 00:00:45.000000000,0 days 00:19:25.254236000
9,2019-12-02 10:03:00.000000,2019-12-02 10:03:45.000000,2019-12-02 10:17:21.183336,2019-12-02 10:17:40.510642,,,,Onsite,1,41,49,0 days 00:00:45.000000000,0 days 00:13:55.510642000
10,2019-12-02 11:06:00.000000,2019-12-02 11:06:45.000000,2019-12-02 11:24:08.375884,2019-12-02 11:24:53.375884,2019-12-02 11:49:27.145907,2019-12-02 11:50:12.145907,2019-12-02 12:01:09.461307,Replace,1,41,49,0 days 00:00:45.000000000,0 days 00:18:08.375884000
11,2019-12-02 12:13:00.000000,2019-12-02 12:13:30.000000,2019-12-02 12:28:22.589695,2019-12-02 12:28:52.589695,2019-12-02 12:58:32.339246,2019-12-02 12:59:02.339246,2019-12-02 13:17:14.524738,Replace,1,41,49,0 days 00:00:30.000000000,0 days 00:15:22.589695000
12,2019-12-02 13:05:00.000000,2019-12-02 13:05:35.000000,2019-12-02 13:22:03.492253,2019-12-02 13:22:30.747349,,,,Onsite,1,41,49,0 days 00:00:35.000000000,0 days 00:16:55.747349000
13,2019-12-02 14:02:00.000000,2019-12-02 14:02:35.000000,2019-12-02 14:14:54.914259,2019-12-02 14:15:29.914259,2019-12-02 14:37:34.083911,2019-12-02 14:38:09.083911,2019-12-02 14:49:33.008837,Replace,1,41,49,0 days 00:00:35.000000000,0 days 00:12:54.914259000
14,2019-12-02 15:14:00.000000,2019-12-02 15:14:45.000000,2019-12-02 15:29:06.281916,2019-12-02 15:29:28.180349,,,,Onsite,1,41,49,0 days 00:00:45.000000000,0 days 00:14:43.180349000
15,2019-12-02 16:10:00.000000,2019-12-02 16:10:35.000000,2019-12-02 16:29:21.781213,2019-12-02 16:29:56.781213,2019-12-02 17:21:35.513963,2019-12-02 17:22:10.513963,2019-12-02 17:38:02.253230,Replace,1,41,49,0 days 00:00:35.000000000,0 days 00:19:21.781213000
16,2019-12-02 17:05:00.000000,2019-12-02 17:05:30.000000,2019-12-02 17:26:04.025901,2019-12-02 17:26:34.025901,2019-12-02 18:05:47.419958,2019-12-02 18:06:17.419958,2019-12-02 18:24:28.370691,Replace,1,41,49,0 days 00:00:30.000000000,0 days 00:21:04.025901000
17,2019-12-02 18:10:00.000000,2019-12-02 18:10:45.000000,2019-12-02 18:22:24.680248,2019-12-02 18:23:09.680248,2019-12-02 18:45:47.043851,2019-12-02 18:46:32.043851,2019-12-02 19:01:21.008270,Replace,1,41,49,0 days 00:00:45.000000000,0 days 00:12:24.680248000
18,2019-12-02 19:09:00.000000,2019-12-02 19:09:45.000000,2019-12-02 19:25:25.299649,2019-12-02 19:25:36.775578,,,,Onsite,1,41,49,0 days 00:00:45.000000000,0 days 00:15:51.775578000
19,2019-12-02 20:24:00.000000,2019-12-02 20:24:45.000000,2019-12-02 20:37:52.203297,2019-12-02 20:38:37.203297,2019-12-02 21:10:32.132684,2019-12-02 21:11:17.132684,2019-12-02 21:23:15.291904,Replace,1,41,49,0 days 00:00:45.000000000,0 days 00:13:52.203297000
20,2019-12-02 21:35:00.000000,2019-12-02 21:35:35.000000,2019-12-02 21:54:55.634466,2019-12-02 21:55:10.462381,,,,Onsite,1,41,49,0 days 00:00:35.000000000,0 days 00:19:35.462381000
21,2019-12-02 22:37:00.000000,2019-12-02 22:37:30.000000,2019-12-02 22:54:37.876303,2019-12-02 22:54:51.428256,,,,Onsite,1,41,49,0 days 00:00:30.000000000,0 days 00:17:21.428256000
0,2019-12-02 01:02:00.000000,2019-12-02 00:00:30.000000,2019-12-02 00:15:11.685324,2019-12-02 00:15:17.512038,,,,Onsite,2,41,49,-1 days +22:58:30.000000000,0 days 00:14:47.512038000
1,2019-12-02 01:20:00.000000,2019-12-02 01:20:35.000000,2019-12-02 01:35:54.348217,2019-12-02 01:36:29.348217,2019-12-02 02:22:35.137523,2019-12-02 02:23:10.137523,2019-12-02 02:38:12.700284,Replace,2,41,49,0 days 00:00:35.000000000,0 days 00:15:54.348217000
2,2019-12-02 02:29:00.000000,2019-12-02 02:29:55.000000,2019-12-02 02:43:17.146255,2019-12-02 02:44:12.146255,2019-12-02 03:26:23.845783,2019-12-02 03:27:18.845783,2019-12-02 03:47:12.668628,Replace,2,41,49,0 days 00:00:55.000000000,0 days 00:14:17.146255000
3,2019-12-02 03:32:00.000000,2019-12-02 03:32:30.000000,2019-12-02 03:48:05.364950,2019-12-02 03:48:35.364950,2019-12-02 04:14:01.139064,2019-12-02 04:14:31.139064,2019-12-02 04:27:57.211983,Replace,2,41,49,0 days 00:00:30.000000000,0 days 00:16:05.364950000
4,2019-12-02 05:02:00.000000,2019-12-02 05:02:35.000000,2019-12-02 05:19:07.316138,2019-12-02 05:19:42.316138,2019-12-02 06:10:05.132071,2019-12-02 06:10:40.132071,2019-12-02 06:23:07.906494,Replace,2,41,49,0 days 00:00:35.000000000,0 days 00:17:07.316138000
5,2019-12-02 05:44:00.000000,2019-12-02 05:44:35.000000,2019-12-02 06:00:30.962429,2019-12-02 06:00:49.393032,,,,Onsite,2,41,49,0 days 00:00:35.000000000,0 days 00:16:14.393032000
6,2019-12-02 06:49:00.000000,2019-12-02 06:49:55.000000,2019-12-02 07:00:28.794121,2019-12-02 07:01:23.794121,2019-12-02 07:34:11.517527,2019-12-02 07:35:06.517527,2019-12-02 07:49:44.338883,Replace,2,41,49,0 days 00:00:55.000000000,0 days 00:11:28.794121000
7,2019-12-02 07:54:00.000000,2019-12-02 07:54:55.000000,2019-12-02 08:12:11.268480,2019-12-02 08:13:06.268480,2019-12-02 08:55:06.381348,2019-12-02 08:56:01.381348,2019-12-02 09:13:16.691432,Replace,2,41,49,0 days 00:00:55.000000000,0 days 00:18:11.268480000
8,2019-12-02 09:00:00.000000,2019-12-02 09:00:45.000000,2019-12-02 09:18:18.696803,2019-12-02 09:18:29.944282,,,,Onsite,2,41,49,0 days 00:00:45.000000000,0 days 00:17:44.944282000
9,2019-12-02 10:04:00.000000,2019-12-02 10:04:45.000000,2019-12-02 10:24:13.365231,2019-12-02 10:24:18.280548,,,,Onsite,2,41,49,0 days 00:00:45.000000000,0 days 00:19:33.280548000
10,2019-12-02 11:13:00.000000,2019-12-02 11:13:45.000000,2019-12-02 11:31:48.873112,2019-12-02 11:32:33.873112,2019-12-02 11:58:28.455630,2019-12-02 11:59:13.455630,2019-12-02 12:14:33.071854,Replace,2,41,49,0 days 00:00:45.000000000,0 days 00:18:48.873112000
11,2019-12-02 12:23:00.000000,2019-12-02 12:23:45.000000,2019-12-02 12:38:07.529623,2019-12-02 12:38:26.836717,,,,Onsite,2,41,49,0 days 00:00:45.000000000,0 days 00:14:41.836717000
12,2019-12-02 13:19:00.000000,2019-12-02 13:19:25.000000,2019-12-02 13:31:13.912828,2019-12-02 13:31:26.569238,,,,Onsite,2,41,49,0 days 00:00:25.000000000,0 days 00:12:01.569238000
13,2019-12-02 14:27:00.000000,2019-12-02 14:27:45.000000,2019-12-02 14:35:49.730436,2019-12-02 14:35:58.566697,,,,Onsite,2,41,49,0 days 00:00:45.000000000,0 days 00:08:13.566697000
14,2019-12-02 15:36:00.000000,2019-12-02 15:36:55.000000,2019-12-02 15:50:47.853865,2019-12-02 15:51:42.853865,2019-12-02 16:31:25.865832,2019-12-02 16:32:20.865832,2019-12-02 16:48:58.473874,Replace,2,41,49,0 days 00:00:55.000000000,0 days 00:14:47.853865000
15,2019-12-02 16:41:00.000000,2019-12-02 16:41:45.000000,2019-12-02 16:55:55.926957,2019-12-02 16:56:40.926957,2019-12-02 17:25:21.845937,2019-12-02 17:26:06.845937,2019-12-02 17:43:25.581654,Replace,2,41,49,0 days 00:00:45.000000000,0 days 00:14:55.926957000
16,2019-12-02 17:43:00.000000,2019-12-02 17:43:30.000000,2019-12-02 18:03:47.595318,2019-12-02 18:04:17.595318,2019-12-02 18:37:57.782813,2019-12-02 18:38:27.782813,2019-12-02 19:02:13.259764,Replace,2,41,49,0 days 00:00:30.000000000,0 days 00:20:47.595318000
17,2019-12-02 18:55:00.000000,2019-12-02 18:55:35.000000,2019-12-02 19:10:57.452638,2019-12-02 19:11:32.452638,2019-12-02 19:53:25.068950,2019-12-02 19:54:00.068950,2019-12-02 20:13:15.027197,Replace,2,41,49,0 days 00:00:35.000000000,0 days 00:15:57.452638000
18,2019-12-02 20:04:00.000000,2019-12-02 20:04:55.000000,2019-12-02 20:24:15.930596,2019-12-02 20:24:24.221977,,,,Onsite,2,41,49,0 days 00:00:55.000000000,0 days 00:19:29.221977000
0,2019-12-02 00:58:00.000000,2019-12-02 00:00:50.000000,2019-12-02 00:20:24.515645,2019-12-02 00:21:14.515645,2019-12-02 01:06:38.574267,2019-12-02 01:07:28.574267,2019-12-02 01:26:51.765748,Replace,3,41,49,-1 days +23:02:50.000000000,0 days 00:20:24.515645000
1,2019-12-02 00:53:00.000000,2019-12-02 00:53:55.000000,2019-12-02 01:06:30.216140,2019-12-02 01:07:25.216140,2019-12-02 01:46:00.374401,2019-12-02 01:46:55.374401,2019-12-02 01:58:17.815616,Replace,3,41,49,0 days 00:00:55.000000000,0 days 00:13:30.216140000
2,2019-12-02 02:06:00.000000,2019-12-02 02:06:55.000000,2019-12-02 02:25:42.269967,2019-12-02 02:26:37.269967,2019-12-02 03:07:38.107437,2019-12-02 03:08:33.107437,2019-12-02 03:26:25.127205,Replace,3,41,49,0 days 00:00:55.000000000,0 days 00:19:42.269967000
3,2019-12-02 03:23:00.000000,2019-12-02 03:23:35.000000,2019-12-02 03:44:19.894755,2019-12-02 03:44:54.894755,2019-12-02 04:31:38.749724,2019-12-02 04:32:13.749724,2019-12-02 04:48:28.347018,Replace,3,41,49,0 days 00:00:35.000000000,0 days 00:21:19.894755000
4,2019-12-02 04:37:00.000000,2019-12-02 04:37:45.000000,2019-12-02 04:49:05.914534,2019-12-02 04:49:50.914534,2019-12-02 05:14:47.674623,2019-12-02 05:15:32.674623,2019-12-02 05:30:26.316689,Replace,3,41,49,0 days 00:00:45.000000000,0 days 00:12:05.914534000
5,2019-12-02 05:49:00.000000,2019-12-02 05:49:45.000000,2019-12-02 06:01:16.827567,2019-12-02 06:01:40.035745,,,,Onsite,3,41,49,0 days 00:00:45.000000000,0 days 00:11:55.035745000
6,2019-12-02 06:56:00.000000,2019-12-02 06:56:35.000000,2019-12-02 07:15:02.569567,2019-12-02 07:15:17.428368,,,,Onsite,3,41,49,0 days 00:00:35.000000000,0 days 00:18:42.428368000
7,2019-12-02 07:50:00.000000,2019-12-02 07:50:35.000000,2019-12-02 08:05:11.721015,2019-12-02 08:05:46.721015,2019-12-02 08:44:20.590245,2019-12-02 08:44:55.590245,2019-12-02 09:04:16.952352,Replace,3,41,49,0 days 00:00:35.000000000,0 days 00:15:11.721015000
8,2019-12-02 09:03:00.000000,2019-12-02 09:03:35.000000,2019-12-02 09:17:06.781402,2019-12-02 09:17:41.781402,2019-12-02 09:44:16.726161,2019-12-02 09:44:51.726161,2019-12-02 09:59:06.229944,Replace,3,41,49,0 days 00:00:35.000000000,0 days 00:14:06.781402000
9,2019-12-02 10:05:00.000000,2019-12-02 10:05:25.000000,2019-12-02 10:20:56.341094,2019-12-02 10:21:04.503372,,,,Onsite,3,41,49,0 days 00:00:25.000000000,0 days 00:15:39.503372000
10,2019-12-02 11:08:00.000000,2019-12-02 11:08:55.000000,2019-12-02 11:26:04.097539,2019-12-02 11:26:59.097539,2019-12-02 12:01:10.676646,2019-12-02 12:02:05.676646,2019-12-02 12:17:15.524709,Replace,3,41,49,0 days 00:00:55.000000000,0 days 00:18:04.097539000
11,2019-12-02 12:00:00.000000,2019-12-02 12:00:55.000000,2019-12-02 12:19:05.218608,2019-12-02 12:19:29.965755,,,,Onsite,3,41,49,0 days 00:00:55.000000000,0 days 00:18:34.965755000
12,2019-12-02 13:03:00.000000,2019-12-02 13:03:45.000000,2019-12-02 13:25:21.645459,2019-12-02 13:25:43.334048,,,,Onsite,3,41,49,0 days 00:00:45.000000000,0 days 00:21:58.334048000
13,2019-12-02 14:24:00.000000,2019-12-02 14:24:45.000000,2019-12-02 14:41:49.842887,2019-12-02 14:42:02.790818,,,,Onsite,3,41,49,0 days 00:00:45.000000000,0 days 00:17:17.790818000
14,2019-12-02 15:35:00.000000,2019-12-02 15:35:25.000000,2019-12-02 15:51:40.289385,2019-12-02 15:51:56.572766,,,,Onsite,3,41,49,0 days 00:00:25.000000000,0 days 00:16:31.572766000
15,2019-12-02 16:40:00.000000,2019-12-02 16:40:45.000000,2019-12-02 17:04:48.523419,2019-12-02 17:05:33.523419,2019-12-02 17:46:01.117131,2019-12-02 17:46:46.117131,2019-12-02 18:06:35.434951,Replace,3,41,49,0 days 00:00:45.000000000,0 days 00:24:48.523419000
16,2019-12-02 17:54:00.000000,2019-12-02 17:54:50.000000,2019-12-02 18:10:44.347178,2019-12-02 18:11:34.347178,2019-12-02 18:48:18.344722,2019-12-02 18:49:08.344722,2019-12-02 19:08:57.319907,Replace,3,41,49,0 days 00:00:50.000000000,0 days 00:16:44.347178000
17,2019-12-02 19:11:00.000000,2019-12-02 19:11:35.000000,2019-12-02 19:25:13.716218,2019-12-02 19:25:18.731789,,,,Onsite,3,41,49,0 days 00:00:35.000000000,0 days 00:13:43.731789000
18,2019-12-02 20:23:00.000000,2019-12-02 20:23:35.000000,2019-12-02 20:38:59.302665,2019-12-02 20:39:10.197646,,,,Onsite,3,41,49,0 days 00:00:35.000000000,0 days 00:15:35.197646000
19,2019-12-02 21:18:00.000000,2019-12-02 21:18:25.000000,2019-12-02 21:34:22.015510,2019-12-02 21:34:47.516292,,,,Onsite,3,41,49,0 days 00:00:25.000000000,0 days 00:16:22.516292000
0,2019-12-02 01:09:00.000000,2019-12-02 00:00:25.000000,2019-12-02 00:21:09.391424,2019-12-02 00:21:19.743989,,,,Onsite,4,41,49,-1 days +22:51:25.000000000,0 days 00:20:54.743989000
1,2019-12-02 01:07:00.000000,2019-12-02 01:07:45.000000,2019-12-02 01:23:38.075228,2019-12-02 01:24:23.075228,2019-12-02 01:49:31.832256,2019-12-02 01:50:16.832256,2019-12-02 02:06:15.816386,Replace,4,41,49,0 days 00:00:45.000000000,0 days 00:16:38.075228000
2,2019-12-02 02:17:00.000000,2019-12-02 02:17:50.000000,2019-12-02 02:33:01.356799,2019-12-02 02:33:51.356799,2019-12-02 03:05:17.552504,2019-12-02 03:06:07.552504,2019-12-02 03:29:36.898949,Replace,4,41,49,0 days 00:00:50.000000000,0 days 00:16:01.356799000
3,2019-12-02 03:30:00.000000,2019-12-02 03:30:35.000000,2019-12-02 03:46:02.179044,2019-12-02 03:46:26.940362,,,,Onsite,4,41,49,0 days 00:00:35.000000000,0 days 00:15:51.940362000
4,2019-12-02 04:33:00.000000,2019-12-02 04:33:45.000000,2019-12-02 04:53:07.730035,2019-12-02 04:53:52.730035,2019-12-02 05:39:30.499340,2019-12-02 05:40:15.499340,2019-12-02 06:03:43.327021,Replace,4,41,49,0 days 00:00:45.000000000,0 days 00:20:07.730035000
5,2019-12-02 05:46:00.000000,2019-12-02 05:46:35.000000,2019-12-02 06:04:34.358207,2019-12-02 06:04:47.239061,,,,Onsite,4,41,49,0 days 00:00:35.000000000,0 days 00:18:12.239061000
6,2019-12-02 06:55:00.000000,2019-12-02 06:55:30.000000,2019-12-02 07:13:33.032626,2019-12-02 07:14:03.032626,2019-12-02 07:57:48.729125,2019-12-02 07:58:18.729125,2019-12-02 08:16:26.600572,Replace,4,41,49,0 days 00:00:30.000000000,0 days 00:18:33.032626000
7,2019-12-02 08:06:00.000000,2019-12-02 08:06:30.000000,2019-12-02 08:24:46.811185,2019-12-02 08:25:16.811185,2019-12-02 09:13:07.015370,2019-12-02 09:13:37.015370,2019-12-02 09:33:10.055503,Replace,4,41,49,0 days 00:00:30.000000000,0 days 00:18:46.811185000
8,2019-12-02 09:11:00.000000,2019-12-02 09:11:45.000000,2019-12-02 09:27:21.450693,2019-12-02 09:28:06.450693,2019-12-02 10:04:25.875241,2019-12-02 10:05:10.875241,2019-12-02 10:19:48.635270,Replace,4,41,49,0 days 00:00:45.000000000,0 days 00:16:21.450693000
9,2019-12-02 10:21:00.000000,2019-12-02 10:21:35.000000,2019-12-02 10:35:12.655867,2019-12-02 10:35:47.655867,2019-12-02 11:21:09.305631,2019-12-02 11:21:44.305631,2019-12-02 11:42:42.382970,Replace,4,41,49,0 days 00:00:35.000000000,0 days 00:14:12.655867000
10,2019-12-02 11:31:00.000000,2019-12-02 11:31:45.000000,2019-12-02 11:50:41.423935,2019-12-02 11:50:48.885780,,,,Onsite,4,41,49,0 days 00:00:45.000000000,0 days 00:19:03.885780000
11,2019-12-02 12:48:00.000000,2019-12-02 12:48:45.000000,2019-12-02 13:04:45.071750,2019-12-02 13:05:03.749598,,,,Onsite,4,41,49,0 days 00:00:45.000000000,0 days 00:16:18.749598000
12,2019-12-02 14:00:00.000000,2019-12-02 14:00:35.000000,2019-12-02 14:16:01.489582,2019-12-02 14:16:04.317098,,,,Onsite,4,41,49,0 days 00:00:35.000000000,0 days 00:15:29.317098000
13,2019-12-02 15:11:00.000000,2019-12-02 15:11:45.000000,2019-12-02 15:29:37.314540,2019-12-02 15:29:54.402557,,,,Onsite,4,41,49,0 days 00:00:45.000000000,0 days 00:18:09.402557000
14,2019-12-02 16:20:00.000000,2019-12-02 16:20:45.000000,2019-12-02 16:42:53.003179,2019-12-02 16:43:38.003179,2019-12-02 17:11:27.126077,2019-12-02 17:12:12.126077,2019-12-02 17:26:59.674445,Replace,4,41,49,0 days 00:00:45.000000000,0 days 00:22:53.003179000
15,2019-12-02 17:32:00.000000,2019-12-02 17:32:55.000000,2019-12-02 17:44:34.766226,2019-12-02 17:44:56.807633,,,,Onsite,4,41,49,0 days 00:00:55.000000000,0 days 00:12:01.807633000
16,2019-12-02 18:35:00.000000,2019-12-02 18:35:30.000000,2019-12-02 18:46:33.604774,2019-12-02 18:47:03.604774,2019-12-02 19:25:40.640045,2019-12-02 19:26:10.640045,2019-12-02 19:47:56.153030,Replace,4,41,49,0 days 00:00:30.000000000,0 days 00:11:33.604774000
17,2019-12-02 19:38:00.000000,2019-12-02 19:38:45.000000,2019-12-02 19:56:21.882458,2019-12-02 19:57:06.882458,2019-12-02 20:29:08.701254,2019-12-02 20:29:53.701254,2019-12-02 20:43:46.640512,Replace,4,41,49,0 days 00:00:45.000000000,0 days 00:18:21.882458000
18,2019-12-02 20:47:00.000000,2019-12-02 20:47:30.000000,2019-12-02 20:59:36.912377,2019-12-02 21:00:06.912377,2019-12-02 21:42:00.107739,2019-12-02 21:42:30.107739,2019-12-02 21:55:56.078240,Replace,4,41,49,0 days 00:00:30.000000000,0 days 00:12:36.912377000
19,2019-12-02 21:44:00.000000,2019-12-02 21:44:55.000000,2019-12-02 21:52:26.063605,2019-12-02 21:53:21.063605,2019-12-02 22:26:34.306507,2019-12-02 22:27:29.306507,2019-12-02 22:43:39.196854,Replace,4,41,49,0 days 00:00:55.000000000,0 days 00:08:26.063605000
0,2019-12-02 01:06:00.000000,2019-12-02 00:00:45.000000,2019-12-02 00:13:37.916346,2019-12-02 00:14:02.012239,,,,Onsite,5,41,49,-1 days +22:54:45.000000000,0 days 00:13:17.012239000
1,2019-12-02 01:09:00.000000,2019-12-02 01:09:25.000000,2019-12-02 01:25:25.084310,2019-12-02 01:25:50.084310,2019-12-02 01:55:03.201750,2019-12-02 01:55:28.201750,2019-12-02 02:14:30.566844,Replace,5,41,49,0 days 00:00:25.000000000,0 days 00:16:25.084310000
2,2019-12-02 02:15:00.000000,2019-12-02 02:15:45.000000,2019-12-02 02:35:35.973204,2019-12-02 02:36:20.973204,2019-12-02 03:18:22.183218,2019-12-02 03:19:07.183218,2019-12-02 03:33:11.354334,Replace,5,41,49,0 days 00:00:45.000000000,0 days 00:20:35.973204000
3,2019-12-02 03:40:00.000000,2019-12-02 03:40:45.000000,2019-12-02 03:54:57.444353,2019-12-02 03:55:09.021434,,,,Onsite,5,41,49,0 days 00:00:45.000000000,0 days 00:14:24.021434000
4,2019-12-02 04:55:00.000000,2019-12-02 04:55:45.000000,2019-12-02 05:11:30.551966,2019-12-02 05:12:15.551966,2019-12-02 05:43:39.469934,2019-12-02 05:44:24.469934,2019-12-02 06:02:26.685914,Replace,5,41,49,0 days 00:00:45.000000000,0 days 00:16:30.551966000
5,2019-12-02 05:57:00.000000,2019-12-02 05:57:45.000000,2019-12-02 06:16:44.715162,2019-12-02 06:17:29.715162,2019-12-02 07:06:36.783819,2019-12-02 07:07:21.783819,2019-12-02 07:24:32.949583,Replace,5,41,49,0 days 00:00:45.000000000,0 days 00:19:44.715162000
6,2019-12-02 07:08:00.000000,2019-12-02 07:08:45.000000,2019-12-02 07:27:13.844833,2019-12-02 07:27:48.107725,,,,Onsite,5,41,49,0 days 00:00:45.000000000,0 days 00:19:03.107725000
7,2019-12-02 08:17:00.000000,2019-12-02 08:17:45.000000,2019-12-02 08:36:32.147263,2019-12-02 08:36:47.120649,,,,Onsite,5,41,49,0 days 00:00:45.000000000,0 days 00:19:02.120649000
8,2019-12-02 09:22:00.000000,2019-12-02 09:22:30.000000,2019-12-02 09:43:31.698091,2019-12-02 09:44:01.698091,2019-12-02 10:22:27.398212,2019-12-02 10:22:57.398212,2019-12-02 10:37:08.319674,Replace,5,41,49,0 days 00:00:30.000000000,0 days 00:21:31.698091000
9,2019-12-02 10:35:00.000000,2019-12-02 10:35:55.000000,2019-12-02 10:53:33.498604,2019-12-02 10:53:53.998143,,,,Onsite,5,41,49,0 days 00:00:55.000000000,0 days 00:17:58.998143000
10,2019-12-02 11:50:00.000000,2019-12-02 11:50:45.000000,2019-12-02 12:09:13.174851,2019-12-02 12:09:18.620085,,,,Onsite,5,41,49,0 days 00:00:45.000000000,0 days 00:18:33.620085000
11,2019-12-02 13:03:00.000000,2019-12-02 13:03:45.000000,2019-12-02 13:22:55.829116,2019-12-02 13:23:40.829116,2019-12-02 13:49:02.594730,2019-12-02 13:49:47.594730,2019-12-02 14:02:44.032235,Replace,5,41,49,0 days 00:00:45.000000000,0 days 00:19:55.829116000
12,2019-12-02 14:10:00.000000,2019-12-02 14:10:45.000000,2019-12-02 14:25:12.382120,2019-12-02 14:25:57.382120,2019-12-02 15:04:25.549550,2019-12-02 15:05:10.549550,2019-12-02 15:20:04.073417,Replace,5,41,49,0 days 00:00:45.000000000,0 days 00:15:12.382120000
13,2019-12-02 15:18:00.000000,2019-12-02 15:18:50.000000,2019-12-02 15:39:04.455991,2019-12-02 15:39:54.455991,2019-12-02 16:35:03.313229,2019-12-02 16:35:53.313229,2019-12-02 16:52:43.178533,Replace,5,41,49,0 days 00:00:50.000000000,0 days 00:21:04.455991000
14,2019-12-02 16:19:00.000000,2019-12-02 16:19:45.000000,2019-12-02 16:37:44.210754,2019-12-02 16:38:29.210754,2019-12-02 17:22:24.592236,2019-12-02 17:23:09.592236,2019-12-02 17:38:23.191238,Replace,5,41,49,0 days 00:00:45.000000000,0 days 00:18:44.210754000
15,2019-12-02 17:20:00.000000,2019-12-02 17:20:55.000000,2019-12-02 17:35:29.754237,2019-12-02 17:36:24.754237,2019-12-02 18:31:02.649717,2019-12-02 18:31:57.649717,2019-12-02 18:50:24.212010,Replace,5,41,49,0 days 00:00:55.000000000,0 days 00:15:29.754237000
16,2019-12-02 18:22:00.000000,2019-12-02 18:22:35.000000,2019-12-02 18:40:49.311231,2019-12-02 18:40:52.614679,,,,Onsite,5,41,49,0 days 00:00:35.000000000,0 days 00:18:17.614679000
17,2019-12-02 19:24:00.000000,2019-12-02 19:24:30.000000,2019-12-02 19:38:19.447731,2019-12-02 19:38:49.447731,2019-12-02 20:13:11.796580,2019-12-02 20:13:41.796580,2019-12-02 20:24:46.758602,Replace,5,41,49,0 days 00:00:30.000000000,0 days 00:14:19.447731000
18,2019-12-02 20:30:00.000000,2019-12-02 20:30:55.000000,2019-12-02 20:42:47.321228,2019-12-02 20:43:42.321228,2019-12-02 21:13:04.851142,2019-12-02 21:13:59.851142,2019-12-02 21:28:01.190537,Replace,5,41,49,0 days 00:00:55.000000000,0 days 00:12:47.321228000
19,2019-12-02 21:35:00.000000,2019-12-02 21:35:35.000000,2019-12-02 21:51:37.692843,2019-12-02 21:52:12.692843,2019-12-02 22:24:07.386021,2019-12-02 22:24:42.386021,2019-12-02 22:37:39.300752,Replace,5,41,49,0 days 00:00:35.000000000,0 days 00:16:37.692843000
0,2019-12-02 01:11:00.000000,2019-12-02 00:00:45.000000,2019-12-02 00:18:51.545205,2019-12-02 00:19:36.545205,2019-12-02 00:40:11.305250,2019-12-02 00:40:56.305250,2019-12-02 00:57:26.361123,Replace,6,41,49,-1 days +22:49:45.000000000,0 days 00:18:51.545205000
1,2019-12-02 01:13:00.000000,2019-12-02 01:13:45.000000,2019-12-02 01:27:50.777153,2019-12-02 01:28:06.839123,,,,Onsite,6,41,49,0 days 00:00:45.000000000,0 days 00:14:21.839123000
2,2019-12-02 02:29:00.000000,2019-12-02 02:29:55.000000,2019-12-02 02:39:04.017898,2019-12-02 02:39:59.017898,2019-12-02 03:17:45.481262,2019-12-02 03:18:40.481262,2019-12-02 03:30:29.673674,Replace,6,41,49,0 days 00:00:55.000000000,0 days 00:10:04.017898000
3,2019-12-02 03:45:00.000000,2019-12-02 03:45:45.000000,2019-12-02 03:59:28.228832,2019-12-02 03:59:44.849708,,,,Onsite,6,41,49,0 days 00:00:45.000000000,0 days 00:13:59.849708000
4,2019-12-02 05:49:00.000000,2019-12-02 05:49:45.000000,2019-12-02 06:07:12.286703,2019-12-02 06:07:26.312474,,,,Onsite,6,41,49,0 days 00:00:45.000000000,0 days 00:17:41.312474000
5,2019-12-02 04:51:00.000000,2019-12-02 04:51:35.000000,2019-12-02 05:06:13.983003,2019-12-02 05:06:48.983003,2019-12-02 05:32:18.423471,2019-12-02 05:32:53.423471,2019-12-02 05:49:27.617944,Replace,6,41,49,0 days 00:00:35.000000000,0 days 00:15:13.983003000
6,2019-12-02 07:00:00.000000,2019-12-02 07:00:30.000000,2019-12-02 07:13:17.565531,2019-12-02 07:13:47.565531,2019-12-02 07:54:31.958518,2019-12-02 07:55:01.958518,2019-12-02 08:15:57.837348,Replace,6,41,49,0 days 00:00:30.000000000,0 days 00:13:17.565531000
7,2019-12-02 07:52:00.000000,2019-12-02 07:52:45.000000,2019-12-02 08:06:22.506051,2019-12-02 08:07:07.506051,2019-12-02 08:46:14.943100,2019-12-02 08:46:59.943100,2019-12-02 09:06:24.122653,Replace,6,41,49,0 days 00:00:45.000000000,0 days 00:14:22.506051000
8,2019-12-02 08:58:00.000000,2019-12-02 08:58:55.000000,2019-12-02 09:18:42.735598,2019-12-02 09:19:37.735598,2019-12-02 10:03:38.630433,2019-12-02 10:04:33.630433,2019-12-02 10:17:17.376349,Replace,6,41,49,0 days 00:00:55.000000000,0 days 00:20:42.735598000
9,2019-12-02 10:09:00.000000,2019-12-02 10:09:55.000000,2019-12-02 10:28:05.569449,2019-12-02 10:29:00.569449,2019-12-02 11:26:09.455588,2019-12-02 11:27:04.455588,2019-12-02 11:46:48.648667,Replace,6,41,49,0 days 00:00:55.000000000,0 days 00:19:05.569449000
10,2019-12-02 11:25:00.000000,2019-12-02 11:25:35.000000,2019-12-02 11:43:54.477607,2019-12-02 11:44:19.481181,,,,Onsite,6,41,49,0 days 00:00:35.000000000,0 days 00:18:44.481181000
11,2019-12-02 12:38:00.000000,2019-12-02 12:38:50.000000,2019-12-02 12:54:30.266293,2019-12-02 12:54:43.106910,,,,Onsite,6,41,49,0 days 00:00:50.000000000,0 days 00:15:53.106910000
12,2019-12-02 13:52:00.000000,2019-12-02 13:52:30.000000,2019-12-02 14:08:29.703840,2019-12-02 14:08:53.424647,,,,Onsite,6,41,49,0 days 00:00:30.000000000,0 days 00:16:23.424647000
13,2019-12-02 14:55:00.000000,2019-12-02 14:55:45.000000,2019-12-02 15:13:44.569464,2019-12-02 15:14:29.569464,2019-12-02 15:38:44.899167,2019-12-02 15:39:29.899167,2019-12-02 15:59:11.155009,Replace,6,41,49,0 days 00:00:45.000000000,0 days 00:18:44.569464000
14,2019-12-02 15:58:00.000000,2019-12-02 15:58:50.000000,2019-12-02 16:16:43.882619,2019-12-02 16:17:33.882619,2019-12-02 17:01:15.871744,2019-12-02 17:02:05.871744,2019-12-02 17:18:36.361479,Replace,6,41,49,0 days 00:00:50.000000000,0 days 00:18:43.882619000
15,2019-12-02 17:21:00.000000,2019-12-02 17:21:55.000000,2019-12-02 17:37:05.313670,2019-12-02 17:37:42.685022,,,,Onsite,6,41,49,0 days 00:00:55.000000000,0 days 00:15:47.685022000
16,2019-12-02 18:26:00.000000,2019-12-02 18:26:50.000000,2019-12-02 18:47:40.747708,2019-12-02 18:48:30.747708,2019-12-02 19:20:20.595542,2019-12-02 19:21:10.595542,2019-12-02 19:38:35.600695,Replace,6,41,49,0 days 00:00:50.000000000,0 days 00:21:40.747708000
17,2019-12-02 19:32:00.000000,2019-12-02 19:32:50.000000,2019-12-02 19:48:22.897837,2019-12-02 19:49:12.897837,2019-12-02 20:33:50.108434,2019-12-02 20:34:40.108434,2019-12-02 20:46:34.063097,Replace,6,41,49,0 days 00:00:50.000000000,0 days 00:16:22.897837000
18,2019-12-02 20:57:00.000000,2019-12-02 20:57:25.000000,2019-12-02 21:15:11.748625,2019-12-02 21:15:36.748625,2019-12-02 21:51:20.404262,2019-12-02 21:51:45.404262,2019-12-02 22:05:47.989105,Replace,6,41,49,0 days 00:00:25.000000000,0 days 00:18:11.748625000
19,2019-12-02 22:00:00.000000,2019-12-02 22:00:30.000000,2019-12-02 22:13:43.054521,2019-12-02 22:14:13.054521,2019-12-02 22:45:52.658869,2019-12-02 22:46:22.658869,2019-12-02 22:59:27.579715,Replace,6,41,49,0 days 00:00:30.000000000,0 days 00:13:43.054521000
0,2019-12-02 01:13:00.000000,2019-12-02 00:00:30.000000,2019-12-02 00:19:34.560782,2019-12-02 00:20:08.900767,,,,Onsite,7,41,49,-1 days +22:47:30.000000000,0 days 00:19:38.900767000
1,2019-12-02 00:55:00.000000,2019-12-02 00:55:45.000000,2019-12-02 01:13:18.222571,2019-12-02 01:14:03.222571,2019-12-02 01:47:07.084992,2019-12-02 01:47:52.084992,2019-12-02 02:03:58.492432,Replace,7,41,49,0 days 00:00:45.000000000,0 days 00:18:18.222571000
2,2019-12-02 02:23:00.000000,2019-12-02 02:23:25.000000,2019-12-02 02:36:58.363796,2019-12-02 02:37:23.363796,2019-12-02 03:22:23.065847,2019-12-02 03:22:48.065847,2019-12-02 03:40:37.709169,Replace,7,41,49,0 days 00:00:25.000000000,0 days 00:13:58.363796000
3,2019-12-02 03:33:00.000000,2019-12-02 03:33:50.000000,2019-12-02 03:53:18.420756,2019-12-02 03:54:08.420756,2019-12-02 04:29:05.290671,2019-12-02 04:29:55.290671,2019-12-02 04:43:00.701585,Replace,7,41,49,0 days 00:00:50.000000000,0 days 00:20:18.420756000
4,2019-12-02 04:42:00.000000,2019-12-02 04:42:35.000000,2019-12-02 04:57:56.291554,2019-12-02 04:58:31.291554,2019-12-02 05:24:19.702215,2019-12-02 05:24:54.702215,2019-12-02 05:46:54.736139,Replace,7,41,49,0 days 00:00:35.000000000,0 days 00:15:56.291554000
5,2019-12-02 05:49:00.000000,2019-12-02 05:49:30.000000,2019-12-02 06:03:09.691654,2019-12-02 06:03:39.691654,2019-12-02 06:40:22.706324,2019-12-02 06:40:52.706324,2019-12-02 06:55:09.411893,Replace,7,41,49,0 days 00:00:30.000000000,0 days 00:14:09.691654000
6,2019-12-02 07:10:00.000000,2019-12-02 07:10:45.000000,2019-12-02 07:28:31.995251,2019-12-02 07:28:38.563187,,,,Onsite,7,41,49,0 days 00:00:45.000000000,0 days 00:17:53.563187000
7,2019-12-02 08:08:00.000000,2019-12-02 08:08:45.000000,2019-12-02 08:24:59.693025,2019-12-02 08:25:10.907834,,,,Onsite,7,41,49,0 days 00:00:45.000000000,0 days 00:16:25.907834000
8,2019-12-02 09:05:00.000000,2019-12-02 09:05:45.000000,2019-12-02 09:22:20.269536,2019-12-02 09:22:37.658013,,,,Onsite,7,41,49,0 days 00:00:45.000000000,0 days 00:16:52.658013000
9,2019-12-02 10:12:00.000000,2019-12-02 10:12:45.000000,2019-12-02 10:25:23.291502,2019-12-02 10:26:08.291502,2019-12-02 11:24:43.046701,2019-12-02 11:25:28.046701,2019-12-02 11:40:07.720883,Replace,7,41,49,0 days 00:00:45.000000000,0 days 00:13:23.291502000
10,2019-12-02 11:32:00.000000,2019-12-02 11:32:45.000000,2019-12-02 11:48:10.431920,2019-12-02 11:48:20.864637,,,,Onsite,7,41,49,0 days 00:00:45.000000000,0 days 00:15:35.864637000
11,2019-12-02 12:42:00.000000,2019-12-02 12:42:55.000000,2019-12-02 13:01:55.419829,2019-12-02 13:02:16.967026,,,,Onsite,7,41,49,0 days 00:00:55.000000000,0 days 00:19:21.967026000
12,2019-12-02 13:52:00.000000,2019-12-02 13:52:35.000000,2019-12-02 14:11:48.178183,2019-12-02 14:12:23.178183,2019-12-02 14:47:01.552568,2019-12-02 14:47:36.552568,2019-12-02 15:01:33.927263,Replace,7,41,49,0 days 00:00:35.000000000,0 days 00:19:48.178183000
13,2019-12-02 14:55:00.000000,2019-12-02 14:55:35.000000,2019-12-02 15:10:42.855851,2019-12-02 15:11:17.855851,2019-12-02 15:47:47.584524,2019-12-02 15:48:22.584524,2019-12-02 16:03:16.383192,Replace,7,41,49,0 days 00:00:35.000000000,0 days 00:15:42.855851000
14,2019-12-02 17:03:00.000000,2019-12-02 17:03:55.000000,2019-12-02 17:19:53.876742,2019-12-02 17:20:12.904146,,,,Onsite,7,41,49,0 days 00:00:55.000000000,0 days 00:16:17.904146000
15,2019-12-02 15:58:00.000000,2019-12-02 15:58:50.000000,2019-12-02 16:14:00.826419,2019-12-02 16:14:50.826419,2019-12-02 16:42:38.474873,2019-12-02 16:43:28.474873,2019-12-02 17:03:00.787097,Replace,7,41,49,0 days 00:00:50.000000000,0 days 00:16:00.826419000
16,2019-12-02 18:13:00.000000,2019-12-02 18:13:25.000000,2019-12-02 18:29:54.927089,2019-12-02 18:30:18.270737,,,,Onsite,7,41,49,0 days 00:00:25.000000000,0 days 00:16:53.270737000
17,2019-12-02 19:20:00.000000,2019-12-02 19:20:30.000000,2019-12-02 19:41:13.122927,2019-12-02 19:41:45.112057,,,,Onsite,7,41,49,0 days 00:00:30.000000000,0 days 00:21:15.112057000
18,2019-12-02 20:30:00.000000,2019-12-02 20:30:45.000000,2019-12-02 20:45:40.408466,2019-12-02 20:46:25.408466,2019-12-02 21:28:33.529396,2019-12-02 21:29:18.529396,2019-12-02 21:50:44.341341,Replace,7,41,49,0 days 00:00:45.000000000,0 days 00:15:40.408466000
19,2019-12-02 21:43:00.000000,2019-12-02 21:43:35.000000,2019-12-02 21:58:35.584036,2019-12-02 21:58:39.511634,,,,Onsite,7,41,49,0 days 00:00:35.000000000,0 days 00:15:04.511634000
0,2019-12-02 01:10:00.000000,2019-12-02 00:00:55.000000,2019-12-02 00:20:31.956787,2019-12-02 00:20:43.023417,,,,Onsite,8,41,49,-1 days +22:50:55.000000000,0 days 00:19:48.023417000
1,2019-12-02 01:28:00.000000,2019-12-02 01:28:25.000000,2019-12-02 01:44:15.079562,2019-12-02 01:44:40.079562,2019-12-02 02:30:52.373043,2019-12-02 02:31:17.373043,2019-12-02 02:44:07.925618,Replace,8,41,49,0 days 00:00:25.000000000,0 days 00:16:15.079562000
2,2019-12-02 02:45:00.000000,2019-12-02 02:45:25.000000,2019-12-02 02:56:24.286634,2019-12-02 02:56:49.286634,2019-12-02 03:24:36.569355,2019-12-02 03:25:01.569355,2019-12-02 03:41:21.665658,Replace,8,41,49,0 days 00:00:25.000000000,0 days 00:11:24.286634000
3,2019-12-02 03:49:00.000000,2019-12-02 03:49:35.000000,2019-12-02 04:05:08.413872,2019-12-02 04:05:43.413872,2019-12-02 04:33:14.797918,2019-12-02 04:33:49.797918,2019-12-02 04:44:48.349872,Replace,8,41,49,0 days 00:00:35.000000000,0 days 00:16:08.413872000
4,2019-12-02 04:51:00.000000,2019-12-02 04:51:45.000000,2019-12-02 05:06:24.135297,2019-12-02 05:07:09.135297,2019-12-02 05:29:29.650863,2019-12-02 05:30:14.650863,2019-12-02 05:46:06.094747,Replace,8,41,49,0 days 00:00:45.000000000,0 days 00:15:24.135297000
5,2019-12-02 06:03:00.000000,2019-12-02 06:03:45.000000,2019-12-02 06:20:03.560740,2019-12-02 06:20:48.560740,2019-12-02 06:58:11.253433,2019-12-02 06:58:56.253433,2019-12-02 07:16:25.704520,Replace,8,41,49,0 days 00:00:45.000000000,0 days 00:17:03.560740000
6,2019-12-02 07:14:00.000000,2019-12-02 07:14:55.000000,2019-12-02 07:38:15.321318,2019-12-02 07:39:10.321318,2019-12-02 08:06:18.644921,2019-12-02 08:07:13.644921,2019-12-02 08:24:02.680589,Replace,8,41,49,0 days 00:00:55.000000000,0 days 00:24:15.321318000
7,2019-12-02 08:24:00.000000,2019-12-02 08:24:45.000000,2019-12-02 08:36:39.029134,2019-12-02 08:37:24.029134,2019-12-02 09:07:49.617011,2019-12-02 09:08:34.617011,2019-12-02 09:24:07.783860,Replace,8,41,49,0 days 00:00:45.000000000,0 days 00:12:39.029134000
8,2019-12-02 09:20:00.000000,2019-12-02 09:20:55.000000,2019-12-02 09:37:59.862905,2019-12-02 09:38:09.206489,,,,Onsite,8,41,49,0 days 00:00:55.000000000,0 days 00:17:14.206489000
9,2019-12-02 10:15:00.000000,2019-12-02 10:15:25.000000,2019-12-02 10:30:03.724948,2019-12-02 10:30:20.472111,,,,Onsite,8,41,49,0 days 00:00:25.000000000,0 days 00:14:55.472111000
10,2019-12-02 11:26:00.000000,2019-12-02 11:26:45.000000,2019-12-02 11:43:57.689864,2019-12-02 11:44:42.689864,2019-12-02 12:19:33.842401,2019-12-02 12:20:18.842401,2019-12-02 12:36:01.651630,Replace,8,41,49,0 days 00:00:45.000000000,0 days 00:17:57.689864000
11,2019-12-02 13:44:00.000000,2019-12-02 13:44:45.000000,2019-12-02 14:03:02.146757,2019-12-02 14:03:16.599644,,,,Onsite,8,41,49,0 days 00:00:45.000000000,0 days 00:18:31.599644000
12,2019-12-02 12:29:00.000000,2019-12-02 12:29:50.000000,2019-12-02 12:47:58.491599,2019-12-02 12:48:48.491599,2019-12-02 13:44:26.305691,2019-12-02 13:45:16.305691,2019-12-02 13:56:27.387088,Replace,8,41,49,0 days 00:00:50.000000000,0 days 00:18:58.491599000
13,2019-12-02 14:58:00.000000,2019-12-02 14:58:30.000000,2019-12-02 15:13:02.419168,2019-12-02 15:13:32.419168,2019-12-02 15:55:07.490986,2019-12-02 15:55:37.490986,2019-12-02 16:15:23.205250,Replace,8,41,49,0 days 00:00:30.000000000,0 days 00:15:02.419168000
14,2019-12-02 15:52:00.000000,2019-12-02 15:52:30.000000,2019-12-02 16:06:23.891816,2019-12-02 16:06:53.891816,2019-12-02 16:56:02.560184,2019-12-02 16:56:32.560184,2019-12-02 17:13:14.992442,Replace,8,41,49,0 days 00:00:30.000000000,0 days 00:14:23.891816000
15,2019-12-02 17:09:00.000000,2019-12-02 17:09:25.000000,2019-12-02 17:30:28.929840,2019-12-02 17:30:55.944622,,,,Onsite,8,41,49,0 days 00:00:25.000000000,0 days 00:21:30.944622000
16,2019-12-02 18:09:00.000000,2019-12-02 18:09:50.000000,2019-12-02 18:24:32.489342,2019-12-02 18:25:22.489342,2019-12-02 19:06:51.557854,2019-12-02 19:07:41.557854,2019-12-02 19:25:46.746757,Replace,8,41,49,0 days 00:00:50.000000000,0 days 00:15:32.489342000
17,2019-12-02 19:31:00.000000,2019-12-02 19:31:55.000000,2019-12-02 19:51:16.021053,2019-12-02 19:52:11.021053,2019-12-02 20:47:00.388007,2019-12-02 20:47:55.388007,2019-12-02 21:00:12.797628,Replace,8,41,49,0 days 00:00:55.000000000,0 days 00:20:16.021053000
18,2019-12-02 20:39:00.000000,2019-12-02 20:39:35.000000,2019-12-02 20:52:43.348515,2019-12-02 20:53:03.768496,,,,Onsite,8,41,49,0 days 00:00:35.000000000,0 days 00:13:28.768496000
19,2019-12-02 21:40:00.000000,2019-12-02 21:40:45.000000,2019-12-02 21:55:57.302034,2019-12-02 21:56:42.302034,2019-12-02 22:45:12.515416,2019-12-02 22:45:57.515416,2019-12-02 22:59:21.365939,Replace,8,41,49,0 days 00:00:45.000000000,0 days 00:15:57.302034000
0,2019-12-02 00:55:00.000000,2019-12-02 00:00:55.000000,2019-12-02 00:16:59.463410,2019-12-02 00:17:25.662308,,,,Onsite,9,41,49,-1 days +23:05:55.000000000,0 days 00:16:30.662308000
1,2019-12-02 00:57:00.000000,2019-12-02 00:57:55.000000,2019-12-02 01:15:46.871044,2019-12-02 01:16:00.280385,,,,Onsite,9,41,49,0 days 00:00:55.000000000,0 days 00:18:05.280385000
2,2019-12-02 02:05:00.000000,2019-12-02 02:05:35.000000,2019-12-02 02:22:25.374328,2019-12-02 02:23:00.374328,2019-12-02 02:44:33.724890,2019-12-02 02:45:08.724890,2019-12-02 03:04:00.869020,Replace,9,41,49,0 days 00:00:35.000000000,0 days 00:17:25.374328000
3,2019-12-02 03:18:00.000000,2019-12-02 03:18:25.000000,2019-12-02 03:33:55.354680,2019-12-02 03:34:20.354680,2019-12-02 04:13:23.679062,2019-12-02 04:13:48.679062,2019-12-02 04:30:00.683481,Replace,9,41,49,0 days 00:00:25.000000000,0 days 00:15:55.354680000
4,2019-12-02 04:33:00.000000,2019-12-02 04:33:45.000000,2019-12-02 04:45:13.811752,2019-12-02 04:45:58.811752,2019-12-02 05:13:05.662638,2019-12-02 05:13:50.662638,2019-12-02 05:28:24.519751,Replace,9,41,49,0 days 00:00:45.000000000,0 days 00:12:13.811752000
5,2019-12-02 05:49:00.000000,2019-12-02 05:49:45.000000,2019-12-02 06:07:50.372103,2019-12-02 06:08:06.022329,,,,Onsite,9,41,49,0 days 00:00:45.000000000,0 days 00:18:21.022329000
6,2019-12-02 06:56:00.000000,2019-12-02 06:56:25.000000,2019-12-02 07:09:41.041765,2019-12-02 07:10:06.041765,2019-12-02 07:47:36.047066,2019-12-02 07:48:01.047066,2019-12-02 08:04:41.345638,Replace,9,41,49,0 days 00:00:25.000000000,0 days 00:13:41.041765000
7,2019-12-02 08:07:00.000000,2019-12-02 08:07:50.000000,2019-12-02 08:24:22.099804,2019-12-02 08:24:37.481800,,,,Onsite,9,41,49,0 days 00:00:50.000000000,0 days 00:16:47.481800000
8,2019-12-02 09:10:00.000000,2019-12-02 09:10:35.000000,2019-12-02 09:35:05.324986,2019-12-02 09:35:40.324986,2019-12-02 10:11:39.126265,2019-12-02 10:12:14.126265,2019-12-02 10:28:00.176273,Replace,9,41,49,0 days 00:00:35.000000000,0 days 00:25:05.324986000
9,2019-12-02 10:23:00.000000,2019-12-02 10:23:25.000000,2019-12-02 10:39:54.297460,2019-12-02 10:40:16.922699,,,,Onsite,9,41,49,0 days 00:00:25.000000000,0 days 00:16:51.922699000
10,2019-12-02 11:35:00.000000,2019-12-02 11:35:45.000000,2019-12-02 11:55:32.902925,2019-12-02 11:56:17.902925,2019-12-02 12:31:59.921568,2019-12-02 12:32:44.921568,2019-12-02 12:48:38.524200,Replace,9,41,49,0 days 00:00:45.000000000,0 days 00:20:32.902925000
11,2019-12-02 13:00:00.000000,2019-12-02 13:00:45.000000,2019-12-02 13:17:52.795013,2019-12-02 13:18:37.795013,2019-12-02 13:51:23.442323,2019-12-02 13:52:08.442323,2019-12-02 14:15:01.023444,Replace,9,41,49,0 days 00:00:45.000000000,0 days 00:17:52.795013000
12,2019-12-02 14:02:00.000000,2019-12-02 14:02:30.000000,2019-12-02 14:18:45.100408,2019-12-02 14:19:00.544097,,,,Onsite,9,41,49,0 days 00:00:30.000000000,0 days 00:16:30.544097000
13,2019-12-02 15:18:00.000000,2019-12-02 15:18:35.000000,2019-12-02 15:38:10.687244,2019-12-02 15:38:45.687244,2019-12-02 16:18:38.685176,2019-12-02 16:19:13.685176,2019-12-02 16:43:18.893445,Replace,9,41,49,0 days 00:00:35.000000000,0 days 00:20:10.687244000
14,2019-12-02 16:24:00.000000,2019-12-02 16:24:50.000000,2019-12-02 16:47:48.884138,2019-12-02 16:48:38.884138,2019-12-02 17:37:59.113434,2019-12-02 17:38:49.113434,2019-12-02 17:55:17.605344,Replace,9,41,49,0 days 00:00:50.000000000,0 days 00:23:48.884138000
15,2019-12-02 17:23:00.000000,2019-12-02 17:23:55.000000,2019-12-02 17:39:43.589828,2019-12-02 17:40:38.589828,2019-12-02 18:09:13.768081,2019-12-02 18:10:08.768081,2019-12-02 18:20:45.367084,Replace,9,41,49,0 days 00:00:55.000000000,0 days 00:16:43.589828000
16,2019-12-02 18:26:00.000000,2019-12-02 18:26:35.000000,2019-12-02 18:40:32.718342,2019-12-02 18:41:07.718342,2019-12-02 19:17:18.800710,2019-12-02 19:17:53.800710,2019-12-02 19:33:45.788949,Replace,9,41,49,0 days 00:00:35.000000000,0 days 00:14:32.718342000
17,2019-12-02 19:27:00.000000,2019-12-02 19:27:35.000000,2019-12-02 19:42:17.763704,2019-12-02 19:42:52.763704,2019-12-02 20:15:07.603479,2019-12-02 20:15:42.603479,2019-12-02 20:28:28.989915,Replace,9,41,49,0 days 00:00:35.000000000,0 days 00:15:17.763704000
18,2019-12-02 20:32:00.000000,2019-12-02 20:32:30.000000,2019-12-02 20:49:18.436419,2019-12-02 20:49:48.138243,,,,Onsite,9,41,49,0 days 00:00:30.000000000,0 days 00:17:18.138243000
19,2019-12-02 21:33:00.000000,2019-12-02 21:33:45.000000,2019-12-02 21:50:49.755352,2019-12-02 21:50:59.870788,,,,Onsite,9,41,49,0 days 00:00:45.000000000,0 days 00:17:14.870788000
0,2019-12-02 01:03:00.000000,2019-12-02 00:00:35.000000,2019-12-02 00:17:27.196893,2019-12-02 00:18:02.196893,2019-12-02 00:48:52.452081,2019-12-02 00:49:27.452081,2019-12-02 01:08:21.480210,Replace,1,41,50,-1 days +22:57:35.000000000,0 days 00:17:27.196893000
1,2019-12-02 02:26:00.000000,2019-12-02 02:26:45.000000,2019-12-02 02:40:06.956328,2019-12-02 02:40:30.434527,,,,Onsite,1,41,50,0 days 00:00:45.000000000,0 days 00:13:45.434527000
2,2019-12-02 01:21:00.000000,2019-12-02 01:21:45.000000,2019-12-02 01:38:13.598989,2019-12-02 01:38:58.598989,2019-12-02 02:12:16.682060,2019-12-02 02:13:01.682060,2019-12-02 02:26:26.885580,Replace,1,41,50,0 days 00:00:45.000000000,0 days 00:17:13.598989000
3,2019-12-02 03:37:00.000000,2019-12-02 03:37:35.000000,2019-12-02 03:49:27.668293,2019-12-02 03:49:48.412019,,,,Onsite,1,41,50,0 days 00:00:35.000000000,0 days 00:12:13.412019000
4,2019-12-02 04:41:00.000000,2019-12-02 04:41:45.000000,2019-12-02 04:59:22.077659,2019-12-02 05:00:07.077659,2019-12-02 05:38:15.870138,2019-12-02 05:39:00.870138,2019-12-02 05:50:26.310203,Replace,1,41,50,0 days 00:00:45.000000000,0 days 00:18:22.077659000
5,2019-12-02 05:58:00.000000,2019-12-02 05:58:50.000000,2019-12-02 06:16:23.008910,2019-12-02 06:17:13.008910,2019-12-02 06:47:57.321277,2019-12-02 06:48:47.321277,2019-12-02 07:02:02.362787,Replace,1,41,50,0 days 00:00:50.000000000,0 days 00:18:23.008910000
6,2019-12-02 07:07:00.000000,2019-12-02 07:07:25.000000,2019-12-02 07:23:11.798229,2019-12-02 07:23:36.798229,2019-12-02 08:15:02.317886,2019-12-02 08:15:27.317886,2019-12-02 08:36:41.172714,Replace,1,41,50,0 days 00:00:25.000000000,0 days 00:16:11.798229000
7,2019-12-02 08:14:00.000000,2019-12-02 08:14:55.000000,2019-12-02 08:32:16.509198,2019-12-02 08:33:11.509198,2019-12-02 09:21:10.647267,2019-12-02 09:22:05.647267,2019-12-02 09:36:20.040345,Replace,1,41,50,0 days 00:00:55.000000000,0 days 00:18:16.509198000
8,2019-12-02 09:12:00.000000,2019-12-02 09:12:55.000000,2019-12-02 09:26:59.205380,2019-12-02 09:27:54.205380,2019-12-02 09:51:49.531495,2019-12-02 09:52:44.531495,2019-12-02 10:10:02.017277,Replace,1,41,50,0 days 00:00:55.000000000,0 days 00:14:59.205380000
9,2019-12-02 10:15:00.000000,2019-12-02 10:15:55.000000,2019-12-02 10:32:22.678993,2019-12-02 10:33:17.678993,2019-12-02 11:23:50.543913,2019-12-02 11:24:45.543913,2019-12-02 11:43:56.648394,Replace,1,41,50,0 days 00:00:55.000000000,0 days 00:17:22.678993000
10,2019-12-02 11:17:00.000000,2019-12-02 11:17:35.000000,2019-12-02 11:37:16.692111,2019-12-02 11:37:28.948259,,,,Onsite,1,41,50,0 days 00:00:35.000000000,0 days 00:19:53.948259000
11,2019-12-02 12:28:00.000000,2019-12-02 12:28:30.000000,2019-12-02 12:43:03.784959,2019-12-02 12:43:20.421637,,,,Onsite,1,41,50,0 days 00:00:30.000000000,0 days 00:14:50.421637000
12,2019-12-02 13:35:00.000000,2019-12-02 13:35:25.000000,2019-12-02 13:44:06.748639,2019-12-02 13:44:31.748639,2019-12-02 14:41:53.005225,2019-12-02 14:42:18.005225,2019-12-02 14:58:58.434255,Replace,1,41,50,0 days 00:00:25.000000000,0 days 00:09:06.748639000
13,2019-12-02 14:55:00.000000,2019-12-02 14:55:45.000000,2019-12-02 15:11:02.850004,2019-12-02 15:11:16.433016,,,,Onsite,1,41,50,0 days 00:00:45.000000000,0 days 00:15:31.433016000
14,2019-12-02 16:18:00.000000,2019-12-02 16:18:35.000000,2019-12-02 16:35:25.336279,2019-12-02 16:36:00.336279,2019-12-02 17:16:07.979804,2019-12-02 17:16:42.979804,2019-12-02 17:40:43.444758,Replace,1,41,50,0 days 00:00:35.000000000,0 days 00:17:25.336279000
15,2019-12-02 17:23:00.000000,2019-12-02 17:23:45.000000,2019-12-02 17:41:43.858085,2019-12-02 17:42:28.858085,2019-12-02 18:07:25.616363,2019-12-02 18:08:10.616363,2019-12-02 18:24:29.732227,Replace,1,41,50,0 days 00:00:45.000000000,0 days 00:18:43.858085000
16,2019-12-02 18:36:00.000000,2019-12-02 18:36:25.000000,2019-12-02 18:54:25.041548,2019-12-02 18:54:41.046922,,,,Onsite,1,41,50,0 days 00:00:25.000000000,0 days 00:18:16.046922000
17,2019-12-02 19:55:00.000000,2019-12-02 19:55:25.000000,2019-12-02 20:14:48.807869,2019-12-02 20:15:13.807869,2019-12-02 20:40:09.016388,2019-12-02 20:40:34.016388,2019-12-02 20:57:41.356590,Replace,1,41,50,0 days 00:00:25.000000000,0 days 00:19:48.807869000
18,2019-12-02 20:54:00.000000,2019-12-02 20:54:45.000000,2019-12-02 21:15:53.350089,2019-12-02 21:16:38.350089,2019-12-02 21:59:54.016677,2019-12-02 22:00:39.016677,2019-12-02 22:16:37.100073,Replace,1,41,50,0 days 00:00:45.000000000,0 days 00:21:53.350089000
0,2019-12-02 01:08:00.000000,2019-12-02 00:00:45.000000,2019-12-02 00:16:29.897092,2019-12-02 00:16:45.600493,,,,Onsite,2,41,50,-1 days +22:52:45.000000000,0 days 00:16:00.600493000
1,2019-12-02 01:10:00.000000,2019-12-02 01:10:45.000000,2019-12-02 01:26:15.901305,2019-12-02 01:27:00.901305,2019-12-02 02:14:32.256557,2019-12-02 02:15:17.256557,2019-12-02 02:34:58.823732,Replace,2,41,50,0 days 00:00:45.000000000,0 days 00:16:15.901305000
2,2019-12-02 02:23:00.000000,2019-12-02 02:23:45.000000,2019-12-02 02:40:05.259205,2019-12-02 02:40:50.259205,2019-12-02 03:11:48.191249,2019-12-02 03:12:33.191249,2019-12-02 03:27:59.482331,Replace,2,41,50,0 days 00:00:45.000000000,0 days 00:17:05.259205000
3,2019-12-02 03:26:00.000000,2019-12-02 03:26:55.000000,2019-12-02 03:44:20.943133,2019-12-02 03:45:15.943133,2019-12-02 04:16:54.876248,2019-12-02 04:17:49.876248,2019-12-02 04:37:55.613314,Replace,2,41,50,0 days 00:00:55.000000000,0 days 00:18:20.943133000
4,2019-12-02 04:43:00.000000,2019-12-02 04:43:35.000000,2019-12-02 04:58:52.494623,2019-12-02 04:59:11.451960,,,,Onsite,2,41,50,0 days 00:00:35.000000000,0 days 00:15:36.451960000
5,2019-12-02 05:47:00.000000,2019-12-02 05:47:35.000000,2019-12-02 06:04:50.106696,2019-12-02 06:05:25.106696,2019-12-02 06:58:46.496063,2019-12-02 06:59:21.496063,2019-12-02 07:12:58.082542,Replace,2,41,50,0 days 00:00:35.000000000,0 days 00:17:50.106696000
6,2019-12-02 06:54:00.000000,2019-12-02 06:54:45.000000,2019-12-02 07:10:10.749777,2019-12-02 07:10:55.749777,2019-12-02 07:43:02.363546,2019-12-02 07:43:47.363546,2019-12-02 08:04:50.912718,Replace,2,41,50,0 days 00:00:45.000000000,0 days 00:16:10.749777000
7,2019-12-02 08:01:00.000000,2019-12-02 08:01:35.000000,2019-12-02 08:17:30.562124,2019-12-02 08:18:05.562124,2019-12-02 08:57:33.312030,2019-12-02 08:58:08.312030,2019-12-02 09:15:42.944848,Replace,2,41,50,0 days 00:00:35.000000000,0 days 00:16:30.562124000
8,2019-12-02 09:19:00.000000,2019-12-02 09:19:50.000000,2019-12-02 09:34:05.591247,2019-12-02 09:34:13.763339,,,,Onsite,2,41,50,0 days 00:00:50.000000000,0 days 00:14:23.763339000
9,2019-12-02 10:20:00.000000,2019-12-02 10:20:45.000000,2019-12-02 10:34:22.168301,2019-12-02 10:35:07.168301,2019-12-02 11:06:05.379302,2019-12-02 11:06:50.379302,2019-12-02 11:26:20.598556,Replace,2,41,50,0 days 00:00:45.000000000,0 days 00:14:22.168301000
10,2019-12-02 11:30:00.000000,2019-12-02 11:30:35.000000,2019-12-02 11:47:10.327030,2019-12-02 11:47:45.327030,2019-12-02 12:45:04.140567,2019-12-02 12:45:39.140567,2019-12-02 13:02:32.699788,Replace,2,41,50,0 days 00:00:35.000000000,0 days 00:17:10.327030000
11,2019-12-02 12:33:00.000000,2019-12-02 12:33:50.000000,2019-12-02 12:51:45.275264,2019-12-02 12:52:00.116605,,,,Onsite,2,41,50,0 days 00:00:50.000000000,0 days 00:18:10.116605000
12,2019-12-02 13:34:00.000000,2019-12-02 13:34:30.000000,2019-12-02 13:40:30.605107,2019-12-02 13:40:42.408490,,,,Onsite,2,41,50,0 days 00:00:30.000000000,0 days 00:06:12.408490000
13,2019-12-02 15:00:00.000000,2019-12-02 15:00:45.000000,2019-12-02 15:21:09.188427,2019-12-02 15:21:40.514180,,,,Onsite,2,41,50,0 days 00:00:45.000000000,0 days 00:20:55.514180000
14,2019-12-02 16:10:00.000000,2019-12-02 16:10:45.000000,2019-12-02 16:27:21.629029,2019-12-02 16:27:23.660521,,,,Onsite,2,41,50,0 days 00:00:45.000000000,0 days 00:16:38.660521000
15,2019-12-02 17:08:00.000000,2019-12-02 17:08:25.000000,2019-12-02 17:28:25.537397,2019-12-02 17:28:43.561366,,,,Onsite,2,41,50,0 days 00:00:25.000000000,0 days 00:20:18.561366000
16,2019-12-02 18:05:00.000000,2019-12-02 18:05:45.000000,2019-12-02 18:27:01.050512,2019-12-02 18:27:20.024953,,,,Onsite,2,41,50,0 days 00:00:45.000000000,0 days 00:21:35.024953000
17,2019-12-02 19:19:00.000000,2019-12-02 19:19:45.000000,2019-12-02 19:36:54.015608,2019-12-02 19:37:10.267365,,,,Onsite,2,41,50,0 days 00:00:45.000000000,0 days 00:17:25.267365000
18,2019-12-02 20:35:00.000000,2019-12-02 20:35:55.000000,2019-12-02 20:52:32.747624,2019-12-02 20:53:27.747624,2019-12-02 21:39:27.273659,2019-12-02 21:40:22.273659,2019-12-02 21:59:47.906681,Replace,2,41,50,0 days 00:00:55.000000000,0 days 00:17:32.747624000
19,2019-12-02 21:32:00.000000,2019-12-02 21:32:50.000000,2019-12-02 21:48:10.628945,2019-12-02 21:49:00.628945,2019-12-02 22:40:32.551134,2019-12-02 22:41:22.551134,2019-12-02 22:56:27.605628,Replace,2,41,50,0 days 00:00:50.000000000,0 days 00:16:10.628945000
0,2019-12-02 01:09:00.000000,2019-12-02 00:00:55.000000,2019-12-02 00:20:23.364366,2019-12-02 00:21:18.364366,2019-12-02 00:42:52.730641,2019-12-02 00:43:47.730641,2019-12-02 00:59:11.629327,Replace,3,41,50,-1 days +22:51:55.000000000,0 days 00:20:23.364366000
1,2019-12-02 01:06:00.000000,2019-12-02 01:06:50.000000,2019-12-02 01:25:39.499378,2019-12-02 01:26:29.499378,2019-12-02 02:13:17.346233,2019-12-02 02:14:07.346233,2019-12-02 02:26:52.596418,Replace,3,41,50,0 days 00:00:50.000000000,0 days 00:19:39.499378000
2,2019-12-02 02:19:00.000000,2019-12-02 02:19:45.000000,2019-12-02 02:41:56.046369,2019-12-02 02:42:01.981915,,,,Onsite,3,41,50,0 days 00:00:45.000000000,0 days 00:22:16.981915000
3,2019-12-02 03:23:00.000000,2019-12-02 03:23:30.000000,2019-12-02 03:36:55.192379,2019-12-02 03:37:25.192379,2019-12-02 04:09:03.798286,2019-12-02 04:09:33.798286,2019-12-02 04:25:38.385331,Replace,3,41,50,0 days 00:00:30.000000000,0 days 00:13:55.192379000
4,2019-12-02 04:32:00.000000,2019-12-02 04:32:35.000000,2019-12-02 04:45:49.674564,2019-12-02 04:45:54.991989,,,,Onsite,3,41,50,0 days 00:00:35.000000000,0 days 00:13:19.991989000
5,2019-12-02 05:44:00.000000,2019-12-02 05:44:50.000000,2019-12-02 06:01:51.485098,2019-12-02 06:02:41.485098,2019-12-02 06:38:28.226535,2019-12-02 06:39:18.226535,2019-12-02 06:58:39.898407,Replace,3,41,50,0 days 00:00:50.000000000,0 days 00:17:51.485098000
6,2019-12-02 06:50:00.000000,2019-12-02 06:50:35.000000,2019-12-02 07:05:18.586695,2019-12-02 07:05:53.586695,2019-12-02 07:43:33.305036,2019-12-02 07:44:08.305036,2019-12-02 07:57:37.782420,Replace,3,41,50,0 days 00:00:35.000000000,0 days 00:15:18.586695000
7,2019-12-02 07:48:00.000000,2019-12-02 07:48:25.000000,2019-12-02 08:07:13.958499,2019-12-02 08:07:38.958499,2019-12-02 08:39:41.205868,2019-12-02 08:40:06.205868,2019-12-02 08:58:33.314512,Replace,3,41,50,0 days 00:00:25.000000000,0 days 00:19:13.958499000
8,2019-12-02 08:49:00.000000,2019-12-02 08:49:45.000000,2019-12-02 09:02:52.110414,2019-12-02 09:02:55.318809,,,,Onsite,3,41,50,0 days 00:00:45.000000000,0 days 00:13:10.318809000
9,2019-12-02 09:59:00.000000,2019-12-02 09:59:50.000000,2019-12-02 10:16:23.522864,2019-12-02 10:17:13.522864,2019-12-02 10:52:01.362017,2019-12-02 10:52:51.362017,2019-12-02 11:13:25.585166,Replace,3,41,50,0 days 00:00:50.000000000,0 days 00:17:23.522864000
10,2019-12-02 11:04:00.000000,2019-12-02 11:04:45.000000,2019-12-02 11:25:31.215215,2019-12-02 11:26:16.215215,2019-12-02 12:00:07.531574,2019-12-02 12:00:52.531574,2019-12-02 12:19:52.022007,Replace,3,41,50,0 days 00:00:45.000000000,0 days 00:21:31.215215000
11,2019-12-02 12:18:00.000000,2019-12-02 12:18:45.000000,2019-12-02 12:37:24.472896,2019-12-02 12:38:09.472896,2019-12-02 13:08:15.145989,2019-12-02 13:09:00.145989,2019-12-02 13:25:29.803957,Replace,3,41,50,0 days 00:00:45.000000000,0 days 00:19:24.472896000
12,2019-12-02 13:40:00.000000,2019-12-02 13:40:55.000000,2019-12-02 14:00:43.325606,2019-12-02 14:01:38.325606,2019-12-02 14:45:06.557647,2019-12-02 14:46:01.557647,2019-12-02 15:02:50.057599,Replace,3,41,50,0 days 00:00:55.000000000,0 days 00:20:43.325606000
13,2019-12-02 14:53:00.000000,2019-12-02 14:53:35.000000,2019-12-02 15:06:56.113080,2019-12-02 15:07:31.113080,2019-12-02 15:51:34.460649,2019-12-02 15:52:09.460649,2019-12-02 16:07:40.555584,Replace,3,41,50,0 days 00:00:35.000000000,0 days 00:13:56.113080000
14,2019-12-02 16:13:00.000000,2019-12-02 16:13:55.000000,2019-12-02 16:29:34.567116,2019-12-02 16:30:29.567116,2019-12-02 17:03:19.753692,2019-12-02 17:04:14.753692,2019-12-02 17:16:30.835828,Replace,3,41,50,0 days 00:00:55.000000000,0 days 00:16:34.567116000
15,2019-12-02 17:20:00.000000,2019-12-02 17:20:45.000000,2019-12-02 17:36:13.472106,2019-12-02 17:36:58.472106,2019-12-02 18:27:55.416460,2019-12-02 18:28:40.416460,2019-12-02 18:42:50.178428,Replace,3,41,50,0 days 00:00:45.000000000,0 days 00:16:13.472106000
16,2019-12-02 18:19:00.000000,2019-12-02 18:19:30.000000,2019-12-02 18:33:50.021293,2019-12-02 18:34:11.162564,,,,Onsite,3,41,50,0 days 00:00:30.000000000,0 days 00:14:41.162564000
17,2019-12-02 19:25:00.000000,2019-12-02 19:25:35.000000,2019-12-02 19:41:21.163520,2019-12-02 19:41:32.133585,,,,Onsite,3,41,50,0 days 00:00:35.000000000,0 days 00:15:57.133585000
18,2019-12-02 20:31:00.000000,2019-12-02 20:31:50.000000,2019-12-02 20:48:42.652137,2019-12-02 20:49:09.849137,,,,Onsite,3,41,50,0 days 00:00:50.000000000,0 days 00:17:19.849137000
19,2019-12-02 21:34:00.000000,2019-12-02 21:34:45.000000,2019-12-02 21:51:30.979260,2019-12-02 21:51:49.498977,,,,Onsite,3,41,50,0 days 00:00:45.000000000,0 days 00:17:04.498977000
0,2019-12-02 01:15:00.000000,2019-12-02 00:00:45.000000,2019-12-02 00:20:54.754226,2019-12-02 00:21:07.697923,,,,Onsite,4,41,50,-1 days +22:45:45.000000000,0 days 00:20:22.697923000
1,2019-12-02 01:05:00.000000,2019-12-02 01:05:35.000000,2019-12-02 01:21:59.342622,2019-12-02 01:22:34.342622,2019-12-02 02:06:01.822312,2019-12-02 02:06:36.822312,2019-12-02 02:24:40.843916,Replace,4,41,50,0 days 00:00:35.000000000,0 days 00:16:59.342622000
2,2019-12-02 02:12:00.000000,2019-12-02 02:12:45.000000,2019-12-02 02:23:47.005191,2019-12-02 02:24:06.043267,,,,Onsite,4,41,50,0 days 00:00:45.000000000,0 days 00:11:21.043267000
3,2019-12-02 03:34:00.000000,2019-12-02 03:34:50.000000,2019-12-02 03:50:19.243754,2019-12-02 03:50:23.046996,,,,Onsite,4,41,50,0 days 00:00:50.000000000,0 days 00:15:33.046996000
4,2019-12-02 04:43:00.000000,2019-12-02 04:43:25.000000,2019-12-02 04:56:11.355897,2019-12-02 04:56:24.835218,,,,Onsite,4,41,50,0 days 00:00:25.000000000,0 days 00:12:59.835218000
5,2019-12-02 06:01:00.000000,2019-12-02 06:01:35.000000,2019-12-02 06:21:36.106608,2019-12-02 06:22:11.106608,2019-12-02 07:01:17.292749,2019-12-02 07:01:52.292749,2019-12-02 07:19:19.322703,Replace,4,41,50,0 days 00:00:35.000000000,0 days 00:20:36.106608000
6,2019-12-02 07:05:00.000000,2019-12-02 07:05:25.000000,2019-12-02 07:20:48.770497,2019-12-02 07:21:13.770497,2019-12-02 07:46:48.117288,2019-12-02 07:47:13.117288,2019-12-02 08:00:19.255189,Replace,4,41,50,0 days 00:00:25.000000000,0 days 00:15:48.770497000
7,2019-12-02 08:12:00.000000,2019-12-02 08:12:45.000000,2019-12-02 08:28:11.009811,2019-12-02 08:28:29.037619,,,,Onsite,4,41,50,0 days 00:00:45.000000000,0 days 00:15:44.037619000
8,2019-12-02 09:10:00.000000,2019-12-02 09:10:50.000000,2019-12-02 09:25:39.147082,2019-12-02 09:26:29.147082,2019-12-02 10:08:22.881674,2019-12-02 10:09:12.881674,2019-12-02 10:31:33.370744,Replace,4,41,50,0 days 00:00:50.000000000,0 days 00:15:39.147082000
9,2019-12-02 10:14:00.000000,2019-12-02 10:14:25.000000,2019-12-02 10:29:43.590938,2019-12-02 10:30:08.590938,2019-12-02 11:13:57.401743,2019-12-02 11:14:22.401743,2019-12-02 11:30:03.086111,Replace,4,41,50,0 days 00:00:25.000000000,0 days 00:15:43.590938000
10,2019-12-02 11:37:00.000000,2019-12-02 11:37:55.000000,2019-12-02 11:56:36.960047,2019-12-02 11:57:31.960047,2019-12-02 12:39:16.390005,2019-12-02 12:40:11.390005,2019-12-02 12:58:03.007031,Replace,4,41,50,0 days 00:00:55.000000000,0 days 00:19:36.960047000
11,2019-12-02 12:46:00.000000,2019-12-02 12:46:35.000000,2019-12-02 13:02:08.629785,2019-12-02 13:02:26.288965,,,,Onsite,4,41,50,0 days 00:00:35.000000000,0 days 00:15:51.288965000
12,2019-12-02 13:46:00.000000,2019-12-02 13:46:45.000000,2019-12-02 14:02:14.932974,2019-12-02 14:02:59.932974,2019-12-02 14:30:16.695155,2019-12-02 14:31:01.695155,2019-12-02 14:43:41.662346,Replace,4,41,50,0 days 00:00:45.000000000,0 days 00:16:14.932974000
13,2019-12-02 14:43:00.000000,2019-12-02 14:43:45.000000,2019-12-02 14:57:03.297105,2019-12-02 14:57:48.297105,2019-12-02 15:24:45.277375,2019-12-02 15:25:30.277375,2019-12-02 15:48:35.197332,Replace,4,41,50,0 days 00:00:45.000000000,0 days 00:14:03.297105000
14,2019-12-02 15:48:00.000000,2019-12-02 15:48:35.000000,2019-12-02 16:07:05.584249,2019-12-02 16:07:40.584249,2019-12-02 16:50:00.644866,2019-12-02 16:50:35.644866,2019-12-02 17:06:47.262292,Replace,4,41,50,0 days 00:00:35.000000000,0 days 00:19:05.584249000
15,2019-12-02 16:53:00.000000,2019-12-02 16:53:30.000000,2019-12-02 17:08:45.979604,2019-12-02 17:08:50.741626,,,,Onsite,4,41,50,0 days 00:00:30.000000000,0 days 00:15:20.741626000
16,2019-12-02 18:05:00.000000,2019-12-02 18:05:55.000000,2019-12-02 18:23:50.412834,2019-12-02 18:23:59.836854,,,,Onsite,4,41,50,0 days 00:00:55.000000000,0 days 00:18:04.836854000
17,2019-12-02 19:11:00.000000,2019-12-02 19:11:50.000000,2019-12-02 19:28:07.577528,2019-12-02 19:28:57.577528,2019-12-02 20:23:52.452872,2019-12-02 20:24:42.452872,2019-12-02 20:39:35.910546,Replace,4,41,50,0 days 00:00:50.000000000,0 days 00:17:07.577528000
18,2019-12-02 20:20:00.000000,2019-12-02 20:20:45.000000,2019-12-02 20:33:15.028178,2019-12-02 20:34:00.028178,2019-12-02 21:09:23.141904,2019-12-02 21:10:08.141904,2019-12-02 21:27:28.581771,Replace,4,41,50,0 days 00:00:45.000000000,0 days 00:13:15.028178000
0,2019-12-02 01:17:00.000000,2019-12-02 00:00:45.000000,2019-12-02 00:17:04.167984,2019-12-02 00:17:49.167984,2019-12-02 00:51:01.101800,2019-12-02 00:51:46.101800,2019-12-02 01:08:19.782143,Replace,5,41,50,-1 days +22:43:45.000000000,0 days 00:17:04.167984000
1,2019-12-02 01:22:00.000000,2019-12-02 01:22:50.000000,2019-12-02 01:35:32.897049,2019-12-02 01:36:22.897049,2019-12-02 02:05:12.873057,2019-12-02 02:06:02.873057,2019-12-02 02:29:35.770617,Replace,5,41,50,0 days 00:00:50.000000000,0 days 00:13:32.897049000
2,2019-12-02 02:39:00.000000,2019-12-02 02:39:30.000000,2019-12-02 02:55:39.422608,2019-12-02 02:56:09.422608,2019-12-02 03:25:42.368422,2019-12-02 03:26:12.368422,2019-12-02 03:44:20.855952,Replace,5,41,50,0 days 00:00:30.000000000,0 days 00:16:39.422608000
3,2019-12-02 03:54:00.000000,2019-12-02 03:54:25.000000,2019-12-02 04:13:41.406936,2019-12-02 04:14:06.406936,2019-12-02 04:42:20.027879,2019-12-02 04:42:45.027879,2019-12-02 05:00:14.003929,Replace,5,41,50,0 days 00:00:25.000000000,0 days 00:19:41.406936000
4,2019-12-02 05:08:00.000000,2019-12-02 05:08:25.000000,2019-12-02 05:24:00.614276,2019-12-02 05:24:11.427160,,,,Onsite,5,41,50,0 days 00:00:25.000000000,0 days 00:15:46.427160000
5,2019-12-02 06:14:00.000000,2019-12-02 06:14:25.000000,2019-12-02 06:26:15.053011,2019-12-02 06:26:41.964435,,,,Onsite,5,41,50,0 days 00:00:25.000000000,0 days 00:12:16.964435000
6,2019-12-02 07:30:00.000000,2019-12-02 07:30:50.000000,2019-12-02 07:45:37.422093,2019-12-02 07:46:27.422093,2019-12-02 08:11:40.744441,2019-12-02 08:12:30.744441,2019-12-02 08:27:10.302751,Replace,5,41,50,0 days 00:00:50.000000000,0 days 00:15:37.422093000
7,2019-12-02 08:33:00.000000,2019-12-02 08:33:30.000000,2019-12-02 08:43:11.882815,2019-12-02 08:43:41.882815,2019-12-02 09:12:58.934094,2019-12-02 09:13:28.934094,2019-12-02 09:27:40.922556,Replace,5,41,50,0 days 00:00:30.000000000,0 days 00:10:11.882815000
8,2019-12-02 09:39:00.000000,2019-12-02 09:39:55.000000,2019-12-02 09:56:42.190634,2019-12-02 09:56:48.213667,,,,Onsite,5,41,50,0 days 00:00:55.000000000,0 days 00:16:53.213667000
9,2019-12-02 10:38:00.000000,2019-12-02 10:38:45.000000,2019-12-02 10:53:48.093276,2019-12-02 10:54:10.472331,,,,Onsite,5,41,50,0 days 00:00:45.000000000,0 days 00:15:25.472331000
10,2019-12-02 11:44:00.000000,2019-12-02 11:44:55.000000,2019-12-02 12:00:47.093872,2019-12-02 12:01:42.093872,2019-12-02 12:29:02.758270,2019-12-02 12:29:57.758270,2019-12-02 12:44:12.746822,Replace,5,41,50,0 days 00:00:55.000000000,0 days 00:16:47.093872000
11,2019-12-02 12:49:00.000000,2019-12-02 12:49:55.000000,2019-12-02 13:07:43.436379,2019-12-02 13:08:38.436379,2019-12-02 13:48:54.219223,2019-12-02 13:49:49.219223,2019-12-02 14:07:16.258435,Replace,5,41,50,0 days 00:00:55.000000000,0 days 00:18:43.436379000
12,2019-12-02 14:00:00.000000,2019-12-02 14:00:55.000000,2019-12-02 14:13:58.596080,2019-12-02 14:14:53.596080,2019-12-02 14:51:09.253657,2019-12-02 14:52:04.253657,2019-12-02 15:11:38.627669,Replace,5,41,50,0 days 00:00:55.000000000,0 days 00:13:58.596080000
13,2019-12-02 15:12:00.000000,2019-12-02 15:12:55.000000,2019-12-02 15:33:09.702098,2019-12-02 15:33:29.741285,,,,Onsite,5,41,50,0 days 00:00:55.000000000,0 days 00:20:34.741285000
14,2019-12-02 16:19:00.000000,2019-12-02 16:19:50.000000,2019-12-02 16:34:56.413041,2019-12-02 16:35:46.413041,2019-12-02 17:17:49.194785,2019-12-02 17:18:39.194785,2019-12-02 17:29:37.998635,Replace,5,41,50,0 days 00:00:50.000000000,0 days 00:15:56.413041000
15,2019-12-02 17:37:00.000000,2019-12-02 17:37:30.000000,2019-12-02 17:52:28.314707,2019-12-02 17:52:53.242699,,,,Onsite,5,41,50,0 days 00:00:30.000000000,0 days 00:15:23.242699000
16,2019-12-02 18:47:00.000000,2019-12-02 18:47:50.000000,2019-12-02 19:05:25.444349,2019-12-02 19:06:15.444349,2019-12-02 19:36:01.248002,2019-12-02 19:36:51.248002,2019-12-02 19:50:54.893592,Replace,5,41,50,0 days 00:00:50.000000000,0 days 00:18:25.444349000
17,2019-12-02 19:53:00.000000,2019-12-02 19:53:55.000000,2019-12-02 20:05:17.249443,2019-12-02 20:05:20.254210,,,,Onsite,5,41,50,0 days 00:00:55.000000000,0 days 00:11:25.254210000
18,2019-12-02 21:02:00.000000,2019-12-02 21:02:50.000000,2019-12-02 21:20:43.679086,2019-12-02 21:20:53.671347,,,,Onsite,5,41,50,0 days 00:00:50.000000000,0 days 00:18:03.671347000
0,2019-12-02 01:00:00.000000,2019-12-02 00:00:25.000000,2019-12-02 00:23:06.740607,2019-12-02 00:23:18.320948,,,,Onsite,6,41,50,-1 days +23:00:25.000000000,0 days 00:22:53.320948000
1,2019-12-02 01:10:00.000000,2019-12-02 01:10:45.000000,2019-12-02 01:29:38.910740,2019-12-02 01:29:49.643147,,,,Onsite,6,41,50,0 days 00:00:45.000000000,0 days 00:19:04.643147000
2,2019-12-02 02:28:00.000000,2019-12-02 02:28:45.000000,2019-12-02 02:42:34.463783,2019-12-02 02:43:19.463783,2019-12-02 03:08:39.301529,2019-12-02 03:09:24.301529,2019-12-02 03:21:30.120650,Replace,6,41,50,0 days 00:00:45.000000000,0 days 00:14:34.463783000
3,2019-12-02 03:44:00.000000,2019-12-02 03:44:25.000000,2019-12-02 03:57:27.489937,2019-12-02 03:57:52.489937,2019-12-02 04:20:52.063135,2019-12-02 04:21:17.063135,2019-12-02 04:40:52.410521,Replace,6,41,50,0 days 00:00:25.000000000,0 days 00:13:27.489937000
4,2019-12-02 04:41:00.000000,2019-12-02 04:41:35.000000,2019-12-02 04:58:03.448712,2019-12-02 04:58:38.448712,2019-12-02 05:38:23.572410,2019-12-02 05:38:58.572410,2019-12-02 05:51:18.731442,Replace,6,41,50,0 days 00:00:35.000000000,0 days 00:17:03.448712000
5,2019-12-02 05:35:00.000000,2019-12-02 05:35:35.000000,2019-12-02 05:52:29.764192,2019-12-02 05:52:39.250627,,,,Onsite,6,41,50,0 days 00:00:35.000000000,0 days 00:17:04.250627000
6,2019-12-02 06:56:00.000000,2019-12-02 06:56:25.000000,2019-12-02 07:11:53.885295,2019-12-02 07:12:18.885295,2019-12-02 07:46:59.007791,2019-12-02 07:47:24.007791,2019-12-02 07:59:30.872823,Replace,6,41,50,0 days 00:00:25.000000000,0 days 00:15:53.885295000
7,2019-12-02 07:58:00.000000,2019-12-02 07:58:35.000000,2019-12-02 08:11:22.313361,2019-12-02 08:11:49.588303,,,,Onsite,6,41,50,0 days 00:00:35.000000000,0 days 00:13:14.588303000
8,2019-12-02 09:00:00.000000,2019-12-02 09:00:55.000000,2019-12-02 09:16:36.255924,2019-12-02 09:16:52.534129,,,,Onsite,6,41,50,0 days 00:00:55.000000000,0 days 00:15:57.534129000
9,2019-12-02 10:03:00.000000,2019-12-02 10:03:55.000000,2019-12-02 10:16:55.009637,2019-12-02 10:17:00.323397,,,,Onsite,6,41,50,0 days 00:00:55.000000000,0 days 00:13:05.323397000
10,2019-12-02 11:16:00.000000,2019-12-02 11:16:30.000000,2019-12-02 11:24:44.438688,2019-12-02 11:25:04.197404,,,,Onsite,6,41,50,0 days 00:00:30.000000000,0 days 00:08:34.197404000
11,2019-12-02 12:07:00.000000,2019-12-02 12:07:45.000000,2019-12-02 12:20:12.496232,2019-12-02 12:20:57.496232,2019-12-02 12:57:02.291943,2019-12-02 12:57:47.291943,2019-12-02 13:16:31.765328,Replace,6,41,50,0 days 00:00:45.000000000,0 days 00:13:12.496232000
12,2019-12-02 13:12:00.000000,2019-12-02 13:12:25.000000,2019-12-02 13:28:33.597456,2019-12-02 13:28:58.597456,2019-12-02 14:22:44.848383,2019-12-02 14:23:09.848383,2019-12-02 14:38:19.278691,Replace,6,41,50,0 days 00:00:25.000000000,0 days 00:16:33.597456000
13,2019-12-02 14:05:00.000000,2019-12-02 14:05:35.000000,2019-12-02 14:24:06.694340,2019-12-02 14:24:41.694340,2019-12-02 15:13:30.735832,2019-12-02 15:14:05.735832,2019-12-02 15:37:07.218489,Replace,6,41,50,0 days 00:00:35.000000000,0 days 00:19:06.694340000
14,2019-12-02 15:23:00.000000,2019-12-02 15:23:45.000000,2019-12-02 15:37:30.914656,2019-12-02 15:38:15.914656,2019-12-02 16:06:34.320976,2019-12-02 16:07:19.320976,2019-12-02 16:27:23.048161,Replace,6,41,50,0 days 00:00:45.000000000,0 days 00:14:30.914656000
15,2019-12-02 16:33:00.000000,2019-12-02 16:33:50.000000,2019-12-02 16:52:27.146759,2019-12-02 16:53:17.146759,2019-12-02 17:23:32.647075,2019-12-02 17:24:22.647075,2019-12-02 17:47:29.166709,Replace,6,41,50,0 days 00:00:50.000000000,0 days 00:19:27.146759000
16,2019-12-02 17:33:00.000000,2019-12-02 17:33:30.000000,2019-12-02 17:48:11.060023,2019-12-02 17:48:29.074730,,,,Onsite,6,41,50,0 days 00:00:30.000000000,0 days 00:14:59.074730000
17,2019-12-02 18:30:00.000000,2019-12-02 18:30:45.000000,2019-12-02 18:47:12.578632,2019-12-02 18:47:24.740582,,,,Onsite,6,41,50,0 days 00:00:45.000000000,0 days 00:16:39.740582000
18,2019-12-02 19:36:00.000000,2019-12-02 19:36:55.000000,2019-12-02 19:57:04.577550,2019-12-02 19:57:31.072922,,,,Onsite,6,41,50,0 days 00:00:55.000000000,0 days 00:20:36.072922000
19,2019-12-02 20:29:00.000000,2019-12-02 20:29:25.000000,2019-12-02 20:42:01.166250,2019-12-02 20:42:11.527164,,,,Onsite,6,41,50,0 days 00:00:25.000000000,0 days 00:12:46.527164000
20,2019-12-02 21:31:00.000000,2019-12-02 21:31:25.000000,2019-12-02 21:41:26.569248,2019-12-02 21:41:39.061364,,,,Onsite,6,41,50,0 days 00:00:25.000000000,0 days 00:10:14.061364000
0,2019-12-02 01:03:00.000000,2019-12-02 00:00:50.000000,2019-12-02 00:16:41.562491,2019-12-02 00:17:31.562491,2019-12-02 00:53:31.516948,2019-12-02 00:54:21.516948,2019-12-02 01:11:50.488866,Replace,7,41,50,-1 days +22:57:50.000000000,0 days 00:16:41.562491000
1,2019-12-02 01:16:00.000000,2019-12-02 01:16:55.000000,2019-12-02 01:31:40.725600,2019-12-02 01:32:35.725600,2019-12-02 02:14:49.230657,2019-12-02 02:15:44.230657,2019-12-02 02:30:43.421144,Replace,7,41,50,0 days 00:00:55.000000000,0 days 00:15:40.725600000
2,2019-12-02 02:29:00.000000,2019-12-02 02:29:55.000000,2019-12-02 02:46:48.286133,2019-12-02 02:47:43.286133,2019-12-02 03:12:33.338430,2019-12-02 03:13:28.338430,2019-12-02 03:26:30.813400,Replace,7,41,50,0 days 00:00:55.000000000,0 days 00:17:48.286133000
3,2019-12-02 03:28:00.000000,2019-12-02 03:28:35.000000,2019-12-02 03:42:16.341018,2019-12-02 03:42:20.651685,,,,Onsite,7,41,50,0 days 00:00:35.000000000,0 days 00:13:45.651685000
4,2019-12-02 04:39:00.000000,2019-12-02 04:39:55.000000,2019-12-02 04:53:59.231527,2019-12-02 04:54:20.666280,,,,Onsite,7,41,50,0 days 00:00:55.000000000,0 days 00:14:25.666280000
5,2019-12-02 05:28:00.000000,2019-12-02 05:28:45.000000,2019-12-02 05:44:11.185880,2019-12-02 05:44:56.185880,2019-12-02 06:21:47.269463,2019-12-02 06:22:32.269463,2019-12-02 06:33:04.122276,Replace,7,41,50,0 days 00:00:45.000000000,0 days 00:16:11.185880000
6,2019-12-02 06:33:00.000000,2019-12-02 06:33:45.000000,2019-12-02 06:55:38.278743,2019-12-02 06:56:23.278743,2019-12-02 07:55:47.737013,2019-12-02 07:56:32.737013,2019-12-02 08:09:55.073461,Replace,7,41,50,0 days 00:00:45.000000000,0 days 00:22:38.278743000
7,2019-12-02 07:37:00.000000,2019-12-02 07:37:35.000000,2019-12-02 07:53:11.005728,2019-12-02 07:53:46.005728,2019-12-02 08:35:39.172015,2019-12-02 08:36:14.172015,2019-12-02 08:50:50.452268,Replace,7,41,50,0 days 00:00:35.000000000,0 days 00:16:11.005728000
8,2019-12-02 08:51:00.000000,2019-12-02 08:51:30.000000,2019-12-02 09:04:01.669425,2019-12-02 09:04:31.669425,2019-12-02 09:29:02.110963,2019-12-02 09:29:32.110963,2019-12-02 09:49:13.545491,Replace,7,41,50,0 days 00:00:30.000000000,0 days 00:13:01.669425000
9,2019-12-02 09:58:00.000000,2019-12-02 09:58:55.000000,2019-12-02 10:13:52.244411,2019-12-02 10:14:47.244411,2019-12-02 10:48:13.553939,2019-12-02 10:49:08.553939,2019-12-02 11:01:00.089042,Replace,7,41,50,0 days 00:00:55.000000000,0 days 00:15:52.244411000
10,2019-12-02 10:55:00.000000,2019-12-02 10:55:35.000000,2019-12-02 11:10:26.304842,2019-12-02 11:11:01.304842,2019-12-02 11:41:36.461705,2019-12-02 11:42:11.461705,2019-12-02 11:57:03.384871,Replace,7,41,50,0 days 00:00:35.000000000,0 days 00:15:26.304842000
11,2019-12-02 11:57:00.000000,2019-12-02 11:57:45.000000,2019-12-02 12:15:58.079658,2019-12-02 12:16:43.079658,2019-12-02 13:01:09.712191,2019-12-02 13:01:54.712191,2019-12-02 13:14:15.753597,Replace,7,41,50,0 days 00:00:45.000000000,0 days 00:18:58.079658000
12,2019-12-02 12:56:00.000000,2019-12-02 12:56:45.000000,2019-12-02 13:11:45.192046,2019-12-02 13:12:07.874175,,,,Onsite,7,41,50,0 days 00:00:45.000000000,0 days 00:15:22.874175000
13,2019-12-02 13:34:00.000000,2019-12-02 13:34:55.000000,2019-12-02 13:53:30.919106,2019-12-02 13:54:25.919106,2019-12-02 14:28:16.272925,2019-12-02 14:29:11.272925,2019-12-02 14:41:24.842192,Replace,7,41,50,0 days 00:00:55.000000000,0 days 00:19:30.919106000
14,2019-12-02 14:44:00.000000,2019-12-02 14:44:45.000000,2019-12-02 15:01:35.830144,2019-12-02 15:02:20.830144,2019-12-02 15:34:59.904257,2019-12-02 15:35:44.904257,2019-12-02 15:49:52.680180,Replace,7,41,50,0 days 00:00:45.000000000,0 days 00:17:35.830144000
15,2019-12-02 15:56:00.000000,2019-12-02 15:56:50.000000,2019-12-02 16:09:59.571618,2019-12-02 16:10:49.571618,2019-12-02 16:36:38.387494,2019-12-02 16:37:28.387494,2019-12-02 16:58:24.285077,Replace,7,41,50,0 days 00:00:50.000000000,0 days 00:13:59.571618000
16,2019-12-02 17:13:00.000000,2019-12-02 17:13:25.000000,2019-12-02 17:27:29.432596,2019-12-02 17:27:44.110377,,,,Onsite,7,41,50,0 days 00:00:25.000000000,0 days 00:14:19.110377000
17,2019-12-02 18:25:00.000000,2019-12-02 18:25:50.000000,2019-12-02 18:38:48.377464,2019-12-02 18:39:38.377464,2019-12-02 19:11:47.052499,2019-12-02 19:12:37.052499,2019-12-02 19:28:28.271757,Replace,7,41,50,0 days 00:00:50.000000000,0 days 00:13:48.377464000
18,2019-12-02 19:31:00.000000,2019-12-02 19:31:25.000000,2019-12-02 19:49:56.254162,2019-12-02 19:50:10.797927,,,,Onsite,7,41,50,0 days 00:00:25.000000000,0 days 00:18:45.797927000
19,2019-12-02 20:26:00.000000,2019-12-02 20:26:25.000000,2019-12-02 20:42:58.386943,2019-12-02 20:43:22.676636,,,,Onsite,7,41,50,0 days 00:00:25.000000000,0 days 00:16:57.676636000
0,2019-12-02 01:08:00.000000,2019-12-02 00:00:50.000000,2019-12-02 00:17:43.491662,2019-12-02 00:18:33.491662,2019-12-02 00:55:42.073350,2019-12-02 00:56:32.073350,2019-12-02 01:11:47.135751,Replace,8,41,50,-1 days +22:52:50.000000000,0 days 00:17:43.491662000
1,2019-12-02 01:08:00.000000,2019-12-02 01:08:35.000000,2019-12-02 01:23:56.621729,2019-12-02 01:24:31.621729,2019-12-02 01:53:18.610494,2019-12-02 01:53:53.610494,2019-12-02 02:12:36.219303,Replace,8,41,50,0 days 00:00:35.000000000,0 days 00:15:56.621729000
2,2019-12-02 02:27:00.000000,2019-12-02 02:27:50.000000,2019-12-02 02:47:52.287032,2019-12-02 02:48:04.360732,,,,Onsite,8,41,50,0 days 00:00:50.000000000,0 days 00:20:14.360732000
3,2019-12-02 03:26:00.000000,2019-12-02 03:26:30.000000,2019-12-02 03:42:58.566206,2019-12-02 03:43:27.536310,,,,Onsite,8,41,50,0 days 00:00:30.000000000,0 days 00:16:57.536310000
4,2019-12-02 04:34:00.000000,2019-12-02 04:34:45.000000,2019-12-02 04:54:44.600594,2019-12-02 04:55:29.600594,2019-12-02 05:39:03.077202,2019-12-02 05:39:48.077202,2019-12-02 06:00:21.106484,Replace,8,41,50,0 days 00:00:45.000000000,0 days 00:20:44.600594000
5,2019-12-02 05:32:00.000000,2019-12-02 05:32:55.000000,2019-12-02 05:50:55.626805,2019-12-02 05:51:10.842398,,,,Onsite,8,41,50,0 days 00:00:55.000000000,0 days 00:18:15.842398000
6,2019-12-02 06:44:00.000000,2019-12-02 06:44:45.000000,2019-12-02 06:59:20.280697,2019-12-02 07:00:01.649769,,,,Onsite,8,41,50,0 days 00:00:45.000000000,0 days 00:15:16.649769000
7,2019-12-02 07:48:00.000000,2019-12-02 07:48:50.000000,2019-12-02 08:06:45.814254,2019-12-02 08:07:35.814254,2019-12-02 08:48:09.834063,2019-12-02 08:48:59.834063,2019-12-02 09:01:25.530320,Replace,8,41,50,0 days 00:00:50.000000000,0 days 00:18:45.814254000
8,2019-12-02 08:51:00.000000,2019-12-02 08:51:35.000000,2019-12-02 09:13:19.534778,2019-12-02 09:13:26.533339,,,,Onsite,8,41,50,0 days 00:00:35.000000000,0 days 00:21:51.533339000
9,2019-12-02 11:35:00.000000,2019-12-02 11:35:25.000000,2019-12-02 11:47:53.246766,2019-12-02 11:48:06.836488,,,,Onsite,8,41,50,0 days 00:00:25.000000000,0 days 00:12:41.836488000
10,2019-12-02 10:17:00.000000,2019-12-02 10:17:35.000000,2019-12-02 10:33:09.608747,2019-12-02 10:33:44.608747,2019-12-02 11:19:39.312127,2019-12-02 11:20:14.312127,2019-12-02 11:35:17.659672,Replace,8,41,50,0 days 00:00:35.000000000,0 days 00:16:09.608747000
11,2019-12-02 12:43:00.000000,2019-12-02 12:43:45.000000,2019-12-02 13:00:30.732026,2019-12-02 13:00:36.035408,,,,Onsite,8,41,50,0 days 00:00:45.000000000,0 days 00:16:51.035408000
12,2019-12-02 14:01:00.000000,2019-12-02 14:01:35.000000,2019-12-02 14:20:21.365172,2019-12-02 14:20:31.547233,,,,Onsite,8,41,50,0 days 00:00:35.000000000,0 days 00:18:56.547233000
13,2019-12-02 14:56:00.000000,2019-12-02 14:56:35.000000,2019-12-02 15:11:17.251349,2019-12-02 15:11:52.251349,2019-12-02 15:43:22.730734,2019-12-02 15:43:57.730734,2019-12-02 15:58:10.350230,Replace,8,41,50,0 days 00:00:35.000000000,0 days 00:15:17.251349000
14,2019-12-02 16:12:00.000000,2019-12-02 16:12:35.000000,2019-12-02 16:27:43.568320,2019-12-02 16:28:09.058612,,,,Onsite,8,41,50,0 days 00:00:35.000000000,0 days 00:15:34.058612000
15,2019-12-02 17:23:00.000000,2019-12-02 17:23:55.000000,2019-12-02 17:37:59.298312,2019-12-02 17:38:54.298312,2019-12-02 18:02:41.993030,2019-12-02 18:03:36.993030,2019-12-02 18:18:17.056966,Replace,8,41,50,0 days 00:00:55.000000000,0 days 00:14:59.298312000
16,2019-12-02 18:44:00.000000,2019-12-02 18:44:30.000000,2019-12-02 18:58:13.878599,2019-12-02 18:58:43.878599,2019-12-02 19:29:43.456708,2019-12-02 19:30:13.456708,2019-12-02 19:48:45.000028,Replace,8,41,50,0 days 00:00:30.000000000,0 days 00:14:13.878599000
17,2019-12-02 19:40:00.000000,2019-12-02 19:40:35.000000,2019-12-02 19:58:46.094648,2019-12-02 19:58:59.447295,,,,Onsite,8,41,50,0 days 00:00:35.000000000,0 days 00:18:24.447295000
18,2019-12-02 20:41:00.000000,2019-12-02 20:41:35.000000,2019-12-02 21:00:21.425074,2019-12-02 21:00:31.292109,,,,Onsite,8,41,50,0 days 00:00:35.000000000,0 days 00:18:56.292109000
19,2019-12-02 21:56:00.000000,2019-12-02 21:56:35.000000,2019-12-02 22:11:49.698840,2019-12-02 22:12:14.137291,,,,Onsite,8,41,50,0 days 00:00:35.000000000,0 days 00:15:39.137291000
0,2019-12-02 01:02:00.000000,2019-12-02 00:00:30.000000,2019-12-02 00:14:59.762908,2019-12-02 00:15:29.184532,,,,Onsite,9,41,50,-1 days +22:58:30.000000000,0 days 00:14:59.184532000
1,2019-12-02 01:10:00.000000,2019-12-02 01:10:35.000000,2019-12-02 01:30:13.815836,2019-12-02 01:30:48.815836,2019-12-02 02:17:59.843328,2019-12-02 02:18:34.843328,2019-12-02 02:31:22.197690,Replace,9,41,50,0 days 00:00:35.000000000,0 days 00:20:13.815836000
2,2019-12-02 02:27:00.000000,2019-12-02 02:27:35.000000,2019-12-02 02:42:38.538164,2019-12-02 02:43:13.538164,2019-12-02 03:17:57.003825,2019-12-02 03:18:32.003825,2019-12-02 03:36:28.906067,Replace,9,41,50,0 days 00:00:35.000000000,0 days 00:15:38.538164000
3,2019-12-02 03:43:00.000000,2019-12-02 03:43:45.000000,2019-12-02 03:57:59.533345,2019-12-02 03:58:12.455277,,,,Onsite,9,41,50,0 days 00:00:45.000000000,0 days 00:14:27.455277000
4,2019-12-02 05:05:00.000000,2019-12-02 05:05:55.000000,2019-12-02 05:20:19.011899,2019-12-02 05:20:31.721277,,,,Onsite,9,41,50,0 days 00:00:55.000000000,0 days 00:14:36.721277000
5,2019-12-02 06:04:00.000000,2019-12-02 06:04:25.000000,2019-12-02 06:23:54.561464,2019-12-02 06:24:19.561464,2019-12-02 06:48:03.496912,2019-12-02 06:48:28.496912,2019-12-02 07:03:26.559024,Replace,9,41,50,0 days 00:00:25.000000000,0 days 00:19:54.561464000
6,2019-12-02 07:21:00.000000,2019-12-02 07:21:50.000000,2019-12-02 07:36:55.563830,2019-12-02 07:37:18.497655,,,,Onsite,9,41,50,0 days 00:00:50.000000000,0 days 00:15:28.497655000
7,2019-12-02 08:38:00.000000,2019-12-02 08:38:30.000000,2019-12-02 08:55:01.608738,2019-12-02 08:55:19.997531,,,,Onsite,9,41,50,0 days 00:00:30.000000000,0 days 00:16:49.997531000
8,2019-12-02 09:53:00.000000,2019-12-02 09:53:45.000000,2019-12-02 10:10:38.998971,2019-12-02 10:11:23.998971,2019-12-02 10:51:53.998971,2019-12-02 10:52:38.998971,2019-12-02 11:13:40.981084,Replace,9,41,50,0 days 00:00:45.000000000,0 days 00:17:38.998971000
9,2019-12-02 10:58:00.000000,2019-12-02 10:58:35.000000,2019-12-02 11:17:28.968571,2019-12-02 11:18:03.968571,2019-12-02 12:03:03.622764,2019-12-02 12:03:38.622764,2019-12-02 12:24:47.428546,Replace,9,41,50,0 days 00:00:35.000000000,0 days 00:19:28.968571000
10,2019-12-02 12:09:00.000000,2019-12-02 12:09:35.000000,2019-12-02 12:21:58.646750,2019-12-02 12:22:15.801934,,,,Onsite,9,41,50,0 days 00:00:35.000000000,0 days 00:12:40.801934000
11,2019-12-02 13:09:00.000000,2019-12-02 13:09:45.000000,2019-12-02 13:26:06.121486,2019-12-02 13:26:51.121486,2019-12-02 13:52:49.896237,2019-12-02 13:53:34.896237,2019-12-02 14:07:03.583422,Replace,9,41,50,0 days 00:00:45.000000000,0 days 00:17:06.121486000
12,2019-12-02 14:25:00.000000,2019-12-02 14:25:50.000000,2019-12-02 14:36:18.967097,2019-12-02 14:37:08.967097,2019-12-02 15:10:34.992976,2019-12-02 15:11:24.992976,2019-12-02 15:29:23.425627,Replace,9,41,50,0 days 00:00:50.000000000,0 days 00:11:18.967097000
13,2019-12-02 15:36:00.000000,2019-12-02 15:36:45.000000,2019-12-02 15:53:09.780526,2019-12-02 15:53:54.780526,2019-12-02 16:20:46.333351,2019-12-02 16:21:31.333351,2019-12-02 16:33:15.940194,Replace,9,41,50,0 days 00:00:45.000000000,0 days 00:17:09.780526000
14,2019-12-02 16:38:00.000000,2019-12-02 16:38:55.000000,2019-12-02 16:55:07.070419,2019-12-02 16:55:21.521331,,,,Onsite,9,41,50,0 days 00:00:55.000000000,0 days 00:16:26.521331000
15,2019-12-02 17:59:00.000000,2019-12-02 17:59:35.000000,2019-12-02 18:21:05.010350,2019-12-02 18:21:40.010350,2019-12-02 18:52:52.005183,2019-12-02 18:53:27.005183,2019-12-02 19:08:56.118999,Replace,9,41,50,0 days 00:00:35.000000000,0 days 00:22:05.010350000
16,2019-12-02 19:08:00.000000,2019-12-02 19:08:50.000000,2019-12-02 19:25:44.725285,2019-12-02 19:25:57.190076,,,,Onsite,9,41,50,0 days 00:00:50.000000000,0 days 00:17:07.190076000
17,2019-12-02 20:07:00.000000,2019-12-02 20:07:30.000000,2019-12-02 20:22:50.803043,2019-12-02 20:23:20.803043,2019-12-02 21:05:55.328386,2019-12-02 21:06:25.328386,2019-12-02 21:23:26.151760,Replace,9,41,50,0 days 00:00:30.000000000,0 days 00:15:50.803043000
18,2019-12-02 21:26:00.000000,2019-12-02 21:26:25.000000,2019-12-02 21:38:21.590092,2019-12-02 21:38:46.590092,2019-12-02 22:07:08.733344,2019-12-02 22:07:33.733344,2019-12-02 22:28:25.073489,Replace,9,41,50,0 days 00:00:25.000000000,0 days 00:12:21.590092000
19,2019-12-02 22:24:00.000000,2019-12-02 22:24:45.000000,2019-12-02 22:40:20.452076,2019-12-02 22:40:34.763162,,,,Onsite,9,41,50,0 days 00:00:45.000000000,0 days 00:15:49.763162000
0,2019-12-02 01:02:00.000000,2019-12-02 01:02:50.000000,2019-12-02 01:20:09.253249,2019-12-02 01:20:59.253249,2019-12-02 01:50:35.872649,2019-12-02 01:51:25.872649,2019-12-02 02:11:21.414877,Replace,1,42,40,0 days 00:00:50.000000000,0 days 00:18:09.253249000
1,2019-12-02 01:03:00.000000,2019-12-02 00:00:45.000000,2019-12-02 00:14:32.006217,2019-12-02 00:15:17.006217,2019-12-02 01:01:32.912147,2019-12-02 01:02:17.912147,2019-12-02 01:17:53.957000,Replace,1,42,40,-1 days +22:57:45.000000000,0 days 00:14:32.006217000
2,2019-12-02 02:23:00.000000,2019-12-02 02:23:35.000000,2019-12-02 02:37:35.406176,2019-12-02 02:38:10.406176,2019-12-02 03:14:46.257708,2019-12-02 03:15:21.257708,2019-12-02 03:29:17.220793,Replace,1,42,40,0 days 00:00:35.000000000,0 days 00:14:35.406176000
3,2019-12-02 03:40:00.000000,2019-12-02 03:40:50.000000,2019-12-02 03:55:04.598278,2019-12-02 03:55:54.598278,2019-12-02 04:19:40.664674,2019-12-02 04:20:30.664674,2019-12-02 04:34:22.692001,Replace,1,42,40,0 days 00:00:50.000000000,0 days 00:15:04.598278000
4,2019-12-02 04:48:00.000000,2019-12-02 04:48:45.000000,2019-12-02 05:05:16.136233,2019-12-02 05:06:01.136233,2019-12-02 05:41:54.017153,2019-12-02 05:42:39.017153,2019-12-02 05:57:00.382108,Replace,1,42,40,0 days 00:00:45.000000000,0 days 00:17:16.136233000
5,2019-12-02 06:01:00.000000,2019-12-02 06:01:35.000000,2019-12-02 06:18:22.793616,2019-12-02 06:18:57.793616,2019-12-02 07:05:38.071513,2019-12-02 07:06:13.071513,2019-12-02 07:20:14.997834,Replace,1,42,40,0 days 00:00:35.000000000,0 days 00:17:22.793616000
6,2019-12-02 07:02:00.000000,2019-12-02 07:02:45.000000,2019-12-02 07:12:42.345744,2019-12-02 07:13:27.345744,2019-12-02 07:47:00.471784,2019-12-02 07:47:45.471784,2019-12-02 08:02:03.029550,Replace,1,42,40,0 days 00:00:45.000000000,0 days 00:10:42.345744000
7,2019-12-02 08:15:00.000000,2019-12-02 08:15:30.000000,2019-12-02 08:32:44.452807,2019-12-02 08:32:51.922377,,,,Onsite,1,42,40,0 days 00:00:30.000000000,0 days 00:17:21.922377000
8,2019-12-02 09:22:00.000000,2019-12-02 09:22:35.000000,2019-12-02 09:43:12.605697,2019-12-02 09:43:47.605697,2019-12-02 10:15:01.189596,2019-12-02 10:15:36.189596,2019-12-02 10:29:30.084954,Replace,1,42,40,0 days 00:00:35.000000000,0 days 00:21:12.605697000
9,2019-12-02 10:31:00.000000,2019-12-02 10:31:35.000000,2019-12-02 10:39:34.719133,2019-12-02 10:40:09.719133,2019-12-02 11:22:38.384325,2019-12-02 11:23:13.384325,2019-12-02 11:43:28.726725,Replace,1,42,40,0 days 00:00:35.000000000,0 days 00:08:34.719133000
10,2019-12-02 11:32:00.000000,2019-12-02 11:32:50.000000,2019-12-02 11:47:11.339295,2019-12-02 11:47:22.267730,,,,Onsite,1,42,40,0 days 00:00:50.000000000,0 days 00:14:32.267730000
11,2019-12-02 12:44:00.000000,2019-12-02 12:44:25.000000,2019-12-02 13:00:59.551579,2019-12-02 13:01:09.839562,,,,Onsite,1,42,40,0 days 00:00:25.000000000,0 days 00:16:44.839562000
12,2019-12-02 13:57:00.000000,2019-12-02 13:57:55.000000,2019-12-02 14:20:12.066991,2019-12-02 14:21:07.066991,2019-12-02 15:09:39.024465,2019-12-02 15:10:34.024465,2019-12-02 15:23:16.719828,Replace,1,42,40,0 days 00:00:55.000000000,0 days 00:23:12.066991000
13,2019-12-02 15:00:00.000000,2019-12-02 15:00:45.000000,2019-12-02 15:19:35.411357,2019-12-02 15:19:46.888109,,,,Onsite,1,42,40,0 days 00:00:45.000000000,0 days 00:19:01.888109000
14,2019-12-02 15:58:00.000000,2019-12-02 15:58:45.000000,2019-12-02 16:12:50.372907,2019-12-02 16:13:00.926205,,,,Onsite,1,42,40,0 days 00:00:45.000000000,0 days 00:14:15.926205000
15,2019-12-02 16:55:00.000000,2019-12-02 16:55:45.000000,2019-12-02 17:16:57.409284,2019-12-02 17:17:42.409284,2019-12-02 17:53:55.455988,2019-12-02 17:54:40.455988,2019-12-02 18:11:07.116391,Replace,1,42,40,0 days 00:00:45.000000000,0 days 00:21:57.409284000
16,2019-12-02 17:59:00.000000,2019-12-02 17:59:45.000000,2019-12-02 18:17:59.540088,2019-12-02 18:18:02.987213,,,,Onsite,1,42,40,0 days 00:00:45.000000000,0 days 00:18:17.987213000
17,2019-12-02 19:13:00.000000,2019-12-02 19:13:35.000000,2019-12-02 19:30:50.998159,2019-12-02 19:31:25.998159,2019-12-02 19:59:38.353009,2019-12-02 20:00:13.353009,2019-12-02 20:20:37.397299,Replace,1,42,40,0 days 00:00:35.000000000,0 days 00:17:50.998159000
18,2019-12-02 20:26:00.000000,2019-12-02 20:26:50.000000,2019-12-02 20:42:15.204548,2019-12-02 20:43:05.204548,2019-12-02 21:25:35.730442,2019-12-02 21:26:25.730442,2019-12-02 21:51:15.276852,Replace,1,42,40,0 days 00:00:50.000000000,0 days 00:16:15.204548000
19,2019-12-02 21:33:00.000000,2019-12-02 21:33:45.000000,2019-12-02 21:46:46.058361,2019-12-02 21:47:31.058361,2019-12-02 22:11:59.331863,2019-12-02 22:12:44.331863,2019-12-02 22:31:39.858223,Replace,1,42,40,0 days 00:00:45.000000000,0 days 00:13:46.058361000
0,2019-12-02 01:07:00.000000,2019-12-02 00:00:55.000000,2019-12-02 00:19:08.023682,2019-12-02 00:19:15.725634,,,,Onsite,2,42,40,-1 days +22:53:55.000000000,0 days 00:18:20.725634000
1,2019-12-02 01:16:00.000000,2019-12-02 01:16:50.000000,2019-12-02 01:33:02.130762,2019-12-02 01:33:18.978313,,,,Onsite,2,42,40,0 days 00:00:50.000000000,0 days 00:16:28.978313000
2,2019-12-02 02:23:00.000000,2019-12-02 02:23:50.000000,2019-12-02 02:43:25.821659,2019-12-02 02:44:15.821659,2019-12-02 03:25:13.830020,2019-12-02 03:26:03.830020,2019-12-02 03:43:03.453397,Replace,2,42,40,0 days 00:00:50.000000000,0 days 00:20:25.821659000
3,2019-12-02 03:36:00.000000,2019-12-02 03:36:35.000000,2019-12-02 03:51:43.529796,2019-12-02 03:52:18.529796,2019-12-02 04:18:03.790986,2019-12-02 04:18:38.790986,2019-12-02 04:35:39.641530,Replace,2,42,40,0 days 00:00:35.000000000,0 days 00:15:43.529796000
4,2019-12-02 04:48:00.000000,2019-12-02 04:48:55.000000,2019-12-02 04:58:32.523650,2019-12-02 04:59:27.523650,2019-12-02 05:39:30.691361,2019-12-02 05:40:25.691361,2019-12-02 05:55:48.927253,Replace,2,42,40,0 days 00:00:55.000000000,0 days 00:10:32.523650000
5,2019-12-02 06:00:00.000000,2019-12-02 06:00:50.000000,2019-12-02 06:20:07.477018,2019-12-02 06:20:21.632410,,,,Onsite,2,42,40,0 days 00:00:50.000000000,0 days 00:19:31.632410000
6,2019-12-02 07:08:00.000000,2019-12-02 07:08:50.000000,2019-12-02 07:29:10.564247,2019-12-02 07:30:00.564247,2019-12-02 08:18:27.663320,2019-12-02 08:19:17.663320,2019-12-02 08:38:20.174547,Replace,2,42,40,0 days 00:00:50.000000000,0 days 00:21:10.564247000
7,2019-12-02 08:26:00.000000,2019-12-02 08:26:45.000000,2019-12-02 08:43:40.819985,2019-12-02 08:44:25.819985,2019-12-02 09:20:09.879263,2019-12-02 09:20:54.879263,2019-12-02 09:37:07.301652,Replace,2,42,40,0 days 00:00:45.000000000,0 days 00:17:40.819985000
8,2019-12-02 09:24:00.000000,2019-12-02 09:24:25.000000,2019-12-02 09:37:14.769891,2019-12-02 09:37:39.769891,2019-12-02 10:11:29.315640,2019-12-02 10:11:54.315640,2019-12-02 10:34:01.535009,Replace,2,42,40,0 days 00:00:25.000000000,0 days 00:13:14.769891000
9,2019-12-02 10:31:00.000000,2019-12-02 10:31:45.000000,2019-12-02 10:44:33.447173,2019-12-02 10:44:55.354152,,,,Onsite,2,42,40,0 days 00:00:45.000000000,0 days 00:13:10.354152000
10,2019-12-02 11:48:00.000000,2019-12-02 11:48:35.000000,2019-12-02 12:05:41.284904,2019-12-02 12:06:16.284904,2019-12-02 12:56:12.585233,2019-12-02 12:56:47.585233,2019-12-02 13:14:51.875560,Replace,2,42,40,0 days 00:00:35.000000000,0 days 00:17:41.284904000
11,2019-12-02 12:52:00.000000,2019-12-02 12:52:55.000000,2019-12-02 13:12:46.335686,2019-12-02 13:13:41.335686,2019-12-02 13:39:46.873761,2019-12-02 13:40:41.873761,2019-12-02 13:56:37.815811,Replace,2,42,40,0 days 00:00:55.000000000,0 days 00:20:46.335686000
12,2019-12-02 13:54:00.000000,2019-12-02 13:54:45.000000,2019-12-02 14:12:15.326117,2019-12-02 14:13:00.326117,2019-12-02 14:42:41.938402,2019-12-02 14:43:26.938402,2019-12-02 15:00:47.258799,Replace,2,42,40,0 days 00:00:45.000000000,0 days 00:18:15.326117000
13,2019-12-02 15:06:00.000000,2019-12-02 15:06:30.000000,2019-12-02 15:20:41.534172,2019-12-02 15:21:11.534172,2019-12-02 15:52:40.097254,2019-12-02 15:53:10.097254,2019-12-02 16:16:31.186159,Replace,2,42,40,0 days 00:00:30.000000000,0 days 00:14:41.534172000
14,2019-12-02 16:20:00.000000,2019-12-02 16:20:35.000000,2019-12-02 16:34:53.617374,2019-12-02 16:35:28.617374,2019-12-02 17:13:17.426975,2019-12-02 17:13:52.426975,2019-12-02 17:34:05.245943,Replace,2,42,40,0 days 00:00:35.000000000,0 days 00:14:53.617374000
15,2019-12-02 17:42:00.000000,2019-12-02 17:42:45.000000,2019-12-02 17:59:12.317828,2019-12-02 17:59:57.317828,2019-12-02 18:32:21.083281,2019-12-02 18:33:06.083281,2019-12-02 18:52:35.268479,Replace,2,42,40,0 days 00:00:45.000000000,0 days 00:17:12.317828000
16,2019-12-02 18:33:00.000000,2019-12-02 18:33:50.000000,2019-12-02 18:54:55.059030,2019-12-02 18:55:45.059030,2019-12-02 19:22:43.111395,2019-12-02 19:23:33.111395,2019-12-02 19:44:29.882612,Replace,2,42,40,0 days 00:00:50.000000000,0 days 00:21:55.059030000
17,2019-12-02 19:35:00.000000,2019-12-02 19:35:25.000000,2019-12-02 19:46:52.161773,2019-12-02 19:47:17.161773,2019-12-02 20:26:53.304904,2019-12-02 20:27:18.304904,2019-12-02 20:42:46.105525,Replace,2,42,40,0 days 00:00:25.000000000,0 days 00:11:52.161773000
18,2019-12-02 20:39:00.000000,2019-12-02 20:39:45.000000,2019-12-02 20:54:57.031566,2019-12-02 20:55:42.031566,2019-12-02 21:48:33.854157,2019-12-02 21:49:18.854157,2019-12-02 22:02:40.584872,Replace,2,42,40,0 days 00:00:45.000000000,0 days 00:15:57.031566000
0,2019-12-02 01:00:00.000000,2019-12-02 00:00:25.000000,2019-12-02 00:15:16.237828,2019-12-02 00:15:41.237828,2019-12-02 00:55:49.491425,2019-12-02 00:56:14.491425,2019-12-02 01:15:03.851524,Replace,3,42,40,-1 days +23:00:25.000000000,0 days 00:15:16.237828000
1,2019-12-02 00:59:00.000000,2019-12-02 00:59:35.000000,2019-12-02 01:18:42.803917,2019-12-02 01:19:10.853842,,,,Onsite,3,42,40,0 days 00:00:35.000000000,0 days 00:19:35.853842000
2,2019-12-02 02:09:00.000000,2019-12-02 02:09:45.000000,2019-12-02 02:23:02.566854,2019-12-02 02:23:47.566854,2019-12-02 03:19:24.338106,2019-12-02 03:20:09.338106,2019-12-02 03:38:37.529873,Replace,3,42,40,0 days 00:00:45.000000000,0 days 00:14:02.566854000
3,2019-12-02 03:15:00.000000,2019-12-02 03:15:45.000000,2019-12-02 03:33:41.341544,2019-12-02 03:33:57.597043,,,,Onsite,3,42,40,0 days 00:00:45.000000000,0 days 00:18:12.597043000
4,2019-12-02 04:20:00.000000,2019-12-02 04:20:30.000000,2019-12-02 04:35:45.489341,2019-12-02 04:36:15.489341,2019-12-02 05:24:21.106917,2019-12-02 05:24:51.106917,2019-12-02 05:45:24.697297,Replace,3,42,40,0 days 00:00:30.000000000,0 days 00:15:45.489341000
5,2019-12-02 05:21:00.000000,2019-12-02 05:21:30.000000,2019-12-02 05:40:13.922916,2019-12-02 05:40:43.922916,2019-12-02 06:12:15.755122,2019-12-02 06:12:45.755122,2019-12-02 06:31:28.976825,Replace,3,42,40,0 days 00:00:30.000000000,0 days 00:19:13.922916000
6,2019-12-02 06:34:00.000000,2019-12-02 06:34:30.000000,2019-12-02 06:51:40.787040,2019-12-02 06:52:16.115328,,,,Onsite,3,42,40,0 days 00:00:30.000000000,0 days 00:17:46.115328000
7,2019-12-02 07:41:00.000000,2019-12-02 07:41:25.000000,2019-12-02 07:58:03.174066,2019-12-02 07:58:15.180347,,,,Onsite,3,42,40,0 days 00:00:25.000000000,0 days 00:16:50.180347000
8,2019-12-02 08:47:00.000000,2019-12-02 08:47:45.000000,2019-12-02 09:03:30.545257,2019-12-02 09:04:15.545257,2019-12-02 09:38:55.219258,2019-12-02 09:39:40.219258,2019-12-02 09:54:02.795221,Replace,3,42,40,0 days 00:00:45.000000000,0 days 00:16:30.545257000
9,2019-12-02 10:06:00.000000,2019-12-02 10:06:45.000000,2019-12-02 10:21:29.227862,2019-12-02 10:22:14.227862,2019-12-02 11:09:12.465810,2019-12-02 11:09:57.465810,2019-12-02 11:27:50.853115,Replace,3,42,40,0 days 00:00:45.000000000,0 days 00:15:29.227862000
10,2019-12-02 11:17:00.000000,2019-12-02 11:17:45.000000,2019-12-02 11:34:38.622395,2019-12-02 11:35:03.292498,,,,Onsite,3,42,40,0 days 00:00:45.000000000,0 days 00:17:18.292498000
11,2019-12-02 12:27:00.000000,2019-12-02 12:27:50.000000,2019-12-02 12:46:17.094387,2019-12-02 12:46:23.355519,,,,Onsite,3,42,40,0 days 00:00:50.000000000,0 days 00:18:33.355519000
12,2019-12-02 13:41:00.000000,2019-12-02 13:41:25.000000,2019-12-02 14:00:34.713295,2019-12-02 14:00:59.713295,2019-12-02 14:54:10.303879,2019-12-02 14:54:35.303879,2019-12-02 15:10:10.850873,Replace,3,42,40,0 days 00:00:25.000000000,0 days 00:19:34.713295000
13,2019-12-02 14:48:00.000000,2019-12-02 14:48:50.000000,2019-12-02 15:03:02.652091,2019-12-02 15:03:29.800082,,,,Onsite,3,42,40,0 days 00:00:50.000000000,0 days 00:14:39.800082000
14,2019-12-02 15:51:00.000000,2019-12-02 15:51:30.000000,2019-12-02 16:05:31.926729,2019-12-02 16:06:01.926729,2019-12-02 16:32:03.415453,2019-12-02 16:32:33.415453,2019-12-02 16:49:43.555751,Replace,3,42,40,0 days 00:00:30.000000000,0 days 00:14:31.926729000
15,2019-12-02 16:52:00.000000,2019-12-02 16:52:35.000000,2019-12-02 17:09:01.350355,2019-12-02 17:09:04.771986,,,,Onsite,3,42,40,0 days 00:00:35.000000000,0 days 00:16:29.771986000
16,2019-12-02 17:49:00.000000,2019-12-02 17:49:25.000000,2019-12-02 18:02:55.700007,2019-12-02 18:03:24.443167,,,,Onsite,3,42,40,0 days 00:00:25.000000000,0 days 00:13:59.443167000
17,2019-12-02 18:52:00.000000,2019-12-02 18:52:35.000000,2019-12-02 19:09:01.966317,2019-12-02 19:09:36.966317,2019-12-02 20:07:33.876191,2019-12-02 20:08:08.876191,2019-12-02 20:23:32.244099,Replace,3,42,40,0 days 00:00:35.000000000,0 days 00:17:01.966317000
18,2019-12-02 19:55:00.000000,2019-12-02 19:55:55.000000,2019-12-02 20:12:58.744493,2019-12-02 20:13:12.193507,,,,Onsite,3,42,40,0 days 00:00:55.000000000,0 days 00:17:17.193507000
19,2019-12-02 21:13:00.000000,2019-12-02 21:13:45.000000,2019-12-02 21:29:32.920995,2019-12-02 21:30:17.920995,2019-12-02 22:03:15.501124,2019-12-02 22:04:00.501124,2019-12-02 22:16:52.180392,Replace,3,42,40,0 days 00:00:45.000000000,0 days 00:16:32.920995000
20,2019-12-02 22:17:00.000000,2019-12-02 22:17:45.000000,2019-12-02 22:33:48.344219,2019-12-02 22:33:55.632686,,,,Onsite,3,42,40,0 days 00:00:45.000000000,0 days 00:16:10.632686000
0,2019-12-02 01:28:00.000000,2019-12-02 00:00:30.000000,2019-12-02 00:13:23.644703,2019-12-02 00:13:53.644703,2019-12-02 00:39:50.414323,2019-12-02 00:40:20.414323,2019-12-02 01:01:12.749833,Replace,4,42,40,-1 days +22:32:30.000000000,0 days 00:13:23.644703000
1,2019-12-02 01:10:00.000000,2019-12-02 01:10:50.000000,2019-12-02 01:24:29.661311,2019-12-02 01:25:19.661311,2019-12-02 01:58:45.615404,2019-12-02 01:59:35.615404,2019-12-02 02:14:25.208436,Replace,4,42,40,0 days 00:00:50.000000000,0 days 00:14:29.661311000
2,2019-12-02 02:17:00.000000,2019-12-02 02:17:45.000000,2019-12-02 02:34:14.268692,2019-12-02 02:34:59.268692,2019-12-02 03:02:23.182710,2019-12-02 03:03:08.182710,2019-12-02 03:25:12.863992,Replace,4,42,40,0 days 00:00:45.000000000,0 days 00:17:14.268692000
3,2019-12-02 03:27:00.000000,2019-12-02 03:27:30.000000,2019-12-02 03:42:17.690389,2019-12-02 03:42:47.690389,2019-12-02 04:25:57.145596,2019-12-02 04:26:27.145596,2019-12-02 04:48:01.253761,Replace,4,42,40,0 days 00:00:30.000000000,0 days 00:15:17.690389000
4,2019-12-02 04:30:00.000000,2019-12-02 04:30:45.000000,2019-12-02 04:49:51.771522,2019-12-02 04:50:36.771522,2019-12-02 05:30:06.048125,2019-12-02 05:30:51.048125,2019-12-02 05:48:57.931403,Replace,4,42,40,0 days 00:00:45.000000000,0 days 00:19:51.771522000
5,2019-12-02 05:27:00.000000,2019-12-02 05:27:45.000000,2019-12-02 05:44:22.701066,2019-12-02 05:45:07.701066,2019-12-02 06:21:44.075135,2019-12-02 06:22:29.075135,2019-12-02 06:40:49.226210,Replace,4,42,40,0 days 00:00:45.000000000,0 days 00:17:22.701066000
6,2019-12-02 06:48:00.000000,2019-12-02 06:48:55.000000,2019-12-02 07:05:18.378565,2019-12-02 07:06:13.378565,2019-12-02 07:45:35.495551,2019-12-02 07:46:30.495551,2019-12-02 08:08:16.476763,Replace,4,42,40,0 days 00:00:55.000000000,0 days 00:17:18.378565000
7,2019-12-02 07:54:00.000000,2019-12-02 07:54:35.000000,2019-12-02 08:12:14.505383,2019-12-02 08:12:20.095791,,,,Onsite,4,42,40,0 days 00:00:35.000000000,0 days 00:17:45.095791000
8,2019-12-02 08:58:00.000000,2019-12-02 08:58:25.000000,2019-12-02 09:07:04.644491,2019-12-02 09:07:29.644491,2019-12-02 09:56:10.389653,2019-12-02 09:56:35.389653,2019-12-02 10:09:12.016174,Replace,4,42,40,0 days 00:00:25.000000000,0 days 00:09:04.644491000
9,2019-12-02 10:14:00.000000,2019-12-02 10:14:50.000000,2019-12-02 10:30:45.606397,2019-12-02 10:31:09.530881,,,,Onsite,4,42,40,0 days 00:00:50.000000000,0 days 00:16:19.530881000
10,2019-12-02 11:19:00.000000,2019-12-02 11:19:45.000000,2019-12-02 11:33:34.848581,2019-12-02 11:34:19.848581,2019-12-02 12:05:28.154158,2019-12-02 12:06:13.154158,2019-12-02 12:27:17.010317,Replace,4,42,40,0 days 00:00:45.000000000,0 days 00:14:34.848581000
11,2019-12-02 12:39:00.000000,2019-12-02 12:39:45.000000,2019-12-02 12:53:42.912618,2019-12-02 12:54:07.767547,,,,Onsite,4,42,40,0 days 00:00:45.000000000,0 days 00:14:22.767547000
12,2019-12-02 13:48:00.000000,2019-12-02 13:48:35.000000,2019-12-02 14:01:23.517080,2019-12-02 14:01:58.517080,2019-12-02 14:31:07.374047,2019-12-02 14:31:42.374047,2019-12-02 14:45:29.738149,Replace,4,42,40,0 days 00:00:35.000000000,0 days 00:13:23.517080000
13,2019-12-02 14:45:00.000000,2019-12-02 14:45:45.000000,2019-12-02 15:07:32.828011,2019-12-02 15:08:17.828011,2019-12-02 15:42:10.682284,2019-12-02 15:42:55.682284,2019-12-02 16:04:32.394532,Replace,4,42,40,0 days 00:00:45.000000000,0 days 00:22:32.828011000
14,2019-12-02 15:47:00.000000,2019-12-02 15:47:45.000000,2019-12-02 16:03:28.592112,2019-12-02 16:03:39.031993,,,,Onsite,4,42,40,0 days 00:00:45.000000000,0 days 00:15:54.031993000
15,2019-12-02 16:46:00.000000,2019-12-02 16:46:25.000000,2019-12-02 16:58:56.435337,2019-12-02 16:59:12.186531,,,,Onsite,4,42,40,0 days 00:00:25.000000000,0 days 00:12:47.186531000
16,2019-12-02 17:55:00.000000,2019-12-02 17:55:35.000000,2019-12-02 18:13:08.371861,2019-12-02 18:13:14.816031,,,,Onsite,4,42,40,0 days 00:00:35.000000000,0 days 00:17:39.816031000
17,2019-12-02 19:10:00.000000,2019-12-02 19:10:55.000000,2019-12-02 19:29:42.116986,2019-12-02 19:30:37.116986,2019-12-02 20:24:51.921465,2019-12-02 20:25:46.921465,2019-12-02 20:42:47.583084,Replace,4,42,40,0 days 00:00:55.000000000,0 days 00:19:42.116986000
18,2019-12-02 20:34:00.000000,2019-12-02 20:34:45.000000,2019-12-02 20:50:22.259948,2019-12-02 20:51:07.259948,2019-12-02 21:19:44.161425,2019-12-02 21:20:29.161425,2019-12-02 21:37:06.502120,Replace,4,42,40,0 days 00:00:45.000000000,0 days 00:16:22.259948000
0,2019-12-02 01:08:00.000000,2019-12-02 00:00:35.000000,2019-12-02 00:13:24.891301,2019-12-02 00:13:59.891301,2019-12-02 00:38:03.619882,2019-12-02 00:38:38.619882,2019-12-02 00:51:51.049478,Replace,5,42,40,-1 days +22:52:35.000000000,0 days 00:13:24.891301000
1,2019-12-02 01:10:00.000000,2019-12-02 01:10:25.000000,2019-12-02 01:25:20.331810,2019-12-02 01:25:38.741155,,,,Onsite,5,42,40,0 days 00:00:25.000000000,0 days 00:15:13.741155000
2,2019-12-02 02:19:00.000000,2019-12-02 02:19:35.000000,2019-12-02 02:34:24.662567,2019-12-02 02:34:36.588373,,,,Onsite,5,42,40,0 days 00:00:35.000000000,0 days 00:15:01.588373000
3,2019-12-02 03:32:00.000000,2019-12-02 03:32:35.000000,2019-12-02 03:45:31.849241,2019-12-02 03:45:48.560213,,,,Onsite,5,42,40,0 days 00:00:35.000000000,0 days 00:13:13.560213000
4,2019-12-02 04:34:00.000000,2019-12-02 04:34:45.000000,2019-12-02 04:49:27.351140,2019-12-02 04:50:12.351140,2019-12-02 05:27:17.615772,2019-12-02 05:28:02.615772,2019-12-02 05:40:55.893794,Replace,5,42,40,0 days 00:00:45.000000000,0 days 00:15:27.351140000
5,2019-12-02 05:44:00.000000,2019-12-02 05:44:25.000000,2019-12-02 06:00:23.598217,2019-12-02 06:00:48.598217,2019-12-02 06:25:37.546528,2019-12-02 06:26:02.546528,2019-12-02 06:43:47.826969,Replace,5,42,40,0 days 00:00:25.000000000,0 days 00:16:23.598217000
6,2019-12-02 06:54:00.000000,2019-12-02 06:54:35.000000,2019-12-02 07:09:57.062115,2019-12-02 07:10:32.062115,2019-12-02 07:55:50.344678,2019-12-02 07:56:25.344678,2019-12-02 08:13:46.988102,Replace,5,42,40,0 days 00:00:35.000000000,0 days 00:15:57.062115000
7,2019-12-02 08:00:00.000000,2019-12-02 08:00:55.000000,2019-12-02 08:12:52.196826,2019-12-02 08:13:47.196826,2019-12-02 09:03:35.333551,2019-12-02 09:04:30.333551,2019-12-02 09:18:55.863079,Replace,5,42,40,0 days 00:00:55.000000000,0 days 00:12:52.196826000
8,2019-12-02 09:15:00.000000,2019-12-02 09:15:50.000000,2019-12-02 09:31:14.165418,2019-12-02 09:32:04.165418,2019-12-02 10:12:36.933165,2019-12-02 10:13:26.933165,2019-12-02 10:29:58.073071,Replace,5,42,40,0 days 00:00:50.000000000,0 days 00:16:14.165418000
9,2019-12-02 10:25:00.000000,2019-12-02 10:25:45.000000,2019-12-02 10:43:26.308380,2019-12-02 10:43:31.766323,,,,Onsite,5,42,40,0 days 00:00:45.000000000,0 days 00:17:46.766323000
10,2019-12-02 11:37:00.000000,2019-12-02 11:37:50.000000,2019-12-02 11:53:27.611545,2019-12-02 11:54:17.611545,2019-12-02 12:21:10.297426,2019-12-02 12:22:00.297426,2019-12-02 12:38:57.192861,Replace,5,42,40,0 days 00:00:50.000000000,0 days 00:16:27.611545000
11,2019-12-02 12:50:00.000000,2019-12-02 12:50:45.000000,2019-12-02 13:04:53.377887,2019-12-02 13:05:04.718586,,,,Onsite,5,42,40,0 days 00:00:45.000000000,0 days 00:14:19.718586000
12,2019-12-02 13:57:00.000000,2019-12-02 13:57:35.000000,2019-12-02 14:17:09.469691,2019-12-02 14:17:20.489432,,,,Onsite,5,42,40,0 days 00:00:35.000000000,0 days 00:19:45.489432000
13,2019-12-02 15:06:00.000000,2019-12-02 15:06:45.000000,2019-12-02 15:19:07.752252,2019-12-02 15:19:52.752252,2019-12-02 16:05:54.723292,2019-12-02 16:06:39.723292,2019-12-02 16:20:54.440746,Replace,5,42,40,0 days 00:00:45.000000000,0 days 00:13:07.752252000
14,2019-12-02 16:24:00.000000,2019-12-02 16:24:30.000000,2019-12-02 16:41:05.475248,2019-12-02 16:41:35.475248,2019-12-02 17:12:27.154333,2019-12-02 17:12:57.154333,2019-12-02 17:30:25.254821,Replace,5,42,40,0 days 00:00:30.000000000,0 days 00:17:05.475248000
15,2019-12-02 17:47:00.000000,2019-12-02 17:47:45.000000,2019-12-02 18:01:46.148218,2019-12-02 18:02:31.148218,2019-12-02 18:41:45.426699,2019-12-02 18:42:30.426699,2019-12-02 18:58:59.811823,Replace,5,42,40,0 days 00:00:45.000000000,0 days 00:14:46.148218000
16,2019-12-02 19:07:00.000000,2019-12-02 19:07:25.000000,2019-12-02 19:19:40.347036,2019-12-02 19:20:05.347036,2019-12-02 19:54:30.762602,2019-12-02 19:54:55.762602,2019-12-02 20:13:25.297804,Replace,5,42,40,0 days 00:00:25.000000000,0 days 00:12:40.347036000
17,2019-12-02 20:22:00.000000,2019-12-02 20:22:30.000000,2019-12-02 20:37:59.061086,2019-12-02 20:38:02.279567,,,,Onsite,5,42,40,0 days 00:00:30.000000000,0 days 00:15:32.279567000
18,2019-12-02 21:41:00.000000,2019-12-02 21:41:35.000000,2019-12-02 22:00:57.067109,2019-12-02 22:01:32.067109,2019-12-02 22:39:43.584862,2019-12-02 22:40:18.584862,2019-12-02 22:52:43.300338,Replace,5,42,40,0 days 00:00:35.000000000,0 days 00:19:57.067109000
0,2019-12-02 01:10:00.000000,2019-12-02 00:00:45.000000,2019-12-02 00:24:06.117776,2019-12-02 00:24:51.117776,2019-12-02 00:50:50.191476,2019-12-02 00:51:35.191476,2019-12-02 01:05:19.055479,Replace,6,42,40,-1 days +22:50:45.000000000,0 days 00:24:06.117776000
1,2019-12-02 01:17:00.000000,2019-12-02 01:17:45.000000,2019-12-02 01:37:18.975950,2019-12-02 01:37:32.772302,,,,Onsite,6,42,40,0 days 00:00:45.000000000,0 days 00:19:47.772302000
2,2019-12-02 02:17:00.000000,2019-12-02 02:17:45.000000,2019-12-02 02:29:33.499557,2019-12-02 02:29:39.479211,,,,Onsite,6,42,40,0 days 00:00:45.000000000,0 days 00:11:54.479211000
3,2019-12-02 03:46:00.000000,2019-12-02 03:46:35.000000,2019-12-02 04:00:34.225910,2019-12-02 04:01:09.225910,2019-12-02 04:27:37.657354,2019-12-02 04:28:12.657354,2019-12-02 04:48:39.272493,Replace,6,42,40,0 days 00:00:35.000000000,0 days 00:14:34.225910000
4,2019-12-02 05:19:00.000000,2019-12-02 05:19:45.000000,2019-12-02 05:40:24.808079,2019-12-02 05:40:27.552454,,,,Onsite,6,42,40,0 days 00:00:45.000000000,0 days 00:20:42.552454000
5,2019-12-02 06:26:00.000000,2019-12-02 06:26:50.000000,2019-12-02 06:40:51.909582,2019-12-02 06:41:41.909582,2019-12-02 07:16:22.557926,2019-12-02 07:17:12.557926,2019-12-02 07:34:53.211638,Replace,6,42,40,0 days 00:00:50.000000000,0 days 00:14:51.909582000
6,2019-12-02 08:34:00.000000,2019-12-02 08:34:25.000000,2019-12-02 08:56:54.362480,2019-12-02 08:57:19.362480,2019-12-02 09:21:36.337081,2019-12-02 09:22:01.337081,2019-12-02 09:37:10.250089,Replace,6,42,40,0 days 00:00:25.000000000,0 days 00:22:54.362480000
7,2019-12-02 07:29:00.000000,2019-12-02 07:29:25.000000,2019-12-02 07:46:22.152611,2019-12-02 07:46:47.152611,2019-12-02 08:34:15.986364,2019-12-02 08:34:40.986364,2019-12-02 08:52:07.576219,Replace,6,42,40,0 days 00:00:25.000000000,0 days 00:17:22.152611000
8,2019-12-02 09:39:00.000000,2019-12-02 09:39:25.000000,2019-12-02 09:58:03.589947,2019-12-02 09:58:28.589947,2019-12-02 10:28:00.547756,2019-12-02 10:28:25.547756,2019-12-02 10:43:14.084121,Replace,6,42,40,0 days 00:00:25.000000000,0 days 00:19:03.589947000
9,2019-12-02 10:44:00.000000,2019-12-02 10:44:50.000000,2019-12-02 11:02:37.951191,2019-12-02 11:03:27.951191,2019-12-02 11:46:35.670115,2019-12-02 11:47:25.670115,2019-12-02 11:59:26.856062,Replace,6,42,40,0 days 00:00:50.000000000,0 days 00:18:37.951191000
10,2019-12-02 11:52:00.000000,2019-12-02 11:52:55.000000,2019-12-02 12:12:26.286417,2019-12-02 12:12:45.976563,,,,Onsite,6,42,40,0 days 00:00:55.000000000,0 days 00:19:50.976563000
11,2019-12-02 12:48:00.000000,2019-12-02 12:48:55.000000,2019-12-02 13:10:45.960581,2019-12-02 13:11:40.960581,2019-12-02 14:08:37.627516,2019-12-02 14:09:32.627516,2019-12-02 14:28:59.205909,Replace,6,42,40,0 days 00:00:55.000000000,0 days 00:22:45.960581000
12,2019-12-02 14:11:00.000000,2019-12-02 14:11:25.000000,2019-12-02 14:25:28.180660,2019-12-02 14:25:28.830261,,,,Onsite,6,42,40,0 days 00:00:25.000000000,0 days 00:14:03.830261000
13,2019-12-02 15:15:00.000000,2019-12-02 15:15:45.000000,2019-12-02 15:36:42.051644,2019-12-02 15:36:49.805968,,,,Onsite,6,42,40,0 days 00:00:45.000000000,0 days 00:21:04.805968000
14,2019-12-02 16:11:00.000000,2019-12-02 16:11:55.000000,2019-12-02 16:31:28.454931,2019-12-02 16:32:23.454931,2019-12-02 16:58:59.555723,2019-12-02 16:59:54.555723,2019-12-02 17:24:17.236553,Replace,6,42,40,0 days 00:00:55.000000000,0 days 00:20:28.454931000
15,2019-12-02 17:16:00.000000,2019-12-02 17:16:50.000000,2019-12-02 17:34:45.480533,2019-12-02 17:35:35.480533,2019-12-02 18:05:40.006833,2019-12-02 18:06:30.006833,2019-12-02 18:24:53.120702,Replace,6,42,40,0 days 00:00:50.000000000,0 days 00:18:45.480533000
16,2019-12-02 19:28:00.000000,2019-12-02 19:28:50.000000,2019-12-02 19:45:33.531207,2019-12-02 19:45:42.976129,,,,Onsite,6,42,40,0 days 00:00:50.000000000,0 days 00:16:52.976129000
17,2019-12-02 18:22:00.000000,2019-12-02 18:22:45.000000,2019-12-02 18:35:41.896824,2019-12-02 18:36:26.896824,2019-12-02 19:27:22.311830,2019-12-02 19:28:07.311830,2019-12-02 19:43:05.512221,Replace,6,42,40,0 days 00:00:45.000000000,0 days 00:13:41.896824000
18,2019-12-02 20:27:00.000000,2019-12-02 20:27:25.000000,2019-12-02 20:41:40.242440,2019-12-02 20:41:50.348535,,,,Onsite,6,42,40,0 days 00:00:25.000000000,0 days 00:14:25.348535000
19,2019-12-02 21:34:00.000000,2019-12-02 21:34:30.000000,2019-12-02 21:50:47.884904,2019-12-02 21:51:17.884904,2019-12-02 22:35:14.142423,2019-12-02 22:35:44.142423,2019-12-02 22:54:52.436316,Replace,6,42,40,0 days 00:00:30.000000000,0 days 00:16:47.884904000
0,2019-12-02 00:58:00.000000,2019-12-02 00:00:45.000000,2019-12-02 00:19:58.486571,2019-12-02 00:20:43.486571,2019-12-02 00:50:13.540454,2019-12-02 00:50:58.540454,2019-12-02 01:09:52.236819,Replace,7,42,40,-1 days +23:02:45.000000000,0 days 00:19:58.486571000
1,2019-12-02 01:04:00.000000,2019-12-02 01:04:55.000000,2019-12-02 01:21:29.047102,2019-12-02 01:22:24.047102,2019-12-02 01:57:23.165698,2019-12-02 01:58:18.165698,2019-12-02 02:21:37.606332,Replace,7,42,40,0 days 00:00:55.000000000,0 days 00:17:29.047102000
2,2019-12-02 02:06:00.000000,2019-12-02 02:06:45.000000,2019-12-02 02:23:16.095828,2019-12-02 02:23:39.816786,,,,Onsite,7,42,40,0 days 00:00:45.000000000,0 days 00:16:54.816786000
3,2019-12-02 03:17:00.000000,2019-12-02 03:17:35.000000,2019-12-02 03:34:58.431425,2019-12-02 03:35:16.683642,,,,Onsite,7,42,40,0 days 00:00:35.000000000,0 days 00:17:41.683642000
4,2019-12-02 04:29:00.000000,2019-12-02 04:29:45.000000,2019-12-02 04:42:51.853389,2019-12-02 04:43:21.307432,,,,Onsite,7,42,40,0 days 00:00:45.000000000,0 days 00:13:36.307432000
5,2019-12-02 05:39:00.000000,2019-12-02 05:39:35.000000,2019-12-02 05:57:47.720997,2019-12-02 05:58:22.720997,2019-12-02 06:22:59.872511,2019-12-02 06:23:34.872511,2019-12-02 06:37:24.050462,Replace,7,42,40,0 days 00:00:35.000000000,0 days 00:18:47.720997000
6,2019-12-02 06:48:00.000000,2019-12-02 06:48:25.000000,2019-12-02 07:03:53.779189,2019-12-02 07:04:18.779189,2019-12-02 07:37:53.905261,2019-12-02 07:38:18.905261,2019-12-02 07:55:26.853760,Replace,7,42,40,0 days 00:00:25.000000000,0 days 00:15:53.779189000
7,2019-12-02 07:54:00.000000,2019-12-02 07:54:35.000000,2019-12-02 08:11:56.560630,2019-12-02 08:12:31.560630,2019-12-02 08:46:56.441857,2019-12-02 08:47:31.441857,2019-12-02 09:00:02.032740,Replace,7,42,40,0 days 00:00:35.000000000,0 days 00:17:56.560630000
8,2019-12-02 09:00:00.000000,2019-12-02 09:00:45.000000,2019-12-02 09:16:17.596062,2019-12-02 09:17:02.596062,2019-12-02 09:59:25.381431,2019-12-02 10:00:10.381431,2019-12-02 10:16:49.020036,Replace,7,42,40,0 days 00:00:45.000000000,0 days 00:16:17.596062000
9,2019-12-02 10:03:00.000000,2019-12-02 10:03:35.000000,2019-12-02 10:22:17.178350,2019-12-02 10:22:49.767062,,,,Onsite,7,42,40,0 days 00:00:35.000000000,0 days 00:19:14.767062000
10,2019-12-02 11:22:00.000000,2019-12-02 11:22:50.000000,2019-12-02 11:34:54.432154,2019-12-02 11:35:44.432154,2019-12-02 12:16:19.330666,2019-12-02 12:17:09.330666,2019-12-02 12:39:14.716771,Replace,7,42,40,0 days 00:00:50.000000000,0 days 00:12:54.432154000
11,2019-12-02 12:30:00.000000,2019-12-02 12:30:35.000000,2019-12-02 12:49:23.438534,2019-12-02 12:49:58.438534,2019-12-02 13:14:02.421604,2019-12-02 13:14:37.421604,2019-12-02 13:27:25.079599,Replace,7,42,40,0 days 00:00:35.000000000,0 days 00:19:23.438534000
12,2019-12-02 13:42:00.000000,2019-12-02 13:42:30.000000,2019-12-02 13:55:05.599513,2019-12-02 13:55:35.599513,2019-12-02 14:31:36.068974,2019-12-02 14:32:06.068974,2019-12-02 14:46:36.835617,Replace,7,42,40,0 days 00:00:30.000000000,0 days 00:13:05.599513000
13,2019-12-02 14:59:00.000000,2019-12-02 14:59:30.000000,2019-12-02 15:17:04.467513,2019-12-02 15:17:34.467513,2019-12-02 15:44:26.810912,2019-12-02 15:44:56.810912,2019-12-02 16:04:21.313507,Replace,7,42,40,0 days 00:00:30.000000000,0 days 00:18:04.467513000
14,2019-12-02 15:52:00.000000,2019-12-02 15:52:35.000000,2019-12-02 16:08:53.212029,2019-12-02 16:09:28.212029,2019-12-02 16:42:26.669167,2019-12-02 16:43:01.669167,2019-12-02 16:57:58.161430,Replace,7,42,40,0 days 00:00:35.000000000,0 days 00:16:53.212029000
15,2019-12-02 17:04:00.000000,2019-12-02 17:04:45.000000,2019-12-02 17:25:14.790409,2019-12-02 17:25:59.790409,2019-12-02 18:03:12.283781,2019-12-02 18:03:57.283781,2019-12-02 18:18:47.836725,Replace,7,42,40,0 days 00:00:45.000000000,0 days 00:21:14.790409000
16,2019-12-02 18:20:00.000000,2019-12-02 18:20:30.000000,2019-12-02 18:35:06.125104,2019-12-02 18:35:13.072415,,,,Onsite,7,42,40,0 days 00:00:30.000000000,0 days 00:14:43.072415000
17,2019-12-02 19:23:00.000000,2019-12-02 19:23:55.000000,2019-12-02 19:35:59.169086,2019-12-02 19:36:54.169086,2019-12-02 20:14:46.333173,2019-12-02 20:15:41.333173,2019-12-02 20:30:30.932380,Replace,7,42,40,0 days 00:00:55.000000000,0 days 00:12:59.169086000
18,2019-12-02 20:31:00.000000,2019-12-02 20:31:50.000000,2019-12-02 20:47:48.099932,2019-12-02 20:48:38.099932,2019-12-02 21:25:38.323707,2019-12-02 21:26:28.323707,2019-12-02 21:43:39.142406,Replace,7,42,40,0 days 00:00:50.000000000,0 days 00:16:48.099932000
19,2019-12-02 21:33:00.000000,2019-12-02 21:33:45.000000,2019-12-02 21:51:14.305504,2019-12-02 21:51:35.703170,,,,Onsite,7,42,40,0 days 00:00:45.000000000,0 days 00:17:50.703170000
0,2019-12-02 01:25:00.000000,2019-12-02 00:00:45.000000,2019-12-02 00:15:54.428248,2019-12-02 00:16:39.428248,2019-12-02 01:02:56.474720,2019-12-02 01:03:41.474720,2019-12-02 01:20:09.362639,Replace,8,42,40,-1 days +22:35:45.000000000,0 days 00:15:54.428248000
1,2019-12-02 01:14:00.000000,2019-12-02 01:14:45.000000,2019-12-02 01:33:04.302173,2019-12-02 01:33:23.787651,,,,Onsite,8,42,40,0 days 00:00:45.000000000,0 days 00:18:38.787651000
2,2019-12-02 02:31:00.000000,2019-12-02 02:31:25.000000,2019-12-02 02:53:43.360773,2019-12-02 02:53:56.329807,,,,Onsite,8,42,40,0 days 00:00:25.000000000,0 days 00:22:31.329807000
3,2019-12-02 03:39:00.000000,2019-12-02 03:39:35.000000,2019-12-02 03:58:41.303014,2019-12-02 03:58:57.525426,,,,Onsite,8,42,40,0 days 00:00:35.000000000,0 days 00:19:22.525426000
4,2019-12-02 04:39:00.000000,2019-12-02 04:39:55.000000,2019-12-02 04:53:24.909757,2019-12-02 04:53:29.911832,,,,Onsite,8,42,40,0 days 00:00:55.000000000,0 days 00:13:34.911832000
5,2019-12-02 05:49:00.000000,2019-12-02 05:49:50.000000,2019-12-02 06:09:15.645292,2019-12-02 06:09:31.533121,,,,Onsite,8,42,40,0 days 00:00:50.000000000,0 days 00:19:41.533121000
6,2019-12-02 06:54:00.000000,2019-12-02 06:54:50.000000,2019-12-02 07:11:05.215784,2019-12-02 07:11:55.215784,2019-12-02 07:56:31.289338,2019-12-02 07:57:21.289338,2019-12-02 08:22:19.361678,Replace,8,42,40,0 days 00:00:50.000000000,0 days 00:17:05.215784000
7,2019-12-02 09:12:00.000000,2019-12-02 09:12:35.000000,2019-12-02 09:27:18.649508,2019-12-02 09:27:20.326278,,,,Onsite,8,42,40,0 days 00:00:35.000000000,0 days 00:14:45.326278000
8,2019-12-02 07:57:00.000000,2019-12-02 07:57:45.000000,2019-12-02 08:18:08.351810,2019-12-02 08:18:53.351810,2019-12-02 08:59:35.760313,2019-12-02 09:00:20.760313,2019-12-02 09:16:01.438484,Replace,8,42,40,0 days 00:00:45.000000000,0 days 00:21:08.351810000
9,2019-12-02 10:20:00.000000,2019-12-02 10:20:35.000000,2019-12-02 10:34:50.082546,2019-12-02 10:35:01.740724,,,,Onsite,8,42,40,0 days 00:00:35.000000000,0 days 00:14:26.740724000
10,2019-12-02 11:39:00.000000,2019-12-02 11:39:35.000000,2019-12-02 11:55:25.767342,2019-12-02 11:56:00.767342,2019-12-02 12:41:36.252606,2019-12-02 12:42:11.252606,2019-12-02 13:03:08.753474,Replace,8,42,40,0 days 00:00:35.000000000,0 days 00:16:25.767342000
11,2019-12-02 12:40:00.000000,2019-12-02 12:40:50.000000,2019-12-02 12:58:42.548148,2019-12-02 12:58:46.032176,,,,Onsite,8,42,40,0 days 00:00:50.000000000,0 days 00:17:56.032176000
12,2019-12-02 13:30:00.000000,2019-12-02 13:30:35.000000,2019-12-02 13:42:56.209548,2019-12-02 13:43:31.209548,2019-12-02 14:06:57.996063,2019-12-02 14:07:32.996063,2019-12-02 14:26:58.065591,Replace,8,42,40,0 days 00:00:35.000000000,0 days 00:12:56.209548000
13,2019-12-02 14:41:00.000000,2019-12-02 14:41:25.000000,2019-12-02 15:04:00.755045,2019-12-02 15:04:17.804477,,,,Onsite,8,42,40,0 days 00:00:25.000000000,0 days 00:22:52.804477000
14,2019-12-02 15:50:00.000000,2019-12-02 15:50:25.000000,2019-12-02 16:05:43.347393,2019-12-02 16:06:08.347393,2019-12-02 16:59:41.551208,2019-12-02 17:00:06.551208,2019-12-02 17:19:17.624064,Replace,8,42,40,0 days 00:00:25.000000000,0 days 00:15:43.347393000
15,2019-12-02 16:56:00.000000,2019-12-02 16:56:35.000000,2019-12-02 17:19:24.351136,2019-12-02 17:19:59.351136,2019-12-02 17:56:15.517468,2019-12-02 17:56:50.517468,2019-12-02 18:15:39.023229,Replace,8,42,40,0 days 00:00:35.000000000,0 days 00:23:24.351136000
16,2019-12-02 18:05:00.000000,2019-12-02 18:05:25.000000,2019-12-02 18:21:54.649650,2019-12-02 18:22:19.649650,2019-12-02 18:47:57.745669,2019-12-02 18:48:22.745669,2019-12-02 19:02:52.792667,Replace,8,42,40,0 days 00:00:25.000000000,0 days 00:16:54.649650000
17,2019-12-02 19:10:00.000000,2019-12-02 19:10:45.000000,2019-12-02 19:24:16.779703,2019-12-02 19:25:01.779703,2019-12-02 20:14:48.413273,2019-12-02 20:15:33.413273,2019-12-02 20:30:40.549927,Replace,8,42,40,0 days 00:00:45.000000000,0 days 00:14:16.779703000
18,2019-12-02 20:16:00.000000,2019-12-02 20:16:35.000000,2019-12-02 20:29:51.755820,2019-12-02 20:30:26.755820,2019-12-02 20:58:29.311407,2019-12-02 20:59:04.311407,2019-12-02 21:15:09.487006,Replace,8,42,40,0 days 00:00:35.000000000,0 days 00:13:51.755820000
19,2019-12-02 21:18:00.000000,2019-12-02 21:18:45.000000,2019-12-02 21:35:23.204224,2019-12-02 21:35:35.763465,,,,Onsite,8,42,40,0 days 00:00:45.000000000,0 days 00:16:50.763465000
0,2019-12-02 01:08:00.000000,2019-12-02 00:00:55.000000,2019-12-02 00:14:25.582850,2019-12-02 00:14:33.994160,,,,Onsite,9,42,40,-1 days +22:52:55.000000000,0 days 00:13:38.994160000
1,2019-12-02 01:06:00.000000,2019-12-02 01:06:50.000000,2019-12-02 01:28:28.387942,2019-12-02 01:28:31.077500,,,,Onsite,9,42,40,0 days 00:00:50.000000000,0 days 00:21:41.077500000
2,2019-12-02 02:11:00.000000,2019-12-02 02:11:45.000000,2019-12-02 02:30:54.091624,2019-12-02 02:31:39.091624,2019-12-02 03:05:58.273135,2019-12-02 03:06:43.273135,2019-12-02 03:23:10.398816,Replace,9,42,40,0 days 00:00:45.000000000,0 days 00:19:54.091624000
3,2019-12-02 03:26:00.000000,2019-12-02 03:26:55.000000,2019-12-02 03:46:01.817621,2019-12-02 03:46:22.852791,,,,Onsite,9,42,40,0 days 00:00:55.000000000,0 days 00:19:27.852791000
4,2019-12-02 04:28:00.000000,2019-12-02 04:28:55.000000,2019-12-02 04:50:36.317572,2019-12-02 04:50:56.168888,,,,Onsite,9,42,40,0 days 00:00:55.000000000,0 days 00:22:01.168888000
5,2019-12-02 05:41:00.000000,2019-12-02 05:41:45.000000,2019-12-02 05:56:21.454091,2019-12-02 05:57:06.454091,2019-12-02 06:28:10.472592,2019-12-02 06:28:55.472592,2019-12-02 06:42:48.873222,Replace,9,42,40,0 days 00:00:45.000000000,0 days 00:15:21.454091000
6,2019-12-02 06:50:00.000000,2019-12-02 06:50:30.000000,2019-12-02 07:13:06.993528,2019-12-02 07:13:36.993528,2019-12-02 07:40:01.214743,2019-12-02 07:40:31.214743,2019-12-02 07:52:56.317251,Replace,9,42,40,0 days 00:00:30.000000000,0 days 00:23:06.993528000
7,2019-12-02 08:12:00.000000,2019-12-02 08:12:30.000000,2019-12-02 08:28:25.891473,2019-12-02 08:28:55.891473,2019-12-02 09:18:14.061706,2019-12-02 09:18:44.061706,2019-12-02 09:42:55.930415,Replace,9,42,40,0 days 00:00:30.000000000,0 days 00:16:25.891473000
8,2019-12-02 09:12:00.000000,2019-12-02 09:12:45.000000,2019-12-02 09:30:05.282564,2019-12-02 09:30:33.409097,,,,Onsite,9,42,40,0 days 00:00:45.000000000,0 days 00:17:48.409097000
9,2019-12-02 10:13:00.000000,2019-12-02 10:13:30.000000,2019-12-02 10:24:25.956893,2019-12-02 10:24:56.191759,,,,Onsite,9,42,40,0 days 00:00:30.000000000,0 days 00:11:26.191759000
10,2019-12-02 11:05:00.000000,2019-12-02 11:05:50.000000,2019-12-02 11:23:15.025296,2019-12-02 11:23:28.849395,,,,Onsite,9,42,40,0 days 00:00:50.000000000,0 days 00:17:38.849395000
11,2019-12-02 12:11:00.000000,2019-12-02 12:11:30.000000,2019-12-02 12:30:02.807329,2019-12-02 12:30:24.564546,,,,Onsite,9,42,40,0 days 00:00:30.000000000,0 days 00:18:54.564546000
12,2019-12-02 13:27:00.000000,2019-12-02 13:27:35.000000,2019-12-02 13:40:51.665528,2019-12-02 13:41:26.665528,2019-12-02 14:24:11.190297,2019-12-02 14:24:46.190297,2019-12-02 14:42:01.684399,Replace,9,42,40,0 days 00:00:35.000000000,0 days 00:13:51.665528000
13,2019-12-02 14:38:00.000000,2019-12-02 14:38:35.000000,2019-12-02 14:54:36.863113,2019-12-02 14:54:50.118855,,,,Onsite,9,42,40,0 days 00:00:35.000000000,0 days 00:16:15.118855000
14,2019-12-02 16:11:00.000000,2019-12-02 16:11:30.000000,2019-12-02 16:27:50.553144,2019-12-02 16:28:20.553144,2019-12-02 17:17:49.785471,2019-12-02 17:18:19.785471,2019-12-02 17:32:41.802508,Replace,9,42,40,0 days 00:00:30.000000000,0 days 00:16:50.553144000
15,2019-12-02 17:20:00.000000,2019-12-02 17:20:35.000000,2019-12-02 17:38:48.021693,2019-12-02 17:39:23.021693,2019-12-02 18:06:38.148723,2019-12-02 18:07:13.148723,2019-12-02 18:23:28.594676,Replace,9,42,40,0 days 00:00:35.000000000,0 days 00:18:48.021693000
16,2019-12-02 18:33:00.000000,2019-12-02 18:33:25.000000,2019-12-02 18:46:56.106713,2019-12-02 18:47:21.106713,2019-12-02 19:20:44.644246,2019-12-02 19:21:09.644246,2019-12-02 19:35:44.847817,Replace,9,42,40,0 days 00:00:25.000000000,0 days 00:13:56.106713000
17,2019-12-02 19:48:00.000000,2019-12-02 19:48:55.000000,2019-12-02 20:03:39.805472,2019-12-02 20:04:34.805472,2019-12-02 20:30:45.148088,2019-12-02 20:31:40.148088,2019-12-02 20:48:27.370175,Replace,9,42,40,0 days 00:00:55.000000000,0 days 00:15:39.805472000
18,2019-12-02 20:59:00.000000,2019-12-02 20:59:35.000000,2019-12-02 21:14:33.956626,2019-12-02 21:15:00.527357,,,,Onsite,9,42,40,0 days 00:00:35.000000000,0 days 00:15:25.527357000
19,2019-12-02 21:48:00.000000,2019-12-02 21:48:50.000000,2019-12-02 22:08:40.574110,2019-12-02 22:08:55.131477,,,,Onsite,9,42,40,0 days 00:00:50.000000000,0 days 00:20:05.131477000
0,2019-12-02 01:12:00.000000,2019-12-02 00:00:35.000000,2019-12-02 00:15:20.265754,2019-12-02 00:15:55.265754,2019-12-02 01:09:57.636105,2019-12-02 01:10:32.636105,2019-12-02 01:25:31.483854,Replace,1,42,41,-1 days +22:48:35.000000000,0 days 00:15:20.265754000
1,2019-12-02 01:01:00.000000,2019-12-02 01:01:50.000000,2019-12-02 01:17:27.284224,2019-12-02 01:17:43.495251,,,,Onsite,1,42,41,0 days 00:00:50.000000000,0 days 00:15:53.495251000
2,2019-12-02 02:16:00.000000,2019-12-02 02:16:30.000000,2019-12-02 02:32:39.454382,2019-12-02 02:33:09.454382,2019-12-02 03:16:52.176093,2019-12-02 03:17:22.176093,2019-12-02 03:31:52.524562,Replace,1,42,41,0 days 00:00:30.000000000,0 days 00:16:39.454382000
3,2019-12-02 03:27:00.000000,2019-12-02 03:27:35.000000,2019-12-02 03:43:13.741031,2019-12-02 03:43:39.325248,,,,Onsite,1,42,41,0 days 00:00:35.000000000,0 days 00:16:04.325248000
4,2019-12-02 04:19:00.000000,2019-12-02 04:19:35.000000,2019-12-02 04:33:59.179850,2019-12-02 04:34:25.117563,,,,Onsite,1,42,41,0 days 00:00:35.000000000,0 days 00:14:50.117563000
5,2019-12-02 05:34:00.000000,2019-12-02 05:34:45.000000,2019-12-02 05:50:03.499840,2019-12-02 05:50:48.499840,2019-12-02 06:39:22.598994,2019-12-02 06:40:07.598994,2019-12-02 06:57:56.894882,Replace,1,42,41,0 days 00:00:45.000000000,0 days 00:16:03.499840000
6,2019-12-02 06:43:00.000000,2019-12-02 06:43:30.000000,2019-12-02 06:57:14.323928,2019-12-02 06:57:44.323928,2019-12-02 07:22:12.869344,2019-12-02 07:22:42.869344,2019-12-02 07:37:06.205674,Replace,1,42,41,0 days 00:00:30.000000000,0 days 00:14:14.323928000
7,2019-12-02 07:45:00.000000,2019-12-02 07:45:45.000000,2019-12-02 08:07:40.685154,2019-12-02 08:07:52.904487,,,,Onsite,1,42,41,0 days 00:00:45.000000000,0 days 00:22:07.904487000
8,2019-12-02 08:48:00.000000,2019-12-02 08:48:45.000000,2019-12-02 09:04:59.570431,2019-12-02 09:05:04.655245,,,,Onsite,1,42,41,0 days 00:00:45.000000000,0 days 00:16:19.655245000
9,2019-12-02 09:54:00.000000,2019-12-02 09:54:25.000000,2019-12-02 10:06:57.896525,2019-12-02 10:07:22.896525,2019-12-02 10:41:45.333035,2019-12-02 10:42:10.333035,2019-12-02 10:58:07.560590,Replace,1,42,41,0 days 00:00:25.000000000,0 days 00:12:57.896525000
10,2019-12-02 11:01:00.000000,2019-12-02 11:01:45.000000,2019-12-02 11:14:52.039039,2019-12-02 11:15:37.039039,2019-12-02 12:02:03.526967,2019-12-02 12:02:48.526967,2019-12-02 12:27:27.041726,Replace,1,42,41,0 days 00:00:45.000000000,0 days 00:13:52.039039000
11,2019-12-02 12:17:00.000000,2019-12-02 12:17:50.000000,2019-12-02 12:33:38.494852,2019-12-02 12:34:28.494852,2019-12-02 13:08:25.353949,2019-12-02 13:09:15.353949,2019-12-02 13:24:14.185676,Replace,1,42,41,0 days 00:00:50.000000000,0 days 00:16:38.494852000
12,2019-12-02 13:40:00.000000,2019-12-02 13:40:25.000000,2019-12-02 13:57:20.945492,2019-12-02 13:57:45.945492,2019-12-02 14:37:04.669915,2019-12-02 14:37:29.669915,2019-12-02 14:59:14.936053,Replace,1,42,41,0 days 00:00:25.000000000,0 days 00:17:20.945492000
13,2019-12-02 14:52:00.000000,2019-12-02 14:52:50.000000,2019-12-02 15:06:17.406821,2019-12-02 15:06:48.925551,,,,Onsite,1,42,41,0 days 00:00:50.000000000,0 days 00:13:58.925551000
14,2019-12-02 15:57:00.000000,2019-12-02 15:57:30.000000,2019-12-02 16:09:40.923586,2019-12-02 16:10:10.923586,2019-12-02 16:33:01.313085,2019-12-02 16:33:31.313085,2019-12-02 16:54:55.655611,Replace,1,42,41,0 days 00:00:30.000000000,0 days 00:12:40.923586000
15,2019-12-02 17:03:00.000000,2019-12-02 17:03:55.000000,2019-12-02 17:21:35.323932,2019-12-02 17:21:40.646272,,,,Onsite,1,42,41,0 days 00:00:55.000000000,0 days 00:17:45.646272000
16,2019-12-02 18:11:00.000000,2019-12-02 18:11:45.000000,2019-12-02 18:28:09.857520,2019-12-02 18:28:54.857520,2019-12-02 19:22:09.250696,2019-12-02 19:22:54.250696,2019-12-02 19:36:25.603695,Replace,1,42,41,0 days 00:00:45.000000000,0 days 00:17:09.857520000
17,2019-12-02 19:10:00.000000,2019-12-02 19:10:45.000000,2019-12-02 19:24:51.447579,2019-12-02 19:25:36.447579,2019-12-02 20:01:02.913999,2019-12-02 20:01:47.913999,2019-12-02 20:23:29.621104,Replace,1,42,41,0 days 00:00:45.000000000,0 days 00:14:51.447579000
18,2019-12-02 20:29:00.000000,2019-12-02 20:29:45.000000,2019-12-02 20:45:12.514093,2019-12-02 20:45:57.514093,2019-12-02 21:27:34.861341,2019-12-02 21:28:19.861341,2019-12-02 21:41:52.900278,Replace,1,42,41,0 days 00:00:45.000000000,0 days 00:16:12.514093000
19,2019-12-02 21:47:00.000000,2019-12-02 21:47:55.000000,2019-12-02 22:08:14.245957,2019-12-02 22:08:28.229841,,,,Onsite,1,42,41,0 days 00:00:55.000000000,0 days 00:20:33.229841000
0,2019-12-02 01:06:00.000000,2019-12-02 00:00:45.000000,2019-12-02 00:21:05.548631,2019-12-02 00:21:26.428289,,,,Onsite,2,42,41,-1 days +22:54:45.000000000,0 days 00:20:41.428289000
1,2019-12-02 01:07:00.000000,2019-12-02 01:07:45.000000,2019-12-02 01:27:34.068656,2019-12-02 01:27:45.965441,,,,Onsite,2,42,41,0 days 00:00:45.000000000,0 days 00:20:00.965441000
2,2019-12-02 02:20:00.000000,2019-12-02 02:20:45.000000,2019-12-02 02:38:24.720147,2019-12-02 02:38:40.016488,,,,Onsite,2,42,41,0 days 00:00:45.000000000,0 days 00:17:55.016488000
3,2019-12-02 03:27:00.000000,2019-12-02 03:27:55.000000,2019-12-02 03:43:17.190340,2019-12-02 03:43:33.275728,,,,Onsite,2,42,41,0 days 00:00:55.000000000,0 days 00:15:38.275728000
4,2019-12-02 04:37:00.000000,2019-12-02 04:37:25.000000,2019-12-02 04:57:30.846207,2019-12-02 04:57:38.511672,,,,Onsite,2,42,41,0 days 00:00:25.000000000,0 days 00:20:13.511672000
5,2019-12-02 05:56:00.000000,2019-12-02 05:56:55.000000,2019-12-02 06:07:45.340029,2019-12-02 06:07:55.470986,,,,Onsite,2,42,41,0 days 00:00:55.000000000,0 days 00:11:00.470986000
6,2019-12-02 07:10:00.000000,2019-12-02 07:10:55.000000,2019-12-02 07:30:40.028810,2019-12-02 07:31:35.028810,2019-12-02 08:18:31.723456,2019-12-02 08:19:26.723456,2019-12-02 08:33:25.854664,Replace,2,42,41,0 days 00:00:55.000000000,0 days 00:20:40.028810000
7,2019-12-02 08:24:00.000000,2019-12-02 08:24:30.000000,2019-12-02 08:42:09.051842,2019-12-02 08:42:39.051842,2019-12-02 09:20:01.801702,2019-12-02 09:20:31.801702,2019-12-02 09:38:52.270455,Replace,2,42,41,0 days 00:00:30.000000000,0 days 00:18:09.051842000
8,2019-12-02 09:33:00.000000,2019-12-02 09:33:35.000000,2019-12-02 09:46:53.875573,2019-12-02 09:47:28.875573,2019-12-02 10:25:50.157720,2019-12-02 10:26:25.157720,2019-12-02 10:44:56.627123,Replace,2,42,41,0 days 00:00:35.000000000,0 days 00:13:53.875573000
9,2019-12-02 10:44:00.000000,2019-12-02 10:44:25.000000,2019-12-02 11:01:34.831492,2019-12-02 11:01:59.831492,2019-12-02 11:30:44.750035,2019-12-02 11:31:09.750035,2019-12-02 11:47:10.096087,Replace,2,42,41,0 days 00:00:25.000000000,0 days 00:17:34.831492000
10,2019-12-02 11:47:00.000000,2019-12-02 11:47:45.000000,2019-12-02 12:03:32.959040,2019-12-02 12:04:17.959040,2019-12-02 12:54:24.821077,2019-12-02 12:55:09.821077,2019-12-02 13:10:56.471358,Replace,2,42,41,0 days 00:00:45.000000000,0 days 00:16:32.959040000
11,2019-12-02 12:38:00.000000,2019-12-02 12:38:25.000000,2019-12-02 12:53:26.447094,2019-12-02 12:53:51.447094,2019-12-02 13:38:40.566814,2019-12-02 13:39:05.566814,2019-12-02 13:50:39.033469,Replace,2,42,41,0 days 00:00:25.000000000,0 days 00:15:26.447094000
12,2019-12-02 13:45:00.000000,2019-12-02 13:45:45.000000,2019-12-02 14:02:08.455294,2019-12-02 14:02:53.455294,2019-12-02 14:44:05.331880,2019-12-02 14:44:50.331880,2019-12-02 15:04:43.154419,Replace,2,42,41,0 days 00:00:45.000000000,0 days 00:17:08.455294000
13,2019-12-02 14:49:00.000000,2019-12-02 14:49:50.000000,2019-12-02 15:07:22.007002,2019-12-02 15:08:12.007002,2019-12-02 15:46:16.161261,2019-12-02 15:47:06.161261,2019-12-02 16:01:57.913274,Replace,2,42,41,0 days 00:00:50.000000000,0 days 00:18:22.007002000
14,2019-12-02 15:44:00.000000,2019-12-02 15:44:55.000000,2019-12-02 15:59:08.495133,2019-12-02 15:59:30.347025,,,,Onsite,2,42,41,0 days 00:00:55.000000000,0 days 00:14:35.347025000
15,2019-12-02 16:46:00.000000,2019-12-02 16:46:25.000000,2019-12-02 17:02:47.364510,2019-12-02 17:03:12.364510,2019-12-02 17:49:26.707594,2019-12-02 17:49:51.707594,2019-12-02 18:04:40.893535,Replace,2,42,41,0 days 00:00:25.000000000,0 days 00:16:47.364510000
16,2019-12-02 17:53:00.000000,2019-12-02 17:53:50.000000,2019-12-02 18:07:55.232903,2019-12-02 18:08:20.459545,,,,Onsite,2,42,41,0 days 00:00:50.000000000,0 days 00:14:30.459545000
17,2019-12-02 19:11:00.000000,2019-12-02 19:11:55.000000,2019-12-02 19:28:14.200859,2019-12-02 19:29:09.200859,2019-12-02 20:17:17.094816,2019-12-02 20:18:12.094816,2019-12-02 20:39:20.138865,Replace,2,42,41,0 days 00:00:55.000000000,0 days 00:17:14.200859000
18,2019-12-02 20:24:00.000000,2019-12-02 20:24:55.000000,2019-12-02 20:36:22.645286,2019-12-02 20:36:30.984352,,,,Onsite,2,42,41,0 days 00:00:55.000000000,0 days 00:11:35.984352000
19,2019-12-02 21:30:00.000000,2019-12-02 21:30:35.000000,2019-12-02 21:44:04.721494,2019-12-02 21:44:39.721494,2019-12-02 22:13:39.282072,2019-12-02 22:14:14.282072,2019-12-02 22:31:00.757914,Replace,2,42,41,0 days 00:00:35.000000000,0 days 00:14:04.721494000
0,2019-12-02 01:18:00.000000,2019-12-02 00:00:25.000000,2019-12-02 00:20:47.469720,2019-12-02 00:21:12.469720,2019-12-02 00:53:44.893102,2019-12-02 00:54:09.893102,2019-12-02 01:12:56.324468,Replace,3,42,41,-1 days +22:42:25.000000000,0 days 00:20:47.469720000
1,2019-12-02 01:15:00.000000,2019-12-02 01:15:30.000000,2019-12-02 01:28:16.680526,2019-12-02 01:28:27.066701,,,,Onsite,3,42,41,0 days 00:00:30.000000000,0 days 00:12:57.066701000
2,2019-12-02 02:12:00.000000,2019-12-02 02:12:45.000000,2019-12-02 02:34:00.508565,2019-12-02 02:34:45.508565,2019-12-02 03:14:19.390186,2019-12-02 03:15:04.390186,2019-12-02 03:29:24.404258,Replace,3,42,41,0 days 00:00:45.000000000,0 days 00:22:00.508565000
3,2019-12-02 03:25:00.000000,2019-12-02 03:25:45.000000,2019-12-02 03:41:12.426552,2019-12-02 03:41:57.426552,2019-12-02 04:16:14.127950,2019-12-02 04:16:59.127950,2019-12-02 04:33:16.613767,Replace,3,42,41,0 days 00:00:45.000000000,0 days 00:16:12.426552000
4,2019-12-02 04:35:00.000000,2019-12-02 04:35:45.000000,2019-12-02 04:52:25.009146,2019-12-02 04:52:37.086211,,,,Onsite,3,42,41,0 days 00:00:45.000000000,0 days 00:16:52.086211000
5,2019-12-02 05:40:00.000000,2019-12-02 05:40:50.000000,2019-12-02 05:57:10.378411,2019-12-02 05:58:00.378411,2019-12-02 06:32:23.922173,2019-12-02 06:33:13.922173,2019-12-02 06:47:24.949094,Replace,3,42,41,0 days 00:00:50.000000000,0 days 00:17:10.378411000
6,2019-12-02 06:50:00.000000,2019-12-02 06:50:45.000000,2019-12-02 07:11:55.642667,2019-12-02 07:12:40.642667,2019-12-02 07:39:38.945468,2019-12-02 07:40:23.945468,2019-12-02 07:58:36.453215,Replace,3,42,41,0 days 00:00:45.000000000,0 days 00:21:55.642667000
7,2019-12-02 08:13:00.000000,2019-12-02 08:13:45.000000,2019-12-02 08:31:23.047249,2019-12-02 08:31:56.185308,,,,Onsite,3,42,41,0 days 00:00:45.000000000,0 days 00:18:11.185308000
8,2019-12-02 09:23:00.000000,2019-12-02 09:23:55.000000,2019-12-02 09:38:00.243836,2019-12-02 09:38:55.243836,2019-12-02 10:08:29.320888,2019-12-02 10:09:24.320888,2019-12-02 10:31:56.381581,Replace,3,42,41,0 days 00:00:55.000000000,0 days 00:15:00.243836000
9,2019-12-02 10:34:00.000000,2019-12-02 10:34:35.000000,2019-12-02 10:48:20.034125,2019-12-02 10:48:55.034125,2019-12-02 11:24:44.533530,2019-12-02 11:25:19.533530,2019-12-02 11:40:54.855534,Replace,3,42,41,0 days 00:00:35.000000000,0 days 00:14:20.034125000
10,2019-12-02 11:52:00.000000,2019-12-02 11:52:45.000000,2019-12-02 12:07:24.908680,2019-12-02 12:07:29.048572,,,,Onsite,3,42,41,0 days 00:00:45.000000000,0 days 00:14:44.048572000
11,2019-12-02 12:57:00.000000,2019-12-02 12:57:45.000000,2019-12-02 13:08:56.048528,2019-12-02 13:09:06.485722,,,,Onsite,3,42,41,0 days 00:00:45.000000000,0 days 00:11:21.485722000
12,2019-12-02 14:06:00.000000,2019-12-02 14:06:30.000000,2019-12-02 14:25:18.924335,2019-12-02 14:25:48.924335,2019-12-02 14:57:46.214752,2019-12-02 14:58:16.214752,2019-12-02 15:18:06.018134,Replace,3,42,41,0 days 00:00:30.000000000,0 days 00:19:18.924335000
13,2019-12-02 15:05:00.000000,2019-12-02 15:05:35.000000,2019-12-02 15:21:39.198523,2019-12-02 15:22:14.198523,2019-12-02 15:47:44.531517,2019-12-02 15:48:19.531517,2019-12-02 16:02:28.456515,Replace,3,42,41,0 days 00:00:35.000000000,0 days 00:16:39.198523000
14,2019-12-02 15:58:00.000000,2019-12-02 15:58:25.000000,2019-12-02 16:16:29.387441,2019-12-02 16:16:53.322465,,,,Onsite,3,42,41,0 days 00:00:25.000000000,0 days 00:18:28.322465000
15,2019-12-02 17:08:00.000000,2019-12-02 17:08:55.000000,2019-12-02 17:26:17.437865,2019-12-02 17:26:26.253291,,,,Onsite,3,42,41,0 days 00:00:55.000000000,0 days 00:17:31.253291000
16,2019-12-02 18:09:00.000000,2019-12-02 18:09:45.000000,2019-12-02 18:30:53.223191,2019-12-02 18:31:38.223191,2019-12-02 19:01:42.569697,2019-12-02 19:02:27.569697,2019-12-02 19:17:57.790296,Replace,3,42,41,0 days 00:00:45.000000000,0 days 00:21:53.223191000
17,2019-12-02 19:13:00.000000,2019-12-02 19:13:50.000000,2019-12-02 19:28:02.699883,2019-12-02 19:28:22.524606,,,,Onsite,3,42,41,0 days 00:00:50.000000000,0 days 00:14:32.524606000
18,2019-12-02 20:24:00.000000,2019-12-02 20:24:35.000000,2019-12-02 20:42:01.782994,2019-12-02 20:42:36.782994,2019-12-02 21:21:08.027843,2019-12-02 21:21:43.027843,2019-12-02 21:39:33.886946,Replace,3,42,41,0 days 00:00:35.000000000,0 days 00:18:01.782994000
19,2019-12-02 21:23:00.000000,2019-12-02 21:23:50.000000,2019-12-02 21:35:15.988879,2019-12-02 21:36:05.988879,2019-12-02 22:09:05.801613,2019-12-02 22:09:55.801613,2019-12-02 22:30:05.001921,Replace,3,42,41,0 days 00:00:50.000000000,0 days 00:12:15.988879000
0,2019-12-02 01:13:00.000000,2019-12-02 00:00:45.000000,2019-12-02 00:10:57.648500,2019-12-02 00:11:12.907496,,,,Onsite,4,42,41,-1 days +22:47:45.000000000,0 days 00:10:27.907496000
1,2019-12-02 01:12:00.000000,2019-12-02 01:12:45.000000,2019-12-02 01:30:51.339833,2019-12-02 01:31:36.339833,2019-12-02 02:19:50.840308,2019-12-02 02:20:35.840308,2019-12-02 02:43:06.347249,Replace,4,42,41,0 days 00:00:45.000000000,0 days 00:18:51.339833000
2,2019-12-02 02:14:00.000000,2019-12-02 02:14:25.000000,2019-12-02 02:31:45.402054,2019-12-02 02:31:55.045179,,,,Onsite,4,42,41,0 days 00:00:25.000000000,0 days 00:17:30.045179000
3,2019-12-02 03:16:00.000000,2019-12-02 03:16:30.000000,2019-12-02 03:32:49.378854,2019-12-02 03:33:05.404792,,,,Onsite,4,42,41,0 days 00:00:30.000000000,0 days 00:16:35.404792000
4,2019-12-02 04:16:00.000000,2019-12-02 04:16:50.000000,2019-12-02 04:34:57.072681,2019-12-02 04:35:18.012754,,,,Onsite,4,42,41,0 days 00:00:50.000000000,0 days 00:18:28.012754000
5,2019-12-02 05:17:00.000000,2019-12-02 05:17:45.000000,2019-12-02 05:34:32.100266,2019-12-02 05:35:17.100266,2019-12-02 06:12:46.310838,2019-12-02 06:13:31.310838,2019-12-02 06:29:09.731102,Replace,4,42,41,0 days 00:00:45.000000000,0 days 00:17:32.100266000
6,2019-12-02 06:26:00.000000,2019-12-02 06:26:30.000000,2019-12-02 06:41:44.702624,2019-12-02 06:41:51.683102,,,,Onsite,4,42,41,0 days 00:00:30.000000000,0 days 00:15:21.683102000
7,2019-12-02 07:53:00.000000,2019-12-02 07:53:30.000000,2019-12-02 08:03:11.079790,2019-12-02 08:03:41.079790,2019-12-02 08:36:17.614742,2019-12-02 08:36:47.614742,2019-12-02 08:50:11.655625,Replace,4,42,41,0 days 00:00:30.000000000,0 days 00:10:11.079790000
8,2019-12-02 09:09:00.000000,2019-12-02 09:09:45.000000,2019-12-02 09:28:39.073268,2019-12-02 09:29:24.073268,2019-12-02 10:15:20.646233,2019-12-02 10:16:05.646233,2019-12-02 10:38:28.348297,Replace,4,42,41,0 days 00:00:45.000000000,0 days 00:19:39.073268000
9,2019-12-02 10:25:00.000000,2019-12-02 10:25:55.000000,2019-12-02 10:43:19.241093,2019-12-02 10:44:14.241093,2019-12-02 11:17:54.426644,2019-12-02 11:18:49.426644,2019-12-02 11:30:21.918797,Replace,4,42,41,0 days 00:00:55.000000000,0 days 00:18:19.241093000
10,2019-12-02 11:38:00.000000,2019-12-02 11:38:55.000000,2019-12-02 11:53:56.200919,2019-12-02 11:54:09.163124,,,,Onsite,4,42,41,0 days 00:00:55.000000000,0 days 00:15:14.163124000
11,2019-12-02 12:43:00.000000,2019-12-02 12:43:55.000000,2019-12-02 13:01:20.682334,2019-12-02 13:02:15.682334,2019-12-02 13:54:37.232775,2019-12-02 13:55:32.232775,2019-12-02 14:08:11.509551,Replace,4,42,41,0 days 00:00:55.000000000,0 days 00:18:20.682334000
12,2019-12-02 13:42:00.000000,2019-12-02 13:42:55.000000,2019-12-02 13:58:45.904271,2019-12-02 13:59:06.639797,,,,Onsite,4,42,41,0 days 00:00:55.000000000,0 days 00:16:11.639797000
13,2019-12-02 14:55:00.000000,2019-12-02 14:55:55.000000,2019-12-02 15:10:30.060537,2019-12-02 15:10:35.495579,,,,Onsite,4,42,41,0 days 00:00:55.000000000,0 days 00:14:40.495579000
14,2019-12-02 15:40:00.000000,2019-12-02 15:40:50.000000,2019-12-02 15:58:58.341874,2019-12-02 15:59:48.341874,2019-12-02 16:30:19.395904,2019-12-02 16:31:09.395904,2019-12-02 16:44:29.780554,Replace,4,42,41,0 days 00:00:50.000000000,0 days 00:18:58.341874000
15,2019-12-02 16:54:00.000000,2019-12-02 16:54:45.000000,2019-12-02 17:11:21.889445,2019-12-02 17:12:06.889445,2019-12-02 18:01:41.217915,2019-12-02 18:02:26.217915,2019-12-02 18:18:17.270271,Replace,4,42,41,0 days 00:00:45.000000000,0 days 00:17:21.889445000
16,2019-12-02 18:09:00.000000,2019-12-02 18:09:55.000000,2019-12-02 18:28:11.200254,2019-12-02 18:28:28.691651,,,,Onsite,4,42,41,0 days 00:00:55.000000000,0 days 00:18:33.691651000
17,2019-12-02 19:06:00.000000,2019-12-02 19:06:35.000000,2019-12-02 19:24:16.660868,2019-12-02 19:24:51.660868,2019-12-02 20:00:30.100554,2019-12-02 20:01:05.100554,2019-12-02 20:16:18.865597,Replace,4,42,41,0 days 00:00:35.000000000,0 days 00:18:16.660868000
18,2019-12-02 20:34:00.000000,2019-12-02 20:34:50.000000,2019-12-02 20:49:17.382768,2019-12-02 20:49:25.558751,,,,Onsite,4,42,41,0 days 00:00:50.000000000,0 days 00:14:35.558751000
19,2019-12-02 21:41:00.000000,2019-12-02 21:41:55.000000,2019-12-02 21:58:20.012145,2019-12-02 21:59:15.012145,2019-12-02 22:29:11.262304,2019-12-02 22:30:06.262304,2019-12-02 22:48:06.663062,Replace,4,42,41,0 days 00:00:55.000000000,0 days 00:17:20.012145000
0,2019-12-02 01:04:00.000000,2019-12-02 00:00:45.000000,2019-12-02 00:16:16.078635,2019-12-02 00:17:01.078635,2019-12-02 01:00:25.846587,2019-12-02 01:01:10.846587,2019-12-02 01:18:43.866443,Replace,5,42,41,-1 days +22:56:45.000000000,0 days 00:16:16.078635000
1,2019-12-02 01:08:00.000000,2019-12-02 01:08:45.000000,2019-12-02 01:26:48.115169,2019-12-02 01:27:33.115169,2019-12-02 01:49:24.600498,2019-12-02 01:50:09.600498,2019-12-02 02:03:21.132697,Replace,5,42,41,0 days 00:00:45.000000000,0 days 00:18:48.115169000
2,2019-12-02 02:10:00.000000,2019-12-02 02:10:30.000000,2019-12-02 02:23:26.538108,2019-12-02 02:23:56.538108,2019-12-02 02:48:43.329483,2019-12-02 02:49:13.329483,2019-12-02 03:06:24.241253,Replace,5,42,41,0 days 00:00:30.000000000,0 days 00:13:26.538108000
3,2019-12-02 03:18:00.000000,2019-12-02 03:18:35.000000,2019-12-02 03:33:30.826122,2019-12-02 03:34:05.826122,2019-12-02 04:02:27.020839,2019-12-02 04:03:02.020839,2019-12-02 04:16:08.833165,Replace,5,42,41,0 days 00:00:35.000000000,0 days 00:15:30.826122000
4,2019-12-02 04:17:00.000000,2019-12-02 04:17:25.000000,2019-12-02 04:34:13.666805,2019-12-02 04:34:38.666805,2019-12-02 05:18:20.842555,2019-12-02 05:18:45.842555,2019-12-02 05:32:12.051598,Replace,5,42,41,0 days 00:00:25.000000000,0 days 00:17:13.666805000
5,2019-12-02 05:21:00.000000,2019-12-02 05:21:50.000000,2019-12-02 05:40:41.834821,2019-12-02 05:41:31.834821,2019-12-02 06:15:33.368819,2019-12-02 06:16:23.368819,2019-12-02 06:33:16.969923,Replace,5,42,41,0 days 00:00:50.000000000,0 days 00:19:41.834821000
6,2019-12-02 06:40:00.000000,2019-12-02 06:40:45.000000,2019-12-02 06:54:25.658891,2019-12-02 06:54:45.755982,,,,Onsite,5,42,41,0 days 00:00:45.000000000,0 days 00:14:00.755982000
7,2019-12-02 08:08:00.000000,2019-12-02 08:08:50.000000,2019-12-02 08:24:20.342434,2019-12-02 08:24:33.197516,,,,Onsite,5,42,41,0 days 00:00:50.000000000,0 days 00:15:43.197516000
8,2019-12-02 09:23:00.000000,2019-12-02 09:23:45.000000,2019-12-02 09:37:50.166422,2019-12-02 09:38:35.166422,2019-12-02 10:15:17.673417,2019-12-02 10:16:02.673417,2019-12-02 10:39:19.352748,Replace,5,42,41,0 days 00:00:45.000000000,0 days 00:14:50.166422000
9,2019-12-02 10:30:00.000000,2019-12-02 10:30:35.000000,2019-12-02 10:41:56.730603,2019-12-02 10:42:31.730603,2019-12-02 11:09:09.498692,2019-12-02 11:09:44.498692,2019-12-02 11:21:07.806013,Replace,5,42,41,0 days 00:00:35.000000000,0 days 00:11:56.730603000
10,2019-12-02 11:41:00.000000,2019-12-02 11:41:45.000000,2019-12-02 11:58:22.607007,2019-12-02 11:59:07.607007,2019-12-02 12:32:14.999942,2019-12-02 12:32:59.999942,2019-12-02 12:47:09.759014,Replace,5,42,41,0 days 00:00:45.000000000,0 days 00:17:22.607007000
11,2019-12-02 12:41:00.000000,2019-12-02 12:41:25.000000,2019-12-02 12:56:38.131421,2019-12-02 12:57:03.131421,2019-12-02 13:52:17.835673,2019-12-02 13:52:42.835673,2019-12-02 14:13:12.901703,Replace,5,42,41,0 days 00:00:25.000000000,0 days 00:15:38.131421000
12,2019-12-02 14:01:00.000000,2019-12-02 14:01:55.000000,2019-12-02 14:14:26.720040,2019-12-02 14:15:21.720040,2019-12-02 15:03:57.664079,2019-12-02 15:04:52.664079,2019-12-02 15:17:43.154805,Replace,5,42,41,0 days 00:00:55.000000000,0 days 00:13:26.720040000
13,2019-12-02 15:01:00.000000,2019-12-02 15:01:55.000000,2019-12-02 15:18:57.686913,2019-12-02 15:19:52.686913,2019-12-02 16:01:04.940712,2019-12-02 16:01:59.940712,2019-12-02 16:18:39.021751,Replace,5,42,41,0 days 00:00:55.000000000,0 days 00:17:57.686913000
14,2019-12-02 16:12:00.000000,2019-12-02 16:12:45.000000,2019-12-02 16:27:06.877758,2019-12-02 16:27:51.877758,2019-12-02 16:51:14.175995,2019-12-02 16:51:59.175995,2019-12-02 17:11:23.452384,Replace,5,42,41,0 days 00:00:45.000000000,0 days 00:15:06.877758000
15,2019-12-02 18:17:00.000000,2019-12-02 18:17:45.000000,2019-12-02 18:33:13.989540,2019-12-02 18:33:32.943905,,,,Onsite,5,42,41,0 days 00:00:45.000000000,0 days 00:15:47.943905000
16,2019-12-02 17:23:00.000000,2019-12-02 17:23:55.000000,2019-12-02 17:47:59.735343,2019-12-02 17:48:54.735343,2019-12-02 18:17:09.146285,2019-12-02 18:18:04.146285,2019-12-02 18:29:40.107727,Replace,5,42,41,0 days 00:00:55.000000000,0 days 00:24:59.735343000
17,2019-12-02 19:14:00.000000,2019-12-02 19:14:35.000000,2019-12-02 19:31:54.462095,2019-12-02 19:31:59.424739,,,,Onsite,5,42,41,0 days 00:00:35.000000000,0 days 00:17:24.424739000
18,2019-12-02 20:22:00.000000,2019-12-02 20:22:55.000000,2019-12-02 20:32:54.664781,2019-12-02 20:33:49.664781,2019-12-02 21:21:09.404033,2019-12-02 21:22:04.404033,2019-12-02 21:38:46.207935,Replace,5,42,41,0 days 00:00:55.000000000,0 days 00:10:54.664781000
19,2019-12-02 21:23:00.000000,2019-12-02 21:23:55.000000,2019-12-02 21:47:24.445582,2019-12-02 21:47:42.714321,,,,Onsite,5,42,41,0 days 00:00:55.000000000,0 days 00:23:47.714321000
0,2019-12-02 01:03:00.000000,2019-12-02 00:00:25.000000,2019-12-02 00:15:06.526957,2019-12-02 00:15:29.061104,,,,Onsite,6,42,41,-1 days +22:57:25.000000000,0 days 00:15:04.061104000
1,2019-12-02 01:15:00.000000,2019-12-02 01:15:30.000000,2019-12-02 01:30:45.030698,2019-12-02 01:31:15.030698,2019-12-02 02:15:07.014676,2019-12-02 02:15:37.014676,2019-12-02 02:37:35.305626,Replace,6,42,41,0 days 00:00:30.000000000,0 days 00:15:45.030698000
2,2019-12-02 02:36:00.000000,2019-12-02 02:36:45.000000,2019-12-02 02:44:14.467073,2019-12-02 02:44:59.467073,2019-12-02 03:14:57.608232,2019-12-02 03:15:42.608232,2019-12-02 03:30:49.441304,Replace,6,42,41,0 days 00:00:45.000000000,0 days 00:08:14.467073000
3,2019-12-02 03:48:00.000000,2019-12-02 03:48:50.000000,2019-12-02 04:07:28.020660,2019-12-02 04:08:18.020660,2019-12-02 05:03:03.731100,2019-12-02 05:03:53.731100,2019-12-02 05:18:34.535614,Replace,6,42,41,0 days 00:00:50.000000000,0 days 00:19:28.020660000
4,2019-12-02 04:52:00.000000,2019-12-02 04:52:45.000000,2019-12-02 05:03:13.096029,2019-12-02 05:03:26.155738,,,,Onsite,6,42,41,0 days 00:00:45.000000000,0 days 00:10:41.155738000
5,2019-12-02 06:08:00.000000,2019-12-02 06:08:30.000000,2019-12-02 06:26:12.351321,2019-12-02 06:26:26.273432,,,,Onsite,6,42,41,0 days 00:00:30.000000000,0 days 00:17:56.273432000
6,2019-12-02 07:05:00.000000,2019-12-02 07:05:45.000000,2019-12-02 07:19:40.986215,2019-12-02 07:20:25.986215,2019-12-02 07:46:11.537789,2019-12-02 07:46:56.537789,2019-12-02 08:06:53.714718,Replace,6,42,41,0 days 00:00:45.000000000,0 days 00:14:40.986215000
7,2019-12-02 08:19:00.000000,2019-12-02 08:19:45.000000,2019-12-02 08:36:44.643441,2019-12-02 08:37:29.643441,2019-12-02 09:04:26.817031,2019-12-02 09:05:11.817031,2019-12-02 09:19:49.683603,Replace,6,42,41,0 days 00:00:45.000000000,0 days 00:17:44.643441000
8,2019-12-02 09:37:00.000000,2019-12-02 09:37:55.000000,2019-12-02 09:56:36.819142,2019-12-02 09:57:31.819142,2019-12-02 10:28:20.894609,2019-12-02 10:29:15.894609,2019-12-02 10:48:36.813198,Replace,6,42,41,0 days 00:00:55.000000000,0 days 00:19:36.819142000
9,2019-12-02 10:42:00.000000,2019-12-02 10:42:30.000000,2019-12-02 10:58:49.917697,2019-12-02 10:59:19.917697,2019-12-02 11:41:47.282818,2019-12-02 11:42:17.282818,2019-12-02 12:06:14.809298,Replace,6,42,41,0 days 00:00:30.000000000,0 days 00:16:49.917697000
10,2019-12-02 11:44:00.000000,2019-12-02 11:44:45.000000,2019-12-02 12:04:19.247806,2019-12-02 12:04:29.297817,,,,Onsite,6,42,41,0 days 00:00:45.000000000,0 days 00:19:44.297817000
11,2019-12-02 12:58:00.000000,2019-12-02 12:58:35.000000,2019-12-02 13:10:11.475906,2019-12-02 13:10:19.241516,,,,Onsite,6,42,41,0 days 00:00:35.000000000,0 days 00:11:44.241516000
12,2019-12-02 14:07:00.000000,2019-12-02 14:07:25.000000,2019-12-02 14:23:18.880839,2019-12-02 14:23:43.880839,2019-12-02 14:51:59.632885,2019-12-02 14:52:24.632885,2019-12-02 15:16:50.606963,Replace,6,42,41,0 days 00:00:25.000000000,0 days 00:16:18.880839000
13,2019-12-02 15:14:00.000000,2019-12-02 15:14:45.000000,2019-12-02 15:29:55.714223,2019-12-02 15:30:19.213628,,,,Onsite,6,42,41,0 days 00:00:45.000000000,0 days 00:15:34.213628000
14,2019-12-02 16:23:00.000000,2019-12-02 16:23:35.000000,2019-12-02 16:35:51.542994,2019-12-02 16:36:26.542994,2019-12-02 16:59:14.077292,2019-12-02 16:59:49.077292,2019-12-02 17:13:50.481071,Replace,6,42,41,0 days 00:00:35.000000000,0 days 00:12:51.542994000
15,2019-12-02 17:37:00.000000,2019-12-02 17:37:30.000000,2019-12-02 17:50:25.094524,2019-12-02 17:50:55.094524,2019-12-02 18:18:08.783404,2019-12-02 18:18:38.783404,2019-12-02 18:34:41.256583,Replace,6,42,41,0 days 00:00:30.000000000,0 days 00:13:25.094524000
16,2019-12-02 18:41:00.000000,2019-12-02 18:41:55.000000,2019-12-02 18:59:40.435235,2019-12-02 19:00:35.435235,2019-12-02 19:39:03.837102,2019-12-02 19:39:58.837102,2019-12-02 19:57:58.244271,Replace,6,42,41,0 days 00:00:55.000000000,0 days 00:18:40.435235000
17,2019-12-02 19:37:00.000000,2019-12-02 19:37:30.000000,2019-12-02 19:48:23.363004,2019-12-02 19:48:53.363004,2019-12-02 20:28:44.368962,2019-12-02 20:29:14.368962,2019-12-02 20:43:59.984173,Replace,6,42,41,0 days 00:00:30.000000000,0 days 00:11:23.363004000
18,2019-12-02 20:37:00.000000,2019-12-02 20:37:55.000000,2019-12-02 20:50:34.461925,2019-12-02 20:51:29.461925,2019-12-02 21:25:56.183191,2019-12-02 21:26:51.183191,2019-12-02 21:46:29.100385,Replace,6,42,41,0 days 00:00:55.000000000,0 days 00:13:34.461925000
19,2019-12-02 21:37:00.000000,2019-12-02 21:37:45.000000,2019-12-02 21:53:41.505493,2019-12-02 21:54:26.505493,2019-12-02 22:21:27.204857,2019-12-02 22:22:12.204857,2019-12-02 22:34:17.328707,Replace,6,42,41,0 days 00:00:45.000000000,0 days 00:16:41.505493000
0,2019-12-02 01:16:00.000000,2019-12-02 00:00:55.000000,2019-12-02 00:21:14.271252,2019-12-02 00:22:09.271252,2019-12-02 00:48:36.191610,2019-12-02 00:49:31.191610,2019-12-02 01:02:36.397802,Replace,7,42,41,-1 days +22:44:55.000000000,0 days 00:21:14.271252000
1,2019-12-02 01:06:00.000000,2019-12-02 01:06:45.000000,2019-12-02 01:27:04.893701,2019-12-02 01:27:49.893701,2019-12-02 02:06:56.129424,2019-12-02 02:07:41.129424,2019-12-02 02:23:08.725575,Replace,7,42,41,0 days 00:00:45.000000000,0 days 00:21:04.893701000
2,2019-12-02 02:17:00.000000,2019-12-02 02:17:45.000000,2019-12-02 02:28:46.009781,2019-12-02 02:29:31.009781,2019-12-02 02:54:26.791544,2019-12-02 02:55:11.791544,2019-12-02 03:18:19.477111,Replace,7,42,41,0 days 00:00:45.000000000,0 days 00:11:46.009781000
3,2019-12-02 03:20:00.000000,2019-12-02 03:20:25.000000,2019-12-02 03:39:23.830414,2019-12-02 03:39:48.830414,2019-12-02 04:07:42.521210,2019-12-02 04:08:07.521210,2019-12-02 04:23:46.580521,Replace,7,42,41,0 days 00:00:25.000000000,0 days 00:19:23.830414000
4,2019-12-02 04:32:00.000000,2019-12-02 04:32:55.000000,2019-12-02 04:49:07.142971,2019-12-02 04:49:24.575446,,,,Onsite,7,42,41,0 days 00:00:55.000000000,0 days 00:16:29.575446000
5,2019-12-02 05:51:00.000000,2019-12-02 05:51:30.000000,2019-12-02 06:06:26.992336,2019-12-02 06:06:56.992336,2019-12-02 06:33:08.789329,2019-12-02 06:33:38.789329,2019-12-02 06:47:38.785623,Replace,7,42,41,0 days 00:00:30.000000000,0 days 00:15:26.992336000
6,2019-12-02 07:04:00.000000,2019-12-02 07:04:45.000000,2019-12-02 07:20:22.848843,2019-12-02 07:21:07.848843,2019-12-02 08:13:15.425070,2019-12-02 08:14:00.425070,2019-12-02 08:27:43.896206,Replace,7,42,41,0 days 00:00:45.000000000,0 days 00:16:22.848843000
7,2019-12-02 08:11:00.000000,2019-12-02 08:11:45.000000,2019-12-02 08:26:05.497306,2019-12-02 08:26:38.151866,,,,Onsite,7,42,41,0 days 00:00:45.000000000,0 days 00:14:53.151866000
8,2019-12-02 09:21:00.000000,2019-12-02 09:21:45.000000,2019-12-02 09:40:30.549094,2019-12-02 09:41:00.101028,,,,Onsite,7,42,41,0 days 00:00:45.000000000,0 days 00:19:15.101028000
9,2019-12-02 10:17:00.000000,2019-12-02 10:17:55.000000,2019-12-02 10:34:00.151794,2019-12-02 10:34:17.280873,,,,Onsite,7,42,41,0 days 00:00:55.000000000,0 days 00:16:22.280873000
10,2019-12-02 11:27:00.000000,2019-12-02 11:27:55.000000,2019-12-02 11:47:37.187624,2019-12-02 11:48:32.187624,2019-12-02 12:41:08.108785,2019-12-02 12:42:03.108785,2019-12-02 12:59:56.430486,Replace,7,42,41,0 days 00:00:55.000000000,0 days 00:20:37.187624000
11,2019-12-02 12:28:00.000000,2019-12-02 12:28:55.000000,2019-12-02 12:48:24.398122,2019-12-02 12:49:19.398122,2019-12-02 13:39:29.208817,2019-12-02 13:40:24.208817,2019-12-02 13:59:48.681611,Replace,7,42,41,0 days 00:00:55.000000000,0 days 00:20:24.398122000
12,2019-12-02 13:33:00.000000,2019-12-02 13:33:35.000000,2019-12-02 13:45:38.985766,2019-12-02 13:45:50.320569,,,,Onsite,7,42,41,0 days 00:00:35.000000000,0 days 00:12:15.320569000
13,2019-12-02 14:37:00.000000,2019-12-02 14:37:25.000000,2019-12-02 14:53:45.035570,2019-12-02 14:54:10.035570,2019-12-02 15:33:09.531071,2019-12-02 15:33:34.531071,2019-12-02 15:52:10.243426,Replace,7,42,41,0 days 00:00:25.000000000,0 days 00:16:45.035570000
14,2019-12-02 15:45:00.000000,2019-12-02 15:45:35.000000,2019-12-02 16:00:29.438216,2019-12-02 16:01:04.438216,2019-12-02 16:30:39.997419,2019-12-02 16:31:14.997419,2019-12-02 16:47:28.112963,Replace,7,42,41,0 days 00:00:35.000000000,0 days 00:15:29.438216000
15,2019-12-02 16:59:00.000000,2019-12-02 16:59:45.000000,2019-12-02 17:16:05.161103,2019-12-02 17:16:50.161103,2019-12-02 18:06:32.509576,2019-12-02 18:07:17.509576,2019-12-02 18:21:27.363774,Replace,7,42,41,0 days 00:00:45.000000000,0 days 00:17:05.161103000
16,2019-12-02 17:58:00.000000,2019-12-02 17:58:30.000000,2019-12-02 18:12:29.159137,2019-12-02 18:12:36.480269,,,,Onsite,7,42,41,0 days 00:00:30.000000000,0 days 00:14:06.480269000
17,2019-12-02 19:04:00.000000,2019-12-02 19:04:45.000000,2019-12-02 19:13:49.833499,2019-12-02 19:14:07.465484,,,,Onsite,7,42,41,0 days 00:00:45.000000000,0 days 00:09:22.465484000
18,2019-12-02 19:57:00.000000,2019-12-02 19:57:45.000000,2019-12-02 20:12:20.565840,2019-12-02 20:13:05.565840,2019-12-02 20:51:38.850574,2019-12-02 20:52:23.850574,2019-12-02 21:08:47.977488,Replace,7,42,41,0 days 00:00:45.000000000,0 days 00:15:20.565840000
19,2019-12-02 21:09:00.000000,2019-12-02 21:09:35.000000,2019-12-02 21:22:37.751425,2019-12-02 21:22:48.968837,,,,Onsite,7,42,41,0 days 00:00:35.000000000,0 days 00:13:13.968837000
0,2019-12-02 01:05:00.000000,2019-12-02 00:00:35.000000,2019-12-02 00:14:51.360347,2019-12-02 00:15:26.360347,2019-12-02 00:49:35.903473,2019-12-02 00:50:10.903473,2019-12-02 01:08:21.857499,Replace,8,42,41,-1 days +22:55:35.000000000,0 days 00:14:51.360347000
1,2019-12-02 01:06:00.000000,2019-12-02 01:06:45.000000,2019-12-02 01:26:07.954168,2019-12-02 01:26:52.954168,2019-12-02 01:58:49.397387,2019-12-02 01:59:34.397387,2019-12-02 02:19:14.428604,Replace,8,42,41,0 days 00:00:45.000000000,0 days 00:20:07.954168000
2,2019-12-02 02:24:00.000000,2019-12-02 02:24:25.000000,2019-12-02 02:37:24.679041,2019-12-02 02:37:44.039317,,,,Onsite,8,42,41,0 days 00:00:25.000000000,0 days 00:13:19.039317000
3,2019-12-02 03:28:00.000000,2019-12-02 03:28:45.000000,2019-12-02 03:49:33.255818,2019-12-02 03:50:03.668045,,,,Onsite,8,42,41,0 days 00:00:45.000000000,0 days 00:21:18.668045000
4,2019-12-02 04:37:00.000000,2019-12-02 04:37:45.000000,2019-12-02 04:52:22.152562,2019-12-02 04:53:07.152562,2019-12-02 05:26:02.993487,2019-12-02 05:26:47.993487,2019-12-02 05:41:54.764358,Replace,8,42,41,0 days 00:00:45.000000000,0 days 00:15:22.152562000
5,2019-12-02 05:33:00.000000,2019-12-02 05:33:45.000000,2019-12-02 05:52:21.602582,2019-12-02 05:53:06.602582,2019-12-02 06:49:34.981733,2019-12-02 06:50:19.981733,2019-12-02 07:04:38.565440,Replace,8,42,41,0 days 00:00:45.000000000,0 days 00:19:21.602582000
6,2019-12-02 07:51:00.000000,2019-12-02 07:51:35.000000,2019-12-02 08:11:01.852524,2019-12-02 08:11:36.852524,2019-12-02 08:49:34.762689,2019-12-02 08:50:09.762689,2019-12-02 09:05:24.828819,Replace,8,42,41,0 days 00:00:35.000000000,0 days 00:20:01.852524000
7,2019-12-02 06:43:00.000000,2019-12-02 06:43:25.000000,2019-12-02 06:56:58.385162,2019-12-02 06:57:23.385162,2019-12-02 07:51:20.505169,2019-12-02 07:51:45.505169,2019-12-02 08:03:57.915358,Replace,8,42,41,0 days 00:00:25.000000000,0 days 00:13:58.385162000
8,2019-12-02 09:04:00.000000,2019-12-02 09:04:35.000000,2019-12-02 09:19:09.574534,2019-12-02 09:19:44.574534,2019-12-02 10:08:34.134566,2019-12-02 10:09:09.134566,2019-12-02 10:24:21.194097,Replace,8,42,41,0 days 00:00:35.000000000,0 days 00:15:09.574534000
9,2019-12-02 10:01:00.000000,2019-12-02 10:01:35.000000,2019-12-02 10:17:41.013072,2019-12-02 10:17:59.726745,,,,Onsite,8,42,41,0 days 00:00:35.000000000,0 days 00:16:24.726745000
10,2019-12-02 11:21:00.000000,2019-12-02 11:21:55.000000,2019-12-02 11:39:39.233608,2019-12-02 11:40:34.233608,2019-12-02 12:06:09.190335,2019-12-02 12:07:04.190335,2019-12-02 12:24:53.013063,Replace,8,42,41,0 days 00:00:55.000000000,0 days 00:18:39.233608000
11,2019-12-02 12:29:00.000000,2019-12-02 12:29:45.000000,2019-12-02 12:48:10.325753,2019-12-02 12:48:16.909542,,,,Onsite,8,42,41,0 days 00:00:45.000000000,0 days 00:18:31.909542000
12,2019-12-02 13:42:00.000000,2019-12-02 13:42:45.000000,2019-12-02 14:01:05.970803,2019-12-02 14:01:50.970803,2019-12-02 14:35:17.452531,2019-12-02 14:36:02.452531,2019-12-02 14:52:29.653955,Replace,8,42,41,0 days 00:00:45.000000000,0 days 00:19:05.970803000
13,2019-12-02 15:03:00.000000,2019-12-02 15:03:25.000000,2019-12-02 15:15:20.678444,2019-12-02 15:15:45.678444,2019-12-02 15:44:07.081570,2019-12-02 15:44:32.081570,2019-12-02 15:58:15.552776,Replace,8,42,41,0 days 00:00:25.000000000,0 days 00:12:20.678444000
14,2019-12-02 16:05:00.000000,2019-12-02 16:05:45.000000,2019-12-02 16:24:16.672492,2019-12-02 16:24:37.608646,,,,Onsite,8,42,41,0 days 00:00:45.000000000,0 days 00:18:52.608646000
15,2019-12-02 17:08:00.000000,2019-12-02 17:08:30.000000,2019-12-02 17:24:03.508104,2019-12-02 17:24:33.508104,2019-12-02 18:11:29.931211,2019-12-02 18:11:59.931211,2019-12-02 18:24:14.046061,Replace,8,42,41,0 days 00:00:30.000000000,0 days 00:16:03.508104000
16,2019-12-02 18:15:00.000000,2019-12-02 18:15:45.000000,2019-12-02 18:37:01.831877,2019-12-02 18:37:13.457530,,,,Onsite,8,42,41,0 days 00:00:45.000000000,0 days 00:21:28.457530000
17,2019-12-02 19:23:00.000000,2019-12-02 19:23:35.000000,2019-12-02 19:40:33.911341,2019-12-02 19:41:08.911341,2019-12-02 20:21:22.123122,2019-12-02 20:21:57.123122,2019-12-02 20:35:05.232219,Replace,8,42,41,0 days 00:00:35.000000000,0 days 00:17:33.911341000
18,2019-12-02 20:28:00.000000,2019-12-02 20:28:55.000000,2019-12-02 20:46:24.763660,2019-12-02 20:46:37.709761,,,,Onsite,8,42,41,0 days 00:00:55.000000000,0 days 00:17:42.709761000
19,2019-12-02 21:26:00.000000,2019-12-02 21:26:35.000000,2019-12-02 21:43:09.315092,2019-12-02 21:43:44.315092,2019-12-02 22:13:57.489523,2019-12-02 22:14:32.489523,2019-12-02 22:27:08.770786,Replace,8,42,41,0 days 00:00:35.000000000,0 days 00:17:09.315092000
0,2019-12-02 01:17:00.000000,2019-12-02 00:00:35.000000,2019-12-02 00:16:39.736118,2019-12-02 00:17:14.736118,2019-12-02 00:50:49.523432,2019-12-02 00:51:24.523432,2019-12-02 01:06:26.220757,Replace,9,42,41,-1 days +22:43:35.000000000,0 days 00:16:39.736118000
1,2019-12-02 00:59:00.000000,2019-12-02 00:59:55.000000,2019-12-02 01:19:59.989074,2019-12-02 01:20:54.989074,2019-12-02 01:47:04.423312,2019-12-02 01:47:59.423312,2019-12-02 02:03:15.427800,Replace,9,42,41,0 days 00:00:55.000000000,0 days 00:20:59.989074000
2,2019-12-02 02:10:00.000000,2019-12-02 02:10:30.000000,2019-12-02 02:23:57.876279,2019-12-02 02:24:27.876279,2019-12-02 03:07:29.538360,2019-12-02 03:07:59.538360,2019-12-02 03:22:37.474547,Replace,9,42,41,0 days 00:00:30.000000000,0 days 00:13:57.876279000
3,2019-12-02 03:14:00.000000,2019-12-02 03:14:35.000000,2019-12-02 03:33:31.623544,2019-12-02 03:34:06.623544,2019-12-02 04:12:24.533833,2019-12-02 04:12:59.533833,2019-12-02 04:32:19.378520,Replace,9,42,41,0 days 00:00:35.000000000,0 days 00:19:31.623544000
4,2019-12-02 04:33:00.000000,2019-12-02 04:33:35.000000,2019-12-02 04:50:47.932720,2019-12-02 04:51:22.932720,2019-12-02 05:29:31.170678,2019-12-02 05:30:06.170678,2019-12-02 05:40:36.808743,Replace,9,42,41,0 days 00:00:35.000000000,0 days 00:17:47.932720000
5,2019-12-02 05:55:00.000000,2019-12-02 05:55:30.000000,2019-12-02 06:16:47.641690,2019-12-02 06:17:17.641690,2019-12-02 07:15:40.133417,2019-12-02 07:16:10.133417,2019-12-02 07:28:15.427320,Replace,9,42,41,0 days 00:00:30.000000000,0 days 00:21:47.641690000
6,2019-12-02 06:55:00.000000,2019-12-02 06:55:25.000000,2019-12-02 07:15:39.158586,2019-12-02 07:16:04.158586,2019-12-02 07:55:38.054680,2019-12-02 07:56:03.054680,2019-12-02 08:13:48.348418,Replace,9,42,41,0 days 00:00:25.000000000,0 days 00:20:39.158586000
7,2019-12-02 10:05:00.000000,2019-12-02 10:05:35.000000,2019-12-02 10:19:00.188223,2019-12-02 10:19:19.478719,,,,Onsite,9,42,41,0 days 00:00:35.000000000,0 days 00:13:44.478719000
8,2019-12-02 08:02:00.000000,2019-12-02 08:02:55.000000,2019-12-02 08:17:09.016210,2019-12-02 08:18:04.016210,2019-12-02 08:59:53.658971,2019-12-02 09:00:48.658971,2019-12-02 09:15:56.087437,Replace,9,42,41,0 days 00:00:55.000000000,0 days 00:15:09.016210000
9,2019-12-02 09:00:00.000000,2019-12-02 09:00:55.000000,2019-12-02 09:15:56.704009,2019-12-02 09:16:51.704009,2019-12-02 10:03:55.084411,2019-12-02 10:04:50.084411,2019-12-02 10:20:37.734464,Replace,9,42,41,0 days 00:00:55.000000000,0 days 00:15:56.704009000
10,2019-12-02 10:57:00.000000,2019-12-02 10:57:45.000000,2019-12-02 11:11:21.517214,2019-12-02 11:12:06.517214,2019-12-02 11:46:16.792261,2019-12-02 11:47:01.792261,2019-12-02 12:03:05.888513,Replace,9,42,41,0 days 00:00:45.000000000,0 days 00:14:21.517214000
11,2019-12-02 11:59:00.000000,2019-12-02 11:59:35.000000,2019-12-02 12:16:59.975027,2019-12-02 12:17:09.891429,,,,Onsite,9,42,41,0 days 00:00:35.000000000,0 days 00:17:34.891429000
12,2019-12-02 12:49:00.000000,2019-12-02 12:49:35.000000,2019-12-02 12:59:31.917367,2019-12-02 12:59:39.586898,,,,Onsite,9,42,41,0 days 00:00:35.000000000,0 days 00:10:04.586898000
13,2019-12-02 13:57:00.000000,2019-12-02 13:57:50.000000,2019-12-02 14:15:39.785042,2019-12-02 14:15:46.956165,,,,Onsite,9,42,41,0 days 00:00:50.000000000,0 days 00:17:56.956165000
14,2019-12-02 15:13:00.000000,2019-12-02 15:13:35.000000,2019-12-02 15:35:50.493359,2019-12-02 15:36:04.853708,,,,Onsite,9,42,41,0 days 00:00:35.000000000,0 days 00:22:29.853708000
15,2019-12-02 16:28:00.000000,2019-12-02 16:28:55.000000,2019-12-02 16:48:26.764404,2019-12-02 16:48:49.225009,,,,Onsite,9,42,41,0 days 00:00:55.000000000,0 days 00:19:54.225009000
16,2019-12-02 17:30:00.000000,2019-12-02 17:30:30.000000,2019-12-02 17:47:48.084645,2019-12-02 17:48:18.084645,2019-12-02 18:15:29.537127,2019-12-02 18:15:59.537127,2019-12-02 18:36:34.115318,Replace,9,42,41,0 days 00:00:30.000000000,0 days 00:17:48.084645000
17,2019-12-02 18:40:00.000000,2019-12-02 18:40:35.000000,2019-12-02 18:57:25.831527,2019-12-02 18:57:28.553639,,,,Onsite,9,42,41,0 days 00:00:35.000000000,0 days 00:16:53.553639000
18,2019-12-02 19:47:00.000000,2019-12-02 19:47:55.000000,2019-12-02 20:00:56.598163,2019-12-02 20:01:13.645458,,,,Onsite,9,42,41,0 days 00:00:55.000000000,0 days 00:13:18.645458000
19,2019-12-02 21:17:00.000000,2019-12-02 21:17:45.000000,2019-12-02 21:32:25.509910,2019-12-02 21:33:10.509910,2019-12-02 22:04:05.279039,2019-12-02 22:04:50.279039,2019-12-02 22:25:28.156520,Replace,9,42,41,0 days 00:00:45.000000000,0 days 00:15:25.509910000
20,2019-12-02 22:33:00.000000,2019-12-02 22:33:55.000000,2019-12-02 22:47:36.845670,2019-12-02 22:47:43.982277,,,,Onsite,9,42,41,0 days 00:00:55.000000000,0 days 00:13:48.982277000
0,2019-12-02 00:57:00.000000,2019-12-02 00:00:45.000000,2019-12-02 00:20:12.996702,2019-12-02 00:20:19.477112,,,,Onsite,1,42,42,-1 days +23:03:45.000000000,0 days 00:19:34.477112000
1,2019-12-02 01:12:00.000000,2019-12-02 01:12:30.000000,2019-12-02 01:32:53.244154,2019-12-02 01:33:12.439937,,,,Onsite,1,42,42,0 days 00:00:30.000000000,0 days 00:20:42.439937000
2,2019-12-02 02:20:00.000000,2019-12-02 02:20:35.000000,2019-12-02 02:36:12.107766,2019-12-02 02:36:47.107766,2019-12-02 03:08:40.262068,2019-12-02 03:09:15.262068,2019-12-02 03:23:12.385835,Replace,1,42,42,0 days 00:00:35.000000000,0 days 00:16:12.107766000
3,2019-12-02 03:33:00.000000,2019-12-02 03:33:25.000000,2019-12-02 03:53:26.678063,2019-12-02 03:53:44.036765,,,,Onsite,1,42,42,0 days 00:00:25.000000000,0 days 00:20:19.036765000
4,2019-12-02 04:41:00.000000,2019-12-02 04:41:50.000000,2019-12-02 04:56:52.445763,2019-12-02 04:57:42.445763,2019-12-02 05:24:47.693093,2019-12-02 05:25:37.693093,2019-12-02 05:49:56.798207,Replace,1,42,42,0 days 00:00:50.000000000,0 days 00:15:52.445763000
5,2019-12-02 05:41:00.000000,2019-12-02 05:41:35.000000,2019-12-02 05:59:35.912329,2019-12-02 06:00:10.912329,2019-12-02 06:33:51.386629,2019-12-02 06:34:26.386629,2019-12-02 06:51:06.513825,Replace,1,42,42,0 days 00:00:35.000000000,0 days 00:18:35.912329000
6,2019-12-02 07:00:00.000000,2019-12-02 07:00:25.000000,2019-12-02 07:20:14.886661,2019-12-02 07:20:39.886661,2019-12-02 07:53:02.632510,2019-12-02 07:53:27.632510,2019-12-02 08:11:55.985813,Replace,1,42,42,0 days 00:00:25.000000000,0 days 00:20:14.886661000
7,2019-12-02 07:51:00.000000,2019-12-02 07:51:25.000000,2019-12-02 08:09:57.120611,2019-12-02 08:10:11.121345,,,,Onsite,1,42,42,0 days 00:00:25.000000000,0 days 00:18:46.121345000
8,2019-12-02 09:02:00.000000,2019-12-02 09:02:30.000000,2019-12-02 09:19:02.644710,2019-12-02 09:19:32.644710,2019-12-02 09:45:51.157923,2019-12-02 09:46:21.157923,2019-12-02 10:05:53.505245,Replace,1,42,42,0 days 00:00:30.000000000,0 days 00:17:02.644710000
9,2019-12-02 10:03:00.000000,2019-12-02 10:03:30.000000,2019-12-02 10:22:36.289239,2019-12-02 10:22:58.378514,,,,Onsite,1,42,42,0 days 00:00:30.000000000,0 days 00:19:28.378514000
10,2019-12-02 11:10:00.000000,2019-12-02 11:10:25.000000,2019-12-02 11:24:00.631011,2019-12-02 11:24:21.994224,,,,Onsite,1,42,42,0 days 00:00:25.000000000,0 days 00:13:56.994224000
11,2019-12-02 12:21:00.000000,2019-12-02 12:21:45.000000,2019-12-02 12:41:27.457687,2019-12-02 12:41:35.633034,,,,Onsite,1,42,42,0 days 00:00:45.000000000,0 days 00:19:50.633034000
12,2019-12-02 13:40:00.000000,2019-12-02 13:40:25.000000,2019-12-02 13:55:04.976669,2019-12-02 13:55:29.976669,2019-12-02 14:22:37.184964,2019-12-02 14:23:02.184964,2019-12-02 14:41:50.649612,Replace,1,42,42,0 days 00:00:25.000000000,0 days 00:15:04.976669000
13,2019-12-02 14:56:00.000000,2019-12-02 14:56:30.000000,2019-12-02 15:12:30.317066,2019-12-02 15:12:36.168634,,,,Onsite,1,42,42,0 days 00:00:30.000000000,0 days 00:16:06.168634000
14,2019-12-02 16:13:00.000000,2019-12-02 16:13:35.000000,2019-12-02 16:25:39.630350,2019-12-02 16:26:14.630350,2019-12-02 16:55:08.480266,2019-12-02 16:55:43.480266,2019-12-02 17:09:23.151902,Replace,1,42,42,0 days 00:00:35.000000000,0 days 00:12:39.630350000
15,2019-12-02 17:25:00.000000,2019-12-02 17:25:45.000000,2019-12-02 17:38:38.717758,2019-12-02 17:39:23.717758,2019-12-02 18:20:36.305817,2019-12-02 18:21:21.305817,2019-12-02 18:41:44.628601,Replace,1,42,42,0 days 00:00:45.000000000,0 days 00:13:38.717758000
16,2019-12-02 18:40:00.000000,2019-12-02 18:40:45.000000,2019-12-02 18:59:40.454365,2019-12-02 19:00:25.454365,2019-12-02 19:28:55.982664,2019-12-02 19:29:40.982664,2019-12-02 19:42:22.248549,Replace,1,42,42,0 days 00:00:45.000000000,0 days 00:19:40.454365000
17,2019-12-02 19:51:00.000000,2019-12-02 19:51:55.000000,2019-12-02 20:08:34.326698,2019-12-02 20:08:40.928499,,,,Onsite,1,42,42,0 days 00:00:55.000000000,0 days 00:16:45.928499000
18,2019-12-02 21:10:00.000000,2019-12-02 21:10:50.000000,2019-12-02 21:29:36.437954,2019-12-02 21:30:26.437954,2019-12-02 22:00:54.045478,2019-12-02 22:01:44.045478,2019-12-02 22:24:14.154009,Replace,1,42,42,0 days 00:00:50.000000000,0 days 00:19:36.437954000
19,2019-12-02 22:21:00.000000,2019-12-02 22:21:30.000000,2019-12-02 22:34:28.718650,2019-12-02 22:34:46.912002,,,,Onsite,1,42,42,0 days 00:00:30.000000000,0 days 00:13:16.912002000
0,2019-12-02 01:04:00.000000,2019-12-02 00:00:45.000000,2019-12-02 00:14:26.864154,2019-12-02 00:14:39.353537,,,,Onsite,2,42,42,-1 days +22:56:45.000000000,0 days 00:13:54.353537000
1,2019-12-02 01:15:00.000000,2019-12-02 01:15:50.000000,2019-12-02 01:34:26.013629,2019-12-02 01:35:16.013629,2019-12-02 02:17:27.648956,2019-12-02 02:18:17.648956,2019-12-02 02:37:02.125228,Replace,2,42,42,0 days 00:00:50.000000000,0 days 00:19:26.013629000
2,2019-12-02 02:28:00.000000,2019-12-02 02:28:45.000000,2019-12-02 02:42:33.968214,2019-12-02 02:43:18.968214,2019-12-02 03:05:52.255401,2019-12-02 03:06:37.255401,2019-12-02 03:25:32.716495,Replace,2,42,42,0 days 00:00:45.000000000,0 days 00:14:33.968214000
3,2019-12-02 03:32:00.000000,2019-12-02 03:32:30.000000,2019-12-02 03:46:00.792342,2019-12-02 03:46:30.792342,2019-12-02 04:17:37.362280,2019-12-02 04:18:07.362280,2019-12-02 04:32:25.148655,Replace,2,42,42,0 days 00:00:30.000000000,0 days 00:14:00.792342000
4,2019-12-02 04:42:00.000000,2019-12-02 04:42:35.000000,2019-12-02 04:55:10.132418,2019-12-02 04:55:45.132418,2019-12-02 05:42:01.156948,2019-12-02 05:42:36.156948,2019-12-02 05:58:34.757323,Replace,2,42,42,0 days 00:00:35.000000000,0 days 00:13:10.132418000
5,2019-12-02 06:08:00.000000,2019-12-02 06:08:45.000000,2019-12-02 06:23:23.556522,2019-12-02 06:23:36.401483,,,,Onsite,2,42,42,0 days 00:00:45.000000000,0 days 00:14:51.401483000
6,2019-12-02 07:05:00.000000,2019-12-02 07:05:45.000000,2019-12-02 07:20:10.886589,2019-12-02 07:20:55.886589,2019-12-02 07:55:14.218122,2019-12-02 07:55:59.218122,2019-12-02 08:08:37.940383,Replace,2,42,42,0 days 00:00:45.000000000,0 days 00:15:10.886589000
7,2019-12-02 08:07:00.000000,2019-12-02 08:07:55.000000,2019-12-02 08:25:43.471616,2019-12-02 08:26:38.471616,2019-12-02 09:06:23.323473,2019-12-02 09:07:18.323473,2019-12-02 09:19:29.566368,Replace,2,42,42,0 days 00:00:55.000000000,0 days 00:18:43.471616000
8,2019-12-02 09:17:00.000000,2019-12-02 09:17:50.000000,2019-12-02 09:37:25.976506,2019-12-02 09:37:48.638303,,,,Onsite,2,42,42,0 days 00:00:50.000000000,0 days 00:19:58.638303000
9,2019-12-02 10:18:00.000000,2019-12-02 10:18:35.000000,2019-12-02 10:36:16.267729,2019-12-02 10:36:51.267729,2019-12-02 11:17:43.058083,2019-12-02 11:18:18.058083,2019-12-02 11:35:15.747371,Replace,2,42,42,0 days 00:00:35.000000000,0 days 00:18:16.267729000
10,2019-12-02 11:31:00.000000,2019-12-02 11:31:45.000000,2019-12-02 11:50:54.183107,2019-12-02 11:51:39.183107,2019-12-02 12:38:38.595473,2019-12-02 12:39:23.595473,2019-12-02 12:53:44.013765,Replace,2,42,42,0 days 00:00:45.000000000,0 days 00:19:54.183107000
11,2019-12-02 12:34:00.000000,2019-12-02 12:34:45.000000,2019-12-02 12:48:22.559706,2019-12-02 12:49:07.559706,2019-12-02 13:26:22.803485,2019-12-02 13:27:07.803485,2019-12-02 13:43:18.531201,Replace,2,42,42,0 days 00:00:45.000000000,0 days 00:14:22.559706000
12,2019-12-02 13:39:00.000000,2019-12-02 13:39:45.000000,2019-12-02 13:51:52.793938,2019-12-02 13:52:37.793938,2019-12-02 14:29:32.302051,2019-12-02 14:30:17.302051,2019-12-02 14:46:49.510497,Replace,2,42,42,0 days 00:00:45.000000000,0 days 00:12:52.793938000
13,2019-12-02 14:40:00.000000,2019-12-02 14:40:50.000000,2019-12-02 14:53:38.454453,2019-12-02 14:54:28.454453,2019-12-02 15:17:57.376996,2019-12-02 15:18:47.376996,2019-12-02 15:32:05.453014,Replace,2,42,42,0 days 00:00:50.000000000,0 days 00:13:38.454453000
14,2019-12-02 15:51:00.000000,2019-12-02 15:51:45.000000,2019-12-02 16:06:37.721796,2019-12-02 16:07:22.721796,2019-12-02 16:54:23.096175,2019-12-02 16:55:08.096175,2019-12-02 17:17:40.815474,Replace,2,42,42,0 days 00:00:45.000000000,0 days 00:15:37.721796000
15,2019-12-02 16:57:00.000000,2019-12-02 16:57:45.000000,2019-12-02 17:06:56.971353,2019-12-02 17:07:41.971353,2019-12-02 17:56:14.319479,2019-12-02 17:56:59.319479,2019-12-02 18:11:26.768691,Replace,2,42,42,0 days 00:00:45.000000000,0 days 00:09:56.971353000
16,2019-12-02 18:12:00.000000,2019-12-02 18:12:45.000000,2019-12-02 18:29:09.406239,2019-12-02 18:29:54.406239,2019-12-02 19:05:16.756588,2019-12-02 19:06:01.756588,2019-12-02 19:21:17.232992,Replace,2,42,42,0 days 00:00:45.000000000,0 days 00:17:09.406239000
17,2019-12-02 19:15:00.000000,2019-12-02 19:15:45.000000,2019-12-02 19:32:16.918004,2019-12-02 19:32:47.652240,,,,Onsite,2,42,42,0 days 00:00:45.000000000,0 days 00:17:02.652240000
18,2019-12-02 20:12:00.000000,2019-12-02 20:12:30.000000,2019-12-02 20:26:13.016783,2019-12-02 20:26:29.075863,,,,Onsite,2,42,42,0 days 00:00:30.000000000,0 days 00:13:59.075863000
19,2019-12-02 21:20:00.000000,2019-12-02 21:20:45.000000,2019-12-02 21:42:01.853939,2019-12-02 21:42:46.853939,2019-12-02 22:03:47.771978,2019-12-02 22:04:32.771978,2019-12-02 22:25:11.805454,Replace,2,42,42,0 days 00:00:45.000000000,0 days 00:22:01.853939000
20,2019-12-02 22:36:00.000000,2019-12-02 22:36:35.000000,2019-12-02 22:50:01.807838,2019-12-02 22:50:14.403535,,,,Onsite,2,42,42,0 days 00:00:35.000000000,0 days 00:13:39.403535000
0,2019-12-02 01:15:00.000000,2019-12-02 00:00:45.000000,2019-12-02 00:16:23.430823,2019-12-02 00:16:47.995697,,,,Onsite,3,42,42,-1 days +22:45:45.000000000,0 days 00:16:02.995697000
1,2019-12-02 00:56:00.000000,2019-12-02 00:56:55.000000,2019-12-02 01:15:53.334025,2019-12-02 01:16:48.334025,2019-12-02 01:47:47.423967,2019-12-02 01:48:42.423967,2019-12-02 02:09:45.263427,Replace,3,42,42,0 days 00:00:55.000000000,0 days 00:19:53.334025000
2,2019-12-02 01:51:00.000000,2019-12-02 01:51:35.000000,2019-12-02 02:11:15.388971,2019-12-02 02:11:45.998412,,,,Onsite,3,42,42,0 days 00:00:35.000000000,0 days 00:20:10.998412000
3,2019-12-02 02:58:00.000000,2019-12-02 02:58:25.000000,2019-12-02 03:09:00.877855,2019-12-02 03:09:25.877855,2019-12-02 03:42:37.193616,2019-12-02 03:43:02.193616,2019-12-02 03:55:58.554821,Replace,3,42,42,0 days 00:00:25.000000000,0 days 00:11:00.877855000
4,2019-12-02 04:03:00.000000,2019-12-02 04:03:35.000000,2019-12-02 04:17:16.921886,2019-12-02 04:17:51.921886,2019-12-02 04:56:02.486602,2019-12-02 04:56:37.486602,2019-12-02 05:08:54.464658,Replace,3,42,42,0 days 00:00:35.000000000,0 days 00:14:16.921886000
5,2019-12-02 05:18:00.000000,2019-12-02 05:18:45.000000,2019-12-02 05:35:56.950450,2019-12-02 05:36:11.660607,,,,Onsite,3,42,42,0 days 00:00:45.000000000,0 days 00:17:26.660607000
6,2019-12-02 06:21:00.000000,2019-12-02 06:21:30.000000,2019-12-02 06:37:50.025699,2019-12-02 06:38:08.773154,,,,Onsite,3,42,42,0 days 00:00:30.000000000,0 days 00:16:38.773154000
7,2019-12-02 07:30:00.000000,2019-12-02 07:30:30.000000,2019-12-02 07:50:40.007892,2019-12-02 07:51:01.050004,,,,Onsite,3,42,42,0 days 00:00:30.000000000,0 days 00:20:31.050004000
8,2019-12-02 08:53:00.000000,2019-12-02 08:53:30.000000,2019-12-02 09:12:11.835180,2019-12-02 09:12:41.835180,2019-12-02 09:40:21.043409,2019-12-02 09:40:51.043409,2019-12-02 09:56:24.785305,Replace,3,42,42,0 days 00:00:30.000000000,0 days 00:19:11.835180000
9,2019-12-02 09:58:00.000000,2019-12-02 09:58:35.000000,2019-12-02 10:12:50.251125,2019-12-02 10:13:25.251125,2019-12-02 10:40:06.075594,2019-12-02 10:40:41.075594,2019-12-02 10:58:01.080257,Replace,3,42,42,0 days 00:00:35.000000000,0 days 00:14:50.251125000
10,2019-12-02 10:59:00.000000,2019-12-02 10:59:35.000000,2019-12-02 11:16:27.561779,2019-12-02 11:17:02.561779,2019-12-02 11:50:47.027294,2019-12-02 11:51:22.027294,2019-12-02 12:04:22.500036,Replace,3,42,42,0 days 00:00:35.000000000,0 days 00:17:27.561779000
11,2019-12-02 12:06:00.000000,2019-12-02 12:06:45.000000,2019-12-02 12:16:50.138818,2019-12-02 12:17:35.138818,2019-12-02 12:55:37.768446,2019-12-02 12:56:22.768446,2019-12-02 13:10:34.583375,Replace,3,42,42,0 days 00:00:45.000000000,0 days 00:10:50.138818000
12,2019-12-02 13:24:00.000000,2019-12-02 13:24:35.000000,2019-12-02 13:42:29.055289,2019-12-02 13:42:33.510698,,,,Onsite,3,42,42,0 days 00:00:35.000000000,0 days 00:17:58.510698000
13,2019-12-02 14:29:00.000000,2019-12-02 14:29:45.000000,2019-12-02 14:44:44.723105,2019-12-02 14:45:29.723105,2019-12-02 15:13:55.778361,2019-12-02 15:14:40.778361,2019-12-02 15:33:25.519914,Replace,3,42,42,0 days 00:00:45.000000000,0 days 00:15:44.723105000
14,2019-12-02 15:39:00.000000,2019-12-02 15:39:55.000000,2019-12-02 15:47:38.188952,2019-12-02 15:48:33.188952,2019-12-02 16:16:54.324465,2019-12-02 16:17:49.324465,2019-12-02 16:31:09.442906,Replace,3,42,42,0 days 00:00:55.000000000,0 days 00:08:38.188952000
15,2019-12-02 16:45:00.000000,2019-12-02 16:45:45.000000,2019-12-02 16:59:05.668482,2019-12-02 16:59:50.668482,2019-12-02 17:32:02.636148,2019-12-02 17:32:47.636148,2019-12-02 17:54:08.295350,Replace,3,42,42,0 days 00:00:45.000000000,0 days 00:14:05.668482000
16,2019-12-02 17:42:00.000000,2019-12-02 17:42:55.000000,2019-12-02 17:56:19.438494,2019-12-02 17:57:14.438494,2019-12-02 18:48:47.999416,2019-12-02 18:49:42.999416,2019-12-02 19:04:39.300802,Replace,3,42,42,0 days 00:00:55.000000000,0 days 00:14:19.438494000
17,2019-12-02 18:43:00.000000,2019-12-02 18:43:55.000000,2019-12-02 19:00:29.776130,2019-12-02 19:01:24.776130,2019-12-02 19:26:04.698906,2019-12-02 19:26:59.698906,2019-12-02 19:42:42.415836,Replace,3,42,42,0 days 00:00:55.000000000,0 days 00:17:29.776130000
18,2019-12-02 20:01:00.000000,2019-12-02 20:01:25.000000,2019-12-02 20:26:16.350705,2019-12-02 20:26:41.350705,2019-12-02 20:51:00.890528,2019-12-02 20:51:25.890528,2019-12-02 21:08:46.783476,Replace,3,42,42,0 days 00:00:25.000000000,0 days 00:25:16.350705000
19,2019-12-02 21:06:00.000000,2019-12-02 21:06:45.000000,2019-12-02 21:28:01.702817,2019-12-02 21:28:46.702817,2019-12-02 22:04:53.366203,2019-12-02 22:05:38.366203,2019-12-02 22:21:20.166162,Replace,3,42,42,0 days 00:00:45.000000000,0 days 00:22:01.702817000
0,2019-12-02 01:07:00.000000,2019-12-02 00:00:50.000000,2019-12-02 00:09:19.568494,2019-12-02 00:10:09.568494,2019-12-02 00:56:37.510268,2019-12-02 00:57:27.510268,2019-12-02 01:13:38.478766,Replace,4,42,42,-1 days +22:53:50.000000000,0 days 00:09:19.568494000
1,2019-12-02 01:28:00.000000,2019-12-02 01:28:35.000000,2019-12-02 01:45:38.910819,2019-12-02 01:46:13.910819,2019-12-02 02:33:03.892885,2019-12-02 02:33:38.892885,2019-12-02 02:51:46.362797,Replace,4,42,42,0 days 00:00:35.000000000,0 days 00:17:38.910819000
2,2019-12-02 02:44:00.000000,2019-12-02 02:44:25.000000,2019-12-02 03:00:30.483393,2019-12-02 03:00:55.483393,2019-12-02 03:29:29.559780,2019-12-02 03:29:54.559780,2019-12-02 03:45:38.033576,Replace,4,42,42,0 days 00:00:25.000000000,0 days 00:16:30.483393000
3,2019-12-02 03:45:00.000000,2019-12-02 03:45:45.000000,2019-12-02 04:05:41.841131,2019-12-02 04:06:26.841131,2019-12-02 04:36:18.128999,2019-12-02 04:37:03.128999,2019-12-02 04:57:05.809471,Replace,4,42,42,0 days 00:00:45.000000000,0 days 00:20:41.841131000
4,2019-12-02 04:45:00.000000,2019-12-02 04:45:35.000000,2019-12-02 04:56:45.777895,2019-12-02 04:56:57.756077,,,,Onsite,4,42,42,0 days 00:00:35.000000000,0 days 00:11:22.756077000
5,2019-12-02 05:56:00.000000,2019-12-02 05:56:50.000000,2019-12-02 06:17:30.985688,2019-12-02 06:18:20.985688,2019-12-02 06:46:41.591703,2019-12-02 06:47:31.591703,2019-12-02 07:04:41.981721,Replace,4,42,42,0 days 00:00:50.000000000,0 days 00:21:30.985688000
6,2019-12-02 07:26:00.000000,2019-12-02 07:26:45.000000,2019-12-02 07:50:21.768884,2019-12-02 07:51:06.768884,2019-12-02 08:18:14.825676,2019-12-02 08:18:59.825676,2019-12-02 08:36:53.457372,Replace,4,42,42,0 days 00:00:45.000000000,0 days 00:24:21.768884000
7,2019-12-02 08:40:00.000000,2019-12-02 08:40:50.000000,2019-12-02 08:53:25.853512,2019-12-02 08:54:15.853512,2019-12-02 09:24:45.826574,2019-12-02 09:25:35.826574,2019-12-02 09:38:47.990161,Replace,4,42,42,0 days 00:00:50.000000000,0 days 00:13:25.853512000
8,2019-12-02 09:48:00.000000,2019-12-02 09:48:55.000000,2019-12-02 10:03:27.381730,2019-12-02 10:04:22.381730,2019-12-02 10:32:50.195111,2019-12-02 10:33:45.195111,2019-12-02 10:51:16.552227,Replace,4,42,42,0 days 00:00:55.000000000,0 days 00:15:27.381730000
9,2019-12-02 11:01:00.000000,2019-12-02 11:01:25.000000,2019-12-02 11:13:18.893735,2019-12-02 11:13:43.893735,2019-12-02 11:57:16.497580,2019-12-02 11:57:41.497580,2019-12-02 12:13:36.075120,Replace,4,42,42,0 days 00:00:25.000000000,0 days 00:12:18.893735000
10,2019-12-02 12:10:00.000000,2019-12-02 12:10:30.000000,2019-12-02 12:25:56.279243,2019-12-02 12:26:26.279243,2019-12-02 12:57:32.536564,2019-12-02 12:58:02.536564,2019-12-02 13:16:51.562574,Replace,4,42,42,0 days 00:00:30.000000000,0 days 00:15:56.279243000
11,2019-12-02 13:15:00.000000,2019-12-02 13:15:30.000000,2019-12-02 13:32:17.064958,2019-12-02 13:32:38.191581,,,,Onsite,4,42,42,0 days 00:00:30.000000000,0 days 00:17:08.191581000
12,2019-12-02 14:39:00.000000,2019-12-02 14:39:30.000000,2019-12-02 15:02:09.248694,2019-12-02 15:02:26.885980,,,,Onsite,4,42,42,0 days 00:00:30.000000000,0 days 00:22:56.885980000
13,2019-12-02 15:45:00.000000,2019-12-02 15:45:30.000000,2019-12-02 16:02:04.092163,2019-12-02 16:02:11.780438,,,,Onsite,4,42,42,0 days 00:00:30.000000000,0 days 00:16:41.780438000
14,2019-12-02 16:53:00.000000,2019-12-02 16:53:50.000000,2019-12-02 17:08:06.061882,2019-12-02 17:08:56.061882,2019-12-02 17:49:28.566663,2019-12-02 17:50:18.566663,2019-12-02 18:08:19.819553,Replace,4,42,42,0 days 00:00:50.000000000,0 days 00:15:06.061882000
15,2019-12-02 18:09:00.000000,2019-12-02 18:09:45.000000,2019-12-02 18:22:48.854735,2019-12-02 18:23:01.209323,,,,Onsite,4,42,42,0 days 00:00:45.000000000,0 days 00:13:16.209323000
16,2019-12-02 19:13:00.000000,2019-12-02 19:13:35.000000,2019-12-02 19:22:07.352627,2019-12-02 19:22:20.868124,,,,Onsite,4,42,42,0 days 00:00:35.000000000,0 days 00:08:45.868124000
17,2019-12-02 20:20:00.000000,2019-12-02 20:20:35.000000,2019-12-02 20:36:50.753826,2019-12-02 20:37:25.753826,2019-12-02 21:24:24.551754,2019-12-02 21:24:59.551754,2019-12-02 21:40:52.893939,Replace,4,42,42,0 days 00:00:35.000000000,0 days 00:16:50.753826000
18,2019-12-02 21:45:00.000000,2019-12-02 21:45:25.000000,2019-12-02 22:01:27.290853,2019-12-02 22:01:41.841009,,,,Onsite,4,42,42,0 days 00:00:25.000000000,0 days 00:16:16.841009000
0,2019-12-02 00:59:00.000000,2019-12-02 00:00:25.000000,2019-12-02 00:13:44.247495,2019-12-02 00:14:09.247495,2019-12-02 00:47:28.197959,2019-12-02 00:47:53.197959,2019-12-02 01:02:35.792480,Replace,5,42,42,-1 days +23:01:25.000000000,0 days 00:13:44.247495000
1,2019-12-02 01:19:00.000000,2019-12-02 01:19:35.000000,2019-12-02 01:33:54.691295,2019-12-02 01:34:08.805575,,,,Onsite,5,42,42,0 days 00:00:35.000000000,0 days 00:14:33.805575000
2,2019-12-02 02:22:00.000000,2019-12-02 02:22:45.000000,2019-12-02 02:33:54.122808,2019-12-02 02:34:39.122808,2019-12-02 03:03:42.476465,2019-12-02 03:04:27.476465,2019-12-02 03:22:34.473259,Replace,5,42,42,0 days 00:00:45.000000000,0 days 00:11:54.122808000
3,2019-12-02 03:47:00.000000,2019-12-02 03:47:35.000000,2019-12-02 03:59:38.220025,2019-12-02 03:59:58.534928,,,,Onsite,5,42,42,0 days 00:00:35.000000000,0 days 00:12:23.534928000
4,2019-12-02 04:55:00.000000,2019-12-02 04:55:50.000000,2019-12-02 05:11:03.569872,2019-12-02 05:11:53.569872,2019-12-02 06:01:18.092376,2019-12-02 06:02:08.092376,2019-12-02 06:23:43.477383,Replace,5,42,42,0 days 00:00:50.000000000,0 days 00:16:03.569872000
5,2019-12-02 06:24:00.000000,2019-12-02 06:24:45.000000,2019-12-02 06:34:42.858501,2019-12-02 06:35:27.858501,2019-12-02 07:10:47.393513,2019-12-02 07:11:32.393513,2019-12-02 07:30:01.769721,Replace,5,42,42,0 days 00:00:45.000000000,0 days 00:10:42.858501000
6,2019-12-02 07:29:00.000000,2019-12-02 07:29:45.000000,2019-12-02 07:53:14.521423,2019-12-02 07:53:59.521423,2019-12-02 08:39:17.812369,2019-12-02 08:40:02.812369,2019-12-02 08:52:15.647485,Replace,5,42,42,0 days 00:00:45.000000000,0 days 00:24:14.521423000
7,2019-12-02 08:43:00.000000,2019-12-02 08:43:50.000000,2019-12-02 09:05:19.808137,2019-12-02 09:06:09.808137,2019-12-02 09:55:54.750197,2019-12-02 09:56:44.750197,2019-12-02 10:09:38.811315,Replace,5,42,42,0 days 00:00:50.000000000,0 days 00:22:19.808137000
8,2019-12-02 09:51:00.000000,2019-12-02 09:51:45.000000,2019-12-02 10:08:57.692813,2019-12-02 10:09:04.682806,,,,Onsite,5,42,42,0 days 00:00:45.000000000,0 days 00:17:19.682806000
9,2019-12-02 10:54:00.000000,2019-12-02 10:54:30.000000,2019-12-02 11:09:07.242190,2019-12-02 11:09:37.242190,2019-12-02 11:51:50.471734,2019-12-02 11:52:20.471734,2019-12-02 12:05:47.374112,Replace,5,42,42,0 days 00:00:30.000000000,0 days 00:15:07.242190000
10,2019-12-02 12:08:00.000000,2019-12-02 12:08:35.000000,2019-12-02 12:21:49.095619,2019-12-02 12:22:20.051036,,,,Onsite,5,42,42,0 days 00:00:35.000000000,0 days 00:13:45.051036000
11,2019-12-02 13:27:00.000000,2019-12-02 13:27:25.000000,2019-12-02 13:37:30.412809,2019-12-02 13:37:55.412809,2019-12-02 14:05:52.884417,2019-12-02 14:06:17.884417,2019-12-02 14:21:57.099452,Replace,5,42,42,0 days 00:00:25.000000000,0 days 00:10:30.412809000
12,2019-12-02 14:40:00.000000,2019-12-02 14:40:35.000000,2019-12-02 14:54:41.419933,2019-12-02 14:54:53.315211,,,,Onsite,5,42,42,0 days 00:00:35.000000000,0 days 00:14:18.315211000
13,2019-12-02 15:37:00.000000,2019-12-02 15:37:35.000000,2019-12-02 15:49:19.708410,2019-12-02 15:49:54.708410,2019-12-02 16:36:47.429434,2019-12-02 16:37:22.429434,2019-12-02 16:54:41.566452,Replace,5,42,42,0 days 00:00:35.000000000,0 days 00:12:19.708410000
14,2019-12-02 16:43:00.000000,2019-12-02 16:43:55.000000,2019-12-02 16:51:25.529516,2019-12-02 16:51:41.002453,,,,Onsite,5,42,42,0 days 00:00:55.000000000,0 days 00:07:46.002453000
15,2019-12-02 18:09:00.000000,2019-12-02 18:09:35.000000,2019-12-02 18:25:30.268403,2019-12-02 18:26:05.268403,2019-12-02 18:54:17.510360,2019-12-02 18:54:52.510360,2019-12-02 19:11:21.223591,Replace,5,42,42,0 days 00:00:35.000000000,0 days 00:16:30.268403000
16,2019-12-02 19:11:00.000000,2019-12-02 19:11:45.000000,2019-12-02 19:28:54.235046,2019-12-02 19:29:39.235046,2019-12-02 20:11:33.275557,2019-12-02 20:12:18.275557,2019-12-02 20:24:56.449162,Replace,5,42,42,0 days 00:00:45.000000000,0 days 00:17:54.235046000
17,2019-12-02 20:22:00.000000,2019-12-02 20:22:45.000000,2019-12-02 20:41:39.321401,2019-12-02 20:41:53.882358,,,,Onsite,5,42,42,0 days 00:00:45.000000000,0 days 00:19:08.882358000
18,2019-12-02 21:25:00.000000,2019-12-02 21:25:35.000000,2019-12-02 21:40:03.520992,2019-12-02 21:40:17.883884,,,,Onsite,5,42,42,0 days 00:00:35.000000000,0 days 00:14:42.883884000
0,2019-12-02 01:16:00.000000,2019-12-02 00:00:45.000000,2019-12-02 00:14:19.147586,2019-12-02 00:15:04.147586,2019-12-02 00:57:24.926139,2019-12-02 00:58:09.926139,2019-12-02 01:13:10.522353,Replace,6,42,42,-1 days +22:44:45.000000000,0 days 00:14:19.147586000
1,2019-12-02 01:08:00.000000,2019-12-02 01:08:30.000000,2019-12-02 01:18:07.134487,2019-12-02 01:18:22.526922,,,,Onsite,6,42,42,0 days 00:00:30.000000000,0 days 00:09:52.526922000
2,2019-12-02 02:17:00.000000,2019-12-02 02:17:25.000000,2019-12-02 02:34:40.864369,2019-12-02 02:35:05.864369,2019-12-02 03:04:23.014551,2019-12-02 03:04:48.014551,2019-12-02 03:23:19.511667,Replace,6,42,42,0 days 00:00:25.000000000,0 days 00:17:40.864369000
3,2019-12-02 03:13:00.000000,2019-12-02 03:13:45.000000,2019-12-02 03:32:14.565573,2019-12-02 03:32:59.565573,2019-12-02 04:07:44.306744,2019-12-02 04:08:29.306744,2019-12-02 04:22:31.129231,Replace,6,42,42,0 days 00:00:45.000000000,0 days 00:19:14.565573000
4,2019-12-02 04:27:00.000000,2019-12-02 04:27:45.000000,2019-12-02 04:37:58.071030,2019-12-02 04:38:13.535675,,,,Onsite,6,42,42,0 days 00:00:45.000000000,0 days 00:10:28.535675000
5,2019-12-02 05:27:00.000000,2019-12-02 05:27:50.000000,2019-12-02 05:44:06.938749,2019-12-02 05:44:56.938749,2019-12-02 06:33:10.533876,2019-12-02 06:34:00.533876,2019-12-02 06:48:42.496915,Replace,6,42,42,0 days 00:00:50.000000000,0 days 00:17:06.938749000
6,2019-12-02 06:31:00.000000,2019-12-02 06:31:55.000000,2019-12-02 06:43:26.099107,2019-12-02 06:44:21.099107,2019-12-02 07:30:02.552744,2019-12-02 07:30:57.552744,2019-12-02 07:44:42.188401,Replace,6,42,42,0 days 00:00:55.000000000,0 days 00:12:26.099107000
7,2019-12-02 07:34:00.000000,2019-12-02 07:34:25.000000,2019-12-02 07:53:57.943772,2019-12-02 07:54:22.943772,2019-12-02 08:27:01.544682,2019-12-02 08:27:26.544682,2019-12-02 08:43:21.420886,Replace,6,42,42,0 days 00:00:25.000000000,0 days 00:19:57.943772000
8,2019-12-02 08:45:00.000000,2019-12-02 08:45:45.000000,2019-12-02 09:03:05.162941,2019-12-02 09:03:50.162941,2019-12-02 09:31:07.174197,2019-12-02 09:31:52.174197,2019-12-02 09:45:27.886226,Replace,6,42,42,0 days 00:00:45.000000000,0 days 00:18:05.162941000
9,2019-12-02 09:49:00.000000,2019-12-02 09:49:35.000000,2019-12-02 10:12:10.745310,2019-12-02 10:12:45.745310,2019-12-02 10:57:23.728410,2019-12-02 10:57:58.728410,2019-12-02 11:14:50.171114,Replace,6,42,42,0 days 00:00:35.000000000,0 days 00:23:10.745310000
10,2019-12-02 10:47:00.000000,2019-12-02 10:47:35.000000,2019-12-02 11:08:05.183712,2019-12-02 11:08:21.912048,,,,Onsite,6,42,42,0 days 00:00:35.000000000,0 days 00:20:46.912048000
11,2019-12-02 12:03:00.000000,2019-12-02 12:03:55.000000,2019-12-02 12:21:35.658275,2019-12-02 12:21:49.848358,,,,Onsite,6,42,42,0 days 00:00:55.000000000,0 days 00:17:54.848358000
12,2019-12-02 13:04:00.000000,2019-12-02 13:04:30.000000,2019-12-02 13:22:24.319782,2019-12-02 13:22:54.319782,2019-12-02 14:00:10.777231,2019-12-02 14:00:40.777231,2019-12-02 14:24:06.226832,Replace,6,42,42,0 days 00:00:30.000000000,0 days 00:18:24.319782000
13,2019-12-02 14:11:00.000000,2019-12-02 14:11:35.000000,2019-12-02 14:24:18.833605,2019-12-02 14:24:31.624275,,,,Onsite,6,42,42,0 days 00:00:35.000000000,0 days 00:12:56.624275000
14,2019-12-02 15:18:00.000000,2019-12-02 15:18:30.000000,2019-12-02 15:34:03.256593,2019-12-02 15:34:33.256593,2019-12-02 16:09:58.615693,2019-12-02 16:10:28.615693,2019-12-02 16:26:22.556663,Replace,6,42,42,0 days 00:00:30.000000000,0 days 00:16:03.256593000
15,2019-12-02 16:24:00.000000,2019-12-02 16:24:45.000000,2019-12-02 16:44:39.291148,2019-12-02 16:45:00.897126,,,,Onsite,6,42,42,0 days 00:00:45.000000000,0 days 00:20:15.897126000
16,2019-12-02 17:36:00.000000,2019-12-02 17:36:45.000000,2019-12-02 17:50:07.061345,2019-12-02 17:50:52.061345,2019-12-02 18:40:30.051072,2019-12-02 18:41:15.051072,2019-12-02 18:59:40.675803,Replace,6,42,42,0 days 00:00:45.000000000,0 days 00:14:07.061345000
17,2019-12-02 18:37:00.000000,2019-12-02 18:37:25.000000,2019-12-02 18:55:09.130841,2019-12-02 18:55:29.539131,,,,Onsite,6,42,42,0 days 00:00:25.000000000,0 days 00:18:04.539131000
18,2019-12-02 19:39:00.000000,2019-12-02 19:39:30.000000,2019-12-02 19:54:20.857731,2019-12-02 19:54:50.857731,2019-12-02 20:45:13.794065,2019-12-02 20:45:43.794065,2019-12-02 20:59:15.684782,Replace,6,42,42,0 days 00:00:30.000000000,0 days 00:15:20.857731000
19,2019-12-02 20:44:00.000000,2019-12-02 20:44:55.000000,2019-12-02 21:03:51.448665,2019-12-02 21:04:46.448665,2019-12-02 21:40:22.759466,2019-12-02 21:41:17.759466,2019-12-02 21:57:57.281970,Replace,6,42,42,0 days 00:00:55.000000000,0 days 00:19:51.448665000
20,2019-12-02 21:30:00.000000,2019-12-02 21:30:45.000000,2019-12-02 21:43:24.865282,2019-12-02 21:43:32.015106,,,,Onsite,6,42,42,0 days 00:00:45.000000000,0 days 00:12:47.015106000
0,2019-12-02 01:13:00.000000,2019-12-02 00:00:45.000000,2019-12-02 00:20:09.293752,2019-12-02 00:20:54.293752,2019-12-02 00:56:50.498793,2019-12-02 00:57:35.498793,2019-12-02 01:14:25.285139,Replace,7,42,42,-1 days +22:47:45.000000000,0 days 00:20:09.293752000
1,2019-12-02 01:20:00.000000,2019-12-02 01:20:25.000000,2019-12-02 01:38:17.038839,2019-12-02 01:38:43.124681,,,,Onsite,7,42,42,0 days 00:00:25.000000000,0 days 00:18:18.124681000
2,2019-12-02 02:09:00.000000,2019-12-02 02:09:30.000000,2019-12-02 02:22:55.601745,2019-12-02 02:23:03.997180,,,,Onsite,7,42,42,0 days 00:00:30.000000000,0 days 00:13:33.997180000
3,2019-12-02 03:11:00.000000,2019-12-02 03:11:30.000000,2019-12-02 03:28:48.254064,2019-12-02 03:29:14.767996,,,,Onsite,7,42,42,0 days 00:00:30.000000000,0 days 00:17:44.767996000
4,2019-12-02 04:22:00.000000,2019-12-02 04:22:25.000000,2019-12-02 04:40:45.433276,2019-12-02 04:41:10.433276,2019-12-02 05:15:43.707393,2019-12-02 05:16:08.707393,2019-12-02 05:31:58.935042,Replace,7,42,42,0 days 00:00:25.000000000,0 days 00:18:45.433276000
5,2019-12-02 05:29:00.000000,2019-12-02 05:29:50.000000,2019-12-02 05:43:48.216249,2019-12-02 05:44:38.216249,2019-12-02 06:38:02.753527,2019-12-02 06:38:52.753527,2019-12-02 06:51:18.583529,Replace,7,42,42,0 days 00:00:50.000000000,0 days 00:14:48.216249000
6,2019-12-02 06:49:00.000000,2019-12-02 06:49:35.000000,2019-12-02 07:00:05.681181,2019-12-02 07:00:40.681181,2019-12-02 07:41:17.422826,2019-12-02 07:41:52.422826,2019-12-02 07:57:38.561228,Replace,7,42,42,0 days 00:00:35.000000000,0 days 00:11:05.681181000
7,2019-12-02 08:11:00.000000,2019-12-02 08:11:35.000000,2019-12-02 08:28:47.444081,2019-12-02 08:29:22.444081,2019-12-02 09:00:50.996062,2019-12-02 09:01:25.996062,2019-12-02 09:20:17.794890,Replace,7,42,42,0 days 00:00:35.000000000,0 days 00:17:47.444081000
8,2019-12-02 09:09:00.000000,2019-12-02 09:09:30.000000,2019-12-02 09:23:45.052413,2019-12-02 09:24:08.603563,,,,Onsite,7,42,42,0 days 00:00:30.000000000,0 days 00:14:38.603563000
9,2019-12-02 10:07:00.000000,2019-12-02 10:07:35.000000,2019-12-02 10:29:02.505224,2019-12-02 10:29:37.505224,2019-12-02 11:11:12.505414,2019-12-02 11:11:47.505414,2019-12-02 11:35:48.780951,Replace,7,42,42,0 days 00:00:35.000000000,0 days 00:22:02.505224000
10,2019-12-02 11:16:00.000000,2019-12-02 11:16:45.000000,2019-12-02 11:35:01.087589,2019-12-02 11:35:22.780444,,,,Onsite,7,42,42,0 days 00:00:45.000000000,0 days 00:18:37.780444000
11,2019-12-02 12:21:00.000000,2019-12-02 12:21:45.000000,2019-12-02 12:40:42.917543,2019-12-02 12:40:45.663872,,,,Onsite,7,42,42,0 days 00:00:45.000000000,0 days 00:19:00.663872000
12,2019-12-02 13:24:00.000000,2019-12-02 13:24:50.000000,2019-12-02 13:44:24.273751,2019-12-02 13:44:42.625493,,,,Onsite,7,42,42,0 days 00:00:50.000000000,0 days 00:19:52.625493000
13,2019-12-02 14:41:00.000000,2019-12-02 14:41:45.000000,2019-12-02 14:57:41.716552,2019-12-02 14:58:26.716552,2019-12-02 15:41:20.464540,2019-12-02 15:42:05.464540,2019-12-02 15:56:46.924906,Replace,7,42,42,0 days 00:00:45.000000000,0 days 00:16:41.716552000
14,2019-12-02 15:37:00.000000,2019-12-02 15:37:30.000000,2019-12-02 15:53:26.194196,2019-12-02 15:53:53.998905,,,,Onsite,7,42,42,0 days 00:00:30.000000000,0 days 00:16:23.998905000
15,2019-12-02 16:41:00.000000,2019-12-02 16:41:30.000000,2019-12-02 17:00:12.751456,2019-12-02 17:00:23.972155,,,,Onsite,7,42,42,0 days 00:00:30.000000000,0 days 00:18:53.972155000
16,2019-12-02 17:41:00.000000,2019-12-02 17:41:45.000000,2019-12-02 17:52:48.462618,2019-12-02 17:53:33.462618,2019-12-02 18:49:00.660939,2019-12-02 18:49:45.660939,2019-12-02 19:04:05.553188,Replace,7,42,42,0 days 00:00:45.000000000,0 days 00:11:48.462618000
17,2019-12-02 18:55:00.000000,2019-12-02 18:55:30.000000,2019-12-02 19:11:17.432702,2019-12-02 19:11:21.841171,,,,Onsite,7,42,42,0 days 00:00:30.000000000,0 days 00:15:51.841171000
18,2019-12-02 20:07:00.000000,2019-12-02 20:07:55.000000,2019-12-02 20:19:10.636207,2019-12-02 20:20:05.636207,2019-12-02 20:53:01.648118,2019-12-02 20:53:56.648118,2019-12-02 21:14:09.086544,Replace,7,42,42,0 days 00:00:55.000000000,0 days 00:12:10.636207000
19,2019-12-02 21:03:00.000000,2019-12-02 21:03:55.000000,2019-12-02 21:21:36.980741,2019-12-02 21:22:31.980741,2019-12-02 21:50:18.661996,2019-12-02 21:51:13.661996,2019-12-02 22:05:26.413154,Replace,7,42,42,0 days 00:00:55.000000000,0 days 00:18:36.980741000
0,2019-12-02 01:08:00.000000,2019-12-02 00:00:35.000000,2019-12-02 00:12:04.425393,2019-12-02 00:12:39.425393,2019-12-02 00:49:48.040486,2019-12-02 00:50:23.040486,2019-12-02 01:06:41.670084,Replace,8,42,42,-1 days +22:52:35.000000000,0 days 00:12:04.425393000
1,2019-12-02 01:20:00.000000,2019-12-02 01:20:45.000000,2019-12-02 01:41:54.647453,2019-12-02 01:42:39.647453,2019-12-02 02:11:59.294920,2019-12-02 02:12:44.294920,2019-12-02 02:28:00.169272,Replace,8,42,42,0 days 00:00:45.000000000,0 days 00:21:54.647453000
2,2019-12-02 02:24:00.000000,2019-12-02 02:24:55.000000,2019-12-02 02:46:03.607862,2019-12-02 02:46:58.607862,2019-12-02 03:28:22.119527,2019-12-02 03:29:17.119527,2019-12-02 03:40:22.756055,Replace,8,42,42,0 days 00:00:55.000000000,0 days 00:22:03.607862000
3,2019-12-02 03:26:00.000000,2019-12-02 03:26:35.000000,2019-12-02 03:46:06.482947,2019-12-02 03:46:41.482947,2019-12-02 04:18:23.583825,2019-12-02 04:18:58.583825,2019-12-02 04:38:56.432736,Replace,8,42,42,0 days 00:00:35.000000000,0 days 00:20:06.482947000
4,2019-12-02 04:33:00.000000,2019-12-02 04:33:45.000000,2019-12-02 04:52:04.076488,2019-12-02 04:52:35.328342,,,,Onsite,8,42,42,0 days 00:00:45.000000000,0 days 00:18:50.328342000
5,2019-12-02 05:45:00.000000,2019-12-02 05:45:35.000000,2019-12-02 05:57:03.303275,2019-12-02 05:57:38.303275,2019-12-02 06:26:14.828362,2019-12-02 06:26:49.828362,2019-12-02 06:42:30.587776,Replace,8,42,42,0 days 00:00:35.000000000,0 days 00:12:03.303275000
6,2019-12-02 06:57:00.000000,2019-12-02 06:57:45.000000,2019-12-02 07:09:32.555872,2019-12-02 07:09:50.160456,,,,Onsite,8,42,42,0 days 00:00:45.000000000,0 days 00:12:05.160456000
7,2019-12-02 08:06:00.000000,2019-12-02 08:06:45.000000,2019-12-02 08:20:51.545434,2019-12-02 08:21:21.906363,,,,Onsite,8,42,42,0 days 00:00:45.000000000,0 days 00:14:36.906363000
8,2019-12-02 09:06:00.000000,2019-12-02 09:06:45.000000,2019-12-02 09:22:39.734853,2019-12-02 09:23:24.734853,2019-12-02 09:53:08.660352,2019-12-02 09:53:53.660352,2019-12-02 10:14:23.166933,Replace,8,42,42,0 days 00:00:45.000000000,0 days 00:16:39.734853000
9,2019-12-02 10:12:00.000000,2019-12-02 10:12:45.000000,2019-12-02 10:29:40.776110,2019-12-02 10:30:25.776110,2019-12-02 11:08:41.451772,2019-12-02 11:09:26.451772,2019-12-02 11:22:41.779392,Replace,8,42,42,0 days 00:00:45.000000000,0 days 00:17:40.776110000
10,2019-12-02 11:32:00.000000,2019-12-02 11:32:25.000000,2019-12-02 11:46:10.820186,2019-12-02 11:46:14.517399,,,,Onsite,8,42,42,0 days 00:00:25.000000000,0 days 00:13:49.517399000
11,2019-12-02 12:27:00.000000,2019-12-02 12:27:45.000000,2019-12-02 12:53:48.452489,2019-12-02 12:54:11.501978,,,,Onsite,8,42,42,0 days 00:00:45.000000000,0 days 00:26:26.501978000
12,2019-12-02 13:32:00.000000,2019-12-02 13:32:35.000000,2019-12-02 13:44:10.607664,2019-12-02 13:44:45.607664,2019-12-02 14:17:11.024584,2019-12-02 14:17:46.024584,2019-12-02 14:34:03.608195,Replace,8,42,42,0 days 00:00:35.000000000,0 days 00:12:10.607664000
13,2019-12-02 14:46:00.000000,2019-12-02 14:46:30.000000,2019-12-02 15:02:11.528575,2019-12-02 15:02:41.528575,2019-12-02 15:35:18.259224,2019-12-02 15:35:48.259224,2019-12-02 15:50:20.295121,Replace,8,42,42,0 days 00:00:30.000000000,0 days 00:16:11.528575000
14,2019-12-02 15:48:00.000000,2019-12-02 15:48:45.000000,2019-12-02 16:04:16.543696,2019-12-02 16:04:39.356869,,,,Onsite,8,42,42,0 days 00:00:45.000000000,0 days 00:15:54.356869000
15,2019-12-02 16:58:00.000000,2019-12-02 16:58:55.000000,2019-12-02 17:17:49.145652,2019-12-02 17:18:02.939521,,,,Onsite,8,42,42,0 days 00:00:55.000000000,0 days 00:19:07.939521000
16,2019-12-02 18:10:00.000000,2019-12-02 18:10:25.000000,2019-12-02 18:31:12.517545,2019-12-02 18:31:37.517545,2019-12-02 19:18:47.295745,2019-12-02 19:19:12.295745,2019-12-02 19:35:28.926155,Replace,8,42,42,0 days 00:00:25.000000000,0 days 00:21:12.517545000
17,2019-12-02 19:12:00.000000,2019-12-02 19:12:45.000000,2019-12-02 19:32:18.000690,2019-12-02 19:32:34.607920,,,,Onsite,8,42,42,0 days 00:00:45.000000000,0 days 00:19:49.607920000
18,2019-12-02 20:26:00.000000,2019-12-02 20:26:55.000000,2019-12-02 20:44:09.896695,2019-12-02 20:45:04.896695,2019-12-02 21:07:18.873398,2019-12-02 21:08:13.873398,2019-12-02 21:30:19.045894,Replace,8,42,42,0 days 00:00:55.000000000,0 days 00:18:09.896695000
19,2019-12-02 21:17:00.000000,2019-12-02 21:17:55.000000,2019-12-02 21:29:01.080119,2019-12-02 21:29:56.080119,2019-12-02 22:14:22.973509,2019-12-02 22:15:17.973509,2019-12-02 22:27:28.507211,Replace,8,42,42,0 days 00:00:55.000000000,0 days 00:12:01.080119000
0,2019-12-02 00:59:00.000000,2019-12-02 00:00:45.000000,2019-12-02 00:20:10.066656,2019-12-02 00:20:15.491031,,,,Onsite,9,42,42,-1 days +23:01:45.000000000,0 days 00:19:30.491031000
1,2019-12-02 00:49:00.000000,2019-12-02 00:49:35.000000,2019-12-02 01:04:52.903948,2019-12-02 01:05:04.452147,,,,Onsite,9,42,42,0 days 00:00:35.000000000,0 days 00:15:29.452147000
2,2019-12-02 02:12:00.000000,2019-12-02 02:12:55.000000,2019-12-02 02:22:55.888473,2019-12-02 02:23:50.888473,2019-12-02 02:52:26.415882,2019-12-02 02:53:21.415882,2019-12-02 03:16:10.054779,Replace,9,42,42,0 days 00:00:55.000000000,0 days 00:10:55.888473000
3,2019-12-02 03:23:00.000000,2019-12-02 03:23:30.000000,2019-12-02 03:37:02.909575,2019-12-02 03:37:32.909575,2019-12-02 04:00:49.683361,2019-12-02 04:01:19.683361,2019-12-02 04:23:19.763534,Replace,9,42,42,0 days 00:00:30.000000000,0 days 00:14:02.909575000
4,2019-12-02 04:35:00.000000,2019-12-02 04:35:45.000000,2019-12-02 04:53:01.402498,2019-12-02 04:53:46.402498,2019-12-02 05:26:38.456260,2019-12-02 05:27:23.456260,2019-12-02 05:39:39.210135,Replace,9,42,42,0 days 00:00:45.000000000,0 days 00:18:01.402498000
5,2019-12-02 05:33:00.000000,2019-12-02 05:33:45.000000,2019-12-02 05:47:08.031802,2019-12-02 05:47:53.031802,2019-12-02 06:16:09.961075,2019-12-02 06:16:54.961075,2019-12-02 06:34:36.309203,Replace,9,42,42,0 days 00:00:45.000000000,0 days 00:14:08.031802000
6,2019-12-02 06:26:00.000000,2019-12-02 06:26:35.000000,2019-12-02 06:44:30.289116,2019-12-02 06:45:05.289116,2019-12-02 07:31:54.225889,2019-12-02 07:32:29.225889,2019-12-02 07:53:33.064964,Replace,9,42,42,0 days 00:00:35.000000000,0 days 00:18:30.289116000
7,2019-12-02 07:22:00.000000,2019-12-02 07:22:30.000000,2019-12-02 07:40:04.903104,2019-12-02 07:40:34.903104,2019-12-02 08:14:56.451335,2019-12-02 08:15:26.451335,2019-12-02 08:33:48.626651,Replace,9,42,42,0 days 00:00:30.000000000,0 days 00:18:04.903104000
8,2019-12-02 08:31:00.000000,2019-12-02 08:31:35.000000,2019-12-02 08:49:17.922890,2019-12-02 08:49:38.664171,,,,Onsite,9,42,42,0 days 00:00:35.000000000,0 days 00:18:03.664171000
9,2019-12-02 09:35:00.000000,2019-12-02 09:35:35.000000,2019-12-02 09:50:48.094996,2019-12-02 09:51:23.094996,2019-12-02 10:48:43.083835,2019-12-02 10:49:18.083835,2019-12-02 11:07:13.796451,Replace,9,42,42,0 days 00:00:35.000000000,0 days 00:15:48.094996000
10,2019-12-02 11:03:00.000000,2019-12-02 11:03:55.000000,2019-12-02 11:18:07.876289,2019-12-02 11:19:02.876289,2019-12-02 11:48:21.641874,2019-12-02 11:49:16.641874,2019-12-02 12:04:15.727230,Replace,9,42,42,0 days 00:00:55.000000000,0 days 00:15:07.876289000
11,2019-12-02 12:03:00.000000,2019-12-02 12:03:50.000000,2019-12-02 12:22:16.874640,2019-12-02 12:22:46.456511,,,,Onsite,9,42,42,0 days 00:00:50.000000000,0 days 00:18:56.456511000
12,2019-12-02 13:02:00.000000,2019-12-02 13:02:50.000000,2019-12-02 13:18:32.799584,2019-12-02 13:19:22.799584,2019-12-02 13:49:19.092719,2019-12-02 13:50:09.092719,2019-12-02 14:04:00.297176,Replace,9,42,42,0 days 00:00:50.000000000,0 days 00:16:32.799584000
13,2019-12-02 14:09:00.000000,2019-12-02 14:09:45.000000,2019-12-02 14:31:15.931921,2019-12-02 14:31:28.719301,,,,Onsite,9,42,42,0 days 00:00:45.000000000,0 days 00:21:43.719301000
14,2019-12-02 15:30:00.000000,2019-12-02 15:30:35.000000,2019-12-02 15:48:01.843806,2019-12-02 15:48:36.843806,2019-12-02 16:17:41.289393,2019-12-02 16:18:16.289393,2019-12-02 16:32:19.387820,Replace,9,42,42,0 days 00:00:35.000000000,0 days 00:18:01.843806000
15,2019-12-02 16:35:00.000000,2019-12-02 16:35:45.000000,2019-12-02 16:53:53.072887,2019-12-02 16:54:22.313828,,,,Onsite,9,42,42,0 days 00:00:45.000000000,0 days 00:18:37.313828000
16,2019-12-02 17:36:00.000000,2019-12-02 17:36:55.000000,2019-12-02 18:01:36.771893,2019-12-02 18:01:50.242847,,,,Onsite,9,42,42,0 days 00:00:55.000000000,0 days 00:24:55.242847000
17,2019-12-02 18:43:00.000000,2019-12-02 18:43:35.000000,2019-12-02 18:59:28.522684,2019-12-02 19:00:03.522684,2019-12-02 19:31:37.186583,2019-12-02 19:32:12.186583,2019-12-02 19:52:03.012927,Replace,9,42,42,0 days 00:00:35.000000000,0 days 00:16:28.522684000
18,2019-12-02 20:02:00.000000,2019-12-02 20:02:45.000000,2019-12-02 20:15:42.676848,2019-12-02 20:15:52.050838,,,,Onsite,9,42,42,0 days 00:00:45.000000000,0 days 00:13:07.050838000
19,2019-12-02 21:02:00.000000,2019-12-02 21:02:55.000000,2019-12-02 21:17:24.360758,2019-12-02 21:17:37.435768,,,,Onsite,9,42,42,0 days 00:00:55.000000000,0 days 00:14:42.435768000
0,2019-12-02 01:11:00.000000,2019-12-02 00:00:45.000000,2019-12-02 00:14:48.865812,2019-12-02 00:15:05.995998,,,,Onsite,1,42,43,-1 days +22:49:45.000000000,0 days 00:14:20.995998000
1,2019-12-02 01:19:00.000000,2019-12-02 01:19:45.000000,2019-12-02 01:32:08.759922,2019-12-02 01:32:12.032244,,,,Onsite,1,42,43,0 days 00:00:45.000000000,0 days 00:12:27.032244000
2,2019-12-02 02:42:00.000000,2019-12-02 02:42:55.000000,2019-12-02 03:03:03.323445,2019-12-02 03:03:58.323445,2019-12-02 03:38:11.168626,2019-12-02 03:39:06.168626,2019-12-02 03:54:14.172735,Replace,1,42,43,0 days 00:00:55.000000000,0 days 00:21:03.323445000
3,2019-12-02 03:55:00.000000,2019-12-02 03:55:35.000000,2019-12-02 04:07:40.764099,2019-12-02 04:07:52.592469,,,,Onsite,1,42,43,0 days 00:00:35.000000000,0 days 00:12:17.592469000
4,2019-12-02 04:59:00.000000,2019-12-02 04:59:45.000000,2019-12-02 05:18:26.291172,2019-12-02 05:18:36.130732,,,,Onsite,1,42,43,0 days 00:00:45.000000000,0 days 00:18:51.130732000
5,2019-12-02 06:05:00.000000,2019-12-02 06:05:35.000000,2019-12-02 06:17:53.167628,2019-12-02 06:18:04.009184,,,,Onsite,1,42,43,0 days 00:00:35.000000000,0 days 00:12:29.009184000
6,2019-12-02 07:13:00.000000,2019-12-02 07:13:45.000000,2019-12-02 07:34:01.428519,2019-12-02 07:34:46.428519,2019-12-02 08:16:49.304397,2019-12-02 08:17:34.304397,2019-12-02 08:30:48.615075,Replace,1,42,43,0 days 00:00:45.000000000,0 days 00:21:01.428519000
7,2019-12-02 08:30:00.000000,2019-12-02 08:30:35.000000,2019-12-02 08:45:32.055653,2019-12-02 08:45:42.563952,,,,Onsite,1,42,43,0 days 00:00:35.000000000,0 days 00:15:07.563952000
8,2019-12-02 09:48:00.000000,2019-12-02 09:48:25.000000,2019-12-02 10:09:12.589074,2019-12-02 10:09:42.381274,,,,Onsite,1,42,43,0 days 00:00:25.000000000,0 days 00:21:17.381274000
9,2019-12-02 11:09:00.000000,2019-12-02 11:09:30.000000,2019-12-02 11:24:55.197224,2019-12-02 11:25:08.667656,,,,Onsite,1,42,43,0 days 00:00:30.000000000,0 days 00:15:38.667656000
10,2019-12-02 12:15:00.000000,2019-12-02 12:15:25.000000,2019-12-02 12:29:21.928817,2019-12-02 12:29:34.235317,,,,Onsite,1,42,43,0 days 00:00:25.000000000,0 days 00:14:09.235317000
11,2019-12-02 13:30:00.000000,2019-12-02 13:30:25.000000,2019-12-02 13:41:57.571162,2019-12-02 13:42:22.571162,2019-12-02 14:22:57.715515,2019-12-02 14:23:22.715515,2019-12-02 14:40:50.515307,Replace,1,42,43,0 days 00:00:25.000000000,0 days 00:11:57.571162000
12,2019-12-02 14:52:00.000000,2019-12-02 14:52:50.000000,2019-12-02 15:09:49.582207,2019-12-02 15:10:07.570825,,,,Onsite,1,42,43,0 days 00:00:50.000000000,0 days 00:17:17.570825000
13,2019-12-02 15:59:00.000000,2019-12-02 15:59:35.000000,2019-12-02 16:15:09.347129,2019-12-02 16:15:44.347129,2019-12-02 16:48:03.534260,2019-12-02 16:48:38.534260,2019-12-02 17:03:11.896561,Replace,1,42,43,0 days 00:00:35.000000000,0 days 00:16:09.347129000
14,2019-12-02 16:59:00.000000,2019-12-02 16:59:30.000000,2019-12-02 17:13:16.201841,2019-12-02 17:13:46.201841,2019-12-02 17:44:14.593954,2019-12-02 17:44:44.593954,2019-12-02 18:01:52.664792,Replace,1,42,43,0 days 00:00:30.000000000,0 days 00:14:16.201841000
15,2019-12-02 17:54:00.000000,2019-12-02 17:54:45.000000,2019-12-02 18:08:08.041336,2019-12-02 18:08:53.041336,2019-12-02 18:48:36.198185,2019-12-02 18:49:21.198185,2019-12-02 19:08:19.243501,Replace,1,42,43,0 days 00:00:45.000000000,0 days 00:14:08.041336000
16,2019-12-02 19:01:00.000000,2019-12-02 19:01:35.000000,2019-12-02 19:16:31.735081,2019-12-02 19:17:06.735081,2019-12-02 20:01:31.577829,2019-12-02 20:02:06.577829,2019-12-02 20:17:49.168539,Replace,1,42,43,0 days 00:00:35.000000000,0 days 00:15:31.735081000
17,2019-12-02 20:13:00.000000,2019-12-02 20:13:45.000000,2019-12-02 20:28:01.477509,2019-12-02 20:28:46.477509,2019-12-02 20:58:06.840230,2019-12-02 20:58:51.840230,2019-12-02 21:11:28.053751,Replace,1,42,43,0 days 00:00:45.000000000,0 days 00:15:01.477509000
18,2019-12-02 21:30:00.000000,2019-12-02 21:30:25.000000,2019-12-02 21:51:27.353268,2019-12-02 21:51:52.353268,2019-12-02 22:17:30.063698,2019-12-02 22:17:55.063698,2019-12-02 22:32:33.139113,Replace,1,42,43,0 days 00:00:25.000000000,0 days 00:21:27.353268000
0,2019-12-02 01:20:00.000000,2019-12-02 00:00:35.000000,2019-12-02 00:15:22.797653,2019-12-02 00:15:57.797653,2019-12-02 00:52:02.137831,2019-12-02 00:52:37.137831,2019-12-02 01:07:03.711095,Replace,2,42,43,-1 days +22:40:35.000000000,0 days 00:15:22.797653000
1,2019-12-02 01:10:00.000000,2019-12-02 01:10:45.000000,2019-12-02 01:27:17.185001,2019-12-02 01:28:02.185001,2019-12-02 02:09:42.996719,2019-12-02 02:10:27.996719,2019-12-02 02:24:59.450832,Replace,2,42,43,0 days 00:00:45.000000000,0 days 00:17:17.185001000
2,2019-12-02 02:38:00.000000,2019-12-02 02:38:45.000000,2019-12-02 02:56:51.958615,2019-12-02 02:57:06.562125,,,,Onsite,2,42,43,0 days 00:00:45.000000000,0 days 00:18:21.562125000
3,2019-12-02 03:22:00.000000,2019-12-02 03:22:30.000000,2019-12-02 03:43:29.777847,2019-12-02 03:43:35.049361,,,,Onsite,2,42,43,0 days 00:00:30.000000000,0 days 00:21:05.049361000
4,2019-12-02 04:32:00.000000,2019-12-02 04:32:55.000000,2019-12-02 04:52:48.194258,2019-12-02 04:52:58.004938,,,,Onsite,2,42,43,0 days 00:00:55.000000000,0 days 00:20:03.004938000
5,2019-12-02 05:44:00.000000,2019-12-02 05:44:25.000000,2019-12-02 06:05:11.308015,2019-12-02 06:05:36.308015,2019-12-02 06:49:08.814900,2019-12-02 06:49:33.814900,2019-12-02 07:09:26.060777,Replace,2,42,43,0 days 00:00:25.000000000,0 days 00:21:11.308015000
6,2019-12-02 06:48:00.000000,2019-12-02 06:48:55.000000,2019-12-02 07:04:49.982946,2019-12-02 07:05:44.982946,2019-12-02 07:35:54.232862,2019-12-02 07:36:49.232862,2019-12-02 07:59:01.345826,Replace,2,42,43,0 days 00:00:55.000000000,0 days 00:16:49.982946000
7,2019-12-02 07:50:00.000000,2019-12-02 07:50:35.000000,2019-12-02 08:09:37.700640,2019-12-02 08:10:12.700640,2019-12-02 09:05:31.599927,2019-12-02 09:06:06.599927,2019-12-02 09:20:42.794546,Replace,2,42,43,0 days 00:00:35.000000000,0 days 00:19:37.700640000
8,2019-12-02 08:59:00.000000,2019-12-02 08:59:55.000000,2019-12-02 09:17:51.533098,2019-12-02 09:18:46.533098,2019-12-02 09:56:07.687566,2019-12-02 09:57:02.687566,2019-12-02 10:16:41.532429,Replace,2,42,43,0 days 00:00:55.000000000,0 days 00:18:51.533098000
9,2019-12-02 10:07:00.000000,2019-12-02 10:07:35.000000,2019-12-02 10:26:01.468011,2019-12-02 10:26:36.468011,2019-12-02 11:02:02.824186,2019-12-02 11:02:37.824186,2019-12-02 11:22:11.737403,Replace,2,42,43,0 days 00:00:35.000000000,0 days 00:19:01.468011000
10,2019-12-02 11:15:00.000000,2019-12-02 11:15:50.000000,2019-12-02 11:26:06.427501,2019-12-02 11:26:56.427501,2019-12-02 12:05:10.361011,2019-12-02 12:06:00.361011,2019-12-02 12:19:13.253330,Replace,2,42,43,0 days 00:00:50.000000000,0 days 00:11:06.427501000
11,2019-12-02 12:14:00.000000,2019-12-02 12:14:55.000000,2019-12-02 12:28:28.839302,2019-12-02 12:29:23.839302,2019-12-02 12:57:52.112048,2019-12-02 12:58:47.112048,2019-12-02 13:13:42.386740,Replace,2,42,43,0 days 00:00:55.000000000,0 days 00:14:28.839302000
12,2019-12-02 13:30:00.000000,2019-12-02 13:30:45.000000,2019-12-02 13:47:21.256027,2019-12-02 13:47:28.042038,,,,Onsite,2,42,43,0 days 00:00:45.000000000,0 days 00:16:43.042038000
13,2019-12-02 14:44:00.000000,2019-12-02 14:44:35.000000,2019-12-02 15:00:42.314384,2019-12-02 15:00:53.801574,,,,Onsite,2,42,43,0 days 00:00:35.000000000,0 days 00:16:18.801574000
14,2019-12-02 15:49:00.000000,2019-12-02 15:49:50.000000,2019-12-02 16:06:40.974638,2019-12-02 16:07:30.974638,2019-12-02 16:31:24.455353,2019-12-02 16:32:14.455353,2019-12-02 16:54:57.756931,Replace,2,42,43,0 days 00:00:50.000000000,0 days 00:17:40.974638000
15,2019-12-02 16:47:00.000000,2019-12-02 16:47:50.000000,2019-12-02 17:01:16.398046,2019-12-02 17:02:06.398046,2019-12-02 17:29:14.346110,2019-12-02 17:30:04.346110,2019-12-02 17:47:31.538160,Replace,2,42,43,0 days 00:00:50.000000000,0 days 00:14:16.398046000
16,2019-12-02 17:45:00.000000,2019-12-02 17:45:45.000000,2019-12-02 18:02:31.847977,2019-12-02 18:02:39.751695,,,,Onsite,2,42,43,0 days 00:00:45.000000000,0 days 00:16:54.751695000
17,2019-12-02 18:54:00.000000,2019-12-02 18:54:55.000000,2019-12-02 19:08:41.052659,2019-12-02 19:09:04.077701,,,,Onsite,2,42,43,0 days 00:00:55.000000000,0 days 00:14:09.077701000
18,2019-12-02 20:07:00.000000,2019-12-02 20:07:55.000000,2019-12-02 20:20:54.800858,2019-12-02 20:21:14.832355,,,,Onsite,2,42,43,0 days 00:00:55.000000000,0 days 00:13:19.832355000
19,2019-12-02 21:21:00.000000,2019-12-02 21:21:35.000000,2019-12-02 21:41:39.588757,2019-12-02 21:41:58.558261,,,,Onsite,2,42,43,0 days 00:00:35.000000000,0 days 00:20:23.558261000
20,2019-12-02 22:23:00.000000,2019-12-02 22:23:45.000000,2019-12-02 22:40:18.504453,2019-12-02 22:40:28.041896,,,,Onsite,2,42,43,0 days 00:00:45.000000000,0 days 00:16:43.041896000
0,2019-12-02 01:02:00.000000,2019-12-02 00:00:35.000000,2019-12-02 00:19:54.624673,2019-12-02 00:20:29.624673,2019-12-02 00:56:56.099339,2019-12-02 00:57:31.099339,2019-12-02 01:09:21.658060,Replace,3,42,43,-1 days +22:58:35.000000000,0 days 00:19:54.624673000
1,2019-12-02 01:06:00.000000,2019-12-02 01:06:50.000000,2019-12-02 01:21:56.461422,2019-12-02 01:22:46.461422,2019-12-02 02:06:08.998060,2019-12-02 02:06:58.998060,2019-12-02 02:25:09.338267,Replace,3,42,43,0 days 00:00:50.000000000,0 days 00:15:56.461422000
2,2019-12-02 02:07:00.000000,2019-12-02 02:07:35.000000,2019-12-02 02:25:59.960010,2019-12-02 02:26:34.960010,2019-12-02 03:04:55.155361,2019-12-02 03:05:30.155361,2019-12-02 03:26:28.300381,Replace,3,42,43,0 days 00:00:35.000000000,0 days 00:18:59.960010000
3,2019-12-02 03:10:00.000000,2019-12-02 03:10:50.000000,2019-12-02 03:28:31.843679,2019-12-02 03:28:56.930309,,,,Onsite,3,42,43,0 days 00:00:50.000000000,0 days 00:18:06.930309000
4,2019-12-02 04:16:00.000000,2019-12-02 04:16:30.000000,2019-12-02 04:32:15.829954,2019-12-02 04:32:44.025489,,,,Onsite,3,42,43,0 days 00:00:30.000000000,0 days 00:16:14.025489000
5,2019-12-02 05:30:00.000000,2019-12-02 05:30:35.000000,2019-12-02 05:47:13.330413,2019-12-02 05:47:48.330413,2019-12-02 06:19:49.454830,2019-12-02 06:20:24.454830,2019-12-02 06:38:21.117074,Replace,3,42,43,0 days 00:00:35.000000000,0 days 00:17:13.330413000
6,2019-12-02 06:43:00.000000,2019-12-02 06:43:35.000000,2019-12-02 06:57:44.809762,2019-12-02 06:58:05.668330,,,,Onsite,3,42,43,0 days 00:00:35.000000000,0 days 00:14:30.668330000
7,2019-12-02 07:54:00.000000,2019-12-02 07:54:35.000000,2019-12-02 08:11:08.305770,2019-12-02 08:11:17.831433,,,,Onsite,3,42,43,0 days 00:00:35.000000000,0 days 00:16:42.831433000
8,2019-12-02 09:06:00.000000,2019-12-02 09:06:30.000000,2019-12-02 09:25:18.773891,2019-12-02 09:25:48.773891,2019-12-02 10:01:58.913944,2019-12-02 10:02:28.913944,2019-12-02 10:15:33.674657,Replace,3,42,43,0 days 00:00:30.000000000,0 days 00:19:18.773891000
9,2019-12-02 10:23:00.000000,2019-12-02 10:23:30.000000,2019-12-02 10:41:21.461592,2019-12-02 10:41:51.461592,2019-12-02 11:23:35.819003,2019-12-02 11:24:05.819003,2019-12-02 11:35:12.297410,Replace,3,42,43,0 days 00:00:30.000000000,0 days 00:18:21.461592000
10,2019-12-02 11:25:00.000000,2019-12-02 11:25:55.000000,2019-12-02 11:42:16.966698,2019-12-02 11:43:11.966698,2019-12-02 12:20:47.825123,2019-12-02 12:21:42.825123,2019-12-02 12:34:00.943098,Replace,3,42,43,0 days 00:00:55.000000000,0 days 00:17:16.966698000
11,2019-12-02 12:36:00.000000,2019-12-02 12:36:30.000000,2019-12-02 12:50:52.241806,2019-12-02 12:51:18.188900,,,,Onsite,3,42,43,0 days 00:00:30.000000000,0 days 00:14:48.188900000
12,2019-12-02 14:01:00.000000,2019-12-02 14:01:30.000000,2019-12-02 14:23:57.767371,2019-12-02 14:24:12.309550,,,,Onsite,3,42,43,0 days 00:00:30.000000000,0 days 00:22:42.309550000
13,2019-12-02 15:04:00.000000,2019-12-02 15:04:55.000000,2019-12-02 15:23:42.444865,2019-12-02 15:23:51.596558,,,,Onsite,3,42,43,0 days 00:00:55.000000000,0 days 00:18:56.596558000
14,2019-12-02 16:02:00.000000,2019-12-02 16:02:25.000000,2019-12-02 16:21:27.779000,2019-12-02 16:21:52.779000,2019-12-02 17:03:05.635342,2019-12-02 17:03:30.635342,2019-12-02 17:14:17.273648,Replace,3,42,43,0 days 00:00:25.000000000,0 days 00:19:27.779000000
15,2019-12-02 17:33:00.000000,2019-12-02 17:33:35.000000,2019-12-02 17:49:39.558198,2019-12-02 17:49:59.510437,,,,Onsite,3,42,43,0 days 00:00:35.000000000,0 days 00:16:24.510437000
16,2019-12-02 18:43:00.000000,2019-12-02 18:43:45.000000,2019-12-02 18:57:15.263146,2019-12-02 18:58:00.263146,2019-12-02 19:27:27.085267,2019-12-02 19:28:12.085267,2019-12-02 19:43:02.171219,Replace,3,42,43,0 days 00:00:45.000000000,0 days 00:14:15.263146000
17,2019-12-02 19:44:00.000000,2019-12-02 19:44:30.000000,2019-12-02 19:58:00.329203,2019-12-02 19:58:17.188710,,,,Onsite,3,42,43,0 days 00:00:30.000000000,0 days 00:13:47.188710000
18,2019-12-02 20:46:00.000000,2019-12-02 20:46:35.000000,2019-12-02 21:03:22.534970,2019-12-02 21:03:38.424199,,,,Onsite,3,42,43,0 days 00:00:35.000000000,0 days 00:17:03.424199000
19,2019-12-02 21:50:00.000000,2019-12-02 21:50:35.000000,2019-12-02 22:04:52.269447,2019-12-02 22:05:03.244737,,,,Onsite,3,42,43,0 days 00:00:35.000000000,0 days 00:14:28.244737000
0,2019-12-02 01:09:00.000000,2019-12-02 00:00:35.000000,2019-12-02 00:13:06.567747,2019-12-02 00:13:41.567747,2019-12-02 00:55:10.424286,2019-12-02 00:55:45.424286,2019-12-02 01:18:16.079492,Replace,4,42,43,-1 days +22:51:35.000000000,0 days 00:13:06.567747000
1,2019-12-02 01:13:00.000000,2019-12-02 01:13:35.000000,2019-12-02 01:29:19.450184,2019-12-02 01:29:24.702379,,,,Onsite,4,42,43,0 days 00:00:35.000000000,0 days 00:15:49.702379000
2,2019-12-02 02:21:00.000000,2019-12-02 02:21:45.000000,2019-12-02 02:39:33.868143,2019-12-02 02:40:18.868143,2019-12-02 03:09:55.419681,2019-12-02 03:10:40.419681,2019-12-02 03:32:34.569024,Replace,4,42,43,0 days 00:00:45.000000000,0 days 00:18:33.868143000
3,2019-12-02 03:24:00.000000,2019-12-02 03:24:45.000000,2019-12-02 03:39:05.837514,2019-12-02 03:39:25.932657,,,,Onsite,4,42,43,0 days 00:00:45.000000000,0 days 00:14:40.932657000
4,2019-12-02 04:25:00.000000,2019-12-02 04:25:35.000000,2019-12-02 04:39:18.113956,2019-12-02 04:39:53.113956,2019-12-02 05:24:52.965740,2019-12-02 05:25:27.965740,2019-12-02 05:44:39.059188,Replace,4,42,43,0 days 00:00:35.000000000,0 days 00:14:18.113956000
5,2019-12-02 05:24:00.000000,2019-12-02 05:24:45.000000,2019-12-02 05:37:02.577924,2019-12-02 05:37:47.577924,2019-12-02 06:28:28.963688,2019-12-02 06:29:13.963688,2019-12-02 06:44:56.654360,Replace,4,42,43,0 days 00:00:45.000000000,0 days 00:13:02.577924000
6,2019-12-02 06:26:00.000000,2019-12-02 06:26:35.000000,2019-12-02 06:40:50.157654,2019-12-02 06:40:59.114916,,,,Onsite,4,42,43,0 days 00:00:35.000000000,0 days 00:14:24.114916000
7,2019-12-02 07:43:00.000000,2019-12-02 07:43:55.000000,2019-12-02 07:56:54.443042,2019-12-02 07:57:49.443042,2019-12-02 08:27:19.576615,2019-12-02 08:28:14.576615,2019-12-02 08:50:11.346485,Replace,4,42,43,0 days 00:00:55.000000000,0 days 00:13:54.443042000
8,2019-12-02 08:51:00.000000,2019-12-02 08:51:50.000000,2019-12-02 09:12:55.699841,2019-12-02 09:13:45.699841,2019-12-02 09:43:31.831110,2019-12-02 09:44:21.831110,2019-12-02 09:59:57.902783,Replace,4,42,43,0 days 00:00:50.000000000,0 days 00:21:55.699841000
9,2019-12-02 09:50:00.000000,2019-12-02 09:50:30.000000,2019-12-02 10:04:20.081365,2019-12-02 10:04:50.081365,2019-12-02 10:30:45.755148,2019-12-02 10:31:15.755148,2019-12-02 10:43:33.804098,Replace,4,42,43,0 days 00:00:30.000000000,0 days 00:14:20.081365000
10,2019-12-02 10:55:00.000000,2019-12-02 10:55:30.000000,2019-12-02 11:09:10.998182,2019-12-02 11:09:19.972567,,,,Onsite,4,42,43,0 days 00:00:30.000000000,0 days 00:13:49.972567000
11,2019-12-02 11:57:00.000000,2019-12-02 11:57:25.000000,2019-12-02 12:14:46.642403,2019-12-02 12:15:07.719894,,,,Onsite,4,42,43,0 days 00:00:25.000000000,0 days 00:17:42.719894000
12,2019-12-02 13:10:00.000000,2019-12-02 13:10:45.000000,2019-12-02 13:29:18.863616,2019-12-02 13:30:03.863616,2019-12-02 14:16:43.921810,2019-12-02 14:17:28.921810,2019-12-02 14:38:00.821450,Replace,4,42,43,0 days 00:00:45.000000000,0 days 00:19:18.863616000
13,2019-12-02 14:10:00.000000,2019-12-02 14:10:30.000000,2019-12-02 14:25:21.145064,2019-12-02 14:25:51.145064,2019-12-02 14:52:49.595229,2019-12-02 14:53:19.595229,2019-12-02 15:09:43.330880,Replace,4,42,43,0 days 00:00:30.000000000,0 days 00:15:21.145064000
14,2019-12-02 15:25:00.000000,2019-12-02 15:25:25.000000,2019-12-02 15:42:08.366894,2019-12-02 15:42:22.863671,,,,Onsite,4,42,43,0 days 00:00:25.000000000,0 days 00:16:57.863671000
15,2019-12-02 16:35:00.000000,2019-12-02 16:35:30.000000,2019-12-02 16:53:51.678693,2019-12-02 16:54:21.678693,2019-12-02 17:33:50.807202,2019-12-02 17:34:20.807202,2019-12-02 17:51:14.569967,Replace,4,42,43,0 days 00:00:30.000000000,0 days 00:18:51.678693000
16,2019-12-02 18:40:00.000000,2019-12-02 18:40:45.000000,2019-12-02 18:57:59.715864,2019-12-02 18:58:02.855812,,,,Onsite,4,42,43,0 days 00:00:45.000000000,0 days 00:17:17.855812000
17,2019-12-02 17:44:00.000000,2019-12-02 17:44:45.000000,2019-12-02 17:55:10.551432,2019-12-02 17:55:55.551432,2019-12-02 18:39:23.263270,2019-12-02 18:40:08.263270,2019-12-02 19:00:16.517252,Replace,4,42,43,0 days 00:00:45.000000000,0 days 00:11:10.551432000
18,2019-12-02 19:47:00.000000,2019-12-02 19:47:35.000000,2019-12-02 20:05:54.509564,2019-12-02 20:06:06.562209,,,,Onsite,4,42,43,0 days 00:00:35.000000000,0 days 00:18:31.562209000
19,2019-12-02 21:01:00.000000,2019-12-02 21:01:35.000000,2019-12-02 21:17:05.420024,2019-12-02 21:17:12.826565,,,,Onsite,4,42,43,0 days 00:00:35.000000000,0 days 00:15:37.826565000
20,2019-12-02 22:02:00.000000,2019-12-02 22:02:25.000000,2019-12-02 22:18:22.604623,2019-12-02 22:18:36.325916,,,,Onsite,4,42,43,0 days 00:00:25.000000000,0 days 00:16:11.325916000
0,2019-12-02 01:13:00.000000,2019-12-02 00:00:45.000000,2019-12-02 00:18:57.987705,2019-12-02 00:19:42.987705,2019-12-02 00:47:21.729190,2019-12-02 00:48:06.729190,2019-12-02 01:07:31.909621,Replace,5,42,43,-1 days +22:47:45.000000000,0 days 00:18:57.987705000
1,2019-12-02 01:05:00.000000,2019-12-02 01:05:45.000000,2019-12-02 01:20:30.499016,2019-12-02 01:20:40.058589,,,,Onsite,5,42,43,0 days 00:00:45.000000000,0 days 00:14:55.058589000
2,2019-12-02 02:21:00.000000,2019-12-02 02:21:45.000000,2019-12-02 02:41:02.874444,2019-12-02 02:41:19.770965,,,,Onsite,5,42,43,0 days 00:00:45.000000000,0 days 00:19:34.770965000
3,2019-12-02 03:27:00.000000,2019-12-02 03:27:45.000000,2019-12-02 03:40:48.121240,2019-12-02 03:41:33.121240,2019-12-02 04:24:14.752923,2019-12-02 04:24:59.752923,2019-12-02 04:38:15.790486,Replace,5,42,43,0 days 00:00:45.000000000,0 days 00:13:48.121240000
4,2019-12-02 04:32:00.000000,2019-12-02 04:32:50.000000,2019-12-02 04:42:55.519647,2019-12-02 04:43:13.349539,,,,Onsite,5,42,43,0 days 00:00:50.000000000,0 days 00:10:23.349539000
5,2019-12-02 05:41:00.000000,2019-12-02 05:41:30.000000,2019-12-02 06:00:27.111135,2019-12-02 06:00:57.111135,2019-12-02 06:31:06.780798,2019-12-02 06:31:36.780798,2019-12-02 06:44:27.101015,Replace,5,42,43,0 days 00:00:30.000000000,0 days 00:19:27.111135000
6,2019-12-02 08:17:00.000000,2019-12-02 08:17:35.000000,2019-12-02 08:33:30.923666,2019-12-02 08:34:05.923666,2019-12-02 09:03:55.615754,2019-12-02 09:04:30.615754,2019-12-02 09:19:30.469806,Replace,5,42,43,0 days 00:00:35.000000000,0 days 00:16:30.923666000
7,2019-12-02 06:56:00.000000,2019-12-02 06:56:45.000000,2019-12-02 07:15:12.774243,2019-12-02 07:15:57.774243,2019-12-02 08:03:00.433114,2019-12-02 08:03:45.433114,2019-12-02 08:17:05.284856,Replace,5,42,43,0 days 00:00:45.000000000,0 days 00:19:12.774243000
8,2019-12-02 09:24:00.000000,2019-12-02 09:24:30.000000,2019-12-02 09:37:59.548881,2019-12-02 09:38:18.557850,,,,Onsite,5,42,43,0 days 00:00:30.000000000,0 days 00:13:48.557850000
9,2019-12-02 10:30:00.000000,2019-12-02 10:30:30.000000,2019-12-02 10:49:50.023877,2019-12-02 10:50:20.023877,2019-12-02 11:12:24.370984,2019-12-02 11:12:54.370984,2019-12-02 11:27:06.968578,Replace,5,42,43,0 days 00:00:30.000000000,0 days 00:19:50.023877000
10,2019-12-02 11:33:00.000000,2019-12-02 11:33:35.000000,2019-12-02 11:51:57.116354,2019-12-02 11:52:32.116354,2019-12-02 12:31:33.678579,2019-12-02 12:32:08.678579,2019-12-02 12:45:43.573223,Replace,5,42,43,0 days 00:00:35.000000000,0 days 00:18:57.116354000
11,2019-12-02 12:36:00.000000,2019-12-02 12:36:45.000000,2019-12-02 12:48:48.572459,2019-12-02 12:49:33.572459,2019-12-02 13:36:29.475704,2019-12-02 13:37:14.475704,2019-12-02 13:51:42.808227,Replace,5,42,43,0 days 00:00:45.000000000,0 days 00:12:48.572459000
12,2019-12-02 13:44:00.000000,2019-12-02 13:44:35.000000,2019-12-02 13:56:32.617717,2019-12-02 13:57:07.617717,2019-12-02 14:34:22.358925,2019-12-02 14:34:57.358925,2019-12-02 14:54:10.223786,Replace,5,42,43,0 days 00:00:35.000000000,0 days 00:12:32.617717000
13,2019-12-02 14:47:00.000000,2019-12-02 14:47:25.000000,2019-12-02 15:00:23.186200,2019-12-02 15:00:48.186200,2019-12-02 15:42:37.741691,2019-12-02 15:43:02.741691,2019-12-02 15:59:50.539739,Replace,5,42,43,0 days 00:00:25.000000000,0 days 00:13:23.186200000
14,2019-12-02 16:06:00.000000,2019-12-02 16:06:35.000000,2019-12-02 16:19:35.734451,2019-12-02 16:20:10.734451,2019-12-02 17:03:39.847873,2019-12-02 17:04:14.847873,2019-12-02 17:25:32.725864,Replace,5,42,43,0 days 00:00:35.000000000,0 days 00:13:35.734451000
15,2019-12-02 17:28:00.000000,2019-12-02 17:28:45.000000,2019-12-02 17:44:47.624662,2019-12-02 17:45:32.624662,2019-12-02 18:34:12.795741,2019-12-02 18:34:57.795741,2019-12-02 18:56:21.083954,Replace,5,42,43,0 days 00:00:45.000000000,0 days 00:16:47.624662000
16,2019-12-02 18:50:00.000000,2019-12-02 18:50:35.000000,2019-12-02 19:06:57.707017,2019-12-02 19:07:18.116096,,,,Onsite,5,42,43,0 days 00:00:35.000000000,0 days 00:16:43.116096000
17,2019-12-02 19:56:00.000000,2019-12-02 19:56:30.000000,2019-12-02 20:11:44.110154,2019-12-02 20:12:14.110154,2019-12-02 20:40:22.271642,2019-12-02 20:40:52.271642,2019-12-02 20:55:06.122162,Replace,5,42,43,0 days 00:00:30.000000000,0 days 00:15:44.110154000
18,2019-12-02 20:57:00.000000,2019-12-02 20:57:35.000000,2019-12-02 21:14:54.047945,2019-12-02 21:15:00.562379,,,,Onsite,5,42,43,0 days 00:00:35.000000000,0 days 00:17:25.562379000
0,2019-12-02 01:11:00.000000,2019-12-02 00:00:35.000000,2019-12-02 00:13:29.157822,2019-12-02 00:14:04.157822,2019-12-02 00:39:58.838072,2019-12-02 00:40:33.838072,2019-12-02 00:55:17.010568,Replace,6,42,43,-1 days +22:49:35.000000000,0 days 00:13:29.157822000
1,2019-12-02 01:04:00.000000,2019-12-02 01:04:45.000000,2019-12-02 01:17:42.350950,2019-12-02 01:18:13.749962,,,,Onsite,6,42,43,0 days 00:00:45.000000000,0 days 00:13:28.749962000
2,2019-12-02 02:08:00.000000,2019-12-02 02:08:50.000000,2019-12-02 02:25:45.429944,2019-12-02 02:25:57.866635,,,,Onsite,6,42,43,0 days 00:00:50.000000000,0 days 00:17:07.866635000
3,2019-12-02 03:07:00.000000,2019-12-02 03:07:25.000000,2019-12-02 03:28:06.190630,2019-12-02 03:28:19.985994,,,,Onsite,6,42,43,0 days 00:00:25.000000000,0 days 00:20:54.985994000
4,2019-12-02 04:07:00.000000,2019-12-02 04:07:45.000000,2019-12-02 04:21:58.957005,2019-12-02 04:22:02.816181,,,,Onsite,6,42,43,0 days 00:00:45.000000000,0 days 00:14:17.816181000
5,2019-12-02 05:32:00.000000,2019-12-02 05:32:35.000000,2019-12-02 05:54:43.123203,2019-12-02 05:55:18.123203,2019-12-02 06:25:06.095014,2019-12-02 06:25:41.095014,2019-12-02 06:46:13.827955,Replace,6,42,43,0 days 00:00:35.000000000,0 days 00:22:43.123203000
6,2019-12-02 06:41:00.000000,2019-12-02 06:41:45.000000,2019-12-02 06:57:48.088461,2019-12-02 06:57:59.886334,,,,Onsite,6,42,43,0 days 00:00:45.000000000,0 days 00:16:14.886334000
7,2019-12-02 07:44:00.000000,2019-12-02 07:44:50.000000,2019-12-02 07:58:35.473236,2019-12-02 07:58:42.192618,,,,Onsite,6,42,43,0 days 00:00:50.000000000,0 days 00:13:52.192618000
8,2019-12-02 08:59:00.000000,2019-12-02 08:59:45.000000,2019-12-02 09:21:41.024146,2019-12-02 09:22:06.674570,,,,Onsite,6,42,43,0 days 00:00:45.000000000,0 days 00:22:21.674570000
9,2019-12-02 10:05:00.000000,2019-12-02 10:05:45.000000,2019-12-02 10:24:49.295079,2019-12-02 10:24:58.693936,,,,Onsite,6,42,43,0 days 00:00:45.000000000,0 days 00:19:13.693936000
10,2019-12-02 11:14:00.000000,2019-12-02 11:14:50.000000,2019-12-02 11:31:38.191157,2019-12-02 11:31:46.886062,,,,Onsite,6,42,43,0 days 00:00:50.000000000,0 days 00:16:56.886062000
11,2019-12-02 12:23:00.000000,2019-12-02 12:23:35.000000,2019-12-02 12:43:51.714401,2019-12-02 12:44:26.714401,2019-12-02 13:42:37.249831,2019-12-02 13:43:12.249831,2019-12-02 13:58:54.807265,Replace,6,42,43,0 days 00:00:35.000000000,0 days 00:20:51.714401000
12,2019-12-02 13:34:00.000000,2019-12-02 13:34:45.000000,2019-12-02 13:48:12.893035,2019-12-02 13:48:46.625961,,,,Onsite,6,42,43,0 days 00:00:45.000000000,0 days 00:14:01.625961000
13,2019-12-02 14:52:00.000000,2019-12-02 14:52:45.000000,2019-12-02 15:04:23.034500,2019-12-02 15:04:41.111834,,,,Onsite,6,42,43,0 days 00:00:45.000000000,0 days 00:11:56.111834000
14,2019-12-02 16:00:00.000000,2019-12-02 16:00:50.000000,2019-12-02 16:14:26.761213,2019-12-02 16:15:16.761213,2019-12-02 16:52:02.645572,2019-12-02 16:52:52.645572,2019-12-02 17:08:47.201671,Replace,6,42,43,0 days 00:00:50.000000000,0 days 00:14:26.761213000
15,2019-12-02 17:19:00.000000,2019-12-02 17:19:45.000000,2019-12-02 17:35:59.527780,2019-12-02 17:36:44.527780,2019-12-02 18:13:23.216606,2019-12-02 18:14:08.216606,2019-12-02 18:27:56.393161,Replace,6,42,43,0 days 00:00:45.000000000,0 days 00:16:59.527780000
16,2019-12-02 18:40:00.000000,2019-12-02 18:40:45.000000,2019-12-02 18:53:28.088145,2019-12-02 18:53:43.835178,,,,Onsite,6,42,43,0 days 00:00:45.000000000,0 days 00:12:58.835178000
17,2019-12-02 19:44:00.000000,2019-12-02 19:44:35.000000,2019-12-02 20:02:22.881288,2019-12-02 20:02:32.954332,,,,Onsite,6,42,43,0 days 00:00:35.000000000,0 days 00:17:57.954332000
18,2019-12-02 20:45:00.000000,2019-12-02 20:45:25.000000,2019-12-02 21:02:46.085977,2019-12-02 21:03:11.085977,2019-12-02 21:41:00.456907,2019-12-02 21:41:25.456907,2019-12-02 21:59:24.866575,Replace,6,42,43,0 days 00:00:25.000000000,0 days 00:17:46.085977000
19,2019-12-02 22:08:00.000000,2019-12-02 22:08:30.000000,2019-12-02 22:22:46.304491,2019-12-02 22:22:53.132919,,,,Onsite,6,42,43,0 days 00:00:30.000000000,0 days 00:14:23.132919000
0,2019-12-02 01:13:00.000000,2019-12-02 00:00:30.000000,2019-12-02 00:18:12.100844,2019-12-02 00:18:42.100844,2019-12-02 00:53:07.610858,2019-12-02 00:53:37.610858,2019-12-02 01:06:22.935191,Replace,7,42,43,-1 days +22:47:30.000000000,0 days 00:18:12.100844000
1,2019-12-02 00:55:00.000000,2019-12-02 00:55:25.000000,2019-12-02 01:11:49.438483,2019-12-02 01:12:14.438483,2019-12-02 01:44:32.622263,2019-12-02 01:44:57.622263,2019-12-02 02:03:14.951159,Replace,7,42,43,0 days 00:00:25.000000000,0 days 00:16:49.438483000
2,2019-12-02 02:03:00.000000,2019-12-02 02:03:35.000000,2019-12-02 02:19:10.942879,2019-12-02 02:19:45.942879,2019-12-02 02:44:45.630984,2019-12-02 02:45:20.630984,2019-12-02 03:03:43.850642,Replace,7,42,43,0 days 00:00:35.000000000,0 days 00:16:10.942879000
3,2019-12-02 03:01:00.000000,2019-12-02 03:01:30.000000,2019-12-02 03:19:44.176099,2019-12-02 03:19:57.719095,,,,Onsite,7,42,43,0 days 00:00:30.000000000,0 days 00:18:27.719095000
4,2019-12-02 03:46:00.000000,2019-12-02 03:46:30.000000,2019-12-02 04:03:22.856810,2019-12-02 04:03:52.856810,2019-12-02 04:48:23.680337,2019-12-02 04:48:53.680337,2019-12-02 05:09:22.938029,Replace,7,42,43,0 days 00:00:30.000000000,0 days 00:17:22.856810000
5,2019-12-02 05:00:00.000000,2019-12-02 05:00:35.000000,2019-12-02 05:15:16.094131,2019-12-02 05:15:27.466588,,,,Onsite,7,42,43,0 days 00:00:35.000000000,0 days 00:14:52.466588000
6,2019-12-02 05:55:00.000000,2019-12-02 05:55:45.000000,2019-12-02 06:11:33.852122,2019-12-02 06:12:18.852122,2019-12-02 06:51:56.297921,2019-12-02 06:52:41.297921,2019-12-02 07:07:46.924991,Replace,7,42,43,0 days 00:00:45.000000000,0 days 00:16:33.852122000
7,2019-12-02 06:56:00.000000,2019-12-02 06:56:30.000000,2019-12-02 07:13:06.437068,2019-12-02 07:13:20.266477,,,,Onsite,7,42,43,0 days 00:00:30.000000000,0 days 00:16:50.266477000
8,2019-12-02 08:05:00.000000,2019-12-02 08:05:45.000000,2019-12-02 08:27:01.855831,2019-12-02 08:27:46.855831,2019-12-02 09:07:14.924043,2019-12-02 09:07:59.924043,2019-12-02 09:27:33.530348,Replace,7,42,43,0 days 00:00:45.000000000,0 days 00:22:01.855831000
9,2019-12-02 09:19:00.000000,2019-12-02 09:19:25.000000,2019-12-02 09:37:58.265170,2019-12-02 09:38:25.151988,,,,Onsite,7,42,43,0 days 00:00:25.000000000,0 days 00:19:00.151988000
10,2019-12-02 10:26:00.000000,2019-12-02 10:26:55.000000,2019-12-02 10:44:13.939689,2019-12-02 10:44:33.611985,,,,Onsite,7,42,43,0 days 00:00:55.000000000,0 days 00:17:38.611985000
11,2019-12-02 11:30:00.000000,2019-12-02 11:30:55.000000,2019-12-02 11:49:08.831043,2019-12-02 11:50:03.831043,2019-12-02 12:29:12.567524,2019-12-02 12:30:07.567524,2019-12-02 12:44:36.031154,Replace,7,42,43,0 days 00:00:55.000000000,0 days 00:19:08.831043000
12,2019-12-02 12:33:00.000000,2019-12-02 12:33:45.000000,2019-12-02 12:50:02.341038,2019-12-02 12:50:19.940316,,,,Onsite,7,42,43,0 days 00:00:45.000000000,0 days 00:16:34.940316000
13,2019-12-02 13:40:00.000000,2019-12-02 13:40:45.000000,2019-12-02 13:54:57.930523,2019-12-02 13:55:42.930523,2019-12-02 14:17:56.106293,2019-12-02 14:18:41.106293,2019-12-02 14:36:09.407895,Replace,7,42,43,0 days 00:00:45.000000000,0 days 00:14:57.930523000
14,2019-12-02 14:42:00.000000,2019-12-02 14:42:45.000000,2019-12-02 14:57:55.852152,2019-12-02 14:58:25.374649,,,,Onsite,7,42,43,0 days 00:00:45.000000000,0 days 00:15:40.374649000
15,2019-12-02 15:55:00.000000,2019-12-02 15:55:55.000000,2019-12-02 16:10:15.170083,2019-12-02 16:11:10.170083,2019-12-02 16:49:53.443381,2019-12-02 16:50:48.443381,2019-12-02 17:13:28.425495,Replace,7,42,43,0 days 00:00:55.000000000,0 days 00:15:15.170083000
16,2019-12-02 16:54:00.000000,2019-12-02 16:54:50.000000,2019-12-02 17:13:07.963949,2019-12-02 17:13:57.963949,2019-12-02 17:49:48.459628,2019-12-02 17:50:38.459628,2019-12-02 18:06:57.046720,Replace,7,42,43,0 days 00:00:50.000000000,0 days 00:19:07.963949000
17,2019-12-02 18:12:00.000000,2019-12-02 18:12:50.000000,2019-12-02 18:35:55.081196,2019-12-02 18:36:45.081196,2019-12-02 19:05:38.718945,2019-12-02 19:06:28.718945,2019-12-02 19:24:24.075283,Replace,7,42,43,0 days 00:00:50.000000000,0 days 00:23:55.081196000
18,2019-12-02 19:08:00.000000,2019-12-02 19:08:55.000000,2019-12-02 19:21:11.307089,2019-12-02 19:21:21.671791,,,,Onsite,7,42,43,0 days 00:00:55.000000000,0 days 00:12:26.671791000
19,2019-12-02 20:19:00.000000,2019-12-02 20:19:55.000000,2019-12-02 20:27:15.190754,2019-12-02 20:28:10.190754,2019-12-02 21:02:34.075223,2019-12-02 21:03:29.075223,2019-12-02 21:21:46.726558,Replace,7,42,43,0 days 00:00:55.000000000,0 days 00:08:15.190754000
20,2019-12-02 21:32:00.000000,2019-12-02 21:32:55.000000,2019-12-02 21:50:51.612434,2019-12-02 21:51:12.297308,,,,Onsite,7,42,43,0 days 00:00:55.000000000,0 days 00:18:17.297308000
0,2019-12-02 01:12:00.000000,2019-12-02 00:00:35.000000,2019-12-02 00:15:12.666529,2019-12-02 00:15:47.666529,2019-12-02 00:57:24.838114,2019-12-02 00:57:59.838114,2019-12-02 01:15:24.592149,Replace,8,42,43,-1 days +22:48:35.000000000,0 days 00:15:12.666529000
1,2019-12-02 01:14:00.000000,2019-12-02 01:14:30.000000,2019-12-02 01:30:03.627508,2019-12-02 01:30:33.627508,2019-12-02 01:59:50.773419,2019-12-02 02:00:20.773419,2019-12-02 02:15:25.820681,Replace,8,42,43,0 days 00:00:30.000000000,0 days 00:16:03.627508000
2,2019-12-02 02:24:00.000000,2019-12-02 02:24:30.000000,2019-12-02 02:40:11.118087,2019-12-02 02:40:41.118087,2019-12-02 03:20:01.240009,2019-12-02 03:20:31.240009,2019-12-02 03:36:15.544821,Replace,8,42,43,0 days 00:00:30.000000000,0 days 00:16:11.118087000
3,2019-12-02 03:32:00.000000,2019-12-02 03:32:55.000000,2019-12-02 03:46:25.801158,2019-12-02 03:47:01.452497,,,,Onsite,8,42,43,0 days 00:00:55.000000000,0 days 00:14:06.452497000
4,2019-12-02 04:38:00.000000,2019-12-02 04:38:50.000000,2019-12-02 04:54:53.067662,2019-12-02 04:55:06.222757,,,,Onsite,8,42,43,0 days 00:00:50.000000000,0 days 00:16:16.222757000
5,2019-12-02 05:51:00.000000,2019-12-02 05:51:25.000000,2019-12-02 06:02:08.584812,2019-12-02 06:02:33.584812,2019-12-02 06:53:23.142567,2019-12-02 06:53:48.142567,2019-12-02 07:12:26.700031,Replace,8,42,43,0 days 00:00:25.000000000,0 days 00:11:08.584812000
6,2019-12-02 07:00:00.000000,2019-12-02 07:00:45.000000,2019-12-02 07:17:20.470047,2019-12-02 07:18:05.470047,2019-12-02 07:47:40.602614,2019-12-02 07:48:25.602614,2019-12-02 08:01:24.873206,Replace,8,42,43,0 days 00:00:45.000000000,0 days 00:17:20.470047000
7,2019-12-02 08:04:00.000000,2019-12-02 08:04:35.000000,2019-12-02 08:20:28.383723,2019-12-02 08:21:03.383723,2019-12-02 08:43:54.157740,2019-12-02 08:44:29.157740,2019-12-02 08:59:19.182938,Replace,8,42,43,0 days 00:00:35.000000000,0 days 00:16:28.383723000
8,2019-12-02 09:15:00.000000,2019-12-02 09:15:35.000000,2019-12-02 09:31:10.360922,2019-12-02 09:31:31.435843,,,,Onsite,8,42,43,0 days 00:00:35.000000000,0 days 00:15:56.435843000
9,2019-12-02 10:20:00.000000,2019-12-02 10:20:35.000000,2019-12-02 10:42:30.504162,2019-12-02 10:43:05.504162,2019-12-02 11:12:28.738209,2019-12-02 11:13:03.738209,2019-12-02 11:34:51.464137,Replace,8,42,43,0 days 00:00:35.000000000,0 days 00:22:30.504162000
10,2019-12-02 11:24:00.000000,2019-12-02 11:24:25.000000,2019-12-02 11:38:53.461585,2019-12-02 11:39:18.461585,2019-12-02 12:13:57.605563,2019-12-02 12:14:22.605563,2019-12-02 12:26:18.382301,Replace,8,42,43,0 days 00:00:25.000000000,0 days 00:14:53.461585000
11,2019-12-02 12:33:00.000000,2019-12-02 12:33:55.000000,2019-12-02 12:47:14.840886,2019-12-02 12:48:09.840886,2019-12-02 13:17:17.254419,2019-12-02 13:18:12.254419,2019-12-02 13:32:55.387719,Replace,8,42,43,0 days 00:00:55.000000000,0 days 00:14:14.840886000
12,2019-12-02 13:45:00.000000,2019-12-02 13:45:25.000000,2019-12-02 14:01:15.004104,2019-12-02 14:01:30.389816,,,,Onsite,8,42,43,0 days 00:00:25.000000000,0 days 00:16:05.389816000
13,2019-12-02 14:52:00.000000,2019-12-02 14:52:55.000000,2019-12-02 15:09:50.571040,2019-12-02 15:10:18.475626,,,,Onsite,8,42,43,0 days 00:00:55.000000000,0 days 00:17:23.475626000
14,2019-12-02 16:00:00.000000,2019-12-02 16:00:35.000000,2019-12-02 16:15:54.126426,2019-12-02 16:16:01.162043,,,,Onsite,8,42,43,0 days 00:00:35.000000000,0 days 00:15:26.162043000
15,2019-12-02 16:57:00.000000,2019-12-02 16:57:45.000000,2019-12-02 17:09:10.087930,2019-12-02 17:09:55.087930,2019-12-02 18:01:11.021541,2019-12-02 18:01:56.021541,2019-12-02 18:16:53.994725,Replace,8,42,43,0 days 00:00:45.000000000,0 days 00:12:10.087930000
16,2019-12-02 18:08:00.000000,2019-12-02 18:08:35.000000,2019-12-02 18:21:37.286416,2019-12-02 18:21:40.429565,,,,Onsite,8,42,43,0 days 00:00:35.000000000,0 days 00:13:05.429565000
17,2019-12-02 19:09:00.000000,2019-12-02 19:09:45.000000,2019-12-02 19:27:46.649262,2019-12-02 19:28:31.649262,2019-12-02 19:59:12.829464,2019-12-02 19:59:57.829464,2019-12-02 20:10:44.653595,Replace,8,42,43,0 days 00:00:45.000000000,0 days 00:18:46.649262000
18,2019-12-02 20:19:00.000000,2019-12-02 20:19:30.000000,2019-12-02 20:43:56.547506,2019-12-02 20:44:24.383972,,,,Onsite,8,42,43,0 days 00:00:30.000000000,0 days 00:24:54.383972000
19,2019-12-02 21:20:00.000000,2019-12-02 21:20:45.000000,2019-12-02 21:42:19.689493,2019-12-02 21:42:45.113079,,,,Onsite,8,42,43,0 days 00:00:45.000000000,0 days 00:22:00.113079000
0,2019-12-02 01:03:00.000000,2019-12-02 00:00:45.000000,2019-12-02 00:19:33.637810,2019-12-02 00:19:57.612051,,,,Onsite,9,42,43,-1 days +22:57:45.000000000,0 days 00:19:12.612051000
1,2019-12-02 01:02:00.000000,2019-12-02 01:02:50.000000,2019-12-02 01:20:07.085071,2019-12-02 01:20:25.779363,,,,Onsite,9,42,43,0 days 00:00:50.000000000,0 days 00:17:35.779363000
2,2019-12-02 02:12:00.000000,2019-12-02 02:12:30.000000,2019-12-02 02:30:26.290679,2019-12-02 02:30:41.378786,,,,Onsite,9,42,43,0 days 00:00:30.000000000,0 days 00:18:11.378786000
3,2019-12-02 03:24:00.000000,2019-12-02 03:24:45.000000,2019-12-02 03:41:09.549821,2019-12-02 03:41:54.549821,2019-12-02 04:12:50.865668,2019-12-02 04:13:35.865668,2019-12-02 04:24:17.324247,Replace,9,42,43,0 days 00:00:45.000000000,0 days 00:17:09.549821000
4,2019-12-02 05:32:00.000000,2019-12-02 05:32:35.000000,2019-12-02 05:48:14.060489,2019-12-02 05:48:22.898721,,,,Onsite,9,42,43,0 days 00:00:35.000000000,0 days 00:15:47.898721000
5,2019-12-02 04:25:00.000000,2019-12-02 04:25:35.000000,2019-12-02 04:43:21.493288,2019-12-02 04:43:56.493288,2019-12-02 05:16:29.742699,2019-12-02 05:17:04.742699,2019-12-02 05:32:16.761488,Replace,9,42,43,0 days 00:00:35.000000000,0 days 00:18:21.493288000
6,2019-12-02 06:56:00.000000,2019-12-02 06:56:55.000000,2019-12-02 07:13:49.729348,2019-12-02 07:14:10.260810,,,,Onsite,9,42,43,0 days 00:00:55.000000000,0 days 00:17:15.260810000
7,2019-12-02 08:06:00.000000,2019-12-02 08:06:35.000000,2019-12-02 08:24:54.488005,2019-12-02 08:25:29.488005,2019-12-02 09:03:22.151393,2019-12-02 09:03:57.151393,2019-12-02 09:20:56.052812,Replace,9,42,43,0 days 00:00:35.000000000,0 days 00:18:54.488005000
8,2019-12-02 09:09:00.000000,2019-12-02 09:09:25.000000,2019-12-02 09:24:00.270561,2019-12-02 09:24:14.409598,,,,Onsite,9,42,43,0 days 00:00:25.000000000,0 days 00:14:49.409598000
9,2019-12-02 10:13:00.000000,2019-12-02 10:13:45.000000,2019-12-02 10:29:19.551694,2019-12-02 10:29:35.402217,,,,Onsite,9,42,43,0 days 00:00:45.000000000,0 days 00:15:50.402217000
10,2019-12-02 11:34:00.000000,2019-12-02 11:34:45.000000,2019-12-02 11:50:25.525745,2019-12-02 11:51:10.525745,2019-12-02 12:22:01.209358,2019-12-02 12:22:46.209358,2019-12-02 12:36:17.107386,Replace,9,42,43,0 days 00:00:45.000000000,0 days 00:16:25.525745000
11,2019-12-02 12:54:00.000000,2019-12-02 12:54:45.000000,2019-12-02 13:09:54.679997,2019-12-02 13:10:39.679997,2019-12-02 14:05:19.949694,2019-12-02 14:06:04.949694,2019-12-02 14:18:29.175708,Replace,9,42,43,0 days 00:00:45.000000000,0 days 00:15:54.679997000
12,2019-12-02 14:09:00.000000,2019-12-02 14:09:30.000000,2019-12-02 14:24:47.192731,2019-12-02 14:25:17.192731,2019-12-02 15:23:21.805023,2019-12-02 15:23:51.805023,2019-12-02 15:37:03.682085,Replace,9,42,43,0 days 00:00:30.000000000,0 days 00:15:47.192731000
13,2019-12-02 15:19:00.000000,2019-12-02 15:19:55.000000,2019-12-02 15:27:51.355493,2019-12-02 15:28:46.355493,2019-12-02 16:03:28.554991,2019-12-02 16:04:23.554991,2019-12-02 16:20:42.309267,Replace,9,42,43,0 days 00:00:55.000000000,0 days 00:08:51.355493000
14,2019-12-02 16:24:00.000000,2019-12-02 16:24:45.000000,2019-12-02 16:42:32.319766,2019-12-02 16:43:17.319766,2019-12-02 17:41:54.037666,2019-12-02 17:42:39.037666,2019-12-02 18:03:50.487047,Replace,9,42,43,0 days 00:00:45.000000000,0 days 00:18:32.319766000
15,2019-12-02 18:42:00.000000,2019-12-02 18:42:35.000000,2019-12-02 19:00:55.870186,2019-12-02 19:01:08.836944,,,,Onsite,9,42,43,0 days 00:00:35.000000000,0 days 00:18:33.836944000
16,2019-12-02 17:38:00.000000,2019-12-02 17:38:45.000000,2019-12-02 18:01:08.731266,2019-12-02 18:01:53.731266,2019-12-02 18:42:14.245707,2019-12-02 18:42:59.245707,2019-12-02 19:01:08.447872,Replace,9,42,43,0 days 00:00:45.000000000,0 days 00:23:08.731266000
17,2019-12-02 19:55:00.000000,2019-12-02 19:55:50.000000,2019-12-02 20:13:12.069428,2019-12-02 20:14:02.069428,2019-12-02 20:38:08.006604,2019-12-02 20:38:58.006604,2019-12-02 20:56:26.167299,Replace,9,42,43,0 days 00:00:50.000000000,0 days 00:18:12.069428000
18,2019-12-02 20:57:00.000000,2019-12-02 20:57:45.000000,2019-12-02 21:15:55.522634,2019-12-02 21:16:40.522634,2019-12-02 22:03:20.913885,2019-12-02 22:04:05.913885,2019-12-02 22:21:57.769960,Replace,9,42,43,0 days 00:00:45.000000000,0 days 00:18:55.522634000
0,2019-12-02 01:10:00.000000,2019-12-02 00:00:55.000000,2019-12-02 00:18:57.319996,2019-12-02 00:19:52.319996,2019-12-02 00:43:36.686734,2019-12-02 00:44:31.686734,2019-12-02 01:06:51.203898,Replace,1,42,44,-1 days +22:50:55.000000000,0 days 00:18:57.319996000
1,2019-12-02 00:49:00.000000,2019-12-02 00:49:30.000000,2019-12-02 01:03:30.518598,2019-12-02 01:04:00.518598,2019-12-02 01:57:27.602356,2019-12-02 01:57:57.602356,2019-12-02 02:12:37.297151,Replace,1,42,44,0 days 00:00:30.000000000,0 days 00:14:30.518598000
2,2019-12-02 01:48:00.000000,2019-12-02 01:48:35.000000,2019-12-02 02:07:46.946938,2019-12-02 02:08:21.946938,2019-12-02 02:55:36.570466,2019-12-02 02:56:11.570466,2019-12-02 03:13:11.548706,Replace,1,42,44,0 days 00:00:35.000000000,0 days 00:19:46.946938000
3,2019-12-02 03:00:00.000000,2019-12-02 03:00:45.000000,2019-12-02 03:15:22.249641,2019-12-02 03:15:40.149962,,,,Onsite,1,42,44,0 days 00:00:45.000000000,0 days 00:14:55.149962000
4,2019-12-02 04:14:00.000000,2019-12-02 04:14:45.000000,2019-12-02 04:29:55.972254,2019-12-02 04:30:40.972254,2019-12-02 05:03:52.495554,2019-12-02 05:04:37.495554,2019-12-02 05:24:26.351437,Replace,1,42,44,0 days 00:00:45.000000000,0 days 00:15:55.972254000
5,2019-12-02 05:28:00.000000,2019-12-02 05:28:55.000000,2019-12-02 05:48:56.432236,2019-12-02 05:49:51.432236,2019-12-02 06:19:08.911362,2019-12-02 06:20:03.911362,2019-12-02 06:41:59.921300,Replace,1,42,44,0 days 00:00:55.000000000,0 days 00:20:56.432236000
6,2019-12-02 06:38:00.000000,2019-12-02 06:38:30.000000,2019-12-02 06:54:20.743094,2019-12-02 06:54:50.743094,2019-12-02 07:43:00.808823,2019-12-02 07:43:30.808823,2019-12-02 08:03:00.608645,Replace,1,42,44,0 days 00:00:30.000000000,0 days 00:16:20.743094000
7,2019-12-02 07:51:00.000000,2019-12-02 07:51:55.000000,2019-12-02 08:09:43.654993,2019-12-02 08:09:50.024616,,,,Onsite,1,42,44,0 days 00:00:55.000000000,0 days 00:17:55.024616000
8,2019-12-02 08:51:00.000000,2019-12-02 08:51:25.000000,2019-12-02 09:11:30.353771,2019-12-02 09:11:39.245495,,,,Onsite,1,42,44,0 days 00:00:25.000000000,0 days 00:20:14.245495000
9,2019-12-02 09:55:00.000000,2019-12-02 09:55:45.000000,2019-12-02 10:15:11.286067,2019-12-02 10:15:56.286067,2019-12-02 11:01:23.469446,2019-12-02 11:02:08.469446,2019-12-02 11:16:13.173269,Replace,1,42,44,0 days 00:00:45.000000000,0 days 00:20:11.286067000
10,2019-12-02 11:14:00.000000,2019-12-02 11:14:45.000000,2019-12-02 11:35:52.049344,2019-12-02 11:36:37.049344,2019-12-02 12:30:08.700883,2019-12-02 12:30:53.700883,2019-12-02 12:44:43.244953,Replace,1,42,44,0 days 00:00:45.000000000,0 days 00:21:52.049344000
11,2019-12-02 12:29:00.000000,2019-12-02 12:29:45.000000,2019-12-02 12:45:39.056061,2019-12-02 12:46:24.056061,2019-12-02 13:19:34.714708,2019-12-02 13:20:19.714708,2019-12-02 13:37:31.807811,Replace,1,42,44,0 days 00:00:45.000000000,0 days 00:16:39.056061000
12,2019-12-02 14:31:00.000000,2019-12-02 14:31:50.000000,2019-12-02 14:45:14.941857,2019-12-02 14:46:04.941857,2019-12-02 15:13:36.073641,2019-12-02 15:14:26.073641,2019-12-02 15:32:55.270286,Replace,1,42,44,0 days 00:00:50.000000000,0 days 00:14:14.941857000
13,2019-12-02 13:31:00.000000,2019-12-02 13:31:25.000000,2019-12-02 13:43:02.018135,2019-12-02 13:43:27.018135,2019-12-02 14:14:01.750518,2019-12-02 14:14:26.750518,2019-12-02 14:31:13.825100,Replace,1,42,44,0 days 00:00:25.000000000,0 days 00:12:02.018135000
14,2019-12-02 15:34:00.000000,2019-12-02 15:34:25.000000,2019-12-02 15:51:22.834184,2019-12-02 15:51:42.938047,,,,Onsite,1,42,44,0 days 00:00:25.000000000,0 days 00:17:17.938047000
15,2019-12-02 16:25:00.000000,2019-12-02 16:25:35.000000,2019-12-02 16:40:18.857784,2019-12-02 16:40:53.857784,2019-12-02 17:09:15.435920,2019-12-02 17:09:50.435920,2019-12-02 17:21:52.235512,Replace,1,42,44,0 days 00:00:35.000000000,0 days 00:15:18.857784000
16,2019-12-02 17:36:00.000000,2019-12-02 17:36:45.000000,2019-12-02 17:51:25.384598,2019-12-02 17:52:10.384598,2019-12-02 18:20:10.339016,2019-12-02 18:20:55.339016,2019-12-02 18:39:07.419103,Replace,1,42,44,0 days 00:00:45.000000000,0 days 00:15:25.384598000
17,2019-12-02 18:49:00.000000,2019-12-02 18:49:45.000000,2019-12-02 18:59:52.270639,2019-12-02 19:00:11.819129,,,,Onsite,1,42,44,0 days 00:00:45.000000000,0 days 00:10:26.819129000
18,2019-12-02 19:45:00.000000,2019-12-02 19:45:30.000000,2019-12-02 19:54:57.462364,2019-12-02 19:55:27.839140,,,,Onsite,1,42,44,0 days 00:00:30.000000000,0 days 00:09:57.839140000
19,2019-12-02 20:59:00.000000,2019-12-02 20:59:30.000000,2019-12-02 21:15:25.152598,2019-12-02 21:15:55.152598,2019-12-02 22:10:38.142331,2019-12-02 22:11:08.142331,2019-12-02 22:29:45.014687,Replace,1,42,44,0 days 00:00:30.000000000,0 days 00:16:25.152598000
20,2019-12-02 22:12:00.000000,2019-12-02 22:12:55.000000,2019-12-02 22:28:13.490258,2019-12-02 22:28:30.763296,,,,Onsite,1,42,44,0 days 00:00:55.000000000,0 days 00:15:35.763296000
0,2019-12-02 01:04:00.000000,2019-12-02 00:00:45.000000,2019-12-02 00:16:33.026508,2019-12-02 00:17:18.026508,2019-12-02 00:46:43.833124,2019-12-02 00:47:28.833124,2019-12-02 01:04:30.089783,Replace,2,42,44,-1 days +22:56:45.000000000,0 days 00:16:33.026508000
1,2019-12-02 00:56:00.000000,2019-12-02 00:56:25.000000,2019-12-02 01:11:26.364814,2019-12-02 01:11:47.310180,,,,Onsite,2,42,44,0 days 00:00:25.000000000,0 days 00:15:22.310180000
2,2019-12-02 02:12:00.000000,2019-12-02 02:12:30.000000,2019-12-02 02:33:05.334209,2019-12-02 02:33:11.119227,,,,Onsite,2,42,44,0 days 00:00:30.000000000,0 days 00:20:41.119227000
3,2019-12-02 03:11:00.000000,2019-12-02 03:11:35.000000,2019-12-02 03:29:04.501210,2019-12-02 03:29:39.501210,2019-12-02 04:15:39.206792,2019-12-02 04:16:14.206792,2019-12-02 04:33:33.302465,Replace,2,42,44,0 days 00:00:35.000000000,0 days 00:18:04.501210000
4,2019-12-02 04:22:00.000000,2019-12-02 04:22:55.000000,2019-12-02 04:38:23.166920,2019-12-02 04:39:18.166920,2019-12-02 05:23:40.834605,2019-12-02 05:24:35.834605,2019-12-02 05:37:19.941589,Replace,2,42,44,0 days 00:00:55.000000000,0 days 00:16:23.166920000
5,2019-12-02 05:34:00.000000,2019-12-02 05:34:45.000000,2019-12-02 05:48:56.014682,2019-12-02 05:49:41.014682,2019-12-02 06:32:05.338075,2019-12-02 06:32:50.338075,2019-12-02 06:53:24.316393,Replace,2,42,44,0 days 00:00:45.000000000,0 days 00:14:56.014682000
6,2019-12-02 06:34:00.000000,2019-12-02 06:34:45.000000,2019-12-02 06:54:29.536897,2019-12-02 06:54:47.188232,,,,Onsite,2,42,44,0 days 00:00:45.000000000,0 days 00:20:02.188232000
7,2019-12-02 07:35:00.000000,2019-12-02 07:35:35.000000,2019-12-02 07:51:29.640086,2019-12-02 07:51:36.595060,,,,Onsite,2,42,44,0 days 00:00:35.000000000,0 days 00:16:01.595060000
8,2019-12-02 08:46:00.000000,2019-12-02 08:46:25.000000,2019-12-02 09:03:02.320372,2019-12-02 09:03:27.320372,2019-12-02 09:34:43.710887,2019-12-02 09:35:08.710887,2019-12-02 09:50:14.149356,Replace,2,42,44,0 days 00:00:25.000000000,0 days 00:17:02.320372000
9,2019-12-02 09:53:00.000000,2019-12-02 09:53:30.000000,2019-12-02 10:09:14.915385,2019-12-02 10:09:46.838691,,,,Onsite,2,42,44,0 days 00:00:30.000000000,0 days 00:16:16.838691000
10,2019-12-02 10:50:00.000000,2019-12-02 10:50:30.000000,2019-12-02 11:04:57.047868,2019-12-02 11:05:27.047868,2019-12-02 11:42:54.638218,2019-12-02 11:43:24.638218,2019-12-02 12:01:00.908058,Replace,2,42,44,0 days 00:00:30.000000000,0 days 00:14:57.047868000
11,2019-12-02 11:58:00.000000,2019-12-02 11:58:45.000000,2019-12-02 12:11:10.882906,2019-12-02 12:11:26.694165,,,,Onsite,2,42,44,0 days 00:00:45.000000000,0 days 00:12:41.694165000
12,2019-12-02 13:09:00.000000,2019-12-02 13:09:45.000000,2019-12-02 13:25:50.192299,2019-12-02 13:25:58.773961,,,,Onsite,2,42,44,0 days 00:00:45.000000000,0 days 00:16:13.773961000
13,2019-12-02 14:04:00.000000,2019-12-02 14:04:30.000000,2019-12-02 14:20:44.028862,2019-12-02 14:20:50.378347,,,,Onsite,2,42,44,0 days 00:00:30.000000000,0 days 00:16:20.378347000
14,2019-12-02 15:38:00.000000,2019-12-02 15:38:35.000000,2019-12-02 15:57:51.324104,2019-12-02 15:58:11.529974,,,,Onsite,2,42,44,0 days 00:00:35.000000000,0 days 00:19:36.529974000
15,2019-12-02 16:43:00.000000,2019-12-02 16:43:45.000000,2019-12-02 17:00:27.172014,2019-12-02 17:01:12.172014,2019-12-02 17:30:34.965747,2019-12-02 17:31:19.965747,2019-12-02 17:45:32.871348,Replace,2,42,44,0 days 00:00:45.000000000,0 days 00:17:27.172014000
16,2019-12-02 17:39:00.000000,2019-12-02 17:39:45.000000,2019-12-02 17:53:32.335533,2019-12-02 17:53:55.478763,,,,Onsite,2,42,44,0 days 00:00:45.000000000,0 days 00:14:10.478763000
17,2019-12-02 18:41:00.000000,2019-12-02 18:41:55.000000,2019-12-02 18:58:47.757278,2019-12-02 18:59:42.757278,2019-12-02 19:41:08.398353,2019-12-02 19:42:03.398353,2019-12-02 19:54:20.220286,Replace,2,42,44,0 days 00:00:55.000000000,0 days 00:17:47.757278000
18,2019-12-02 19:53:00.000000,2019-12-02 19:53:45.000000,2019-12-02 20:07:40.524484,2019-12-02 20:07:52.246004,,,,Onsite,2,42,44,0 days 00:00:45.000000000,0 days 00:14:07.246004000
19,2019-12-02 21:06:00.000000,2019-12-02 21:06:35.000000,2019-12-02 21:21:33.264787,2019-12-02 21:22:08.264787,2019-12-02 21:53:23.971340,2019-12-02 21:53:58.971340,2019-12-02 22:08:30.222782,Replace,2,42,44,0 days 00:00:35.000000000,0 days 00:15:33.264787000
20,2019-12-02 22:09:00.000000,2019-12-02 22:09:25.000000,2019-12-02 22:25:18.740609,2019-12-02 22:25:35.316488,,,,Onsite,2,42,44,0 days 00:00:25.000000000,0 days 00:16:10.316488000
0,2019-12-02 01:00:00.000000,2019-12-02 00:00:45.000000,2019-12-02 00:20:28.533624,2019-12-02 00:21:13.533624,2019-12-02 00:53:44.327918,2019-12-02 00:54:29.327918,2019-12-02 01:10:32.558952,Replace,3,42,44,-1 days +23:00:45.000000000,0 days 00:20:28.533624000
1,2019-12-02 01:02:00.000000,2019-12-02 01:02:50.000000,2019-12-02 01:17:55.114762,2019-12-02 01:18:45.114762,2019-12-02 01:52:43.507926,2019-12-02 01:53:33.507926,2019-12-02 02:10:44.454969,Replace,3,42,44,0 days 00:00:50.000000000,0 days 00:15:55.114762000
2,2019-12-02 01:58:00.000000,2019-12-02 01:58:30.000000,2019-12-02 02:20:18.581914,2019-12-02 02:20:42.634263,,,,Onsite,3,42,44,0 days 00:00:30.000000000,0 days 00:22:12.634263000
3,2019-12-02 02:58:00.000000,2019-12-02 02:58:35.000000,2019-12-02 03:15:24.356616,2019-12-02 03:15:44.072914,,,,Onsite,3,42,44,0 days 00:00:35.000000000,0 days 00:17:09.072914000
4,2019-12-02 04:16:00.000000,2019-12-02 04:16:35.000000,2019-12-02 04:37:45.878289,2019-12-02 04:38:20.878289,2019-12-02 05:35:15.581071,2019-12-02 05:35:50.581071,2019-12-02 05:54:49.520973,Replace,3,42,44,0 days 00:00:35.000000000,0 days 00:21:45.878289000
5,2019-12-02 05:28:00.000000,2019-12-02 05:28:35.000000,2019-12-02 05:45:16.061694,2019-12-02 05:45:19.837839,,,,Onsite,3,42,44,0 days 00:00:35.000000000,0 days 00:16:44.837839000
6,2019-12-02 06:38:00.000000,2019-12-02 06:38:55.000000,2019-12-02 06:48:34.297867,2019-12-02 06:48:41.794299,,,,Onsite,3,42,44,0 days 00:00:55.000000000,0 days 00:09:46.794299000
7,2019-12-02 07:45:00.000000,2019-12-02 07:45:30.000000,2019-12-02 08:02:33.024053,2019-12-02 08:02:55.901639,,,,Onsite,3,42,44,0 days 00:00:30.000000000,0 days 00:17:25.901639000
8,2019-12-02 08:59:00.000000,2019-12-02 08:59:45.000000,2019-12-02 09:21:16.578043,2019-12-02 09:22:01.578043,2019-12-02 09:51:09.892505,2019-12-02 09:51:54.892505,2019-12-02 10:05:36.698574,Replace,3,42,44,0 days 00:00:45.000000000,0 days 00:22:16.578043000
9,2019-12-02 10:01:00.000000,2019-12-02 10:01:45.000000,2019-12-02 10:15:56.606498,2019-12-02 10:16:05.528958,,,,Onsite,3,42,44,0 days 00:00:45.000000000,0 days 00:14:20.528958000
10,2019-12-02 11:13:00.000000,2019-12-02 11:13:55.000000,2019-12-02 11:33:22.159303,2019-12-02 11:34:17.159303,2019-12-02 12:12:50.727848,2019-12-02 12:13:45.727848,2019-12-02 12:30:33.159889,Replace,3,42,44,0 days 00:00:55.000000000,0 days 00:20:22.159303000
11,2019-12-02 11:52:00.000000,2019-12-02 11:52:35.000000,2019-12-02 12:05:54.444624,2019-12-02 12:06:17.209595,,,,Onsite,3,42,44,0 days 00:00:35.000000000,0 days 00:13:42.209595000
12,2019-12-02 13:04:00.000000,2019-12-02 13:04:55.000000,2019-12-02 13:19:59.753400,2019-12-02 13:20:01.709345,,,,Onsite,3,42,44,0 days 00:00:55.000000000,0 days 00:15:06.709345000
13,2019-12-02 14:07:00.000000,2019-12-02 14:07:55.000000,2019-12-02 14:21:22.556841,2019-12-02 14:22:17.556841,2019-12-02 15:03:58.986280,2019-12-02 15:04:53.986280,2019-12-02 15:20:58.848523,Replace,3,42,44,0 days 00:00:55.000000000,0 days 00:14:22.556841000
14,2019-12-02 15:03:00.000000,2019-12-02 15:03:50.000000,2019-12-02 15:18:02.364838,2019-12-02 15:18:52.364838,2019-12-02 15:54:04.797021,2019-12-02 15:54:54.797021,2019-12-02 16:14:48.756585,Replace,3,42,44,0 days 00:00:50.000000000,0 days 00:15:02.364838000
15,2019-12-02 16:15:00.000000,2019-12-02 16:15:45.000000,2019-12-02 16:32:40.943937,2019-12-02 16:32:47.864751,,,,Onsite,3,42,44,0 days 00:00:45.000000000,0 days 00:17:02.864751000
16,2019-12-02 17:20:00.000000,2019-12-02 17:20:45.000000,2019-12-02 17:40:26.294155,2019-12-02 17:41:11.294155,2019-12-02 18:26:50.077735,2019-12-02 18:27:35.077735,2019-12-02 18:47:52.414643,Replace,3,42,44,0 days 00:00:45.000000000,0 days 00:20:26.294155000
17,2019-12-02 18:23:00.000000,2019-12-02 18:23:45.000000,2019-12-02 18:39:36.691242,2019-12-02 18:39:50.463024,,,,Onsite,3,42,44,0 days 00:00:45.000000000,0 days 00:16:05.463024000
18,2019-12-02 19:36:00.000000,2019-12-02 19:36:25.000000,2019-12-02 19:52:41.100064,2019-12-02 19:53:06.100064,2019-12-02 20:18:32.328966,2019-12-02 20:18:57.328966,2019-12-02 20:32:13.737246,Replace,3,42,44,0 days 00:00:25.000000000,0 days 00:16:41.100064000
19,2019-12-02 20:43:00.000000,2019-12-02 20:43:25.000000,2019-12-02 21:02:25.768874,2019-12-02 21:02:39.858629,,,,Onsite,3,42,44,0 days 00:00:25.000000000,0 days 00:19:14.858629000
20,2019-12-02 21:52:00.000000,2019-12-02 21:52:45.000000,2019-12-02 22:09:03.135562,2019-12-02 22:09:48.135562,2019-12-02 22:38:03.905383,2019-12-02 22:38:48.905383,2019-12-02 22:52:43.549643,Replace,3,42,44,0 days 00:00:45.000000000,0 days 00:17:03.135562000
0,2019-12-02 01:11:00.000000,2019-12-02 00:00:35.000000,2019-12-02 00:17:33.963559,2019-12-02 00:18:08.963559,2019-12-02 01:09:16.801326,2019-12-02 01:09:51.801326,2019-12-02 01:20:58.608764,Replace,4,42,44,-1 days +22:49:35.000000000,0 days 00:17:33.963559000
1,2019-12-02 00:59:00.000000,2019-12-02 00:59:55.000000,2019-12-02 01:19:42.903777,2019-12-02 01:19:53.109558,,,,Onsite,4,42,44,0 days 00:00:55.000000000,0 days 00:19:58.109558000
2,2019-12-02 02:16:00.000000,2019-12-02 02:16:25.000000,2019-12-02 02:33:16.020118,2019-12-02 02:33:41.020118,2019-12-02 03:17:31.638474,2019-12-02 03:17:56.638474,2019-12-02 03:33:14.946086,Replace,4,42,44,0 days 00:00:25.000000000,0 days 00:17:16.020118000
3,2019-12-02 03:32:00.000000,2019-12-02 03:32:35.000000,2019-12-02 03:51:49.530315,2019-12-02 03:52:24.530315,2019-12-02 04:46:48.911998,2019-12-02 04:47:23.911998,2019-12-02 05:02:09.232348,Replace,4,42,44,0 days 00:00:35.000000000,0 days 00:19:49.530315000
4,2019-12-02 04:40:00.000000,2019-12-02 04:40:30.000000,2019-12-02 04:50:36.773937,2019-12-02 04:51:06.773937,2019-12-02 05:35:12.926587,2019-12-02 05:35:42.926587,2019-12-02 05:55:10.238116,Replace,4,42,44,0 days 00:00:30.000000000,0 days 00:10:36.773937000
5,2019-12-02 05:56:00.000000,2019-12-02 05:56:45.000000,2019-12-02 06:12:29.665531,2019-12-02 06:12:38.899042,,,,Onsite,4,42,44,0 days 00:00:45.000000000,0 days 00:15:53.899042000
6,2019-12-02 07:17:00.000000,2019-12-02 07:17:45.000000,2019-12-02 07:32:39.226008,2019-12-02 07:32:43.336027,,,,Onsite,4,42,44,0 days 00:00:45.000000000,0 days 00:14:58.336027000
7,2019-12-02 08:30:00.000000,2019-12-02 08:30:25.000000,2019-12-02 08:51:59.242858,2019-12-02 08:52:24.242858,2019-12-02 09:16:56.322912,2019-12-02 09:17:21.322912,2019-12-02 09:30:41.234709,Replace,4,42,44,0 days 00:00:25.000000000,0 days 00:21:59.242858000
8,2019-12-02 09:37:00.000000,2019-12-02 09:37:55.000000,2019-12-02 09:58:45.335307,2019-12-02 09:58:57.149505,,,,Onsite,4,42,44,0 days 00:00:55.000000000,0 days 00:21:02.149505000
9,2019-12-02 10:42:00.000000,2019-12-02 10:42:30.000000,2019-12-02 10:53:34.241750,2019-12-02 10:53:48.651398,,,,Onsite,4,42,44,0 days 00:00:30.000000000,0 days 00:11:18.651398000
10,2019-12-02 11:55:00.000000,2019-12-02 11:55:35.000000,2019-12-02 12:12:33.173828,2019-12-02 12:13:08.173828,2019-12-02 12:42:54.593177,2019-12-02 12:43:29.593177,2019-12-02 13:05:40.443542,Replace,4,42,44,0 days 00:00:35.000000000,0 days 00:17:33.173828000
11,2019-12-02 13:08:00.000000,2019-12-02 13:08:50.000000,2019-12-02 13:28:47.991726,2019-12-02 13:29:37.991726,2019-12-02 13:59:53.448397,2019-12-02 14:00:43.448397,2019-12-02 14:18:52.154086,Replace,4,42,44,0 days 00:00:50.000000000,0 days 00:20:47.991726000
12,2019-12-02 15:24:00.000000,2019-12-02 15:24:35.000000,2019-12-02 15:38:41.271625,2019-12-02 15:39:16.271625,2019-12-02 16:10:04.200500,2019-12-02 16:10:39.200500,2019-12-02 16:28:09.847909,Replace,4,42,44,0 days 00:00:35.000000000,0 days 00:14:41.271625000
13,2019-12-02 14:17:00.000000,2019-12-02 14:17:25.000000,2019-12-02 14:32:09.524795,2019-12-02 14:32:34.524795,2019-12-02 15:01:25.385870,2019-12-02 15:01:50.385870,2019-12-02 15:24:25.833305,Replace,4,42,44,0 days 00:00:25.000000000,0 days 00:15:09.524795000
14,2019-12-02 16:36:00.000000,2019-12-02 16:36:30.000000,2019-12-02 16:57:50.528757,2019-12-02 16:58:20.528757,2019-12-02 17:38:59.616746,2019-12-02 17:39:29.616746,2019-12-02 18:01:22.126499,Replace,4,42,44,0 days 00:00:30.000000000,0 days 00:21:50.528757000
15,2019-12-02 17:37:00.000000,2019-12-02 17:37:25.000000,2019-12-02 17:53:26.715100,2019-12-02 17:53:51.715100,2019-12-02 18:23:26.977681,2019-12-02 18:23:51.977681,2019-12-02 18:38:01.024491,Replace,4,42,44,0 days 00:00:25.000000000,0 days 00:16:26.715100000
16,2019-12-02 18:34:00.000000,2019-12-02 18:34:50.000000,2019-12-02 18:47:14.247235,2019-12-02 18:48:04.247235,2019-12-02 19:17:48.655626,2019-12-02 19:18:38.655626,2019-12-02 19:34:04.373146,Replace,4,42,44,0 days 00:00:50.000000000,0 days 00:13:14.247235000
17,2019-12-02 20:59:00.000000,2019-12-02 20:59:30.000000,2019-12-02 21:13:30.161018,2019-12-02 21:14:00.161018,2019-12-02 21:51:28.802544,2019-12-02 21:51:58.802544,2019-12-02 22:14:03.127759,Replace,4,42,44,0 days 00:00:30.000000000,0 days 00:14:30.161018000
0,2019-12-02 00:51:00.000000,2019-12-02 00:00:35.000000,2019-12-02 00:17:12.443567,2019-12-02 00:17:47.443567,2019-12-02 01:16:11.358473,2019-12-02 01:16:46.358473,2019-12-02 01:34:51.306700,Replace,5,42,44,-1 days +23:09:35.000000000,0 days 00:17:12.443567000
1,2019-12-02 01:03:00.000000,2019-12-02 01:03:30.000000,2019-12-02 01:17:23.724927,2019-12-02 01:17:53.724927,2019-12-02 02:16:31.666719,2019-12-02 02:17:01.666719,2019-12-02 02:33:35.473143,Replace,5,42,44,0 days 00:00:30.000000000,0 days 00:14:23.724927000
2,2019-12-02 02:03:00.000000,2019-12-02 02:03:50.000000,2019-12-02 02:20:29.963325,2019-12-02 02:21:19.963325,2019-12-02 03:11:45.212779,2019-12-02 03:12:35.212779,2019-12-02 03:28:37.541681,Replace,5,42,44,0 days 00:00:50.000000000,0 days 00:17:29.963325000
3,2019-12-02 04:05:00.000000,2019-12-02 04:05:25.000000,2019-12-02 04:21:53.049624,2019-12-02 04:22:05.432890,,,,Onsite,5,42,44,0 days 00:00:25.000000000,0 days 00:16:40.432890000
4,2019-12-02 03:12:00.000000,2019-12-02 03:12:50.000000,2019-12-02 03:27:42.211624,2019-12-02 03:28:32.211624,2019-12-02 04:03:09.189618,2019-12-02 04:03:59.189618,2019-12-02 04:21:31.862134,Replace,5,42,44,0 days 00:00:50.000000000,0 days 00:15:42.211624000
5,2019-12-02 05:09:00.000000,2019-12-02 05:09:45.000000,2019-12-02 05:24:50.197488,2019-12-02 05:25:00.869988,,,,Onsite,5,42,44,0 days 00:00:45.000000000,0 days 00:15:15.869988000
6,2019-12-02 06:19:00.000000,2019-12-02 06:19:55.000000,2019-12-02 06:37:07.634161,2019-12-02 06:38:02.634161,2019-12-02 07:23:00.796032,2019-12-02 07:23:55.796032,2019-12-02 07:40:13.324417,Replace,5,42,44,0 days 00:00:55.000000000,0 days 00:18:07.634161000
7,2019-12-02 07:32:00.000000,2019-12-02 07:32:50.000000,2019-12-02 07:53:25.268634,2019-12-02 07:53:39.069050,,,,Onsite,5,42,44,0 days 00:00:50.000000000,0 days 00:20:49.069050000
8,2019-12-02 08:47:00.000000,2019-12-02 08:47:45.000000,2019-12-02 09:05:59.375233,2019-12-02 09:06:44.375233,2019-12-02 09:44:19.794871,2019-12-02 09:45:04.794871,2019-12-02 10:02:09.944046,Replace,5,42,44,0 days 00:00:45.000000000,0 days 00:18:59.375233000
9,2019-12-02 10:07:00.000000,2019-12-02 10:07:35.000000,2019-12-02 10:21:20.900240,2019-12-02 10:21:55.900240,2019-12-02 10:55:29.875892,2019-12-02 10:56:04.875892,2019-12-02 11:11:42.683660,Replace,5,42,44,0 days 00:00:35.000000000,0 days 00:14:20.900240000
10,2019-12-02 12:27:00.000000,2019-12-02 12:27:30.000000,2019-12-02 12:41:54.044588,2019-12-02 12:42:24.044588,2019-12-02 13:15:11.264088,2019-12-02 13:15:41.264088,2019-12-02 13:29:26.870412,Replace,5,42,44,0 days 00:00:30.000000000,0 days 00:14:54.044588000
11,2019-12-02 11:15:00.000000,2019-12-02 11:15:25.000000,2019-12-02 11:26:35.234753,2019-12-02 11:27:00.234753,2019-12-02 12:10:29.604316,2019-12-02 12:10:54.604316,2019-12-02 12:27:05.425118,Replace,5,42,44,0 days 00:00:25.000000000,0 days 00:11:35.234753000
12,2019-12-02 13:44:00.000000,2019-12-02 13:44:55.000000,2019-12-02 14:00:01.940323,2019-12-02 14:00:56.940323,2019-12-02 14:45:08.332694,2019-12-02 14:46:03.332694,2019-12-02 15:00:53.220381,Replace,5,42,44,0 days 00:00:55.000000000,0 days 00:16:01.940323000
13,2019-12-02 14:51:00.000000,2019-12-02 14:51:35.000000,2019-12-02 15:04:08.417231,2019-12-02 15:04:43.417231,2019-12-02 15:55:58.248328,2019-12-02 15:56:33.248328,2019-12-02 16:10:10.062719,Replace,5,42,44,0 days 00:00:35.000000000,0 days 00:13:08.417231000
14,2019-12-02 15:54:00.000000,2019-12-02 15:54:50.000000,2019-12-02 16:12:12.298083,2019-12-02 16:12:19.283165,,,,Onsite,5,42,44,0 days 00:00:50.000000000,0 days 00:17:29.283165000
15,2019-12-02 16:52:00.000000,2019-12-02 16:52:25.000000,2019-12-02 17:11:19.551412,2019-12-02 17:11:26.025620,,,,Onsite,5,42,44,0 days 00:00:25.000000000,0 days 00:19:01.025620000
16,2019-12-02 17:59:00.000000,2019-12-02 17:59:45.000000,2019-12-02 18:17:04.216125,2019-12-02 18:17:49.216125,2019-12-02 18:56:19.019932,2019-12-02 18:57:04.019932,2019-12-02 19:09:25.947263,Replace,5,42,44,0 days 00:00:45.000000000,0 days 00:18:04.216125000
17,2019-12-02 19:01:00.000000,2019-12-02 19:01:30.000000,2019-12-02 19:16:56.590959,2019-12-02 19:17:26.590959,2019-12-02 19:58:25.115708,2019-12-02 19:58:55.115708,2019-12-02 20:10:44.135598,Replace,5,42,44,0 days 00:00:30.000000000,0 days 00:15:56.590959000
18,2019-12-02 20:12:00.000000,2019-12-02 20:12:35.000000,2019-12-02 20:28:03.648036,2019-12-02 20:28:38.648036,2019-12-02 20:55:51.300753,2019-12-02 20:56:26.300753,2019-12-02 21:11:30.266729,Replace,5,42,44,0 days 00:00:35.000000000,0 days 00:16:03.648036000
19,2019-12-02 21:26:00.000000,2019-12-02 21:26:35.000000,2019-12-02 21:50:16.678194,2019-12-02 21:50:51.678194,2019-12-02 22:39:18.021387,2019-12-02 22:39:53.021387,2019-12-02 22:52:47.232732,Replace,5,42,44,0 days 00:00:35.000000000,0 days 00:24:16.678194000
20,2019-12-02 22:38:00.000000,2019-12-02 22:38:45.000000,2019-12-02 22:55:58.743139,2019-12-02 22:56:25.467382,,,,Onsite,5,42,44,0 days 00:00:45.000000000,0 days 00:17:40.467382000
0,2019-12-02 01:09:00.000000,2019-12-02 00:00:45.000000,2019-12-02 00:12:30.569982,2019-12-02 00:12:40.953699,,,,Onsite,6,42,44,-1 days +22:51:45.000000000,0 days 00:11:55.953699000
1,2019-12-02 01:10:00.000000,2019-12-02 01:10:45.000000,2019-12-02 01:30:27.184722,2019-12-02 01:31:12.184722,2019-12-02 02:05:51.531849,2019-12-02 02:06:36.531849,2019-12-02 02:24:04.442599,Replace,6,42,44,0 days 00:00:45.000000000,0 days 00:20:27.184722000
2,2019-12-02 02:05:00.000000,2019-12-02 02:05:50.000000,2019-12-02 02:15:17.173855,2019-12-02 02:15:29.951233,,,,Onsite,6,42,44,0 days 00:00:50.000000000,0 days 00:09:39.951233000
3,2019-12-02 03:19:00.000000,2019-12-02 03:19:45.000000,2019-12-02 03:31:36.374514,2019-12-02 03:32:21.374514,2019-12-02 04:07:35.354878,2019-12-02 04:08:20.354878,2019-12-02 04:25:46.770584,Replace,6,42,44,0 days 00:00:45.000000000,0 days 00:12:36.374514000
4,2019-12-02 04:35:00.000000,2019-12-02 04:35:30.000000,2019-12-02 04:51:13.651189,2019-12-02 04:51:18.163551,,,,Onsite,6,42,44,0 days 00:00:30.000000000,0 days 00:15:48.163551000
5,2019-12-02 05:45:00.000000,2019-12-02 05:45:30.000000,2019-12-02 05:57:15.256173,2019-12-02 05:57:45.256173,2019-12-02 06:28:08.457898,2019-12-02 06:28:38.457898,2019-12-02 06:46:29.671540,Replace,6,42,44,0 days 00:00:30.000000000,0 days 00:12:15.256173000
6,2019-12-02 06:52:00.000000,2019-12-02 06:52:50.000000,2019-12-02 07:11:41.853555,2019-12-02 07:12:31.853555,2019-12-02 07:37:28.117900,2019-12-02 07:38:18.117900,2019-12-02 07:51:00.129382,Replace,6,42,44,0 days 00:00:50.000000000,0 days 00:19:41.853555000
7,2019-12-02 08:11:00.000000,2019-12-02 08:11:55.000000,2019-12-02 08:26:29.942078,2019-12-02 08:26:45.572099,,,,Onsite,6,42,44,0 days 00:00:55.000000000,0 days 00:14:50.572099000
8,2019-12-02 09:30:00.000000,2019-12-02 09:30:45.000000,2019-12-02 09:45:17.944574,2019-12-02 09:46:02.944574,2019-12-02 10:13:26.975390,2019-12-02 10:14:11.975390,2019-12-02 10:28:46.337285,Replace,6,42,44,0 days 00:00:45.000000000,0 days 00:15:17.944574000
9,2019-12-02 10:24:00.000000,2019-12-02 10:24:35.000000,2019-12-02 10:41:37.844474,2019-12-02 10:42:12.844474,2019-12-02 11:15:14.122354,2019-12-02 11:15:49.122354,2019-12-02 11:32:21.127086,Replace,6,42,44,0 days 00:00:35.000000000,0 days 00:17:37.844474000
10,2019-12-02 11:18:00.000000,2019-12-02 11:18:45.000000,2019-12-02 11:30:41.515107,2019-12-02 11:30:59.505193,,,,Onsite,6,42,44,0 days 00:00:45.000000000,0 days 00:12:14.505193000
11,2019-12-02 12:34:00.000000,2019-12-02 12:34:25.000000,2019-12-02 12:52:48.434519,2019-12-02 12:53:13.434519,2019-12-02 13:33:36.138522,2019-12-02 13:34:01.138522,2019-12-02 13:50:35.024873,Replace,6,42,44,0 days 00:00:25.000000000,0 days 00:18:48.434519000
12,2019-12-02 13:36:00.000000,2019-12-02 13:36:45.000000,2019-12-02 13:53:49.689596,2019-12-02 13:54:34.689596,2019-12-02 14:34:02.411213,2019-12-02 14:34:47.411213,2019-12-02 14:57:35.537990,Replace,6,42,44,0 days 00:00:45.000000000,0 days 00:17:49.689596000
13,2019-12-02 15:02:00.000000,2019-12-02 15:02:45.000000,2019-12-02 15:18:03.945389,2019-12-02 15:18:48.945389,2019-12-02 16:07:36.926932,2019-12-02 16:08:21.926932,2019-12-02 16:21:04.437444,Replace,6,42,44,0 days 00:00:45.000000000,0 days 00:16:03.945389000
14,2019-12-02 15:58:00.000000,2019-12-02 15:58:45.000000,2019-12-02 16:17:30.113816,2019-12-02 16:17:50.228811,,,,Onsite,6,42,44,0 days 00:00:45.000000000,0 days 00:19:05.228811000
15,2019-12-02 17:07:00.000000,2019-12-02 17:07:50.000000,2019-12-02 17:22:30.554527,2019-12-02 17:23:20.554527,2019-12-02 17:55:42.783175,2019-12-02 17:56:32.783175,2019-12-02 18:11:16.695387,Replace,6,42,44,0 days 00:00:50.000000000,0 days 00:15:30.554527000
16,2019-12-02 18:35:00.000000,2019-12-02 18:35:25.000000,2019-12-02 18:49:56.517054,2019-12-02 18:50:21.517054,2019-12-02 19:38:48.680831,2019-12-02 19:39:13.680831,2019-12-02 20:00:08.340951,Replace,6,42,44,0 days 00:00:25.000000000,0 days 00:14:56.517054000
17,2019-12-02 19:41:00.000000,2019-12-02 19:41:45.000000,2019-12-02 19:59:45.405689,2019-12-02 20:00:30.405689,2019-12-02 20:30:50.445740,2019-12-02 20:31:35.445740,2019-12-02 20:47:38.337398,Replace,6,42,44,0 days 00:00:45.000000000,0 days 00:18:45.405689000
18,2019-12-02 20:56:00.000000,2019-12-02 20:56:45.000000,2019-12-02 21:16:42.931458,2019-12-02 21:17:27.931458,2019-12-02 22:01:10.377133,2019-12-02 22:01:55.377133,2019-12-02 22:15:24.279805,Replace,6,42,44,0 days 00:00:45.000000000,0 days 00:20:42.931458000
0,2019-12-02 01:11:00.000000,2019-12-02 00:00:25.000000,2019-12-02 00:14:44.305260,2019-12-02 00:14:55.217535,,,,Onsite,7,42,44,-1 days +22:49:25.000000000,0 days 00:14:30.217535000
1,2019-12-02 00:58:00.000000,2019-12-02 00:58:55.000000,2019-12-02 01:16:52.517466,2019-12-02 01:17:47.517466,2019-12-02 01:47:37.330421,2019-12-02 01:48:32.330421,2019-12-02 02:05:34.861152,Replace,7,42,44,0 days 00:00:55.000000000,0 days 00:18:52.517466000
2,2019-12-02 02:23:00.000000,2019-12-02 02:23:50.000000,2019-12-02 02:44:46.471951,2019-12-02 02:45:36.471951,2019-12-02 03:26:31.668460,2019-12-02 03:27:21.668460,2019-12-02 03:39:19.819308,Replace,7,42,44,0 days 00:00:50.000000000,0 days 00:21:46.471951000
3,2019-12-02 03:34:00.000000,2019-12-02 03:34:55.000000,2019-12-02 03:53:45.008938,2019-12-02 03:54:03.200477,,,,Onsite,7,42,44,0 days 00:00:55.000000000,0 days 00:19:08.200477000
4,2019-12-02 04:25:00.000000,2019-12-02 04:25:45.000000,2019-12-02 04:43:53.725872,2019-12-02 04:44:38.725872,2019-12-02 05:09:35.481349,2019-12-02 05:10:20.481349,2019-12-02 05:28:59.312372,Replace,7,42,44,0 days 00:00:45.000000000,0 days 00:18:53.725872000
5,2019-12-02 05:31:00.000000,2019-12-02 05:31:35.000000,2019-12-02 05:48:53.409877,2019-12-02 05:48:58.382564,,,,Onsite,7,42,44,0 days 00:00:35.000000000,0 days 00:17:23.382564000
6,2019-12-02 06:36:00.000000,2019-12-02 06:36:35.000000,2019-12-02 06:52:17.844672,2019-12-02 06:52:37.545981,,,,Onsite,7,42,44,0 days 00:00:35.000000000,0 days 00:16:02.545981000
7,2019-12-02 07:49:00.000000,2019-12-02 07:49:25.000000,2019-12-02 08:05:46.557819,2019-12-02 08:06:11.557819,2019-12-02 08:30:29.575290,2019-12-02 08:30:54.575290,2019-12-02 08:49:37.317996,Replace,7,42,44,0 days 00:00:25.000000000,0 days 00:16:46.557819000
8,2019-12-02 09:06:00.000000,2019-12-02 09:06:50.000000,2019-12-02 09:22:36.837803,2019-12-02 09:23:26.837803,2019-12-02 10:16:58.069643,2019-12-02 10:17:48.069643,2019-12-02 10:34:49.894774,Replace,7,42,44,0 days 00:00:50.000000000,0 days 00:16:36.837803000
9,2019-12-02 10:22:00.000000,2019-12-02 10:22:45.000000,2019-12-02 10:31:50.494980,2019-12-02 10:32:35.494980,2019-12-02 11:13:23.202856,2019-12-02 11:14:08.202856,2019-12-02 11:30:21.617819,Replace,7,42,44,0 days 00:00:45.000000000,0 days 00:09:50.494980000
10,2019-12-02 11:26:00.000000,2019-12-02 11:26:45.000000,2019-12-02 11:46:08.814715,2019-12-02 11:46:53.814715,2019-12-02 12:10:07.936585,2019-12-02 12:10:52.936585,2019-12-02 12:23:17.541385,Replace,7,42,44,0 days 00:00:45.000000000,0 days 00:20:08.814715000
11,2019-12-02 12:43:00.000000,2019-12-02 12:43:30.000000,2019-12-02 13:00:17.012293,2019-12-02 13:00:47.012293,2019-12-02 13:22:41.003541,2019-12-02 13:23:11.003541,2019-12-02 13:38:15.290585,Replace,7,42,44,0 days 00:00:30.000000000,0 days 00:17:17.012293000
12,2019-12-02 13:52:00.000000,2019-12-02 13:52:55.000000,2019-12-02 14:10:41.831612,2019-12-02 14:11:01.411163,,,,Onsite,7,42,44,0 days 00:00:55.000000000,0 days 00:18:06.411163000
13,2019-12-02 15:10:00.000000,2019-12-02 15:10:55.000000,2019-12-02 15:28:37.055485,2019-12-02 15:28:52.462733,,,,Onsite,7,42,44,0 days 00:00:55.000000000,0 days 00:17:57.462733000
14,2019-12-02 17:34:00.000000,2019-12-02 17:34:25.000000,2019-12-02 17:45:25.135260,2019-12-02 17:45:50.135260,2019-12-02 18:17:23.378892,2019-12-02 18:17:48.378892,2019-12-02 18:34:42.826628,Replace,7,42,44,0 days 00:00:25.000000000,0 days 00:11:25.135260000
15,2019-12-02 16:29:00.000000,2019-12-02 16:29:30.000000,2019-12-02 16:47:48.070470,2019-12-02 16:48:18.070470,2019-12-02 17:16:12.085927,2019-12-02 17:16:42.085927,2019-12-02 17:34:03.419249,Replace,7,42,44,0 days 00:00:30.000000000,0 days 00:18:48.070470000
16,2019-12-02 18:40:00.000000,2019-12-02 18:40:45.000000,2019-12-02 18:54:24.460918,2019-12-02 18:54:46.242560,,,,Onsite,7,42,44,0 days 00:00:45.000000000,0 days 00:14:01.242560000
17,2019-12-02 19:43:00.000000,2019-12-02 19:43:45.000000,2019-12-02 19:57:38.361290,2019-12-02 19:58:23.361290,2019-12-02 20:22:46.477515,2019-12-02 20:23:31.477515,2019-12-02 20:46:29.716951,Replace,7,42,44,0 days 00:00:45.000000000,0 days 00:14:38.361290000
18,2019-12-02 21:01:00.000000,2019-12-02 21:01:45.000000,2019-12-02 21:17:35.089903,2019-12-02 21:18:20.089903,2019-12-02 21:45:46.642260,2019-12-02 21:46:31.642260,2019-12-02 22:00:30.325178,Replace,7,42,44,0 days 00:00:45.000000000,0 days 00:16:35.089903000
0,2019-12-02 01:03:00.000000,2019-12-02 00:00:25.000000,2019-12-02 00:13:29.833662,2019-12-02 00:13:41.352193,,,,Onsite,8,42,44,-1 days +22:57:25.000000000,0 days 00:13:16.352193000
1,2019-12-02 01:21:00.000000,2019-12-02 01:21:45.000000,2019-12-02 01:34:08.631933,2019-12-02 01:34:53.631933,2019-12-02 02:13:30.598220,2019-12-02 02:14:15.598220,2019-12-02 02:33:59.004661,Replace,8,42,44,0 days 00:00:45.000000000,0 days 00:13:08.631933000
2,2019-12-02 02:41:00.000000,2019-12-02 02:41:55.000000,2019-12-02 02:59:47.673953,2019-12-02 03:00:42.673953,2019-12-02 03:48:08.908382,2019-12-02 03:49:03.908382,2019-12-02 04:11:00.479727,Replace,8,42,44,0 days 00:00:55.000000000,0 days 00:18:47.673953000
3,2019-12-02 03:39:00.000000,2019-12-02 03:39:30.000000,2019-12-02 03:57:35.739735,2019-12-02 03:58:05.739735,2019-12-02 04:38:05.090153,2019-12-02 04:38:35.090153,2019-12-02 04:58:44.305754,Replace,8,42,44,0 days 00:00:30.000000000,0 days 00:18:35.739735000
4,2019-12-02 04:39:00.000000,2019-12-02 04:39:50.000000,2019-12-02 05:00:30.588364,2019-12-02 05:01:20.588364,2019-12-02 05:42:55.238459,2019-12-02 05:43:45.238459,2019-12-02 05:58:37.365962,Replace,8,42,44,0 days 00:00:50.000000000,0 days 00:21:30.588364000
5,2019-12-02 05:37:00.000000,2019-12-02 05:37:55.000000,2019-12-02 05:54:38.128376,2019-12-02 05:55:03.531621,,,,Onsite,8,42,44,0 days 00:00:55.000000000,0 days 00:17:08.531621000
6,2019-12-02 06:48:00.000000,2019-12-02 06:48:30.000000,2019-12-02 07:08:48.388621,2019-12-02 07:09:18.388621,2019-12-02 07:58:13.784535,2019-12-02 07:58:43.784535,2019-12-02 08:11:56.734339,Replace,8,42,44,0 days 00:00:30.000000000,0 days 00:20:48.388621000
7,2019-12-02 07:55:00.000000,2019-12-02 07:55:55.000000,2019-12-02 08:09:12.323949,2019-12-02 08:09:22.011338,,,,Onsite,8,42,44,0 days 00:00:55.000000000,0 days 00:13:27.011338000
8,2019-12-02 09:01:00.000000,2019-12-02 09:01:45.000000,2019-12-02 09:16:40.613596,2019-12-02 09:17:25.613596,2019-12-02 09:39:37.112954,2019-12-02 09:40:22.112954,2019-12-02 10:02:47.974281,Replace,8,42,44,0 days 00:00:45.000000000,0 days 00:15:40.613596000
9,2019-12-02 10:11:00.000000,2019-12-02 10:11:25.000000,2019-12-02 10:31:56.772093,2019-12-02 10:32:19.514690,,,,Onsite,8,42,44,0 days 00:00:25.000000000,0 days 00:20:54.514690000
10,2019-12-02 11:14:00.000000,2019-12-02 11:14:25.000000,2019-12-02 11:33:38.927692,2019-12-02 11:34:03.927692,2019-12-02 11:57:44.870743,2019-12-02 11:58:09.870743,2019-12-02 12:10:51.517951,Replace,8,42,44,0 days 00:00:25.000000000,0 days 00:19:38.927692000
11,2019-12-02 12:20:00.000000,2019-12-02 12:20:25.000000,2019-12-02 12:35:56.642851,2019-12-02 12:36:21.642851,2019-12-02 13:08:10.357016,2019-12-02 13:08:35.357016,2019-12-02 13:23:42.830755,Replace,8,42,44,0 days 00:00:25.000000000,0 days 00:15:56.642851000
12,2019-12-02 13:23:00.000000,2019-12-02 13:23:35.000000,2019-12-02 13:38:02.564698,2019-12-02 13:38:12.108025,,,,Onsite,8,42,44,0 days 00:00:35.000000000,0 days 00:14:37.108025000
13,2019-12-02 14:20:00.000000,2019-12-02 14:20:30.000000,2019-12-02 14:40:18.835391,2019-12-02 14:40:48.835391,2019-12-02 15:29:04.676680,2019-12-02 15:29:34.676680,2019-12-02 15:52:17.386676,Replace,8,42,44,0 days 00:00:30.000000000,0 days 00:20:18.835391000
14,2019-12-02 15:22:00.000000,2019-12-02 15:22:55.000000,2019-12-02 15:35:50.200266,2019-12-02 15:36:07.924034,,,,Onsite,8,42,44,0 days 00:00:55.000000000,0 days 00:13:12.924034000
15,2019-12-02 16:27:00.000000,2019-12-02 16:27:50.000000,2019-12-02 16:44:37.488430,2019-12-02 16:45:27.488430,2019-12-02 17:28:45.863907,2019-12-02 17:29:35.863907,2019-12-02 17:46:04.876657,Replace,8,42,44,0 days 00:00:50.000000000,0 days 00:17:37.488430000
16,2019-12-02 17:42:00.000000,2019-12-02 17:42:50.000000,2019-12-02 18:03:44.489067,2019-12-02 18:04:13.880991,,,,Onsite,8,42,44,0 days 00:00:50.000000000,0 days 00:21:23.880991000
17,2019-12-02 18:44:00.000000,2019-12-02 18:44:45.000000,2019-12-02 19:00:49.169593,2019-12-02 19:00:56.116945,,,,Onsite,8,42,44,0 days 00:00:45.000000000,0 days 00:16:11.116945000
18,2019-12-02 19:49:00.000000,2019-12-02 19:49:55.000000,2019-12-02 20:07:47.035401,2019-12-02 20:08:42.035401,2019-12-02 20:39:25.215352,2019-12-02 20:40:20.215352,2019-12-02 20:59:18.513840,Replace,8,42,44,0 days 00:00:55.000000000,0 days 00:18:47.035401000
19,2019-12-02 20:59:00.000000,2019-12-02 20:59:50.000000,2019-12-02 21:12:54.485000,2019-12-02 21:13:44.485000,2019-12-02 21:50:02.849034,2019-12-02 21:50:52.849034,2019-12-02 22:05:11.659476,Replace,8,42,44,0 days 00:00:50.000000000,0 days 00:13:54.485000000
20,2019-12-02 22:04:00.000000,2019-12-02 22:04:50.000000,2019-12-02 22:16:08.311376,2019-12-02 22:16:10.985512,,,,Onsite,8,42,44,0 days 00:00:50.000000000,0 days 00:11:20.985512000
0,2019-12-02 01:14:00.000000,2019-12-02 00:00:45.000000,2019-12-02 00:17:15.290533,2019-12-02 00:17:22.216783,,,,Onsite,9,42,44,-1 days +22:46:45.000000000,0 days 00:16:37.216783000
1,2019-12-02 01:19:00.000000,2019-12-02 01:19:35.000000,2019-12-02 01:33:02.811759,2019-12-02 01:33:37.811759,2019-12-02 02:03:33.185094,2019-12-02 02:04:08.185094,2019-12-02 02:20:17.094662,Replace,9,42,44,0 days 00:00:35.000000000,0 days 00:14:02.811759000
2,2019-12-02 02:29:00.000000,2019-12-02 02:29:55.000000,2019-12-02 02:46:56.945522,2019-12-02 02:47:08.936687,,,,Onsite,9,42,44,0 days 00:00:55.000000000,0 days 00:17:13.936687000
3,2019-12-02 03:31:00.000000,2019-12-02 03:31:25.000000,2019-12-02 03:46:21.222561,2019-12-02 03:46:46.222561,2019-12-02 04:30:16.930639,2019-12-02 04:30:41.930639,2019-12-02 04:50:07.751070,Replace,9,42,44,0 days 00:00:25.000000000,0 days 00:15:21.222561000
4,2019-12-02 04:53:00.000000,2019-12-02 04:53:50.000000,2019-12-02 05:06:46.965322,2019-12-02 05:06:51.375710,,,,Onsite,9,42,44,0 days 00:00:50.000000000,0 days 00:13:01.375710000
5,2019-12-02 07:16:00.000000,2019-12-02 07:16:55.000000,2019-12-02 07:26:56.938179,2019-12-02 07:27:09.805012,,,,Onsite,9,42,44,0 days 00:00:55.000000000,0 days 00:10:14.805012000
6,2019-12-02 06:09:00.000000,2019-12-02 06:09:25.000000,2019-12-02 06:28:55.691972,2019-12-02 06:29:20.691972,2019-12-02 07:00:17.238664,2019-12-02 07:00:42.238664,2019-12-02 07:16:54.009541,Replace,9,42,44,0 days 00:00:25.000000000,0 days 00:19:55.691972000
7,2019-12-02 08:24:00.000000,2019-12-02 08:24:35.000000,2019-12-02 08:40:33.978482,2019-12-02 08:41:08.978482,2019-12-02 09:16:10.919130,2019-12-02 09:16:45.919130,2019-12-02 09:29:50.758301,Replace,9,42,44,0 days 00:00:35.000000000,0 days 00:16:33.978482000
8,2019-12-02 09:53:00.000000,2019-12-02 09:53:45.000000,2019-12-02 10:12:25.847454,2019-12-02 10:12:48.322558,,,,Onsite,9,42,44,0 days 00:00:45.000000000,0 days 00:19:03.322558000
9,2019-12-02 11:00:00.000000,2019-12-02 11:00:55.000000,2019-12-02 11:22:58.743614,2019-12-02 11:23:09.200517,,,,Onsite,9,42,44,0 days 00:00:55.000000000,0 days 00:22:14.200517000
10,2019-12-02 12:11:00.000000,2019-12-02 12:11:35.000000,2019-12-02 12:27:02.508046,2019-12-02 12:27:37.508046,2019-12-02 12:55:35.704525,2019-12-02 12:56:10.704525,2019-12-02 13:16:00.954433,Replace,9,42,44,0 days 00:00:35.000000000,0 days 00:16:02.508046000
11,2019-12-02 13:27:00.000000,2019-12-02 13:27:55.000000,2019-12-02 13:45:04.670133,2019-12-02 13:45:15.524967,,,,Onsite,9,42,44,0 days 00:00:55.000000000,0 days 00:17:20.524967000
12,2019-12-02 14:39:00.000000,2019-12-02 14:39:45.000000,2019-12-02 14:52:40.709498,2019-12-02 14:52:59.683772,,,,Onsite,9,42,44,0 days 00:00:45.000000000,0 days 00:13:14.683772000
13,2019-12-02 15:58:00.000000,2019-12-02 15:58:50.000000,2019-12-02 16:19:18.075459,2019-12-02 16:20:08.075459,2019-12-02 17:06:50.904600,2019-12-02 17:07:40.904600,2019-12-02 17:22:50.284245,Replace,9,42,44,0 days 00:00:50.000000000,0 days 00:21:18.075459000
14,2019-12-02 17:07:00.000000,2019-12-02 17:07:25.000000,2019-12-02 17:24:17.670142,2019-12-02 17:24:42.670142,2019-12-02 18:10:44.875723,2019-12-02 18:11:09.875723,2019-12-02 18:31:44.251235,Replace,9,42,44,0 days 00:00:25.000000000,0 days 00:17:17.670142000
15,2019-12-02 18:05:00.000000,2019-12-02 18:05:25.000000,2019-12-02 18:19:26.270324,2019-12-02 18:19:51.270324,2019-12-02 18:50:40.106249,2019-12-02 18:51:05.106249,2019-12-02 19:13:08.412805,Replace,9,42,44,0 days 00:00:25.000000000,0 days 00:14:26.270324000
16,2019-12-02 19:10:00.000000,2019-12-02 19:10:45.000000,2019-12-02 19:24:54.810059,2019-12-02 19:24:59.814419,,,,Onsite,9,42,44,0 days 00:00:45.000000000,0 days 00:14:14.814419000
17,2019-12-02 20:12:00.000000,2019-12-02 20:12:35.000000,2019-12-02 20:29:00.289669,2019-12-02 20:29:35.289669,2019-12-02 20:52:58.887199,2019-12-02 20:53:33.887199,2019-12-02 21:08:59.594420,Replace,9,42,44,0 days 00:00:35.000000000,0 days 00:17:00.289669000
18,2019-12-02 21:25:00.000000,2019-12-02 21:25:35.000000,2019-12-02 21:43:11.413404,2019-12-02 21:43:46.413404,2019-12-02 22:15:45.643429,2019-12-02 22:16:20.643429,2019-12-02 22:30:06.017026,Replace,9,42,44,0 days 00:00:35.000000000,0 days 00:18:11.413404000
0,2019-12-02 01:05:00.000000,2019-12-02 00:00:35.000000,2019-12-02 00:18:11.476250,2019-12-02 00:18:46.476250,2019-12-02 00:58:17.824906,2019-12-02 00:58:52.824906,2019-12-02 01:17:50.601544,Replace,1,42,45,-1 days +22:55:35.000000000,0 days 00:18:11.476250000
1,2019-12-02 01:09:00.000000,2019-12-02 01:09:50.000000,2019-12-02 01:30:04.863497,2019-12-02 01:30:11.788161,,,,Onsite,1,42,45,0 days 00:00:50.000000000,0 days 00:20:21.788161000
2,2019-12-02 02:16:00.000000,2019-12-02 02:16:45.000000,2019-12-02 02:32:39.229827,2019-12-02 02:33:24.229827,2019-12-02 03:12:15.391352,2019-12-02 03:13:00.391352,2019-12-02 03:23:47.210069,Replace,1,42,45,0 days 00:00:45.000000000,0 days 00:16:39.229827000
3,2019-12-02 03:31:00.000000,2019-12-02 03:31:35.000000,2019-12-02 03:49:48.224118,2019-12-02 03:50:23.224118,2019-12-02 04:34:50.568289,2019-12-02 04:35:25.568289,2019-12-02 04:56:40.738728,Replace,1,42,45,0 days 00:00:35.000000000,0 days 00:18:48.224118000
4,2019-12-02 04:50:00.000000,2019-12-02 04:50:25.000000,2019-12-02 05:05:52.212860,2019-12-02 05:06:17.212860,2019-12-02 05:28:47.858616,2019-12-02 05:29:12.858616,2019-12-02 05:43:57.527299,Replace,1,42,45,0 days 00:00:25.000000000,0 days 00:15:52.212860000
5,2019-12-02 06:09:00.000000,2019-12-02 06:09:55.000000,2019-12-02 06:21:25.114625,2019-12-02 06:21:48.760209,,,,Onsite,1,42,45,0 days 00:00:55.000000000,0 days 00:11:53.760209000
6,2019-12-02 07:35:00.000000,2019-12-02 07:35:45.000000,2019-12-02 07:54:31.977306,2019-12-02 07:54:55.307929,,,,Onsite,1,42,45,0 days 00:00:45.000000000,0 days 00:19:10.307929000
7,2019-12-02 08:23:00.000000,2019-12-02 08:23:30.000000,2019-12-02 08:39:20.722335,2019-12-02 08:39:50.722335,2019-12-02 09:09:17.795815,2019-12-02 09:09:47.795815,2019-12-02 09:22:48.168395,Replace,1,42,45,0 days 00:00:30.000000000,0 days 00:16:20.722335000
8,2019-12-02 09:23:00.000000,2019-12-02 09:23:55.000000,2019-12-02 09:40:34.161103,2019-12-02 09:41:29.161103,2019-12-02 10:22:52.420283,2019-12-02 10:23:47.420283,2019-12-02 10:44:09.411796,Replace,1,42,45,0 days 00:00:55.000000000,0 days 00:17:34.161103000
9,2019-12-02 10:40:00.000000,2019-12-02 10:40:45.000000,2019-12-02 10:58:07.490848,2019-12-02 10:58:23.077113,,,,Onsite,1,42,45,0 days 00:00:45.000000000,0 days 00:17:38.077113000
10,2019-12-02 12:03:00.000000,2019-12-02 12:03:55.000000,2019-12-02 12:20:32.731148,2019-12-02 12:21:27.731148,2019-12-02 12:53:11.478830,2019-12-02 12:54:06.478830,2019-12-02 13:09:19.226225,Replace,1,42,45,0 days 00:00:55.000000000,0 days 00:17:32.731148000
11,2019-12-02 12:57:00.000000,2019-12-02 12:57:25.000000,2019-12-02 13:11:24.397569,2019-12-02 13:11:49.397569,2019-12-02 13:48:26.155322,2019-12-02 13:48:51.155322,2019-12-02 14:05:38.825364,Replace,1,42,45,0 days 00:00:25.000000000,0 days 00:14:24.397569000
12,2019-12-02 13:59:00.000000,2019-12-02 13:59:35.000000,2019-12-02 14:12:27.205766,2019-12-02 14:13:02.205766,2019-12-02 15:02:29.986728,2019-12-02 15:03:04.986728,2019-12-02 15:24:58.597720,Replace,1,42,45,0 days 00:00:35.000000000,0 days 00:13:27.205766000
13,2019-12-02 15:04:00.000000,2019-12-02 15:04:25.000000,2019-12-02 15:21:08.293477,2019-12-02 15:21:33.293477,2019-12-02 15:50:24.986044,2019-12-02 15:50:49.986044,2019-12-02 16:07:42.531072,Replace,1,42,45,0 days 00:00:25.000000000,0 days 00:17:08.293477000
14,2019-12-02 16:25:00.000000,2019-12-02 16:25:30.000000,2019-12-02 16:43:49.147154,2019-12-02 16:44:19.147154,2019-12-02 17:20:01.070995,2019-12-02 17:20:31.070995,2019-12-02 17:36:19.816826,Replace,1,42,45,0 days 00:00:30.000000000,0 days 00:18:49.147154000
15,2019-12-02 17:26:00.000000,2019-12-02 17:26:35.000000,2019-12-02 17:44:01.440966,2019-12-02 17:44:19.586072,,,,Onsite,1,42,45,0 days 00:00:35.000000000,0 days 00:17:44.586072000
16,2019-12-02 18:20:00.000000,2019-12-02 18:20:55.000000,2019-12-02 18:37:53.047892,2019-12-02 18:38:07.320113,,,,Onsite,1,42,45,0 days 00:00:55.000000000,0 days 00:17:12.320113000
17,2019-12-02 19:35:00.000000,2019-12-02 19:35:30.000000,2019-12-02 19:53:55.177704,2019-12-02 19:54:25.177704,2019-12-02 20:47:44.583914,2019-12-02 20:48:14.583914,2019-12-02 21:07:16.959608,Replace,1,42,45,0 days 00:00:30.000000000,0 days 00:18:55.177704000
18,2019-12-02 21:51:00.000000,2019-12-02 21:51:55.000000,2019-12-02 22:08:58.820232,2019-12-02 22:09:19.276526,,,,Onsite,1,42,45,0 days 00:00:55.000000000,0 days 00:17:24.276526000
19,2019-12-02 20:48:00.000000,2019-12-02 20:48:30.000000,2019-12-02 21:09:15.360522,2019-12-02 21:09:45.360522,2019-12-02 21:47:59.340741,2019-12-02 21:48:29.340741,2019-12-02 22:08:41.912748,Replace,1,42,45,0 days 00:00:30.000000000,0 days 00:21:15.360522000
0,2019-12-02 01:13:00.000000,2019-12-02 00:00:25.000000,2019-12-02 00:17:05.478826,2019-12-02 00:17:30.478826,2019-12-02 00:45:33.512297,2019-12-02 00:45:58.512297,2019-12-02 01:05:52.526067,Replace,2,42,45,-1 days +22:47:25.000000000,0 days 00:17:05.478826000
1,2019-12-02 01:10:00.000000,2019-12-02 01:10:30.000000,2019-12-02 01:26:45.605837,2019-12-02 01:27:06.142438,,,,Onsite,2,42,45,0 days 00:00:30.000000000,0 days 00:16:36.142438000
2,2019-12-02 02:23:00.000000,2019-12-02 02:23:35.000000,2019-12-02 02:39:57.830517,2019-12-02 02:40:32.830517,2019-12-02 03:21:04.302452,2019-12-02 03:21:39.302452,2019-12-02 03:39:14.189500,Replace,2,42,45,0 days 00:00:35.000000000,0 days 00:16:57.830517000
3,2019-12-02 03:18:00.000000,2019-12-02 03:18:45.000000,2019-12-02 03:39:35.727953,2019-12-02 03:40:20.727953,2019-12-02 04:28:13.601259,2019-12-02 04:28:58.601259,2019-12-02 04:45:08.895007,Replace,2,42,45,0 days 00:00:45.000000000,0 days 00:21:35.727953000
4,2019-12-02 04:10:00.000000,2019-12-02 04:10:35.000000,2019-12-02 04:27:57.847490,2019-12-02 04:28:12.989675,,,,Onsite,2,42,45,0 days 00:00:35.000000000,0 days 00:17:37.989675000
5,2019-12-02 05:11:00.000000,2019-12-02 05:11:55.000000,2019-12-02 05:33:06.155412,2019-12-02 05:34:01.155412,2019-12-02 06:06:57.921102,2019-12-02 06:07:52.921102,2019-12-02 06:21:21.897252,Replace,2,42,45,0 days 00:00:55.000000000,0 days 00:22:06.155412000
6,2019-12-02 06:17:00.000000,2019-12-02 06:17:30.000000,2019-12-02 06:38:47.970498,2019-12-02 06:38:59.021046,,,,Onsite,2,42,45,0 days 00:00:30.000000000,0 days 00:21:29.021046000
7,2019-12-02 07:10:00.000000,2019-12-02 07:10:30.000000,2019-12-02 07:28:31.178300,2019-12-02 07:29:00.641752,,,,Onsite,2,42,45,0 days 00:00:30.000000000,0 days 00:18:30.641752000
8,2019-12-02 08:20:00.000000,2019-12-02 08:20:30.000000,2019-12-02 08:36:37.926824,2019-12-02 08:36:55.651373,,,,Onsite,2,42,45,0 days 00:00:30.000000000,0 days 00:16:25.651373000
9,2019-12-02 09:32:00.000000,2019-12-02 09:32:35.000000,2019-12-02 09:51:18.680517,2019-12-02 09:51:30.715047,,,,Onsite,2,42,45,0 days 00:00:35.000000000,0 days 00:18:55.715047000
10,2019-12-02 10:32:00.000000,2019-12-02 10:32:35.000000,2019-12-02 10:49:25.837014,2019-12-02 10:50:00.837014,2019-12-02 11:31:18.610792,2019-12-02 11:31:53.610792,2019-12-02 11:51:08.442763,Replace,2,42,45,0 days 00:00:35.000000000,0 days 00:17:25.837014000
11,2019-12-02 11:53:00.000000,2019-12-02 11:53:30.000000,2019-12-02 12:09:58.637462,2019-12-02 12:10:28.637462,2019-12-02 12:50:15.555585,2019-12-02 12:50:45.555585,2019-12-02 13:09:55.155274,Replace,2,42,45,0 days 00:00:30.000000000,0 days 00:16:58.637462000
12,2019-12-02 12:45:00.000000,2019-12-02 12:45:30.000000,2019-12-02 13:01:12.277247,2019-12-02 13:01:25.771429,,,,Onsite,2,42,45,0 days 00:00:30.000000000,0 days 00:15:55.771429000
13,2019-12-02 13:58:00.000000,2019-12-02 13:58:25.000000,2019-12-02 14:12:35.746977,2019-12-02 14:13:00.746977,2019-12-02 15:03:40.269394,2019-12-02 15:04:05.269394,2019-12-02 15:16:40.373488,Replace,2,42,45,0 days 00:00:25.000000000,0 days 00:14:35.746977000
14,2019-12-02 15:10:00.000000,2019-12-02 15:10:45.000000,2019-12-02 15:23:51.034780,2019-12-02 15:24:36.034780,2019-12-02 16:14:40.617350,2019-12-02 16:15:25.617350,2019-12-02 16:27:06.234708,Replace,2,42,45,0 days 00:00:45.000000000,0 days 00:13:51.034780000
15,2019-12-02 16:16:00.000000,2019-12-02 16:16:55.000000,2019-12-02 16:33:50.153004,2019-12-02 16:34:45.153004,2019-12-02 17:19:13.932611,2019-12-02 17:20:08.932611,2019-12-02 17:42:51.922771,Replace,2,42,45,0 days 00:00:55.000000000,0 days 00:17:50.153004000
16,2019-12-02 17:24:00.000000,2019-12-02 17:24:35.000000,2019-12-02 17:41:50.515638,2019-12-02 17:42:01.040261,,,,Onsite,2,42,45,0 days 00:00:35.000000000,0 days 00:17:26.040261000
17,2019-12-02 18:40:00.000000,2019-12-02 18:40:35.000000,2019-12-02 18:51:38.885921,2019-12-02 18:52:13.885921,2019-12-02 19:27:30.432898,2019-12-02 19:28:05.432898,2019-12-02 19:41:44.930987,Replace,2,42,45,0 days 00:00:35.000000000,0 days 00:11:38.885921000
18,2019-12-02 19:32:00.000000,2019-12-02 19:32:35.000000,2019-12-02 19:54:38.337380,2019-12-02 19:54:54.552440,,,,Onsite,2,42,45,0 days 00:00:35.000000000,0 days 00:22:19.552440000
19,2019-12-02 20:52:00.000000,2019-12-02 20:52:45.000000,2019-12-02 21:09:09.701122,2019-12-02 21:09:54.701122,2019-12-02 21:35:06.648710,2019-12-02 21:35:51.648710,2019-12-02 21:51:32.699060,Replace,2,42,45,0 days 00:00:45.000000000,0 days 00:17:09.701122000
0,2019-12-02 00:57:00.000000,2019-12-02 00:00:45.000000,2019-12-02 00:14:13.158850,2019-12-02 00:14:17.594200,,,,Onsite,3,42,45,-1 days +23:03:45.000000000,0 days 00:13:32.594200000
1,2019-12-02 01:13:00.000000,2019-12-02 01:13:35.000000,2019-12-02 01:26:33.694342,2019-12-02 01:26:53.855048,,,,Onsite,3,42,45,0 days 00:00:35.000000000,0 days 00:13:18.855048000
2,2019-12-02 02:24:00.000000,2019-12-02 02:24:35.000000,2019-12-02 02:44:52.266842,2019-12-02 02:45:09.606299,,,,Onsite,3,42,45,0 days 00:00:35.000000000,0 days 00:20:34.606299000
3,2019-12-02 03:15:00.000000,2019-12-02 03:15:35.000000,2019-12-02 03:28:18.401706,2019-12-02 03:28:53.401706,2019-12-02 04:00:21.144366,2019-12-02 04:00:56.144366,2019-12-02 04:13:06.681470,Replace,3,42,45,0 days 00:00:35.000000000,0 days 00:13:18.401706000
4,2019-12-02 04:36:00.000000,2019-12-02 04:36:35.000000,2019-12-02 04:50:42.708170,2019-12-02 04:51:17.708170,2019-12-02 05:44:51.319266,2019-12-02 05:45:26.319266,2019-12-02 06:00:54.635455,Replace,3,42,45,0 days 00:00:35.000000000,0 days 00:14:42.708170000
5,2019-12-02 05:35:00.000000,2019-12-02 05:35:50.000000,2019-12-02 05:51:34.988839,2019-12-02 05:52:24.988839,2019-12-02 06:23:36.981337,2019-12-02 06:24:26.981337,2019-12-02 06:46:01.674947,Replace,3,42,45,0 days 00:00:50.000000000,0 days 00:16:34.988839000
6,2019-12-02 06:48:00.000000,2019-12-02 06:48:25.000000,2019-12-02 07:02:01.447517,2019-12-02 07:02:26.447517,2019-12-02 07:33:06.175830,2019-12-02 07:33:31.175830,2019-12-02 07:50:55.819668,Replace,3,42,45,0 days 00:00:25.000000000,0 days 00:14:01.447517000
7,2019-12-02 07:57:00.000000,2019-12-02 07:57:35.000000,2019-12-02 08:13:58.759266,2019-12-02 08:14:01.643242,,,,Onsite,3,42,45,0 days 00:00:35.000000000,0 days 00:16:26.643242000
8,2019-12-02 09:16:00.000000,2019-12-02 09:16:55.000000,2019-12-02 09:32:47.699074,2019-12-02 09:33:42.699074,2019-12-02 10:05:14.165078,2019-12-02 10:06:09.165078,2019-12-02 10:18:27.141204,Replace,3,42,45,0 days 00:00:55.000000000,0 days 00:16:47.699074000
9,2019-12-02 10:13:00.000000,2019-12-02 10:13:25.000000,2019-12-02 10:27:39.865466,2019-12-02 10:27:46.120245,,,,Onsite,3,42,45,0 days 00:00:25.000000000,0 days 00:14:21.120245000
10,2019-12-02 11:06:00.000000,2019-12-02 11:06:30.000000,2019-12-02 11:23:08.890531,2019-12-02 11:23:19.837428,,,,Onsite,3,42,45,0 days 00:00:30.000000000,0 days 00:16:49.837428000
11,2019-12-02 12:15:00.000000,2019-12-02 12:15:30.000000,2019-12-02 12:31:42.269111,2019-12-02 12:32:12.269111,2019-12-02 13:01:07.820811,2019-12-02 13:01:37.820811,2019-12-02 13:15:31.587070,Replace,3,42,45,0 days 00:00:30.000000000,0 days 00:16:42.269111000
12,2019-12-02 13:43:00.000000,2019-12-02 13:43:50.000000,2019-12-02 14:02:24.704517,2019-12-02 14:03:14.704517,2019-12-02 14:43:33.227968,2019-12-02 14:44:23.227968,2019-12-02 15:01:17.738560,Replace,3,42,45,0 days 00:00:50.000000000,0 days 00:19:24.704517000
13,2019-12-02 14:50:00.000000,2019-12-02 14:50:35.000000,2019-12-02 15:01:47.499116,2019-12-02 15:02:22.499116,2019-12-02 15:32:51.199783,2019-12-02 15:33:26.199783,2019-12-02 15:49:19.805384,Replace,3,42,45,0 days 00:00:35.000000000,0 days 00:11:47.499116000
14,2019-12-02 15:47:00.000000,2019-12-02 15:47:55.000000,2019-12-02 16:04:52.671498,2019-12-02 16:05:47.671498,2019-12-02 16:44:42.429682,2019-12-02 16:45:37.429682,2019-12-02 17:06:22.725307,Replace,3,42,45,0 days 00:00:55.000000000,0 days 00:17:52.671498000
15,2019-12-02 16:47:00.000000,2019-12-02 16:47:45.000000,2019-12-02 17:05:33.878783,2019-12-02 17:05:47.905933,,,,Onsite,3,42,45,0 days 00:00:45.000000000,0 days 00:18:02.905933000
16,2019-12-02 18:08:00.000000,2019-12-02 18:08:35.000000,2019-12-02 18:29:47.098146,2019-12-02 18:29:53.551142,,,,Onsite,3,42,45,0 days 00:00:35.000000000,0 days 00:21:18.551142000
17,2019-12-02 19:17:00.000000,2019-12-02 19:17:45.000000,2019-12-02 19:32:27.866098,2019-12-02 19:33:12.866098,2019-12-02 20:10:38.118716,2019-12-02 20:11:23.118716,2019-12-02 20:26:29.081837,Replace,3,42,45,0 days 00:00:45.000000000,0 days 00:15:27.866098000
18,2019-12-02 20:26:00.000000,2019-12-02 20:26:55.000000,2019-12-02 20:43:27.466163,2019-12-02 20:44:22.466163,2019-12-02 21:25:12.198196,2019-12-02 21:26:07.198196,2019-12-02 21:40:05.577099,Replace,3,42,45,0 days 00:00:55.000000000,0 days 00:17:27.466163000
19,2019-12-02 21:17:00.000000,2019-12-02 21:17:30.000000,2019-12-02 21:32:00.080231,2019-12-02 21:32:19.858435,,,,Onsite,3,42,45,0 days 00:00:30.000000000,0 days 00:14:49.858435000
20,2019-12-02 22:43:00.000000,2019-12-02 22:43:50.000000,2019-12-02 22:55:06.305033,2019-12-02 22:55:45.922644,,,,Onsite,3,42,45,0 days 00:00:50.000000000,0 days 00:11:55.922644000
0,2019-12-02 01:10:00.000000,2019-12-02 00:00:35.000000,2019-12-02 00:18:02.025988,2019-12-02 00:18:09.799436,,,,Onsite,4,42,45,-1 days +22:50:35.000000000,0 days 00:17:34.799436000
1,2019-12-02 01:16:00.000000,2019-12-02 01:16:45.000000,2019-12-02 01:35:51.495355,2019-12-02 01:36:36.495355,2019-12-02 02:01:00.543158,2019-12-02 02:01:45.543158,2019-12-02 02:19:53.052767,Replace,4,42,45,0 days 00:00:45.000000000,0 days 00:19:51.495355000
2,2019-12-02 02:33:00.000000,2019-12-02 02:33:55.000000,2019-12-02 02:49:25.574442,2019-12-02 02:50:20.574442,2019-12-02 03:19:45.062391,2019-12-02 03:20:40.062391,2019-12-02 03:34:46.288668,Replace,4,42,45,0 days 00:00:55.000000000,0 days 00:16:25.574442000
3,2019-12-02 03:55:00.000000,2019-12-02 03:55:45.000000,2019-12-02 04:12:59.799374,2019-12-02 04:13:06.469576,,,,Onsite,4,42,45,0 days 00:00:45.000000000,0 days 00:17:21.469576000
4,2019-12-02 05:16:00.000000,2019-12-02 05:16:55.000000,2019-12-02 05:30:20.976520,2019-12-02 05:30:45.103542,,,,Onsite,4,42,45,0 days 00:00:55.000000000,0 days 00:13:50.103542000
5,2019-12-02 06:25:00.000000,2019-12-02 06:25:55.000000,2019-12-02 06:39:03.151420,2019-12-02 06:39:58.151420,2019-12-02 07:31:57.943424,2019-12-02 07:32:52.943424,2019-12-02 07:44:48.200776,Replace,4,42,45,0 days 00:00:55.000000000,0 days 00:14:03.151420000
6,2019-12-02 07:35:00.000000,2019-12-02 07:35:45.000000,2019-12-02 07:51:15.742269,2019-12-02 07:51:34.366236,,,,Onsite,4,42,45,0 days 00:00:45.000000000,0 days 00:15:49.366236000
7,2019-12-02 08:54:00.000000,2019-12-02 08:54:45.000000,2019-12-02 09:11:24.901593,2019-12-02 09:12:09.901593,2019-12-02 09:48:13.856710,2019-12-02 09:48:58.856710,2019-12-02 10:04:29.591107,Replace,4,42,45,0 days 00:00:45.000000000,0 days 00:17:24.901593000
8,2019-12-02 10:00:00.000000,2019-12-02 10:00:35.000000,2019-12-02 10:07:59.812583,2019-12-02 10:08:05.116028,,,,Onsite,4,42,45,0 days 00:00:35.000000000,0 days 00:07:30.116028000
9,2019-12-02 11:22:00.000000,2019-12-02 11:22:45.000000,2019-12-02 11:42:46.023760,2019-12-02 11:42:53.924599,,,,Onsite,4,42,45,0 days 00:00:45.000000000,0 days 00:20:08.924599000
10,2019-12-02 12:53:00.000000,2019-12-02 12:53:55.000000,2019-12-02 13:10:14.445564,2019-12-02 13:11:09.445564,2019-12-02 13:36:43.882947,2019-12-02 13:37:38.882947,2019-12-02 13:53:05.983678,Replace,4,42,45,0 days 00:00:55.000000000,0 days 00:17:14.445564000
11,2019-12-02 13:46:00.000000,2019-12-02 13:46:45.000000,2019-12-02 14:01:27.849730,2019-12-02 14:02:12.849730,2019-12-02 14:41:53.461190,2019-12-02 14:42:38.461190,2019-12-02 15:00:29.520419,Replace,4,42,45,0 days 00:00:45.000000000,0 days 00:15:27.849730000
12,2019-12-02 14:49:00.000000,2019-12-02 14:49:45.000000,2019-12-02 15:06:36.502030,2019-12-02 15:06:46.475759,,,,Onsite,4,42,45,0 days 00:00:45.000000000,0 days 00:17:01.475759000
13,2019-12-02 15:55:00.000000,2019-12-02 15:55:35.000000,2019-12-02 16:14:40.339751,2019-12-02 16:15:15.339751,2019-12-02 16:41:42.984212,2019-12-02 16:42:17.984212,2019-12-02 16:57:31.560614,Replace,4,42,45,0 days 00:00:35.000000000,0 days 00:19:40.339751000
14,2019-12-02 17:13:00.000000,2019-12-02 17:13:35.000000,2019-12-02 17:25:49.123233,2019-12-02 17:25:54.564871,,,,Onsite,4,42,45,0 days 00:00:35.000000000,0 days 00:12:19.564871000
15,2019-12-02 18:25:00.000000,2019-12-02 18:25:45.000000,2019-12-02 18:49:58.959363,2019-12-02 18:50:43.959363,2019-12-02 19:29:21.640583,2019-12-02 19:30:06.640583,2019-12-02 19:48:19.463298,Replace,4,42,45,0 days 00:00:45.000000000,0 days 00:24:58.959363000
16,2019-12-02 19:45:00.000000,2019-12-02 19:45:30.000000,2019-12-02 19:59:17.929979,2019-12-02 19:59:23.989238,,,,Onsite,4,42,45,0 days 00:00:30.000000000,0 days 00:13:53.989238000
17,2019-12-02 21:23:00.000000,2019-12-02 21:23:30.000000,2019-12-02 21:46:34.588115,2019-12-02 21:47:04.588115,2019-12-02 22:19:00.882037,2019-12-02 22:19:30.882037,2019-12-02 22:35:48.915828,Replace,4,42,45,0 days 00:00:30.000000000,0 days 00:23:34.588115000
0,2019-12-02 01:16:00.000000,2019-12-02 00:00:45.000000,2019-12-02 00:17:34.024486,2019-12-02 00:18:19.024486,2019-12-02 01:09:04.981695,2019-12-02 01:09:49.981695,2019-12-02 01:29:37.894599,Replace,5,42,45,-1 days +22:44:45.000000000,0 days 00:17:34.024486000
1,2019-12-02 01:13:00.000000,2019-12-02 01:13:45.000000,2019-12-02 01:27:20.198065,2019-12-02 01:28:05.198065,2019-12-02 02:01:16.764465,2019-12-02 02:02:01.764465,2019-12-02 02:15:34.284240,Replace,5,42,45,0 days 00:00:45.000000000,0 days 00:14:20.198065000
2,2019-12-02 02:20:00.000000,2019-12-02 02:20:50.000000,2019-12-02 02:37:32.704764,2019-12-02 02:37:47.414254,,,,Onsite,5,42,45,0 days 00:00:50.000000000,0 days 00:16:57.414254000
3,2019-12-02 03:30:00.000000,2019-12-02 03:30:25.000000,2019-12-02 03:49:13.041154,2019-12-02 03:49:37.432283,,,,Onsite,5,42,45,0 days 00:00:25.000000000,0 days 00:19:12.432283000
4,2019-12-02 04:39:00.000000,2019-12-02 04:39:25.000000,2019-12-02 04:54:32.637447,2019-12-02 04:54:57.637447,2019-12-02 05:30:34.505480,2019-12-02 05:30:59.505480,2019-12-02 05:47:34.377755,Replace,5,42,45,0 days 00:00:25.000000000,0 days 00:15:32.637447000
5,2019-12-02 05:59:00.000000,2019-12-02 05:59:45.000000,2019-12-02 06:17:22.056335,2019-12-02 06:18:07.056335,2019-12-02 06:44:54.453698,2019-12-02 06:45:39.453698,2019-12-02 07:01:11.838162,Replace,5,42,45,0 days 00:00:45.000000000,0 days 00:18:22.056335000
6,2019-12-02 07:08:00.000000,2019-12-02 07:08:45.000000,2019-12-02 07:23:42.269528,2019-12-02 07:24:27.269528,2019-12-02 08:03:49.925115,2019-12-02 08:04:34.925115,2019-12-02 08:23:41.345492,Replace,5,42,45,0 days 00:00:45.000000000,0 days 00:15:42.269528000
7,2019-12-02 08:16:00.000000,2019-12-02 08:16:25.000000,2019-12-02 08:23:59.995313,2019-12-02 08:24:24.995313,2019-12-02 09:01:36.788751,2019-12-02 09:02:01.788751,2019-12-02 09:16:27.556515,Replace,5,42,45,0 days 00:00:25.000000000,0 days 00:07:59.995313000
8,2019-12-02 09:30:00.000000,2019-12-02 09:30:55.000000,2019-12-02 09:47:58.048696,2019-12-02 09:48:29.191552,,,,Onsite,5,42,45,0 days 00:00:55.000000000,0 days 00:17:34.191552000
9,2019-12-02 11:57:00.000000,2019-12-02 11:57:35.000000,2019-12-02 12:13:52.059616,2019-12-02 12:14:27.059616,2019-12-02 12:51:56.197365,2019-12-02 12:52:31.197365,2019-12-02 13:06:42.480356,Replace,5,42,45,0 days 00:00:35.000000000,0 days 00:16:52.059616000
10,2019-12-02 10:55:00.000000,2019-12-02 10:55:45.000000,2019-12-02 11:15:55.149672,2019-12-02 11:16:40.149672,2019-12-02 11:56:17.121446,2019-12-02 11:57:02.121446,2019-12-02 12:17:14.966173,Replace,5,42,45,0 days 00:00:45.000000000,0 days 00:20:55.149672000
11,2019-12-02 13:11:00.000000,2019-12-02 13:11:45.000000,2019-12-02 13:29:06.756647,2019-12-02 13:29:51.756647,2019-12-02 14:17:34.142536,2019-12-02 14:18:19.142536,2019-12-02 14:31:01.753897,Replace,5,42,45,0 days 00:00:45.000000000,0 days 00:18:06.756647000
12,2019-12-02 14:24:00.000000,2019-12-02 14:24:45.000000,2019-12-02 14:38:25.361082,2019-12-02 14:39:10.361082,2019-12-02 15:10:19.867292,2019-12-02 15:11:04.867292,2019-12-02 15:23:41.199291,Replace,5,42,45,0 days 00:00:45.000000000,0 days 00:14:25.361082000
13,2019-12-02 15:33:00.000000,2019-12-02 15:33:45.000000,2019-12-02 15:47:37.827450,2019-12-02 15:47:50.160037,,,,Onsite,5,42,45,0 days 00:00:45.000000000,0 days 00:14:05.160037000
14,2019-12-02 16:33:00.000000,2019-12-02 16:33:50.000000,2019-12-02 16:51:04.081270,2019-12-02 16:51:54.081270,2019-12-02 17:28:51.900228,2019-12-02 17:29:41.900228,2019-12-02 17:46:12.757787,Replace,5,42,45,0 days 00:00:50.000000000,0 days 00:18:04.081270000
15,2019-12-02 17:48:00.000000,2019-12-02 17:48:45.000000,2019-12-02 18:04:29.713616,2019-12-02 18:04:44.693344,,,,Onsite,5,42,45,0 days 00:00:45.000000000,0 days 00:15:59.693344000
16,2019-12-02 18:51:00.000000,2019-12-02 18:51:55.000000,2019-12-02 19:09:02.648441,2019-12-02 19:09:57.648441,2019-12-02 19:58:06.333433,2019-12-02 19:59:01.333433,2019-12-02 20:17:58.532728,Replace,5,42,45,0 days 00:00:55.000000000,0 days 00:18:02.648441000
17,2019-12-02 20:03:00.000000,2019-12-02 20:03:35.000000,2019-12-02 20:20:40.306592,2019-12-02 20:21:15.306592,2019-12-02 20:48:46.656601,2019-12-02 20:49:21.656601,2019-12-02 21:04:43.111151,Replace,5,42,45,0 days 00:00:35.000000000,0 days 00:17:40.306592000
18,2019-12-02 21:04:00.000000,2019-12-02 21:04:45.000000,2019-12-02 21:26:42.365951,2019-12-02 21:27:27.365951,2019-12-02 22:02:44.674082,2019-12-02 22:03:29.674082,2019-12-02 22:21:36.899780,Replace,5,42,45,0 days 00:00:45.000000000,0 days 00:22:42.365951000
0,2019-12-02 01:23:00.000000,2019-12-02 00:00:25.000000,2019-12-02 00:19:34.939570,2019-12-02 00:19:59.939570,2019-12-02 00:41:28.529170,2019-12-02 00:41:53.529170,2019-12-02 00:57:43.370635,Replace,6,42,45,-1 days +22:37:25.000000000,0 days 00:19:34.939570000
1,2019-12-02 01:11:00.000000,2019-12-02 01:11:35.000000,2019-12-02 01:19:55.575764,2019-12-02 01:20:30.575764,2019-12-02 01:46:46.253064,2019-12-02 01:47:21.253064,2019-12-02 02:01:15.250220,Replace,6,42,45,0 days 00:00:35.000000000,0 days 00:08:55.575764000
2,2019-12-02 02:14:00.000000,2019-12-02 02:14:45.000000,2019-12-02 02:25:11.981177,2019-12-02 02:25:56.981177,2019-12-02 03:20:13.593603,2019-12-02 03:20:58.593603,2019-12-02 03:42:01.621056,Replace,6,42,45,0 days 00:00:45.000000000,0 days 00:11:11.981177000
3,2019-12-02 03:24:00.000000,2019-12-02 03:24:45.000000,2019-12-02 03:34:58.182012,2019-12-02 03:35:13.494029,,,,Onsite,6,42,45,0 days 00:00:45.000000000,0 days 00:10:28.494029000
4,2019-12-02 04:53:00.000000,2019-12-02 04:53:50.000000,2019-12-02 05:10:10.018303,2019-12-02 05:11:00.018303,2019-12-02 05:36:11.339180,2019-12-02 05:37:01.339180,2019-12-02 05:56:19.857613,Replace,6,42,45,0 days 00:00:50.000000000,0 days 00:17:10.018303000
5,2019-12-02 05:59:00.000000,2019-12-02 05:59:50.000000,2019-12-02 06:14:35.613345,2019-12-02 06:14:43.211545,,,,Onsite,6,42,45,0 days 00:00:50.000000000,0 days 00:14:53.211545000
6,2019-12-02 07:22:00.000000,2019-12-02 07:22:50.000000,2019-12-02 07:29:58.892945,2019-12-02 07:30:48.892945,2019-12-02 08:15:33.648709,2019-12-02 08:16:23.648709,2019-12-02 08:39:44.989380,Replace,6,42,45,0 days 00:00:50.000000000,0 days 00:07:58.892945000
7,2019-12-02 08:10:00.000000,2019-12-02 08:10:35.000000,2019-12-02 08:20:03.891713,2019-12-02 08:20:38.891713,2019-12-02 08:56:17.289334,2019-12-02 08:56:52.289334,2019-12-02 09:08:34.238060,Replace,6,42,45,0 days 00:00:35.000000000,0 days 00:10:03.891713000
8,2019-12-02 09:24:00.000000,2019-12-02 09:24:35.000000,2019-12-02 09:41:46.942663,2019-12-02 09:42:01.263986,,,,Onsite,6,42,45,0 days 00:00:35.000000000,0 days 00:17:26.263986000
9,2019-12-02 10:20:00.000000,2019-12-02 10:20:45.000000,2019-12-02 10:40:37.964337,2019-12-02 10:41:22.964337,2019-12-02 11:33:07.889294,2019-12-02 11:33:52.889294,2019-12-02 11:48:52.560354,Replace,6,42,45,0 days 00:00:45.000000000,0 days 00:20:37.964337000
10,2019-12-02 11:22:00.000000,2019-12-02 11:22:30.000000,2019-12-02 11:36:44.779833,2019-12-02 11:37:14.779833,2019-12-02 12:07:30.909435,2019-12-02 12:08:00.909435,2019-12-02 12:30:06.722611,Replace,6,42,45,0 days 00:00:30.000000000,0 days 00:14:44.779833000
11,2019-12-02 12:22:00.000000,2019-12-02 12:22:45.000000,2019-12-02 12:36:37.440028,2019-12-02 12:37:22.440028,2019-12-02 13:26:28.375559,2019-12-02 13:27:13.375559,2019-12-02 13:42:42.216492,Replace,6,42,45,0 days 00:00:45.000000000,0 days 00:14:37.440028000
12,2019-12-02 13:22:00.000000,2019-12-02 13:22:35.000000,2019-12-02 13:36:37.337862,2019-12-02 13:37:12.337862,2019-12-02 14:10:39.444118,2019-12-02 14:11:14.444118,2019-12-02 14:28:35.956807,Replace,6,42,45,0 days 00:00:35.000000000,0 days 00:14:37.337862000
13,2019-12-02 14:22:00.000000,2019-12-02 14:22:45.000000,2019-12-02 14:38:44.197259,2019-12-02 14:38:59.788943,,,,Onsite,6,42,45,0 days 00:00:45.000000000,0 days 00:16:14.788943000
14,2019-12-02 15:21:00.000000,2019-12-02 15:21:35.000000,2019-12-02 15:37:26.787742,2019-12-02 15:38:01.787742,2019-12-02 16:31:47.602643,2019-12-02 16:32:22.602643,2019-12-02 16:47:08.231539,Replace,6,42,45,0 days 00:00:35.000000000,0 days 00:16:26.787742000
15,2019-12-02 16:27:00.000000,2019-12-02 16:27:30.000000,2019-12-02 16:43:01.346630,2019-12-02 16:43:31.346630,2019-12-02 17:09:18.420962,2019-12-02 17:09:48.420962,2019-12-02 17:22:21.998753,Replace,6,42,45,0 days 00:00:30.000000000,0 days 00:16:01.346630000
16,2019-12-02 17:48:00.000000,2019-12-02 17:48:55.000000,2019-12-02 18:03:37.968690,2019-12-02 18:04:32.968690,2019-12-02 18:38:59.759626,2019-12-02 18:39:54.759626,2019-12-02 18:55:45.686503,Replace,6,42,45,0 days 00:00:55.000000000,0 days 00:15:37.968690000
17,2019-12-02 19:13:00.000000,2019-12-02 19:13:45.000000,2019-12-02 19:29:18.965563,2019-12-02 19:30:03.965563,2019-12-02 20:14:22.549254,2019-12-02 20:15:07.549254,2019-12-02 20:26:29.933012,Replace,6,42,45,0 days 00:00:45.000000000,0 days 00:16:18.965563000
18,2019-12-02 20:21:00.000000,2019-12-02 20:21:35.000000,2019-12-02 20:38:26.588356,2019-12-02 20:39:01.588356,2019-12-02 21:03:01.627160,2019-12-02 21:03:36.627160,2019-12-02 21:23:05.510902,Replace,6,42,45,0 days 00:00:35.000000000,0 days 00:17:26.588356000
19,2019-12-02 21:35:00.000000,2019-12-02 21:35:45.000000,2019-12-02 21:49:31.220817,2019-12-02 21:49:38.092526,,,,Onsite,6,42,45,0 days 00:00:45.000000000,0 days 00:13:53.092526000
0,2019-12-02 01:08:00.000000,2019-12-02 00:00:35.000000,2019-12-02 00:12:18.847804,2019-12-02 00:12:40.693074,,,,Onsite,7,42,45,-1 days +22:52:35.000000000,0 days 00:12:05.693074000
1,2019-12-02 01:02:00.000000,2019-12-02 01:02:55.000000,2019-12-02 01:18:15.671052,2019-12-02 01:19:10.671052,2019-12-02 01:55:31.866735,2019-12-02 01:56:26.866735,2019-12-02 02:10:56.087487,Replace,7,42,45,0 days 00:00:55.000000000,0 days 00:16:15.671052000
2,2019-12-02 02:27:00.000000,2019-12-02 02:27:25.000000,2019-12-02 02:40:07.428755,2019-12-02 02:40:32.428755,2019-12-02 03:09:35.536803,2019-12-02 03:10:00.536803,2019-12-02 03:25:01.439050,Replace,7,42,45,0 days 00:00:25.000000000,0 days 00:13:07.428755000
3,2019-12-02 03:49:00.000000,2019-12-02 03:49:50.000000,2019-12-02 04:08:23.233826,2019-12-02 04:09:13.233826,2019-12-02 04:53:41.665322,2019-12-02 04:54:31.665322,2019-12-02 05:15:33.745302,Replace,7,42,45,0 days 00:00:50.000000000,0 days 00:19:23.233826000
4,2019-12-02 05:01:00.000000,2019-12-02 05:01:25.000000,2019-12-02 05:20:06.440988,2019-12-02 05:20:11.385376,,,,Onsite,7,42,45,0 days 00:00:25.000000000,0 days 00:18:46.385376000
5,2019-12-02 06:08:00.000000,2019-12-02 06:08:45.000000,2019-12-02 06:26:55.400018,2019-12-02 06:27:40.400018,2019-12-02 07:21:45.307283,2019-12-02 07:22:30.307283,2019-12-02 07:38:55.378278,Replace,7,42,45,0 days 00:00:45.000000000,0 days 00:18:55.400018000
6,2019-12-02 07:14:00.000000,2019-12-02 07:14:50.000000,2019-12-02 07:35:26.914541,2019-12-02 07:36:16.914541,2019-12-02 08:14:58.175166,2019-12-02 08:15:48.175166,2019-12-02 08:30:51.767821,Replace,7,42,45,0 days 00:00:50.000000000,0 days 00:21:26.914541000
7,2019-12-02 08:35:00.000000,2019-12-02 08:35:50.000000,2019-12-02 08:56:23.085597,2019-12-02 08:57:13.085597,2019-12-02 09:45:24.732343,2019-12-02 09:46:14.732343,2019-12-02 10:07:15.195497,Replace,7,42,45,0 days 00:00:50.000000000,0 days 00:21:23.085597000
8,2019-12-02 09:25:00.000000,2019-12-02 09:25:35.000000,2019-12-02 09:48:21.458029,2019-12-02 09:48:56.458029,2019-12-02 10:42:21.827787,2019-12-02 10:42:56.827787,2019-12-02 10:59:17.848591,Replace,7,42,45,0 days 00:00:35.000000000,0 days 00:23:21.458029000
9,2019-12-02 10:24:00.000000,2019-12-02 10:24:45.000000,2019-12-02 10:37:24.499990,2019-12-02 10:38:09.499990,2019-12-02 11:12:48.044716,2019-12-02 11:13:33.044716,2019-12-02 11:25:44.716456,Replace,7,42,45,0 days 00:00:45.000000000,0 days 00:13:24.499990000
10,2019-12-02 11:22:00.000000,2019-12-02 11:22:25.000000,2019-12-02 11:40:44.348208,2019-12-02 11:41:09.348208,2019-12-02 12:07:19.904347,2019-12-02 12:07:44.904347,2019-12-02 12:24:28.269369,Replace,7,42,45,0 days 00:00:25.000000000,0 days 00:18:44.348208000
11,2019-12-02 12:23:00.000000,2019-12-02 12:23:45.000000,2019-12-02 12:38:04.314466,2019-12-02 12:38:34.474897,,,,Onsite,7,42,45,0 days 00:00:45.000000000,0 days 00:14:49.474897000
12,2019-12-02 13:36:00.000000,2019-12-02 13:36:35.000000,2019-12-02 13:58:15.936803,2019-12-02 13:58:50.936803,2019-12-02 14:43:37.385628,2019-12-02 14:44:12.385628,2019-12-02 15:03:26.647739,Replace,7,42,45,0 days 00:00:35.000000000,0 days 00:22:15.936803000
13,2019-12-02 14:32:00.000000,2019-12-02 14:32:35.000000,2019-12-02 14:50:15.446884,2019-12-02 14:50:26.086732,,,,Onsite,7,42,45,0 days 00:00:35.000000000,0 days 00:17:51.086732000
14,2019-12-02 15:51:00.000000,2019-12-02 15:51:35.000000,2019-12-02 16:02:55.912595,2019-12-02 16:03:30.912595,2019-12-02 16:41:34.598940,2019-12-02 16:42:09.598940,2019-12-02 16:59:39.055270,Replace,7,42,45,0 days 00:00:35.000000000,0 days 00:11:55.912595000
15,2019-12-02 17:04:00.000000,2019-12-02 17:04:45.000000,2019-12-02 17:21:54.475547,2019-12-02 17:22:39.475547,2019-12-02 18:05:18.775712,2019-12-02 18:06:03.775712,2019-12-02 18:21:27.048433,Replace,7,42,45,0 days 00:00:45.000000000,0 days 00:17:54.475547000
16,2019-12-02 18:15:00.000000,2019-12-02 18:15:30.000000,2019-12-02 18:28:49.718792,2019-12-02 18:29:19.718792,2019-12-02 19:08:56.748322,2019-12-02 19:09:26.748322,2019-12-02 19:24:40.535399,Replace,7,42,45,0 days 00:00:30.000000000,0 days 00:13:49.718792000
17,2019-12-02 19:29:00.000000,2019-12-02 19:29:45.000000,2019-12-02 19:52:44.535470,2019-12-02 19:53:29.535470,2019-12-02 20:21:51.862537,2019-12-02 20:22:36.862537,2019-12-02 20:42:08.417051,Replace,7,42,45,0 days 00:00:45.000000000,0 days 00:23:44.535470000
18,2019-12-02 20:41:00.000000,2019-12-02 20:41:35.000000,2019-12-02 21:01:38.325533,2019-12-02 21:02:03.367394,,,,Onsite,7,42,45,0 days 00:00:35.000000000,0 days 00:20:28.367394000
19,2019-12-02 21:43:00.000000,2019-12-02 21:43:45.000000,2019-12-02 22:00:14.990475,2019-12-02 22:00:59.990475,2019-12-02 22:37:28.154056,2019-12-02 22:38:13.154056,2019-12-02 22:58:16.257181,Replace,7,42,45,0 days 00:00:45.000000000,0 days 00:17:14.990475000
0,2019-12-02 00:53:00.000000,2019-12-02 00:00:35.000000,2019-12-02 00:13:09.658616,2019-12-02 00:13:44.658616,2019-12-02 00:42:22.077433,2019-12-02 00:42:57.077433,2019-12-02 01:00:54.393311,Replace,8,42,45,-1 days +23:07:35.000000000,0 days 00:13:09.658616000
1,2019-12-02 01:11:00.000000,2019-12-02 01:11:45.000000,2019-12-02 01:27:14.132091,2019-12-02 01:27:59.132091,2019-12-02 01:52:10.072959,2019-12-02 01:52:55.072959,2019-12-02 02:07:52.866055,Replace,8,42,45,0 days 00:00:45.000000000,0 days 00:16:14.132091000
2,2019-12-02 02:24:00.000000,2019-12-02 02:24:35.000000,2019-12-02 02:43:26.857079,2019-12-02 02:43:46.617190,,,,Onsite,8,42,45,0 days 00:00:35.000000000,0 days 00:19:11.617190000
3,2019-12-02 03:25:00.000000,2019-12-02 03:25:35.000000,2019-12-02 03:37:48.151403,2019-12-02 03:37:59.827653,,,,Onsite,8,42,45,0 days 00:00:35.000000000,0 days 00:12:24.827653000
4,2019-12-02 04:48:00.000000,2019-12-02 04:48:45.000000,2019-12-02 04:57:50.094843,2019-12-02 04:58:02.424857,,,,Onsite,8,42,45,0 days 00:00:45.000000000,0 days 00:09:17.424857000
5,2019-12-02 05:51:00.000000,2019-12-02 05:51:25.000000,2019-12-02 06:12:41.014514,2019-12-02 06:13:06.014514,2019-12-02 07:04:35.583411,2019-12-02 07:05:00.583411,2019-12-02 07:27:22.780905,Replace,8,42,45,0 days 00:00:25.000000000,0 days 00:21:41.014514000
6,2019-12-02 06:55:00.000000,2019-12-02 06:55:45.000000,2019-12-02 07:16:06.632597,2019-12-02 07:16:08.671311,,,,Onsite,8,42,45,0 days 00:00:45.000000000,0 days 00:20:23.671311000
7,2019-12-02 08:09:00.000000,2019-12-02 08:09:45.000000,2019-12-02 08:24:01.953722,2019-12-02 08:24:30.596977,,,,Onsite,8,42,45,0 days 00:00:45.000000000,0 days 00:14:45.596977000
8,2019-12-02 09:11:00.000000,2019-12-02 09:11:50.000000,2019-12-02 09:28:04.375578,2019-12-02 09:28:54.375578,2019-12-02 09:51:07.475135,2019-12-02 09:51:57.475135,2019-12-02 10:06:38.424048,Replace,8,42,45,0 days 00:00:50.000000000,0 days 00:17:04.375578000
9,2019-12-02 10:27:00.000000,2019-12-02 10:27:25.000000,2019-12-02 10:41:48.886811,2019-12-02 10:41:57.065529,,,,Onsite,8,42,45,0 days 00:00:25.000000000,0 days 00:14:32.065529000
10,2019-12-02 11:37:00.000000,2019-12-02 11:37:45.000000,2019-12-02 11:56:40.041727,2019-12-02 11:57:25.041727,2019-12-02 12:36:04.915577,2019-12-02 12:36:49.915577,2019-12-02 12:53:56.117247,Replace,8,42,45,0 days 00:00:45.000000000,0 days 00:19:40.041727000
11,2019-12-02 12:48:00.000000,2019-12-02 12:48:45.000000,2019-12-02 13:02:18.200363,2019-12-02 13:03:03.200363,2019-12-02 13:36:18.657022,2019-12-02 13:37:03.657022,2019-12-02 13:51:28.030932,Replace,8,42,45,0 days 00:00:45.000000000,0 days 00:14:18.200363000
12,2019-12-02 14:11:00.000000,2019-12-02 14:11:45.000000,2019-12-02 14:30:52.052687,2019-12-02 14:31:37.052687,2019-12-02 15:30:03.655835,2019-12-02 15:30:48.655835,2019-12-02 15:43:44.095824,Replace,8,42,45,0 days 00:00:45.000000000,0 days 00:19:52.052687000
13,2019-12-02 15:19:00.000000,2019-12-02 15:19:35.000000,2019-12-02 15:38:59.717231,2019-12-02 15:39:34.717231,2019-12-02 16:26:50.416659,2019-12-02 16:27:25.416659,2019-12-02 16:47:23.441457,Replace,8,42,45,0 days 00:00:35.000000000,0 days 00:19:59.717231000
14,2019-12-02 16:22:00.000000,2019-12-02 16:22:30.000000,2019-12-02 16:34:04.824046,2019-12-02 16:34:31.656446,,,,Onsite,8,42,45,0 days 00:00:30.000000000,0 days 00:12:01.656446000
15,2019-12-02 17:39:00.000000,2019-12-02 17:39:35.000000,2019-12-02 17:59:16.030087,2019-12-02 17:59:51.030087,2019-12-02 18:29:10.974756,2019-12-02 18:29:45.974756,2019-12-02 18:46:12.996417,Replace,8,42,45,0 days 00:00:35.000000000,0 days 00:20:16.030087000
16,2019-12-02 18:49:00.000000,2019-12-02 18:49:25.000000,2019-12-02 19:05:33.758610,2019-12-02 19:05:49.471032,,,,Onsite,8,42,45,0 days 00:00:25.000000000,0 days 00:16:24.471032000
17,2019-12-02 19:56:00.000000,2019-12-02 19:56:25.000000,2019-12-02 20:14:25.998850,2019-12-02 20:14:36.025662,,,,Onsite,8,42,45,0 days 00:00:25.000000000,0 days 00:18:11.025662000
18,2019-12-02 21:03:00.000000,2019-12-02 21:03:25.000000,2019-12-02 21:14:33.452032,2019-12-02 21:14:58.452032,2019-12-02 21:40:15.297410,2019-12-02 21:40:40.297410,2019-12-02 21:54:50.628640,Replace,8,42,45,0 days 00:00:25.000000000,0 days 00:11:33.452032000
0,2019-12-02 01:21:00.000000,2019-12-02 00:00:35.000000,2019-12-02 00:20:17.521575,2019-12-02 00:20:52.521575,2019-12-02 01:12:05.839717,2019-12-02 01:12:40.839717,2019-12-02 01:33:04.348885,Replace,9,42,45,-1 days +22:39:35.000000000,0 days 00:20:17.521575000
1,2019-12-02 01:16:00.000000,2019-12-02 01:16:35.000000,2019-12-02 01:28:00.193308,2019-12-02 01:28:35.193308,2019-12-02 02:01:26.466740,2019-12-02 02:02:01.466740,2019-12-02 02:17:17.612832,Replace,9,42,45,0 days 00:00:35.000000000,0 days 00:12:00.193308000
2,2019-12-02 02:26:00.000000,2019-12-02 02:26:50.000000,2019-12-02 02:40:59.093678,2019-12-02 02:41:49.093678,2019-12-02 03:22:06.007028,2019-12-02 03:22:56.007028,2019-12-02 03:43:44.111221,Replace,9,42,45,0 days 00:00:50.000000000,0 days 00:14:59.093678000
3,2019-12-02 03:40:00.000000,2019-12-02 03:40:30.000000,2019-12-02 03:58:05.964912,2019-12-02 03:58:21.987068,,,,Onsite,9,42,45,0 days 00:00:30.000000000,0 days 00:17:51.987068000
4,2019-12-02 04:48:00.000000,2019-12-02 04:48:45.000000,2019-12-02 05:00:29.477541,2019-12-02 05:01:14.477541,2019-12-02 05:26:42.531038,2019-12-02 05:27:27.531038,2019-12-02 05:39:39.540315,Replace,9,42,45,0 days 00:00:45.000000000,0 days 00:12:29.477541000
5,2019-12-02 05:52:00.000000,2019-12-02 05:52:50.000000,2019-12-02 06:14:20.739642,2019-12-02 06:15:10.739642,2019-12-02 06:52:48.296425,2019-12-02 06:53:38.296425,2019-12-02 07:05:47.907441,Replace,9,42,45,0 days 00:00:50.000000000,0 days 00:22:20.739642000
6,2019-12-02 07:02:00.000000,2019-12-02 07:02:55.000000,2019-12-02 07:21:12.330089,2019-12-02 07:22:07.330089,2019-12-02 08:00:20.127321,2019-12-02 08:01:15.127321,2019-12-02 08:14:18.176618,Replace,9,42,45,0 days 00:00:55.000000000,0 days 00:19:12.330089000
7,2019-12-02 08:32:00.000000,2019-12-02 08:32:55.000000,2019-12-02 08:46:47.993369,2019-12-02 08:47:42.993369,2019-12-02 09:38:46.856647,2019-12-02 09:39:41.856647,2019-12-02 09:52:28.697918,Replace,9,42,45,0 days 00:00:55.000000000,0 days 00:14:47.993369000
8,2019-12-02 09:26:00.000000,2019-12-02 09:26:45.000000,2019-12-02 09:40:35.704580,2019-12-02 09:40:50.004370,,,,Onsite,9,42,45,0 days 00:00:45.000000000,0 days 00:14:05.004370000
9,2019-12-02 10:22:00.000000,2019-12-02 10:22:55.000000,2019-12-02 10:33:16.641276,2019-12-02 10:34:11.641276,2019-12-02 10:56:47.351456,2019-12-02 10:57:42.351456,2019-12-02 11:16:25.951755,Replace,9,42,45,0 days 00:00:55.000000000,0 days 00:11:16.641276000
10,2019-12-02 11:37:00.000000,2019-12-02 11:37:55.000000,2019-12-02 11:57:01.446295,2019-12-02 11:57:56.446295,2019-12-02 12:32:14.745715,2019-12-02 12:33:09.745715,2019-12-02 12:53:44.849145,Replace,9,42,45,0 days 00:00:55.000000000,0 days 00:20:01.446295000
11,2019-12-02 12:40:00.000000,2019-12-02 12:40:35.000000,2019-12-02 13:00:06.886326,2019-12-02 13:00:16.022642,,,,Onsite,9,42,45,0 days 00:00:35.000000000,0 days 00:19:41.022642000
12,2019-12-02 13:54:00.000000,2019-12-02 13:54:45.000000,2019-12-02 14:12:44.536236,2019-12-02 14:13:29.536236,2019-12-02 14:42:08.782488,2019-12-02 14:42:53.782488,2019-12-02 15:06:38.891216,Replace,9,42,45,0 days 00:00:45.000000000,0 days 00:18:44.536236000
13,2019-12-02 14:51:00.000000,2019-12-02 14:51:35.000000,2019-12-02 15:01:39.678895,2019-12-02 15:02:14.678895,2019-12-02 15:31:43.641135,2019-12-02 15:32:18.641135,2019-12-02 15:53:14.579764,Replace,9,42,45,0 days 00:00:35.000000000,0 days 00:10:39.678895000
14,2019-12-02 16:08:00.000000,2019-12-02 16:08:30.000000,2019-12-02 16:22:38.617863,2019-12-02 16:23:08.617863,2019-12-02 16:54:59.733301,2019-12-02 16:55:29.733301,2019-12-02 17:11:52.876961,Replace,9,42,45,0 days 00:00:30.000000000,0 days 00:14:38.617863000
15,2019-12-02 17:02:00.000000,2019-12-02 17:02:45.000000,2019-12-02 17:18:38.561118,2019-12-02 17:19:23.561118,2019-12-02 17:56:32.826807,2019-12-02 17:57:17.826807,2019-12-02 18:12:30.562040,Replace,9,42,45,0 days 00:00:45.000000000,0 days 00:16:38.561118000
16,2019-12-02 18:30:00.000000,2019-12-02 18:30:55.000000,2019-12-02 18:51:06.771002,2019-12-02 18:52:01.771002,2019-12-02 19:30:11.989704,2019-12-02 19:31:06.989704,2019-12-02 19:46:35.460821,Replace,9,42,45,0 days 00:00:55.000000000,0 days 00:21:06.771002000
17,2019-12-02 19:33:00.000000,2019-12-02 19:33:35.000000,2019-12-02 19:52:41.267022,2019-12-02 19:53:16.267022,2019-12-02 20:42:10.199182,2019-12-02 20:42:45.199182,2019-12-02 20:55:52.064277,Replace,9,42,45,0 days 00:00:35.000000000,0 days 00:19:41.267022000
18,2019-12-02 20:39:00.000000,2019-12-02 20:39:35.000000,2019-12-02 21:00:00.191196,2019-12-02 21:00:21.431756,,,,Onsite,9,42,45,0 days 00:00:35.000000000,0 days 00:20:46.431756000
19,2019-12-02 21:42:00.000000,2019-12-02 21:42:45.000000,2019-12-02 22:01:41.310618,2019-12-02 22:02:26.310618,2019-12-02 22:35:45.425221,2019-12-02 22:36:30.425221,2019-12-02 22:49:43.302038,Replace,9,42,45,0 days 00:00:45.000000000,0 days 00:19:41.310618000
20,2019-12-02 22:41:00.000000,2019-12-02 22:41:45.000000,2019-12-02 22:54:37.807833,2019-12-02 22:54:48.305090,,,,Onsite,9,42,45,0 days 00:00:45.000000000,0 days 00:13:03.305090000
0,2019-12-02 01:01:00.000000,2019-12-02 00:00:45.000000,2019-12-02 00:15:01.973918,2019-12-02 00:15:25.895688,,,,Onsite,1,42,46,-1 days +22:59:45.000000000,0 days 00:14:40.895688000
1,2019-12-02 01:03:00.000000,2019-12-02 01:03:55.000000,2019-12-02 01:22:47.103420,2019-12-02 01:23:42.103420,2019-12-02 02:02:29.928874,2019-12-02 02:03:24.928874,2019-12-02 02:21:02.062608,Replace,1,42,46,0 days 00:00:55.000000000,0 days 00:19:47.103420000
2,2019-12-02 02:13:00.000000,2019-12-02 02:13:45.000000,2019-12-02 02:28:37.582988,2019-12-02 02:29:22.582988,2019-12-02 03:04:29.101487,2019-12-02 03:05:14.101487,2019-12-02 03:25:22.268942,Replace,1,42,46,0 days 00:00:45.000000000,0 days 00:15:37.582988000
3,2019-12-02 03:18:00.000000,2019-12-02 03:18:30.000000,2019-12-02 03:35:39.046777,2019-12-02 03:36:08.681074,,,,Onsite,1,42,46,0 days 00:00:30.000000000,0 days 00:17:38.681074000
4,2019-12-02 04:16:00.000000,2019-12-02 04:16:35.000000,2019-12-02 04:33:56.142358,2019-12-02 04:34:31.142358,2019-12-02 05:19:39.213755,2019-12-02 05:20:14.213755,2019-12-02 05:38:01.862650,Replace,1,42,46,0 days 00:00:35.000000000,0 days 00:17:56.142358000
5,2019-12-02 05:16:00.000000,2019-12-02 05:16:45.000000,2019-12-02 05:35:16.593053,2019-12-02 05:36:01.593053,2019-12-02 06:14:22.361573,2019-12-02 06:15:07.361573,2019-12-02 06:34:44.072024,Replace,1,42,46,0 days 00:00:45.000000000,0 days 00:19:16.593053000
6,2019-12-02 06:29:00.000000,2019-12-02 06:29:55.000000,2019-12-02 06:42:10.603983,2019-12-02 06:42:15.635004,,,,Onsite,1,42,46,0 days 00:00:55.000000000,0 days 00:12:20.635004000
7,2019-12-02 07:43:00.000000,2019-12-02 07:43:35.000000,2019-12-02 08:02:16.462736,2019-12-02 08:02:51.462736,2019-12-02 08:37:47.862923,2019-12-02 08:38:22.862923,2019-12-02 08:53:23.099136,Replace,1,42,46,0 days 00:00:35.000000000,0 days 00:19:16.462736000
8,2019-12-02 09:04:00.000000,2019-12-02 09:04:45.000000,2019-12-02 09:21:57.148644,2019-12-02 09:22:42.148644,2019-12-02 09:49:36.880803,2019-12-02 09:50:21.880803,2019-12-02 10:04:33.125598,Replace,1,42,46,0 days 00:00:45.000000000,0 days 00:17:57.148644000
9,2019-12-02 10:11:00.000000,2019-12-02 10:11:35.000000,2019-12-02 10:31:31.102514,2019-12-02 10:31:58.392261,,,,Onsite,1,42,46,0 days 00:00:35.000000000,0 days 00:20:23.392261000
10,2019-12-02 11:20:00.000000,2019-12-02 11:20:25.000000,2019-12-02 11:34:45.499276,2019-12-02 11:35:03.955124,,,,Onsite,1,42,46,0 days 00:00:25.000000000,0 days 00:14:38.955124000
11,2019-12-02 12:34:00.000000,2019-12-02 12:34:45.000000,2019-12-02 12:53:26.288876,2019-12-02 12:54:11.288876,2019-12-02 13:46:41.860152,2019-12-02 13:47:26.860152,2019-12-02 14:01:07.267272,Replace,1,42,46,0 days 00:00:45.000000000,0 days 00:19:26.288876000
12,2019-12-02 13:49:00.000000,2019-12-02 13:49:30.000000,2019-12-02 14:07:38.414586,2019-12-02 14:08:08.414586,2019-12-02 14:42:37.934794,2019-12-02 14:43:07.934794,2019-12-02 15:06:34.036565,Replace,1,42,46,0 days 00:00:30.000000000,0 days 00:18:38.414586000
13,2019-12-02 14:59:00.000000,2019-12-02 14:59:50.000000,2019-12-02 15:15:23.817748,2019-12-02 15:16:13.817748,2019-12-02 15:47:29.421511,2019-12-02 15:48:19.421511,2019-12-02 15:59:37.503416,Replace,1,42,46,0 days 00:00:50.000000000,0 days 00:16:23.817748000
14,2019-12-02 16:09:00.000000,2019-12-02 16:09:45.000000,2019-12-02 16:27:43.416183,2019-12-02 16:28:28.416183,2019-12-02 17:00:38.460072,2019-12-02 17:01:23.460072,2019-12-02 17:16:03.774273,Replace,1,42,46,0 days 00:00:45.000000000,0 days 00:18:43.416183000
15,2019-12-02 17:24:00.000000,2019-12-02 17:24:45.000000,2019-12-02 17:39:24.803476,2019-12-02 17:39:37.739400,,,,Onsite,1,42,46,0 days 00:00:45.000000000,0 days 00:14:52.739400000
16,2019-12-02 18:21:00.000000,2019-12-02 18:21:35.000000,2019-12-02 18:40:27.160792,2019-12-02 18:40:32.043181,,,,Onsite,1,42,46,0 days 00:00:35.000000000,0 days 00:18:57.043181000
17,2019-12-02 19:29:00.000000,2019-12-02 19:29:35.000000,2019-12-02 19:47:44.880910,2019-12-02 19:48:19.880910,2019-12-02 20:18:55.818533,2019-12-02 20:19:30.818533,2019-12-02 20:34:22.941492,Replace,1,42,46,0 days 00:00:35.000000000,0 days 00:18:44.880910000
18,2019-12-02 20:26:00.000000,2019-12-02 20:26:50.000000,2019-12-02 20:43:17.227584,2019-12-02 20:43:38.111472,,,,Onsite,1,42,46,0 days 00:00:50.000000000,0 days 00:16:48.111472000
19,2019-12-02 21:29:00.000000,2019-12-02 21:29:25.000000,2019-12-02 21:47:16.514975,2019-12-02 21:47:28.455025,,,,Onsite,1,42,46,0 days 00:00:25.000000000,0 days 00:18:03.455025000
0,2019-12-02 01:15:00.000000,2019-12-02 00:00:55.000000,2019-12-02 00:20:54.195389,2019-12-02 00:21:05.160322,,,,Onsite,2,42,46,-1 days +22:45:55.000000000,0 days 00:20:10.160322000
1,2019-12-02 01:04:00.000000,2019-12-02 01:04:30.000000,2019-12-02 01:19:39.275920,2019-12-02 01:19:58.302085,,,,Onsite,2,42,46,0 days 00:00:30.000000000,0 days 00:15:28.302085000
2,2019-12-02 02:17:00.000000,2019-12-02 02:17:25.000000,2019-12-02 02:34:18.464880,2019-12-02 02:34:43.464880,2019-12-02 03:06:56.329879,2019-12-02 03:07:21.329879,2019-12-02 03:24:23.338786,Replace,2,42,46,0 days 00:00:25.000000000,0 days 00:17:18.464880000
3,2019-12-02 03:15:00.000000,2019-12-02 03:15:45.000000,2019-12-02 03:24:26.187478,2019-12-02 03:25:11.187478,2019-12-02 04:05:02.027426,2019-12-02 04:05:47.027426,2019-12-02 04:25:33.524870,Replace,2,42,46,0 days 00:00:45.000000000,0 days 00:09:26.187478000
4,2019-12-02 04:28:00.000000,2019-12-02 04:28:30.000000,2019-12-02 04:48:55.959628,2019-12-02 04:49:25.959628,2019-12-02 05:42:45.343777,2019-12-02 05:43:15.343777,2019-12-02 05:58:17.493741,Replace,2,42,46,0 days 00:00:30.000000000,0 days 00:20:55.959628000
5,2019-12-02 05:41:00.000000,2019-12-02 05:41:35.000000,2019-12-02 05:54:01.246944,2019-12-02 05:54:20.303497,,,,Onsite,2,42,46,0 days 00:00:35.000000000,0 days 00:12:45.303497000
6,2019-12-02 06:57:00.000000,2019-12-02 06:57:35.000000,2019-12-02 07:12:14.967793,2019-12-02 07:12:38.147052,,,,Onsite,2,42,46,0 days 00:00:35.000000000,0 days 00:15:03.147052000
7,2019-12-02 08:23:00.000000,2019-12-02 08:23:45.000000,2019-12-02 08:39:32.862666,2019-12-02 08:40:17.862666,2019-12-02 09:08:14.237322,2019-12-02 09:08:59.237322,2019-12-02 09:28:34.792464,Replace,2,42,46,0 days 00:00:45.000000000,0 days 00:16:32.862666000
8,2019-12-02 09:31:00.000000,2019-12-02 09:31:45.000000,2019-12-02 09:53:40.731933,2019-12-02 09:54:06.756718,,,,Onsite,2,42,46,0 days 00:00:45.000000000,0 days 00:22:21.756718000
9,2019-12-02 10:38:00.000000,2019-12-02 10:38:45.000000,2019-12-02 10:53:55.456595,2019-12-02 10:54:40.456595,2019-12-02 11:25:20.203454,2019-12-02 11:26:05.203454,2019-12-02 11:43:02.785000,Replace,2,42,46,0 days 00:00:45.000000000,0 days 00:15:55.456595000
10,2019-12-02 11:36:00.000000,2019-12-02 11:36:45.000000,2019-12-02 11:53:14.554918,2019-12-02 11:53:59.554918,2019-12-02 12:32:02.293541,2019-12-02 12:32:47.293541,2019-12-02 12:46:55.692401,Replace,2,42,46,0 days 00:00:45.000000000,0 days 00:17:14.554918000
11,2019-12-02 12:33:00.000000,2019-12-02 12:33:35.000000,2019-12-02 12:47:01.108775,2019-12-02 12:47:36.108775,2019-12-02 13:17:37.522771,2019-12-02 13:18:12.522771,2019-12-02 13:34:52.754552,Replace,2,42,46,0 days 00:00:35.000000000,0 days 00:14:01.108775000
12,2019-12-02 13:36:00.000000,2019-12-02 13:36:35.000000,2019-12-02 13:59:07.028666,2019-12-02 13:59:42.028666,2019-12-02 14:41:20.130912,2019-12-02 14:41:55.130912,2019-12-02 14:55:28.113219,Replace,2,42,46,0 days 00:00:35.000000000,0 days 00:23:07.028666000
13,2019-12-02 14:53:00.000000,2019-12-02 14:53:35.000000,2019-12-02 15:06:37.992522,2019-12-02 15:07:12.992522,2019-12-02 15:41:09.747372,2019-12-02 15:41:44.747372,2019-12-02 15:56:33.637843,Replace,2,42,46,0 days 00:00:35.000000000,0 days 00:13:37.992522000
14,2019-12-02 15:58:00.000000,2019-12-02 15:58:55.000000,2019-12-02 16:17:14.026178,2019-12-02 16:17:17.307946,,,,Onsite,2,42,46,0 days 00:00:55.000000000,0 days 00:18:22.307946000
15,2019-12-02 16:56:00.000000,2019-12-02 16:56:35.000000,2019-12-02 17:15:16.125717,2019-12-02 17:15:51.125717,2019-12-02 17:55:44.986447,2019-12-02 17:56:19.986447,2019-12-02 18:18:36.253398,Replace,2,42,46,0 days 00:00:35.000000000,0 days 00:19:16.125717000
16,2019-12-02 18:07:00.000000,2019-12-02 18:07:45.000000,2019-12-02 18:26:40.106133,2019-12-02 18:26:50.631703,,,,Onsite,2,42,46,0 days 00:00:45.000000000,0 days 00:19:05.631703000
17,2019-12-02 19:08:00.000000,2019-12-02 19:08:45.000000,2019-12-02 19:26:18.250950,2019-12-02 19:26:30.150439,,,,Onsite,2,42,46,0 days 00:00:45.000000000,0 days 00:17:45.150439000
18,2019-12-02 20:27:00.000000,2019-12-02 20:27:55.000000,2019-12-02 20:43:49.316116,2019-12-02 20:43:53.704346,,,,Onsite,2,42,46,0 days 00:00:55.000000000,0 days 00:15:58.704346000
0,2019-12-02 01:01:00.000000,2019-12-02 00:00:45.000000,2019-12-02 00:16:11.023903,2019-12-02 00:16:38.611290,,,,Onsite,3,42,46,-1 days +22:59:45.000000000,0 days 00:15:53.611290000
1,2019-12-02 01:08:00.000000,2019-12-02 01:08:35.000000,2019-12-02 01:25:19.928860,2019-12-02 01:25:54.928860,2019-12-02 02:01:23.864922,2019-12-02 02:01:58.864922,2019-12-02 02:19:33.975485,Replace,3,42,46,0 days 00:00:35.000000000,0 days 00:17:19.928860000
2,2019-12-02 02:15:00.000000,2019-12-02 02:15:45.000000,2019-12-02 02:28:10.669410,2019-12-02 02:28:55.669410,2019-12-02 02:57:44.336081,2019-12-02 02:58:29.336081,2019-12-02 03:12:35.423811,Replace,3,42,46,0 days 00:00:45.000000000,0 days 00:13:10.669410000
3,2019-12-02 03:27:00.000000,2019-12-02 03:27:45.000000,2019-12-02 03:44:03.148394,2019-12-02 03:44:48.148394,2019-12-02 04:17:15.067409,2019-12-02 04:18:00.067409,2019-12-02 04:32:27.119688,Replace,3,42,46,0 days 00:00:45.000000000,0 days 00:17:03.148394000
4,2019-12-02 04:21:00.000000,2019-12-02 04:21:30.000000,2019-12-02 04:37:15.231968,2019-12-02 04:37:45.231968,2019-12-02 05:07:31.332093,2019-12-02 05:08:01.332093,2019-12-02 05:29:30.332415,Replace,3,42,46,0 days 00:00:30.000000000,0 days 00:16:15.231968000
5,2019-12-02 05:20:00.000000,2019-12-02 05:20:55.000000,2019-12-02 05:34:22.106290,2019-12-02 05:34:40.013155,,,,Onsite,3,42,46,0 days 00:00:55.000000000,0 days 00:13:45.013155000
6,2019-12-02 06:36:00.000000,2019-12-02 06:36:35.000000,2019-12-02 06:57:07.206054,2019-12-02 06:57:42.206054,2019-12-02 07:39:11.415506,2019-12-02 07:39:46.415506,2019-12-02 07:55:50.887843,Replace,3,42,46,0 days 00:00:35.000000000,0 days 00:21:07.206054000
7,2019-12-02 08:12:00.000000,2019-12-02 08:12:45.000000,2019-12-02 08:26:48.833058,2019-12-02 08:27:33.833058,2019-12-02 09:06:26.555154,2019-12-02 09:07:11.555154,2019-12-02 09:24:53.258869,Replace,3,42,46,0 days 00:00:45.000000000,0 days 00:14:48.833058000
8,2019-12-02 09:26:00.000000,2019-12-02 09:26:35.000000,2019-12-02 09:44:17.264753,2019-12-02 09:44:52.264753,2019-12-02 10:14:41.084398,2019-12-02 10:15:16.084398,2019-12-02 10:30:22.944619,Replace,3,42,46,0 days 00:00:35.000000000,0 days 00:18:17.264753000
9,2019-12-02 10:24:00.000000,2019-12-02 10:24:35.000000,2019-12-02 10:42:30.480673,2019-12-02 10:42:54.392187,,,,Onsite,3,42,46,0 days 00:00:35.000000000,0 days 00:18:19.392187000
10,2019-12-02 11:30:00.000000,2019-12-02 11:30:55.000000,2019-12-02 11:45:39.149684,2019-12-02 11:45:54.341210,,,,Onsite,3,42,46,0 days 00:00:55.000000000,0 days 00:14:59.341210000
11,2019-12-02 12:33:00.000000,2019-12-02 12:33:35.000000,2019-12-02 12:47:05.740076,2019-12-02 12:47:24.852413,,,,Onsite,3,42,46,0 days 00:00:35.000000000,0 days 00:13:49.852413000
12,2019-12-02 13:49:00.000000,2019-12-02 13:49:30.000000,2019-12-02 14:07:41.260064,2019-12-02 14:08:11.260064,2019-12-02 15:03:10.170380,2019-12-02 15:03:40.170380,2019-12-02 15:15:49.984512,Replace,3,42,46,0 days 00:00:30.000000000,0 days 00:18:41.260064000
13,2019-12-02 14:59:00.000000,2019-12-02 14:59:25.000000,2019-12-02 15:17:31.728510,2019-12-02 15:17:55.750379,,,,Onsite,3,42,46,0 days 00:00:25.000000000,0 days 00:18:30.750379000
14,2019-12-02 16:10:00.000000,2019-12-02 16:10:45.000000,2019-12-02 16:26:50.960547,2019-12-02 16:27:08.243673,,,,Onsite,3,42,46,0 days 00:00:45.000000000,0 days 00:16:23.243673000
15,2019-12-02 17:13:00.000000,2019-12-02 17:13:35.000000,2019-12-02 17:26:23.047655,2019-12-02 17:26:29.555779,,,,Onsite,3,42,46,0 days 00:00:35.000000000,0 days 00:12:54.555779000
16,2019-12-02 18:20:00.000000,2019-12-02 18:20:25.000000,2019-12-02 18:38:18.761274,2019-12-02 18:38:43.761274,2019-12-02 19:01:09.255749,2019-12-02 19:01:34.255749,2019-12-02 19:19:30.961951,Replace,3,42,46,0 days 00:00:25.000000000,0 days 00:18:18.761274000
17,2019-12-02 19:22:00.000000,2019-12-02 19:22:30.000000,2019-12-02 19:40:44.581193,2019-12-02 19:41:14.581193,2019-12-02 20:17:47.081719,2019-12-02 20:18:17.081719,2019-12-02 20:35:21.758377,Replace,3,42,46,0 days 00:00:30.000000000,0 days 00:18:44.581193000
18,2019-12-02 20:29:00.000000,2019-12-02 20:29:30.000000,2019-12-02 20:48:20.592352,2019-12-02 20:48:50.592352,2019-12-02 21:21:47.858594,2019-12-02 21:22:17.858594,2019-12-02 21:37:52.062740,Replace,3,42,46,0 days 00:00:30.000000000,0 days 00:19:20.592352000
19,2019-12-02 21:42:00.000000,2019-12-02 21:42:25.000000,2019-12-02 22:01:15.844155,2019-12-02 22:01:40.844155,2019-12-02 22:29:46.001686,2019-12-02 22:30:11.001686,2019-12-02 22:43:39.109218,Replace,3,42,46,0 days 00:00:25.000000000,0 days 00:19:15.844155000
0,2019-12-02 01:17:00.000000,2019-12-02 00:00:30.000000,2019-12-02 00:15:57.631554,2019-12-02 00:16:27.631554,2019-12-02 00:46:06.203274,2019-12-02 00:46:36.203274,2019-12-02 01:08:34.362419,Replace,4,42,46,-1 days +22:43:30.000000000,0 days 00:15:57.631554000
1,2019-12-02 01:04:00.000000,2019-12-02 01:04:55.000000,2019-12-02 01:15:25.854261,2019-12-02 01:15:38.478111,,,,Onsite,4,42,46,0 days 00:00:55.000000000,0 days 00:10:43.478111000
2,2019-12-02 02:09:00.000000,2019-12-02 02:09:45.000000,2019-12-02 02:24:41.233419,2019-12-02 02:25:26.233419,2019-12-02 03:06:23.740629,2019-12-02 03:07:08.740629,2019-12-02 03:27:48.471698,Replace,4,42,46,0 days 00:00:45.000000000,0 days 00:15:41.233419000
3,2019-12-02 03:22:00.000000,2019-12-02 03:22:45.000000,2019-12-02 03:40:55.534606,2019-12-02 03:41:40.534606,2019-12-02 04:16:58.965757,2019-12-02 04:17:43.965757,2019-12-02 04:30:13.566884,Replace,4,42,46,0 days 00:00:45.000000000,0 days 00:18:55.534606000
4,2019-12-02 04:24:00.000000,2019-12-02 04:24:55.000000,2019-12-02 04:39:02.324721,2019-12-02 04:39:57.324721,2019-12-02 05:16:05.961818,2019-12-02 05:17:00.961818,2019-12-02 05:31:29.211562,Replace,4,42,46,0 days 00:00:55.000000000,0 days 00:15:02.324721000
5,2019-12-02 05:39:00.000000,2019-12-02 05:39:45.000000,2019-12-02 05:55:46.095192,2019-12-02 05:56:31.095192,2019-12-02 06:25:39.853645,2019-12-02 06:26:24.853645,2019-12-02 06:47:59.387180,Replace,4,42,46,0 days 00:00:45.000000000,0 days 00:16:46.095192000
6,2019-12-02 06:41:00.000000,2019-12-02 06:41:45.000000,2019-12-02 06:54:24.589892,2019-12-02 06:55:09.589892,2019-12-02 07:31:00.803047,2019-12-02 07:31:45.803047,2019-12-02 07:52:23.999167,Replace,4,42,46,0 days 00:00:45.000000000,0 days 00:13:24.589892000
7,2019-12-02 07:29:00.000000,2019-12-02 07:29:30.000000,2019-12-02 07:48:52.776548,2019-12-02 07:49:22.776548,2019-12-02 08:39:49.057567,2019-12-02 08:40:19.057567,2019-12-02 08:56:10.854668,Replace,4,42,46,0 days 00:00:30.000000000,0 days 00:19:52.776548000
8,2019-12-02 10:04:00.000000,2019-12-02 10:04:45.000000,2019-12-02 10:20:11.516323,2019-12-02 10:20:22.658161,,,,Onsite,4,42,46,0 days 00:00:45.000000000,0 days 00:15:37.658161000
9,2019-12-02 08:49:00.000000,2019-12-02 08:49:50.000000,2019-12-02 09:06:27.438035,2019-12-02 09:07:17.438035,2019-12-02 09:47:19.253464,2019-12-02 09:48:09.253464,2019-12-02 10:04:20.290230,Replace,4,42,46,0 days 00:00:50.000000000,0 days 00:17:27.438035000
10,2019-12-02 11:10:00.000000,2019-12-02 11:10:45.000000,2019-12-02 11:26:31.804627,2019-12-02 11:27:16.804627,2019-12-02 12:10:01.114678,2019-12-02 12:10:46.114678,2019-12-02 12:23:33.683936,Replace,4,42,46,0 days 00:00:45.000000000,0 days 00:16:31.804627000
11,2019-12-02 12:24:00.000000,2019-12-02 12:24:55.000000,2019-12-02 12:42:03.012657,2019-12-02 12:42:58.012657,2019-12-02 13:24:27.048792,2019-12-02 13:25:22.048792,2019-12-02 13:42:45.694741,Replace,4,42,46,0 days 00:00:55.000000000,0 days 00:18:03.012657000
12,2019-12-02 13:35:00.000000,2019-12-02 13:35:25.000000,2019-12-02 13:51:44.581531,2019-12-02 13:52:09.581531,2019-12-02 14:29:46.820705,2019-12-02 14:30:11.820705,2019-12-02 14:42:27.399902,Replace,4,42,46,0 days 00:00:25.000000000,0 days 00:16:44.581531000
13,2019-12-02 14:59:00.000000,2019-12-02 14:59:35.000000,2019-12-02 15:23:06.577104,2019-12-02 15:23:34.618025,,,,Onsite,4,42,46,0 days 00:00:35.000000000,0 days 00:23:59.618025000
14,2019-12-02 16:00:00.000000,2019-12-02 16:00:45.000000,2019-12-02 16:18:09.345299,2019-12-02 16:18:21.564770,,,,Onsite,4,42,46,0 days 00:00:45.000000000,0 days 00:17:36.564770000
15,2019-12-02 17:14:00.000000,2019-12-02 17:14:35.000000,2019-12-02 17:24:44.802491,2019-12-02 17:25:19.802491,2019-12-02 18:05:28.799897,2019-12-02 18:06:03.799897,2019-12-02 18:22:44.116650,Replace,4,42,46,0 days 00:00:35.000000000,0 days 00:10:44.802491000
16,2019-12-02 18:19:00.000000,2019-12-02 18:19:45.000000,2019-12-02 18:35:42.183666,2019-12-02 18:35:52.536165,,,,Onsite,4,42,46,0 days 00:00:45.000000000,0 days 00:16:07.536165000
17,2019-12-02 19:35:00.000000,2019-12-02 19:35:30.000000,2019-12-02 19:48:58.572536,2019-12-02 19:49:33.267721,,,,Onsite,4,42,46,0 days 00:00:30.000000000,0 days 00:14:03.267721000
18,2019-12-02 20:44:00.000000,2019-12-02 20:44:25.000000,2019-12-02 21:00:24.255442,2019-12-02 21:00:26.749296,,,,Onsite,4,42,46,0 days 00:00:25.000000000,0 days 00:16:01.749296000
0,2019-12-02 01:15:00.000000,2019-12-02 00:00:55.000000,2019-12-02 00:16:54.408953,2019-12-02 00:17:15.602373,,,,Onsite,5,42,46,-1 days +22:45:55.000000000,0 days 00:16:20.602373000
1,2019-12-02 01:12:00.000000,2019-12-02 01:12:50.000000,2019-12-02 01:32:11.586654,2019-12-02 01:33:01.586654,2019-12-02 02:03:32.925687,2019-12-02 02:04:22.925687,2019-12-02 02:20:53.005029,Replace,5,42,46,0 days 00:00:50.000000000,0 days 00:20:11.586654000
2,2019-12-02 02:25:00.000000,2019-12-02 02:25:45.000000,2019-12-02 02:39:49.297783,2019-12-02 02:39:57.530752,,,,Onsite,5,42,46,0 days 00:00:45.000000000,0 days 00:14:12.530752000
3,2019-12-02 03:16:00.000000,2019-12-02 03:16:25.000000,2019-12-02 03:33:41.091559,2019-12-02 03:34:17.092522,,,,Onsite,5,42,46,0 days 00:00:25.000000000,0 days 00:17:52.092522000
4,2019-12-02 04:28:00.000000,2019-12-02 04:28:45.000000,2019-12-02 04:43:03.476611,2019-12-02 04:43:27.457032,,,,Onsite,5,42,46,0 days 00:00:45.000000000,0 days 00:14:42.457032000
5,2019-12-02 05:57:00.000000,2019-12-02 05:57:35.000000,2019-12-02 06:12:13.970764,2019-12-02 06:12:48.970764,2019-12-02 07:00:07.644311,2019-12-02 07:00:42.644311,2019-12-02 07:13:09.523471,Replace,5,42,46,0 days 00:00:35.000000000,0 days 00:15:13.970764000
6,2019-12-02 06:54:00.000000,2019-12-02 06:54:30.000000,2019-12-02 07:11:21.069566,2019-12-02 07:11:33.198006,,,,Onsite,5,42,46,0 days 00:00:30.000000000,0 days 00:17:03.198006000
7,2019-12-02 08:17:00.000000,2019-12-02 08:17:45.000000,2019-12-02 08:32:32.873293,2019-12-02 08:33:17.873293,2019-12-02 09:11:41.914089,2019-12-02 09:12:26.914089,2019-12-02 09:29:15.213486,Replace,5,42,46,0 days 00:00:45.000000000,0 days 00:15:32.873293000
8,2019-12-02 09:24:00.000000,2019-12-02 09:24:35.000000,2019-12-02 09:42:35.316465,2019-12-02 09:43:10.316465,2019-12-02 10:29:38.196277,2019-12-02 10:30:13.196277,2019-12-02 10:44:01.394351,Replace,5,42,46,0 days 00:00:35.000000000,0 days 00:18:35.316465000
9,2019-12-02 10:41:00.000000,2019-12-02 10:41:45.000000,2019-12-02 10:57:18.367692,2019-12-02 10:58:03.367692,2019-12-02 11:40:32.209631,2019-12-02 11:41:17.209631,2019-12-02 12:00:09.147887,Replace,5,42,46,0 days 00:00:45.000000000,0 days 00:16:18.367692000
10,2019-12-02 12:00:00.000000,2019-12-02 12:00:45.000000,2019-12-02 12:23:05.511881,2019-12-02 12:23:50.511881,2019-12-02 13:11:26.638885,2019-12-02 13:12:11.638885,2019-12-02 13:28:17.110225,Replace,5,42,46,0 days 00:00:45.000000000,0 days 00:23:05.511881000
11,2019-12-02 13:10:00.000000,2019-12-02 13:10:35.000000,2019-12-02 13:23:49.041527,2019-12-02 13:24:24.041527,2019-12-02 14:17:10.933282,2019-12-02 14:17:45.933282,2019-12-02 14:30:47.463192,Replace,5,42,46,0 days 00:00:35.000000000,0 days 00:13:49.041527000
12,2019-12-02 14:16:00.000000,2019-12-02 14:16:25.000000,2019-12-02 14:31:24.129000,2019-12-02 14:31:39.129642,,,,Onsite,5,42,46,0 days 00:00:25.000000000,0 days 00:15:14.129642000
13,2019-12-02 16:38:00.000000,2019-12-02 16:38:55.000000,2019-12-02 16:58:36.682541,2019-12-02 16:59:31.682541,2019-12-02 17:28:21.261425,2019-12-02 17:29:16.261425,2019-12-02 17:43:36.486454,Replace,5,42,46,0 days 00:00:55.000000000,0 days 00:20:36.682541000
14,2019-12-02 15:33:00.000000,2019-12-02 15:33:55.000000,2019-12-02 15:48:05.974488,2019-12-02 15:49:00.974488,2019-12-02 16:18:58.229015,2019-12-02 16:19:53.229015,2019-12-02 16:38:31.607428,Replace,5,42,46,0 days 00:00:55.000000000,0 days 00:15:05.974488000
15,2019-12-02 17:56:00.000000,2019-12-02 17:56:30.000000,2019-12-02 18:11:42.998349,2019-12-02 18:12:12.998349,2019-12-02 19:02:37.811928,2019-12-02 19:03:07.811928,2019-12-02 19:14:50.273293,Replace,5,42,46,0 days 00:00:30.000000000,0 days 00:15:42.998349000
16,2019-12-02 19:03:00.000000,2019-12-02 19:03:35.000000,2019-12-02 19:17:01.259396,2019-12-02 19:17:36.259396,2019-12-02 19:46:27.681668,2019-12-02 19:47:02.681668,2019-12-02 20:06:16.945983,Replace,5,42,46,0 days 00:00:35.000000000,0 days 00:14:01.259396000
17,2019-12-02 20:58:00.000000,2019-12-02 20:58:50.000000,2019-12-02 21:16:18.642317,2019-12-02 21:17:08.642317,2019-12-02 21:54:21.048196,2019-12-02 21:55:11.048196,2019-12-02 22:08:55.654441,Replace,5,42,46,0 days 00:00:50.000000000,0 days 00:18:18.642317000
18,2019-12-02 20:03:00.000000,2019-12-02 20:03:35.000000,2019-12-02 20:21:53.069651,2019-12-02 20:22:28.069651,2019-12-02 20:58:35.064899,2019-12-02 20:59:10.064899,2019-12-02 21:12:46.052198,Replace,5,42,46,0 days 00:00:35.000000000,0 days 00:18:53.069651000
19,2019-12-02 22:26:00.000000,2019-12-02 22:26:50.000000,2019-12-02 22:45:24.358053,2019-12-02 22:45:39.871664,,,,Onsite,5,42,46,0 days 00:00:50.000000000,0 days 00:18:49.871664000
0,2019-12-02 01:07:00.000000,2019-12-02 00:00:45.000000,2019-12-02 00:13:49.392071,2019-12-02 00:14:34.392071,2019-12-02 00:52:46.607005,2019-12-02 00:53:31.607005,2019-12-02 01:06:26.881797,Replace,6,42,46,-1 days +22:53:45.000000000,0 days 00:13:49.392071000
1,2019-12-02 01:25:00.000000,2019-12-02 01:25:35.000000,2019-12-02 01:41:53.524702,2019-12-02 01:42:28.524702,2019-12-02 02:15:54.829823,2019-12-02 02:16:29.829823,2019-12-02 02:31:21.326154,Replace,6,42,46,0 days 00:00:35.000000000,0 days 00:16:53.524702000
2,2019-12-02 02:34:00.000000,2019-12-02 02:34:55.000000,2019-12-02 02:52:38.049906,2019-12-02 02:53:33.049906,2019-12-02 03:50:09.294119,2019-12-02 03:51:04.294119,2019-12-02 04:15:39.297060,Replace,6,42,46,0 days 00:00:55.000000000,0 days 00:18:38.049906000
3,2019-12-02 03:39:00.000000,2019-12-02 03:39:55.000000,2019-12-02 03:58:18.583888,2019-12-02 03:58:34.967271,,,,Onsite,6,42,46,0 days 00:00:55.000000000,0 days 00:18:39.967271000
4,2019-12-02 04:39:00.000000,2019-12-02 04:39:25.000000,2019-12-02 04:54:13.605145,2019-12-02 04:54:29.373280,,,,Onsite,6,42,46,0 days 00:00:25.000000000,0 days 00:15:04.373280000
5,2019-12-02 05:52:00.000000,2019-12-02 05:52:35.000000,2019-12-02 06:05:32.774432,2019-12-02 06:05:45.948476,,,,Onsite,6,42,46,0 days 00:00:35.000000000,0 days 00:13:10.948476000
6,2019-12-02 06:51:00.000000,2019-12-02 06:51:50.000000,2019-12-02 07:07:45.591078,2019-12-02 07:08:05.690642,,,,Onsite,6,42,46,0 days 00:00:50.000000000,0 days 00:16:15.690642000
7,2019-12-02 07:59:00.000000,2019-12-02 07:59:50.000000,2019-12-02 08:18:52.494616,2019-12-02 08:19:42.494616,2019-12-02 08:48:59.081765,2019-12-02 08:49:49.081765,2019-12-02 09:09:04.723680,Replace,6,42,46,0 days 00:00:50.000000000,0 days 00:19:52.494616000
8,2019-12-02 09:08:00.000000,2019-12-02 09:08:25.000000,2019-12-02 09:26:11.464989,2019-12-02 09:26:30.787214,,,,Onsite,6,42,46,0 days 00:00:25.000000000,0 days 00:18:05.787214000
9,2019-12-02 10:20:00.000000,2019-12-02 10:20:35.000000,2019-12-02 10:36:29.685724,2019-12-02 10:37:04.685724,2019-12-02 11:12:33.298773,2019-12-02 11:13:08.298773,2019-12-02 11:26:18.738697,Replace,6,42,46,0 days 00:00:35.000000000,0 days 00:16:29.685724000
10,2019-12-02 11:19:00.000000,2019-12-02 11:19:45.000000,2019-12-02 11:37:33.903224,2019-12-02 11:37:41.362723,,,,Onsite,6,42,46,0 days 00:00:45.000000000,0 days 00:17:56.362723000
11,2019-12-02 12:31:00.000000,2019-12-02 12:31:45.000000,2019-12-02 12:50:31.066101,2019-12-02 12:51:16.066101,2019-12-02 13:20:34.892026,2019-12-02 13:21:19.892026,2019-12-02 13:37:13.219871,Replace,6,42,46,0 days 00:00:45.000000000,0 days 00:19:31.066101000
12,2019-12-02 13:49:00.000000,2019-12-02 13:49:50.000000,2019-12-02 14:08:05.565053,2019-12-02 14:08:55.565053,2019-12-02 14:53:00.867089,2019-12-02 14:53:50.867089,2019-12-02 15:11:51.322628,Replace,6,42,46,0 days 00:00:50.000000000,0 days 00:19:05.565053000
13,2019-12-02 15:04:00.000000,2019-12-02 15:04:45.000000,2019-12-02 15:19:20.572806,2019-12-02 15:19:35.683544,,,,Onsite,6,42,46,0 days 00:00:45.000000000,0 days 00:14:50.683544000
14,2019-12-02 16:21:00.000000,2019-12-02 16:21:45.000000,2019-12-02 16:39:17.619519,2019-12-02 16:40:02.619519,2019-12-02 17:08:05.240805,2019-12-02 17:08:50.240805,2019-12-02 17:25:07.540248,Replace,6,42,46,0 days 00:00:45.000000000,0 days 00:18:17.619519000
15,2019-12-02 17:20:00.000000,2019-12-02 17:20:45.000000,2019-12-02 17:44:14.980111,2019-12-02 17:44:59.980111,2019-12-02 18:17:37.768812,2019-12-02 18:18:22.768812,2019-12-02 18:34:37.793570,Replace,6,42,46,0 days 00:00:45.000000000,0 days 00:24:14.980111000
16,2019-12-02 18:19:00.000000,2019-12-02 18:19:55.000000,2019-12-02 18:31:15.436051,2019-12-02 18:31:20.534641,,,,Onsite,6,42,46,0 days 00:00:55.000000000,0 days 00:11:25.534641000
17,2019-12-02 19:27:00.000000,2019-12-02 19:27:25.000000,2019-12-02 19:40:12.310512,2019-12-02 19:40:34.394919,,,,Onsite,6,42,46,0 days 00:00:25.000000000,0 days 00:13:09.394919000
18,2019-12-02 20:37:00.000000,2019-12-02 20:37:45.000000,2019-12-02 20:51:39.760557,2019-12-02 20:52:24.760557,2019-12-02 21:18:13.374783,2019-12-02 21:18:58.374783,2019-12-02 21:42:57.979210,Replace,6,42,46,0 days 00:00:45.000000000,0 days 00:14:39.760557000
19,2019-12-02 21:33:00.000000,2019-12-02 21:33:50.000000,2019-12-02 21:52:59.696403,2019-12-02 21:53:49.696403,2019-12-02 22:35:09.940811,2019-12-02 22:35:59.940811,2019-12-02 22:54:59.936853,Replace,6,42,46,0 days 00:00:50.000000000,0 days 00:19:59.696403000
20,2019-12-02 22:37:00.000000,2019-12-02 22:37:30.000000,2019-12-02 22:56:37.942175,2019-12-02 22:56:55.088434,,,,Onsite,6,42,46,0 days 00:00:30.000000000,0 days 00:19:25.088434000
0,2019-12-02 00:56:00.000000,2019-12-02 00:00:45.000000,2019-12-02 00:22:10.158004,2019-12-02 00:22:55.158004,2019-12-02 00:50:05.885389,2019-12-02 00:50:50.885389,2019-12-02 01:06:36.315480,Replace,7,42,46,-1 days +23:04:45.000000000,0 days 00:22:10.158004000
1,2019-12-02 01:13:00.000000,2019-12-02 01:13:55.000000,2019-12-02 01:31:36.520540,2019-12-02 01:32:31.520540,2019-12-02 02:01:51.334071,2019-12-02 02:02:46.334071,2019-12-02 02:18:13.176115,Replace,7,42,46,0 days 00:00:55.000000000,0 days 00:18:36.520540000
2,2019-12-02 02:24:00.000000,2019-12-02 02:24:45.000000,2019-12-02 02:44:01.810757,2019-12-02 02:44:46.810757,2019-12-02 03:14:33.136059,2019-12-02 03:15:18.136059,2019-12-02 03:29:45.075167,Replace,7,42,46,0 days 00:00:45.000000000,0 days 00:20:01.810757000
3,2019-12-02 03:13:00.000000,2019-12-02 03:13:25.000000,2019-12-02 03:28:09.009279,2019-12-02 03:28:14.678824,,,,Onsite,7,42,46,0 days 00:00:25.000000000,0 days 00:14:49.678824000
4,2019-12-02 04:21:00.000000,2019-12-02 04:21:55.000000,2019-12-02 04:37:34.565618,2019-12-02 04:37:55.808497,,,,Onsite,7,42,46,0 days 00:00:55.000000000,0 days 00:16:00.808497000
5,2019-12-02 05:27:00.000000,2019-12-02 05:27:45.000000,2019-12-02 05:46:15.025679,2019-12-02 05:47:00.025679,2019-12-02 06:33:10.420099,2019-12-02 06:33:55.420099,2019-12-02 06:53:58.382354,Replace,7,42,46,0 days 00:00:45.000000000,0 days 00:19:15.025679000
6,2019-12-02 06:35:00.000000,2019-12-02 06:35:35.000000,2019-12-02 06:47:33.446787,2019-12-02 06:48:08.446787,2019-12-02 07:42:10.942271,2019-12-02 07:42:45.942271,2019-12-02 07:56:16.031839,Replace,7,42,46,0 days 00:00:35.000000000,0 days 00:12:33.446787000
7,2019-12-02 07:38:00.000000,2019-12-02 07:38:35.000000,2019-12-02 07:54:49.975878,2019-12-02 07:55:24.975878,2019-12-02 08:34:26.726614,2019-12-02 08:35:01.726614,2019-12-02 08:47:51.678333,Replace,7,42,46,0 days 00:00:35.000000000,0 days 00:16:49.975878000
8,2019-12-02 08:26:00.000000,2019-12-02 08:26:45.000000,2019-12-02 08:36:30.775239,2019-12-02 08:37:15.775239,2019-12-02 09:16:05.775825,2019-12-02 09:16:50.775825,2019-12-02 09:31:38.524941,Replace,7,42,46,0 days 00:00:45.000000000,0 days 00:10:30.775239000
9,2019-12-02 09:34:00.000000,2019-12-02 09:34:55.000000,2019-12-02 09:55:03.525871,2019-12-02 09:55:25.759012,,,,Onsite,7,42,46,0 days 00:00:55.000000000,0 days 00:20:30.759012000
10,2019-12-02 10:59:00.000000,2019-12-02 10:59:55.000000,2019-12-02 11:14:16.151250,2019-12-02 11:15:11.151250,2019-12-02 11:52:30.942203,2019-12-02 11:53:25.942203,2019-12-02 12:07:18.824553,Replace,7,42,46,0 days 00:00:55.000000000,0 days 00:15:16.151250000
11,2019-12-02 12:17:00.000000,2019-12-02 12:17:45.000000,2019-12-02 12:31:59.371676,2019-12-02 12:32:44.371676,2019-12-02 13:05:37.577059,2019-12-02 13:06:22.577059,2019-12-02 13:22:17.684643,Replace,7,42,46,0 days 00:00:45.000000000,0 days 00:14:59.371676000
12,2019-12-02 13:36:00.000000,2019-12-02 13:36:50.000000,2019-12-02 14:00:57.284668,2019-12-02 14:01:15.825922,,,,Onsite,7,42,46,0 days 00:00:50.000000000,0 days 00:24:25.825922000
13,2019-12-02 14:39:00.000000,2019-12-02 14:39:50.000000,2019-12-02 14:55:11.728765,2019-12-02 14:56:01.728765,2019-12-02 15:38:10.306287,2019-12-02 15:39:00.306287,2019-12-02 16:02:16.893761,Replace,7,42,46,0 days 00:00:50.000000000,0 days 00:16:11.728765000
14,2019-12-02 15:50:00.000000,2019-12-02 15:50:35.000000,2019-12-02 16:04:55.846466,2019-12-02 16:05:30.846466,2019-12-02 16:33:53.827383,2019-12-02 16:34:28.827383,2019-12-02 16:53:04.209495,Replace,7,42,46,0 days 00:00:35.000000000,0 days 00:14:55.846466000
15,2019-12-02 16:59:00.000000,2019-12-02 16:59:50.000000,2019-12-02 17:13:50.497284,2019-12-02 17:14:40.497284,2019-12-02 18:00:37.687554,2019-12-02 18:01:27.687554,2019-12-02 18:17:43.759924,Replace,7,42,46,0 days 00:00:50.000000000,0 days 00:14:50.497284000
16,2019-12-02 18:16:00.000000,2019-12-02 18:16:50.000000,2019-12-02 18:30:38.946344,2019-12-02 18:30:51.036600,,,,Onsite,7,42,46,0 days 00:00:50.000000000,0 days 00:14:01.036600000
17,2019-12-02 19:13:00.000000,2019-12-02 19:13:45.000000,2019-12-02 19:30:34.235293,2019-12-02 19:31:19.235293,2019-12-02 20:07:12.692702,2019-12-02 20:07:57.692702,2019-12-02 20:21:33.983281,Replace,7,42,46,0 days 00:00:45.000000000,0 days 00:17:34.235293000
18,2019-12-02 20:10:00.000000,2019-12-02 20:10:45.000000,2019-12-02 20:25:00.270447,2019-12-02 20:25:45.270447,2019-12-02 21:02:36.774349,2019-12-02 21:03:21.774349,2019-12-02 21:24:47.262040,Replace,7,42,46,0 days 00:00:45.000000000,0 days 00:15:00.270447000
19,2019-12-02 21:22:00.000000,2019-12-02 21:22:55.000000,2019-12-02 21:40:23.402984,2019-12-02 21:41:18.402984,2019-12-02 22:17:00.031555,2019-12-02 22:17:55.031555,2019-12-02 22:32:28.723677,Replace,7,42,46,0 days 00:00:55.000000000,0 days 00:18:23.402984000
0,2019-12-02 01:10:00.000000,2019-12-02 00:00:45.000000,2019-12-02 00:19:02.149280,2019-12-02 00:19:47.149280,2019-12-02 00:58:49.025584,2019-12-02 00:59:34.025584,2019-12-02 01:14:38.720060,Replace,8,42,46,-1 days +22:50:45.000000000,0 days 00:19:02.149280000
1,2019-12-02 01:05:00.000000,2019-12-02 01:05:30.000000,2019-12-02 01:22:34.148757,2019-12-02 01:23:04.148757,2019-12-02 02:02:57.469135,2019-12-02 02:03:27.469135,2019-12-02 02:25:50.132116,Replace,8,42,46,0 days 00:00:30.000000000,0 days 00:17:34.148757000
2,2019-12-02 01:57:00.000000,2019-12-02 01:57:50.000000,2019-12-02 02:09:48.876004,2019-12-02 02:10:38.876004,2019-12-02 02:37:16.056782,2019-12-02 02:38:06.056782,2019-12-02 02:53:56.146869,Replace,8,42,46,0 days 00:00:50.000000000,0 days 00:12:48.876004000
3,2019-12-02 03:04:00.000000,2019-12-02 03:04:35.000000,2019-12-02 03:18:12.865216,2019-12-02 03:18:30.679628,,,,Onsite,8,42,46,0 days 00:00:35.000000000,0 days 00:13:55.679628000
4,2019-12-02 04:02:00.000000,2019-12-02 04:02:25.000000,2019-12-02 04:15:11.258325,2019-12-02 04:15:24.110145,,,,Onsite,8,42,46,0 days 00:00:25.000000000,0 days 00:12:59.110145000
5,2019-12-02 05:13:00.000000,2019-12-02 05:13:45.000000,2019-12-02 05:33:49.337975,2019-12-02 05:33:57.053054,,,,Onsite,8,42,46,0 days 00:00:45.000000000,0 days 00:20:12.053054000
6,2019-12-02 06:28:00.000000,2019-12-02 06:28:45.000000,2019-12-02 06:43:04.077719,2019-12-02 06:43:49.077719,2019-12-02 07:12:14.749015,2019-12-02 07:12:59.749015,2019-12-02 07:31:22.943713,Replace,8,42,46,0 days 00:00:45.000000000,0 days 00:15:04.077719000
7,2019-12-02 07:21:00.000000,2019-12-02 07:21:55.000000,2019-12-02 07:38:01.612380,2019-12-02 07:38:56.612380,2019-12-02 08:10:30.964034,2019-12-02 08:11:25.964034,2019-12-02 08:26:28.865057,Replace,8,42,46,0 days 00:00:55.000000000,0 days 00:17:01.612380000
8,2019-12-02 08:15:00.000000,2019-12-02 08:15:45.000000,2019-12-02 08:28:33.529278,2019-12-02 08:29:18.529278,2019-12-02 08:57:36.812535,2019-12-02 08:58:21.812535,2019-12-02 09:18:14.915679,Replace,8,42,46,0 days 00:00:45.000000000,0 days 00:13:33.529278000
9,2019-12-02 09:29:00.000000,2019-12-02 09:29:30.000000,2019-12-02 09:48:37.435287,2019-12-02 09:49:07.435287,2019-12-02 10:26:16.197598,2019-12-02 10:26:46.197598,2019-12-02 10:40:37.791454,Replace,8,42,46,0 days 00:00:30.000000000,0 days 00:19:37.435287000
10,2019-12-02 10:32:00.000000,2019-12-02 10:32:45.000000,2019-12-02 10:51:44.199325,2019-12-02 10:51:49.223204,,,,Onsite,8,42,46,0 days 00:00:45.000000000,0 days 00:19:04.223204000
11,2019-12-02 11:30:00.000000,2019-12-02 11:30:50.000000,2019-12-02 11:48:05.395308,2019-12-02 11:48:55.395308,2019-12-02 12:33:50.530634,2019-12-02 12:34:40.530634,2019-12-02 12:46:59.556926,Replace,8,42,46,0 days 00:00:50.000000000,0 days 00:18:05.395308000
12,2019-12-02 12:40:00.000000,2019-12-02 12:40:55.000000,2019-12-02 12:57:57.238301,2019-12-02 12:58:52.238301,2019-12-02 13:51:20.068249,2019-12-02 13:52:15.068249,2019-12-02 14:14:18.662583,Replace,8,42,46,0 days 00:00:55.000000000,0 days 00:17:57.238301000
13,2019-12-02 13:31:00.000000,2019-12-02 13:31:35.000000,2019-12-02 13:50:08.484667,2019-12-02 13:50:32.598302,,,,Onsite,8,42,46,0 days 00:00:35.000000000,0 days 00:18:57.598302000
14,2019-12-02 14:32:00.000000,2019-12-02 14:32:35.000000,2019-12-02 14:50:22.681173,2019-12-02 14:50:57.681173,2019-12-02 15:15:34.452262,2019-12-02 15:16:09.452262,2019-12-02 15:34:35.488169,Replace,8,42,46,0 days 00:00:35.000000000,0 days 00:18:22.681173000
15,2019-12-02 15:50:00.000000,2019-12-02 15:50:55.000000,2019-12-02 16:06:46.921004,2019-12-02 16:07:41.921004,2019-12-02 16:34:47.049753,2019-12-02 16:35:42.049753,2019-12-02 16:51:34.344620,Replace,8,42,46,0 days 00:00:55.000000000,0 days 00:16:46.921004000
16,2019-12-02 16:58:00.000000,2019-12-02 16:58:45.000000,2019-12-02 17:09:38.929385,2019-12-02 17:10:23.929385,2019-12-02 17:43:42.150402,2019-12-02 17:44:27.150402,2019-12-02 18:07:39.576318,Replace,8,42,46,0 days 00:00:45.000000000,0 days 00:11:38.929385000
17,2019-12-02 18:16:00.000000,2019-12-02 18:16:30.000000,2019-12-02 18:32:54.624498,2019-12-02 18:33:07.719333,,,,Onsite,8,42,46,0 days 00:00:30.000000000,0 days 00:16:37.719333000
18,2019-12-02 19:17:00.000000,2019-12-02 19:17:45.000000,2019-12-02 19:33:17.184048,2019-12-02 19:33:40.100383,,,,Onsite,8,42,46,0 days 00:00:45.000000000,0 days 00:15:55.100383000
19,2019-12-02 20:16:00.000000,2019-12-02 20:16:35.000000,2019-12-02 20:33:06.879482,2019-12-02 20:33:41.879482,2019-12-02 21:10:11.079987,2019-12-02 21:10:46.079987,2019-12-02 21:21:07.494229,Replace,8,42,46,0 days 00:00:35.000000000,0 days 00:17:06.879482000
20,2019-12-02 21:07:00.000000,2019-12-02 21:07:45.000000,2019-12-02 21:22:43.300279,2019-12-02 21:23:28.300279,2019-12-02 22:01:20.445437,2019-12-02 22:02:05.445437,2019-12-02 22:15:03.625975,Replace,8,42,46,0 days 00:00:45.000000000,0 days 00:15:43.300279000
0,2019-12-02 01:22:00.000000,2019-12-02 00:00:45.000000,2019-12-02 00:19:07.837455,2019-12-02 00:19:24.534713,,,,Onsite,9,42,46,-1 days +22:38:45.000000000,0 days 00:18:39.534713000
1,2019-12-02 00:52:00.000000,2019-12-02 00:52:35.000000,2019-12-02 01:06:41.022182,2019-12-02 01:07:16.022182,2019-12-02 01:42:50.061555,2019-12-02 01:43:25.061555,2019-12-02 01:56:24.583392,Replace,9,42,46,0 days 00:00:35.000000000,0 days 00:14:41.022182000
2,2019-12-02 01:54:00.000000,2019-12-02 01:54:30.000000,2019-12-02 02:07:20.984025,2019-12-02 02:07:38.445950,,,,Onsite,9,42,46,0 days 00:00:30.000000000,0 days 00:13:08.445950000
3,2019-12-02 03:12:00.000000,2019-12-02 03:12:45.000000,2019-12-02 03:25:56.108793,2019-12-02 03:26:41.108793,2019-12-02 04:12:47.692588,2019-12-02 04:13:32.692588,2019-12-02 04:34:36.811176,Replace,9,42,46,0 days 00:00:45.000000000,0 days 00:13:56.108793000
4,2019-12-02 04:19:00.000000,2019-12-02 04:19:50.000000,2019-12-02 04:41:15.701347,2019-12-02 04:41:31.825316,,,,Onsite,9,42,46,0 days 00:00:50.000000000,0 days 00:21:41.825316000
5,2019-12-02 05:37:00.000000,2019-12-02 05:37:55.000000,2019-12-02 05:55:43.042158,2019-12-02 05:56:38.042158,2019-12-02 06:23:20.545085,2019-12-02 06:24:15.545085,2019-12-02 06:42:46.469514,Replace,9,42,46,0 days 00:00:55.000000000,0 days 00:18:43.042158000
6,2019-12-02 06:41:00.000000,2019-12-02 06:41:45.000000,2019-12-02 06:55:53.677551,2019-12-02 06:56:38.677551,2019-12-02 07:26:07.140440,2019-12-02 07:26:52.140440,2019-12-02 07:48:00.822586,Replace,9,42,46,0 days 00:00:45.000000000,0 days 00:14:53.677551000
7,2019-12-02 07:46:00.000000,2019-12-02 07:46:35.000000,2019-12-02 08:00:07.406103,2019-12-02 08:00:27.007261,,,,Onsite,9,42,46,0 days 00:00:35.000000000,0 days 00:13:52.007261000
8,2019-12-02 09:07:00.000000,2019-12-02 09:07:50.000000,2019-12-02 09:24:38.810981,2019-12-02 09:24:45.718916,,,,Onsite,9,42,46,0 days 00:00:50.000000000,0 days 00:16:55.718916000
9,2019-12-02 10:27:00.000000,2019-12-02 10:27:45.000000,2019-12-02 10:41:24.110790,2019-12-02 10:42:09.110790,2019-12-02 11:32:38.853187,2019-12-02 11:33:23.853187,2019-12-02 11:50:01.037541,Replace,9,42,46,0 days 00:00:45.000000000,0 days 00:14:24.110790000
10,2019-12-02 12:02:00.000000,2019-12-02 12:02:45.000000,2019-12-02 12:16:12.339776,2019-12-02 12:16:57.339776,2019-12-02 13:05:04.099311,2019-12-02 13:05:49.099311,2019-12-02 13:21:42.213505,Replace,9,42,46,0 days 00:00:45.000000000,0 days 00:14:12.339776000
11,2019-12-02 12:54:00.000000,2019-12-02 12:54:25.000000,2019-12-02 13:15:39.511880,2019-12-02 13:16:04.511880,2019-12-02 14:02:48.349861,2019-12-02 14:03:13.349861,2019-12-02 14:23:20.927665,Replace,9,42,46,0 days 00:00:25.000000000,0 days 00:21:39.511880000
12,2019-12-02 14:08:00.000000,2019-12-02 14:08:30.000000,2019-12-02 14:24:47.842928,2019-12-02 14:25:04.553048,,,,Onsite,9,42,46,0 days 00:00:30.000000000,0 days 00:16:34.553048000
13,2019-12-02 14:57:00.000000,2019-12-02 14:57:35.000000,2019-12-02 15:13:04.913926,2019-12-02 15:13:15.137677,,,,Onsite,9,42,46,0 days 00:00:35.000000000,0 days 00:15:40.137677000
14,2019-12-02 16:16:00.000000,2019-12-02 16:16:30.000000,2019-12-02 16:35:22.196507,2019-12-02 16:35:52.196507,2019-12-02 17:12:06.183048,2019-12-02 17:12:36.183048,2019-12-02 17:30:13.571874,Replace,9,42,46,0 days 00:00:30.000000000,0 days 00:19:22.196507000
15,2019-12-02 17:23:00.000000,2019-12-02 17:23:45.000000,2019-12-02 17:36:36.113230,2019-12-02 17:37:21.113230,2019-12-02 18:08:21.311608,2019-12-02 18:09:06.311608,2019-12-02 18:21:20.328226,Replace,9,42,46,0 days 00:00:45.000000000,0 days 00:13:36.113230000
16,2019-12-02 18:30:00.000000,2019-12-02 18:30:30.000000,2019-12-02 18:48:03.064993,2019-12-02 18:48:33.064993,2019-12-02 19:22:37.590198,2019-12-02 19:23:07.590198,2019-12-02 19:41:18.842346,Replace,9,42,46,0 days 00:00:30.000000000,0 days 00:18:03.064993000
17,2019-12-02 19:35:00.000000,2019-12-02 19:35:55.000000,2019-12-02 19:53:40.668488,2019-12-02 19:54:35.668488,2019-12-02 20:49:27.981160,2019-12-02 20:50:22.981160,2019-12-02 21:05:12.478828,Replace,9,42,46,0 days 00:00:55.000000000,0 days 00:18:40.668488000
18,2019-12-02 20:32:00.000000,2019-12-02 20:32:30.000000,2019-12-02 20:49:56.369851,2019-12-02 20:50:26.369851,2019-12-02 21:13:46.538198,2019-12-02 21:14:16.538198,2019-12-02 21:27:08.045451,Replace,9,42,46,0 days 00:00:30.000000000,0 days 00:17:56.369851000
19,2019-12-02 21:43:00.000000,2019-12-02 21:43:45.000000,2019-12-02 22:05:21.894769,2019-12-02 22:06:06.894769,2019-12-02 22:34:59.220322,2019-12-02 22:35:44.220322,2019-12-02 22:52:33.406965,Replace,9,42,46,0 days 00:00:45.000000000,0 days 00:22:21.894769000
20,2019-12-02 22:40:00.000000,2019-12-02 22:40:55.000000,2019-12-02 22:55:07.762374,2019-12-02 22:55:24.945467,,,,Onsite,9,42,46,0 days 00:00:55.000000000,0 days 00:14:29.945467000
0,2019-12-02 00:55:00.000000,2019-12-02 00:00:45.000000,2019-12-02 00:15:46.429539,2019-12-02 00:16:31.429539,2019-12-02 00:57:26.163095,2019-12-02 00:58:11.163095,2019-12-02 01:19:24.117742,Replace,1,42,47,-1 days +23:05:45.000000000,0 days 00:15:46.429539000
1,2019-12-02 01:03:00.000000,2019-12-02 01:03:45.000000,2019-12-02 01:19:33.187242,2019-12-02 01:20:18.187242,2019-12-02 01:43:21.580933,2019-12-02 01:44:06.580933,2019-12-02 01:59:49.857654,Replace,1,42,47,0 days 00:00:45.000000000,0 days 00:16:33.187242000
2,2019-12-02 03:15:00.000000,2019-12-02 03:15:45.000000,2019-12-02 03:29:00.467313,2019-12-02 03:29:45.467313,2019-12-02 03:54:25.075496,2019-12-02 03:55:10.075496,2019-12-02 04:12:36.753635,Replace,1,42,47,0 days 00:00:45.000000000,0 days 00:14:00.467313000
3,2019-12-02 02:17:00.000000,2019-12-02 02:17:35.000000,2019-12-02 02:39:41.202036,2019-12-02 02:40:16.202036,2019-12-02 03:15:08.738575,2019-12-02 03:15:43.738575,2019-12-02 03:29:49.567858,Replace,1,42,47,0 days 00:00:35.000000000,0 days 00:22:41.202036000
4,2019-12-02 04:28:00.000000,2019-12-02 04:28:55.000000,2019-12-02 04:41:54.491021,2019-12-02 04:42:49.491021,2019-12-02 05:25:35.809583,2019-12-02 05:26:30.809583,2019-12-02 05:41:06.892525,Replace,1,42,47,0 days 00:00:55.000000000,0 days 00:13:54.491021000
5,2019-12-02 05:21:00.000000,2019-12-02 05:21:55.000000,2019-12-02 05:34:25.387464,2019-12-02 05:35:20.387464,2019-12-02 06:07:10.840572,2019-12-02 06:08:05.840572,2019-12-02 06:25:54.128407,Replace,1,42,47,0 days 00:00:55.000000000,0 days 00:13:25.387464000
6,2019-12-02 06:21:00.000000,2019-12-02 06:21:50.000000,2019-12-02 06:37:55.534844,2019-12-02 06:38:45.534844,2019-12-02 07:23:51.567816,2019-12-02 07:24:41.567816,2019-12-02 07:35:55.571062,Replace,1,42,47,0 days 00:00:50.000000000,0 days 00:16:55.534844000
7,2019-12-02 07:24:00.000000,2019-12-02 07:24:35.000000,2019-12-02 07:41:03.473419,2019-12-02 07:41:38.473419,2019-12-02 08:08:20.414861,2019-12-02 08:08:55.414861,2019-12-02 08:22:16.825684,Replace,1,42,47,0 days 00:00:35.000000000,0 days 00:17:03.473419000
8,2019-12-02 08:22:00.000000,2019-12-02 08:22:30.000000,2019-12-02 08:36:38.261426,2019-12-02 08:37:08.261426,2019-12-02 09:16:27.364536,2019-12-02 09:16:57.364536,2019-12-02 09:38:14.035410,Replace,1,42,47,0 days 00:00:30.000000000,0 days 00:14:38.261426000
9,2019-12-02 09:13:00.000000,2019-12-02 09:13:50.000000,2019-12-02 09:32:59.745484,2019-12-02 09:33:10.012181,,,,Onsite,1,42,47,0 days 00:00:50.000000000,0 days 00:19:20.012181000
10,2019-12-02 10:49:00.000000,2019-12-02 10:49:35.000000,2019-12-02 11:10:33.537100,2019-12-02 11:11:08.537100,2019-12-02 11:40:00.797911,2019-12-02 11:40:35.797911,2019-12-02 11:55:16.419294,Replace,1,42,47,0 days 00:00:35.000000000,0 days 00:21:33.537100000
11,2019-12-02 12:18:00.000000,2019-12-02 12:18:45.000000,2019-12-02 12:31:31.999888,2019-12-02 12:31:47.551839,,,,Onsite,1,42,47,0 days 00:00:45.000000000,0 days 00:13:02.551839000
12,2019-12-02 13:36:00.000000,2019-12-02 13:36:35.000000,2019-12-02 13:55:55.608833,2019-12-02 13:56:24.021080,,,,Onsite,1,42,47,0 days 00:00:35.000000000,0 days 00:19:49.021080000
13,2019-12-02 14:43:00.000000,2019-12-02 14:43:50.000000,2019-12-02 14:58:12.827730,2019-12-02 14:59:02.827730,2019-12-02 15:38:14.493499,2019-12-02 15:39:04.493499,2019-12-02 15:55:41.007295,Replace,1,42,47,0 days 00:00:50.000000000,0 days 00:15:12.827730000
14,2019-12-02 15:57:00.000000,2019-12-02 15:57:30.000000,2019-12-02 16:16:50.747103,2019-12-02 16:17:20.747103,2019-12-02 16:52:57.208293,2019-12-02 16:53:27.208293,2019-12-02 17:06:12.712382,Replace,1,42,47,0 days 00:00:30.000000000,0 days 00:19:50.747103000
15,2019-12-02 17:17:00.000000,2019-12-02 17:17:35.000000,2019-12-02 17:28:42.062938,2019-12-02 17:29:17.062938,2019-12-02 18:10:36.024270,2019-12-02 18:11:11.024270,2019-12-02 18:25:01.797681,Replace,1,42,47,0 days 00:00:35.000000000,0 days 00:11:42.062938000
16,2019-12-02 18:36:00.000000,2019-12-02 18:36:30.000000,2019-12-02 18:53:20.101392,2019-12-02 18:53:24.837852,,,,Onsite,1,42,47,0 days 00:00:30.000000000,0 days 00:16:54.837852000
17,2019-12-02 19:41:00.000000,2019-12-02 19:41:45.000000,2019-12-02 19:59:03.638253,2019-12-02 19:59:48.638253,2019-12-02 20:32:30.908909,2019-12-02 20:33:15.908909,2019-12-02 20:48:48.509238,Replace,1,42,47,0 days 00:00:45.000000000,0 days 00:18:03.638253000
18,2019-12-02 20:45:00.000000,2019-12-02 20:45:55.000000,2019-12-02 21:05:09.700496,2019-12-02 21:06:04.700496,2019-12-02 21:43:33.891311,2019-12-02 21:44:28.891311,2019-12-02 21:59:05.699201,Replace,1,42,47,0 days 00:00:55.000000000,0 days 00:20:09.700496000
19,2019-12-02 22:00:00.000000,2019-12-02 22:00:35.000000,2019-12-02 22:19:35.717301,2019-12-02 22:19:53.855262,,,,Onsite,1,42,47,0 days 00:00:35.000000000,0 days 00:19:18.855262000
0,2019-12-02 00:57:00.000000,2019-12-02 00:00:50.000000,2019-12-02 00:13:53.336701,2019-12-02 00:14:43.336701,2019-12-02 00:49:39.978063,2019-12-02 00:50:29.978063,2019-12-02 01:09:36.902614,Replace,2,42,47,-1 days +23:03:50.000000000,0 days 00:13:53.336701000
1,2019-12-02 01:08:00.000000,2019-12-02 01:08:45.000000,2019-12-02 01:29:01.918536,2019-12-02 01:29:31.690045,,,,Onsite,2,42,47,0 days 00:00:45.000000000,0 days 00:20:46.690045000
2,2019-12-02 02:21:00.000000,2019-12-02 02:21:45.000000,2019-12-02 02:40:12.865581,2019-12-02 02:40:57.865581,2019-12-02 03:24:19.485678,2019-12-02 03:25:04.485678,2019-12-02 03:36:41.132644,Replace,2,42,47,0 days 00:00:45.000000000,0 days 00:19:12.865581000
3,2019-12-02 03:17:00.000000,2019-12-02 03:17:55.000000,2019-12-02 03:31:29.580740,2019-12-02 03:31:40.922373,,,,Onsite,2,42,47,0 days 00:00:55.000000000,0 days 00:13:45.922373000
4,2019-12-02 04:33:00.000000,2019-12-02 04:33:45.000000,2019-12-02 04:47:13.525776,2019-12-02 04:47:58.525776,2019-12-02 05:14:26.141843,2019-12-02 05:15:11.141843,2019-12-02 05:29:01.677829,Replace,2,42,47,0 days 00:00:45.000000000,0 days 00:14:13.525776000
5,2019-12-02 05:54:00.000000,2019-12-02 05:54:35.000000,2019-12-02 06:13:38.128494,2019-12-02 06:14:13.128494,2019-12-02 06:44:23.869326,2019-12-02 06:44:58.869326,2019-12-02 06:56:28.518915,Replace,2,42,47,0 days 00:00:35.000000000,0 days 00:19:38.128494000
6,2019-12-02 07:13:00.000000,2019-12-02 07:13:35.000000,2019-12-02 07:31:29.304917,2019-12-02 07:32:04.304917,2019-12-02 08:02:49.230336,2019-12-02 08:03:24.230336,2019-12-02 08:21:22.713368,Replace,2,42,47,0 days 00:00:35.000000000,0 days 00:18:29.304917000
7,2019-12-02 08:25:00.000000,2019-12-02 08:25:45.000000,2019-12-02 08:37:20.140546,2019-12-02 08:37:34.344970,,,,Onsite,2,42,47,0 days 00:00:45.000000000,0 days 00:11:49.344970000
8,2019-12-02 09:38:00.000000,2019-12-02 09:38:30.000000,2019-12-02 09:49:21.478883,2019-12-02 09:49:51.478883,2019-12-02 10:45:16.210681,2019-12-02 10:45:46.210681,2019-12-02 11:05:48.080243,Replace,2,42,47,0 days 00:00:30.000000000,0 days 00:11:21.478883000
9,2019-12-02 10:33:00.000000,2019-12-02 10:33:35.000000,2019-12-02 10:52:10.105412,2019-12-02 10:52:45.105412,2019-12-02 11:31:13.802571,2019-12-02 11:31:48.802571,2019-12-02 11:44:59.896388,Replace,2,42,47,0 days 00:00:35.000000000,0 days 00:19:10.105412000
10,2019-12-02 11:52:00.000000,2019-12-02 11:52:35.000000,2019-12-02 12:06:46.952625,2019-12-02 12:06:53.225758,,,,Onsite,2,42,47,0 days 00:00:35.000000000,0 days 00:14:18.225758000
11,2019-12-02 13:11:00.000000,2019-12-02 13:11:45.000000,2019-12-02 13:29:23.387401,2019-12-02 13:30:08.387401,2019-12-02 14:07:07.618053,2019-12-02 14:07:52.618053,2019-12-02 14:23:51.804433,Replace,2,42,47,0 days 00:00:45.000000000,0 days 00:18:23.387401000
12,2019-12-02 14:28:00.000000,2019-12-02 14:28:45.000000,2019-12-02 14:45:08.444622,2019-12-02 14:45:35.553884,,,,Onsite,2,42,47,0 days 00:00:45.000000000,0 days 00:16:50.553884000
13,2019-12-02 15:28:00.000000,2019-12-02 15:28:50.000000,2019-12-02 15:39:42.434288,2019-12-02 15:40:05.276296,,,,Onsite,2,42,47,0 days 00:00:50.000000000,0 days 00:11:15.276296000
14,2019-12-02 16:42:00.000000,2019-12-02 16:42:35.000000,2019-12-02 17:01:32.618055,2019-12-02 17:01:45.678338,,,,Onsite,2,42,47,0 days 00:00:35.000000000,0 days 00:19:10.678338000
15,2019-12-02 17:53:00.000000,2019-12-02 17:53:30.000000,2019-12-02 18:13:17.018611,2019-12-02 18:13:24.403000,,,,Onsite,2,42,47,0 days 00:00:30.000000000,0 days 00:19:54.403000000
16,2019-12-02 18:52:00.000000,2019-12-02 18:52:35.000000,2019-12-02 19:09:51.168343,2019-12-02 19:10:26.168343,2019-12-02 19:39:00.069881,2019-12-02 19:39:35.069881,2019-12-02 19:59:56.783262,Replace,2,42,47,0 days 00:00:35.000000000,0 days 00:17:51.168343000
17,2019-12-02 20:25:00.000000,2019-12-02 20:25:45.000000,2019-12-02 20:44:56.424725,2019-12-02 20:45:41.424725,2019-12-02 21:15:16.735789,2019-12-02 21:16:01.735789,2019-12-02 21:29:23.190245,Replace,2,42,47,0 days 00:00:45.000000000,0 days 00:19:56.424725000
18,2019-12-02 21:37:00.000000,2019-12-02 21:37:50.000000,2019-12-02 21:52:57.977545,2019-12-02 21:53:23.893736,,,,Onsite,2,42,47,0 days 00:00:50.000000000,0 days 00:15:33.893736000
0,2019-12-02 00:53:00.000000,2019-12-02 00:00:55.000000,2019-12-02 00:16:47.406457,2019-12-02 00:17:42.406457,2019-12-02 00:50:21.284605,2019-12-02 00:51:16.284605,2019-12-02 01:08:36.457326,Replace,3,42,47,-1 days +23:07:55.000000000,0 days 00:16:47.406457000
1,2019-12-02 01:07:00.000000,2019-12-02 01:07:45.000000,2019-12-02 01:27:03.571720,2019-12-02 01:27:48.571720,2019-12-02 02:07:55.085366,2019-12-02 02:08:40.085366,2019-12-02 02:24:51.697713,Replace,3,42,47,0 days 00:00:45.000000000,0 days 00:20:03.571720000
2,2019-12-02 02:15:00.000000,2019-12-02 02:15:35.000000,2019-12-02 02:31:10.714449,2019-12-02 02:31:45.714449,2019-12-02 02:53:53.258233,2019-12-02 02:54:28.258233,2019-12-02 03:13:23.970239,Replace,3,42,47,0 days 00:00:35.000000000,0 days 00:16:10.714449000
3,2019-12-02 03:25:00.000000,2019-12-02 03:25:55.000000,2019-12-02 03:45:47.628747,2019-12-02 03:46:42.628747,2019-12-02 04:20:14.072461,2019-12-02 04:21:09.072461,2019-12-02 04:40:33.229478,Replace,3,42,47,0 days 00:00:55.000000000,0 days 00:20:47.628747000
4,2019-12-02 04:26:00.000000,2019-12-02 04:26:45.000000,2019-12-02 04:41:22.005686,2019-12-02 04:42:07.005686,2019-12-02 05:30:17.279050,2019-12-02 05:31:02.279050,2019-12-02 05:46:42.904324,Replace,3,42,47,0 days 00:00:45.000000000,0 days 00:15:22.005686000
5,2019-12-02 05:32:00.000000,2019-12-02 05:32:55.000000,2019-12-02 05:48:58.619122,2019-12-02 05:49:53.619122,2019-12-02 06:18:38.217711,2019-12-02 06:19:33.217711,2019-12-02 06:32:21.083747,Replace,3,42,47,0 days 00:00:55.000000000,0 days 00:16:58.619122000
6,2019-12-02 06:46:00.000000,2019-12-02 06:46:55.000000,2019-12-02 07:02:32.205038,2019-12-02 07:03:27.205038,2019-12-02 07:38:20.170176,2019-12-02 07:39:15.170176,2019-12-02 07:51:34.194631,Replace,3,42,47,0 days 00:00:55.000000000,0 days 00:16:32.205038000
7,2019-12-02 07:44:00.000000,2019-12-02 07:44:50.000000,2019-12-02 07:59:41.765219,2019-12-02 07:59:52.685579,,,,Onsite,3,42,47,0 days 00:00:50.000000000,0 days 00:15:02.685579000
8,2019-12-02 08:49:00.000000,2019-12-02 08:49:55.000000,2019-12-02 09:01:13.412202,2019-12-02 09:02:08.412202,2019-12-02 09:41:25.973608,2019-12-02 09:42:20.973608,2019-12-02 10:00:39.028468,Replace,3,42,47,0 days 00:00:55.000000000,0 days 00:12:13.412202000
9,2019-12-02 09:54:00.000000,2019-12-02 09:54:55.000000,2019-12-02 10:10:33.044426,2019-12-02 10:11:06.070864,,,,Onsite,3,42,47,0 days 00:00:55.000000000,0 days 00:16:11.070864000
10,2019-12-02 10:51:00.000000,2019-12-02 10:51:55.000000,2019-12-02 11:09:55.209372,2019-12-02 11:10:14.670690,,,,Onsite,3,42,47,0 days 00:00:55.000000000,0 days 00:18:19.670690000
11,2019-12-02 12:08:00.000000,2019-12-02 12:08:55.000000,2019-12-02 12:20:28.464812,2019-12-02 12:21:23.464812,2019-12-02 13:02:55.534234,2019-12-02 13:03:50.534234,2019-12-02 13:20:06.570973,Replace,3,42,47,0 days 00:00:55.000000000,0 days 00:12:28.464812000
12,2019-12-02 12:58:00.000000,2019-12-02 12:58:35.000000,2019-12-02 13:15:41.605658,2019-12-02 13:16:16.605658,2019-12-02 13:43:56.054319,2019-12-02 13:44:31.054319,2019-12-02 14:01:11.797806,Replace,3,42,47,0 days 00:00:35.000000000,0 days 00:17:41.605658000
13,2019-12-02 14:14:00.000000,2019-12-02 14:14:50.000000,2019-12-02 14:31:59.298624,2019-12-02 14:32:49.298624,2019-12-02 15:18:59.293198,2019-12-02 15:19:49.293198,2019-12-02 15:38:22.832421,Replace,3,42,47,0 days 00:00:50.000000000,0 days 00:17:59.298624000
14,2019-12-02 15:23:00.000000,2019-12-02 15:23:30.000000,2019-12-02 15:37:07.389164,2019-12-02 15:37:37.389164,2019-12-02 16:15:54.825705,2019-12-02 16:16:24.825705,2019-12-02 16:38:35.586846,Replace,3,42,47,0 days 00:00:30.000000000,0 days 00:14:07.389164000
15,2019-12-02 16:34:00.000000,2019-12-02 16:34:30.000000,2019-12-02 16:48:12.425004,2019-12-02 16:48:42.425004,2019-12-02 17:18:50.743923,2019-12-02 17:19:20.743923,2019-12-02 17:32:29.222409,Replace,3,42,47,0 days 00:00:30.000000000,0 days 00:14:12.425004000
16,2019-12-02 17:43:00.000000,2019-12-02 17:43:55.000000,2019-12-02 17:57:34.523180,2019-12-02 17:58:29.523180,2019-12-02 18:42:48.685816,2019-12-02 18:43:43.685816,2019-12-02 19:04:47.409456,Replace,3,42,47,0 days 00:00:55.000000000,0 days 00:14:34.523180000
17,2019-12-02 19:02:00.000000,2019-12-02 19:02:45.000000,2019-12-02 19:16:58.574534,2019-12-02 19:17:03.155725,,,,Onsite,3,42,47,0 days 00:00:45.000000000,0 days 00:14:18.155725000
18,2019-12-02 20:10:00.000000,2019-12-02 20:10:35.000000,2019-12-02 20:24:04.580672,2019-12-02 20:24:18.844281,,,,Onsite,3,42,47,0 days 00:00:35.000000000,0 days 00:13:43.844281000
19,2019-12-02 21:06:00.000000,2019-12-02 21:06:45.000000,2019-12-02 21:21:38.574714,2019-12-02 21:22:23.574714,2019-12-02 22:10:21.940232,2019-12-02 22:11:06.940232,2019-12-02 22:26:41.576435,Replace,3,42,47,0 days 00:00:45.000000000,0 days 00:15:38.574714000
0,2019-12-02 01:03:00.000000,2019-12-02 00:00:55.000000,2019-12-02 00:17:15.742413,2019-12-02 00:18:10.742413,2019-12-02 00:44:53.596441,2019-12-02 00:45:48.596441,2019-12-02 01:02:21.920728,Replace,4,42,47,-1 days +22:57:55.000000000,0 days 00:17:15.742413000
1,2019-12-02 01:04:00.000000,2019-12-02 01:04:35.000000,2019-12-02 01:17:41.224750,2019-12-02 01:18:16.224750,2019-12-02 01:55:45.161059,2019-12-02 01:56:20.161059,2019-12-02 02:12:16.752908,Replace,4,42,47,0 days 00:00:35.000000000,0 days 00:13:41.224750000
2,2019-12-02 02:15:00.000000,2019-12-02 02:15:30.000000,2019-12-02 02:24:46.221273,2019-12-02 02:25:16.221273,2019-12-02 02:46:27.617065,2019-12-02 02:46:57.617065,2019-12-02 03:03:47.107311,Replace,4,42,47,0 days 00:00:30.000000000,0 days 00:09:46.221273000
3,2019-12-02 03:21:00.000000,2019-12-02 03:21:55.000000,2019-12-02 03:40:53.887846,2019-12-02 03:41:48.887846,2019-12-02 04:23:53.990967,2019-12-02 04:24:48.990967,2019-12-02 04:43:44.596093,Replace,4,42,47,0 days 00:00:55.000000000,0 days 00:19:53.887846000
4,2019-12-02 04:33:00.000000,2019-12-02 04:33:35.000000,2019-12-02 04:47:41.924864,2019-12-02 04:48:16.924864,2019-12-02 05:28:03.525769,2019-12-02 05:28:38.525769,2019-12-02 05:41:48.654685,Replace,4,42,47,0 days 00:00:35.000000000,0 days 00:14:41.924864000
5,2019-12-02 07:13:00.000000,2019-12-02 07:13:35.000000,2019-12-02 07:24:53.511696,2019-12-02 07:25:05.452346,,,,Onsite,4,42,47,0 days 00:00:35.000000000,0 days 00:11:30.452346000
6,2019-12-02 05:57:00.000000,2019-12-02 05:57:55.000000,2019-12-02 06:13:24.659751,2019-12-02 06:14:19.659751,2019-12-02 07:13:20.455534,2019-12-02 07:14:15.455534,2019-12-02 07:29:10.249429,Replace,4,42,47,0 days 00:00:55.000000000,0 days 00:16:24.659751000
7,2019-12-02 08:12:00.000000,2019-12-02 08:12:35.000000,2019-12-02 08:31:03.112146,2019-12-02 08:31:04.491922,,,,Onsite,4,42,47,0 days 00:00:35.000000000,0 days 00:18:29.491922000
8,2019-12-02 09:27:00.000000,2019-12-02 09:27:35.000000,2019-12-02 09:42:55.690131,2019-12-02 09:43:30.690131,2019-12-02 10:26:53.889085,2019-12-02 10:27:28.889085,2019-12-02 10:41:30.436510,Replace,4,42,47,0 days 00:00:35.000000000,0 days 00:15:55.690131000
9,2019-12-02 10:40:00.000000,2019-12-02 10:40:45.000000,2019-12-02 10:58:51.790384,2019-12-02 10:59:07.066059,,,,Onsite,4,42,47,0 days 00:00:45.000000000,0 days 00:18:22.066059000
10,2019-12-02 11:54:00.000000,2019-12-02 11:54:35.000000,2019-12-02 12:14:45.950444,2019-12-02 12:14:53.893660,,,,Onsite,4,42,47,0 days 00:00:35.000000000,0 days 00:20:18.893660000
11,2019-12-02 13:13:00.000000,2019-12-02 13:13:45.000000,2019-12-02 13:35:32.374443,2019-12-02 13:35:35.905896,,,,Onsite,4,42,47,0 days 00:00:45.000000000,0 days 00:21:50.905896000
12,2019-12-02 14:11:00.000000,2019-12-02 14:11:35.000000,2019-12-02 14:26:26.041100,2019-12-02 14:26:32.049267,,,,Onsite,4,42,47,0 days 00:00:35.000000000,0 days 00:14:57.049267000
13,2019-12-02 15:24:00.000000,2019-12-02 15:24:55.000000,2019-12-02 15:40:01.668831,2019-12-02 15:40:04.529411,,,,Onsite,4,42,47,0 days 00:00:55.000000000,0 days 00:15:09.529411000
14,2019-12-02 16:42:00.000000,2019-12-02 16:42:30.000000,2019-12-02 17:03:19.006972,2019-12-02 17:03:49.006972,2019-12-02 17:54:57.038000,2019-12-02 17:55:27.038000,2019-12-02 18:08:14.823000,Replace,4,42,47,0 days 00:00:30.000000000,0 days 00:21:19.006972000
15,2019-12-02 17:41:00.000000,2019-12-02 17:41:50.000000,2019-12-02 18:01:12.484432,2019-12-02 18:01:50.319650,,,,Onsite,4,42,47,0 days 00:00:50.000000000,0 days 00:20:00.319650000
16,2019-12-02 18:53:00.000000,2019-12-02 18:53:30.000000,2019-12-02 19:04:01.306160,2019-12-02 19:04:15.135065,,,,Onsite,4,42,47,0 days 00:00:30.000000000,0 days 00:10:45.135065000
17,2019-12-02 19:51:00.000000,2019-12-02 19:51:45.000000,2019-12-02 20:08:20.198783,2019-12-02 20:09:05.198783,2019-12-02 20:48:40.063447,2019-12-02 20:49:25.063447,2019-12-02 21:06:48.022419,Replace,4,42,47,0 days 00:00:45.000000000,0 days 00:17:20.198783000
18,2019-12-02 20:53:00.000000,2019-12-02 20:53:35.000000,2019-12-02 21:08:46.391124,2019-12-02 21:09:21.391124,2019-12-02 21:44:55.102109,2019-12-02 21:45:30.102109,2019-12-02 22:03:41.037535,Replace,4,42,47,0 days 00:00:35.000000000,0 days 00:15:46.391124000
19,2019-12-02 22:02:00.000000,2019-12-02 22:02:45.000000,2019-12-02 22:21:42.527924,2019-12-02 22:21:51.614773,,,,Onsite,4,42,47,0 days 00:00:45.000000000,0 days 00:19:06.614773000
0,2019-12-02 01:07:00.000000,2019-12-02 00:00:30.000000,2019-12-02 00:16:21.257857,2019-12-02 00:16:51.257857,2019-12-02 00:47:18.238767,2019-12-02 00:47:48.238767,2019-12-02 01:11:39.348610,Replace,5,42,47,-1 days +22:53:30.000000000,0 days 00:16:21.257857000
1,2019-12-02 01:10:00.000000,2019-12-02 01:10:55.000000,2019-12-02 01:26:34.241903,2019-12-02 01:26:51.765843,,,,Onsite,5,42,47,0 days 00:00:55.000000000,0 days 00:15:56.765843000
2,2019-12-02 02:29:00.000000,2019-12-02 02:29:45.000000,2019-12-02 02:46:15.909776,2019-12-02 02:47:00.909776,2019-12-02 03:19:49.153266,2019-12-02 03:20:34.153266,2019-12-02 03:36:57.608057,Replace,5,42,47,0 days 00:00:45.000000000,0 days 00:17:15.909776000
3,2019-12-02 03:26:00.000000,2019-12-02 03:26:30.000000,2019-12-02 03:44:11.490139,2019-12-02 03:44:41.490139,2019-12-02 04:13:58.964508,2019-12-02 04:14:28.964508,2019-12-02 04:31:07.123270,Replace,5,42,47,0 days 00:00:30.000000000,0 days 00:18:11.490139000
4,2019-12-02 04:52:00.000000,2019-12-02 04:52:45.000000,2019-12-02 05:06:10.627101,2019-12-02 05:06:55.627101,2019-12-02 05:43:56.009471,2019-12-02 05:44:41.009471,2019-12-02 05:59:18.831557,Replace,5,42,47,0 days 00:00:45.000000000,0 days 00:14:10.627101000
5,2019-12-02 06:13:00.000000,2019-12-02 06:13:25.000000,2019-12-02 06:27:24.245572,2019-12-02 06:27:49.245572,2019-12-02 07:07:41.044590,2019-12-02 07:08:06.044590,2019-12-02 07:19:17.663296,Replace,5,42,47,0 days 00:00:25.000000000,0 days 00:14:24.245572000
6,2019-12-02 07:20:00.000000,2019-12-02 07:20:50.000000,2019-12-02 07:34:10.724564,2019-12-02 07:35:00.724564,2019-12-02 07:57:25.914294,2019-12-02 07:58:15.914294,2019-12-02 08:09:56.010726,Replace,5,42,47,0 days 00:00:50.000000000,0 days 00:14:10.724564000
7,2019-12-02 08:11:00.000000,2019-12-02 08:11:45.000000,2019-12-02 08:30:20.096306,2019-12-02 08:30:51.422828,,,,Onsite,5,42,47,0 days 00:00:45.000000000,0 days 00:19:06.422828000
8,2019-12-02 09:32:00.000000,2019-12-02 09:32:25.000000,2019-12-02 09:47:34.504542,2019-12-02 09:47:59.504542,2019-12-02 10:27:45.973265,2019-12-02 10:28:10.973265,2019-12-02 10:41:46.472589,Replace,5,42,47,0 days 00:00:25.000000000,0 days 00:15:34.504542000
9,2019-12-02 10:43:00.000000,2019-12-02 10:43:45.000000,2019-12-02 10:58:08.034298,2019-12-02 10:58:53.034298,2019-12-02 11:37:33.055303,2019-12-02 11:38:18.055303,2019-12-02 12:01:44.496111,Replace,5,42,47,0 days 00:00:45.000000000,0 days 00:15:08.034298000
10,2019-12-02 11:56:00.000000,2019-12-02 11:56:35.000000,2019-12-02 12:15:34.118278,2019-12-02 12:16:09.118278,2019-12-02 12:41:30.435509,2019-12-02 12:42:05.435509,2019-12-02 13:03:55.534370,Replace,5,42,47,0 days 00:00:35.000000000,0 days 00:19:34.118278000
11,2019-12-02 13:03:00.000000,2019-12-02 13:03:35.000000,2019-12-02 13:19:38.390254,2019-12-02 13:20:13.390254,2019-12-02 14:10:09.850910,2019-12-02 14:10:44.850910,2019-12-02 14:28:14.211771,Replace,5,42,47,0 days 00:00:35.000000000,0 days 00:16:38.390254000
12,2019-12-02 14:13:00.000000,2019-12-02 14:13:45.000000,2019-12-02 14:30:50.267723,2019-12-02 14:31:07.199852,,,,Onsite,5,42,47,0 days 00:00:45.000000000,0 days 00:17:22.199852000
13,2019-12-02 15:13:00.000000,2019-12-02 15:13:55.000000,2019-12-02 15:31:32.884720,2019-12-02 15:32:27.884720,2019-12-02 16:03:18.798485,2019-12-02 16:04:13.798485,2019-12-02 16:18:58.100440,Replace,5,42,47,0 days 00:00:55.000000000,0 days 00:18:32.884720000
14,2019-12-02 16:13:00.000000,2019-12-02 16:13:25.000000,2019-12-02 16:29:12.982913,2019-12-02 16:29:37.982913,2019-12-02 17:06:24.193461,2019-12-02 17:06:49.193461,2019-12-02 17:20:32.871950,Replace,5,42,47,0 days 00:00:25.000000000,0 days 00:16:12.982913000
15,2019-12-02 17:16:00.000000,2019-12-02 17:16:45.000000,2019-12-02 17:32:45.913365,2019-12-02 17:33:02.007638,,,,Onsite,5,42,47,0 days 00:00:45.000000000,0 days 00:16:17.007638000
16,2019-12-02 18:18:00.000000,2019-12-02 18:18:35.000000,2019-12-02 18:31:25.722343,2019-12-02 18:32:00.722343,2019-12-02 19:05:43.079153,2019-12-02 19:06:18.079153,2019-12-02 19:24:44.663053,Replace,5,42,47,0 days 00:00:35.000000000,0 days 00:13:25.722343000
17,2019-12-02 19:24:00.000000,2019-12-02 19:24:45.000000,2019-12-02 19:40:41.995708,2019-12-02 19:41:26.995708,2019-12-02 20:21:57.310956,2019-12-02 20:22:42.310956,2019-12-02 20:44:51.925948,Replace,5,42,47,0 days 00:00:45.000000000,0 days 00:16:41.995708000
18,2019-12-02 20:35:00.000000,2019-12-02 20:35:35.000000,2019-12-02 20:54:28.252612,2019-12-02 20:55:03.252612,2019-12-02 21:26:41.597997,2019-12-02 21:27:16.597997,2019-12-02 21:41:04.788061,Replace,5,42,47,0 days 00:00:35.000000000,0 days 00:19:28.252612000
19,2019-12-02 21:45:00.000000,2019-12-02 21:45:45.000000,2019-12-02 21:55:50.416066,2019-12-02 21:56:08.027794,,,,Onsite,5,42,47,0 days 00:00:45.000000000,0 days 00:10:23.027794000
0,2019-12-02 01:04:00.000000,2019-12-02 00:00:35.000000,2019-12-02 00:20:07.482900,2019-12-02 00:20:16.252450,,,,Onsite,6,42,47,-1 days +22:56:35.000000000,0 days 00:19:41.252450000
1,2019-12-02 01:04:00.000000,2019-12-02 01:04:35.000000,2019-12-02 01:19:21.892424,2019-12-02 01:19:43.725575,,,,Onsite,6,42,47,0 days 00:00:35.000000000,0 days 00:15:08.725575000
2,2019-12-02 02:06:00.000000,2019-12-02 02:06:50.000000,2019-12-02 02:20:05.499326,2019-12-02 02:20:55.499326,2019-12-02 02:49:01.583542,2019-12-02 02:49:51.583542,2019-12-02 03:06:03.592027,Replace,6,42,47,0 days 00:00:50.000000000,0 days 00:14:05.499326000
3,2019-12-02 03:18:00.000000,2019-12-02 03:18:55.000000,2019-12-02 03:33:22.803626,2019-12-02 03:34:17.803626,2019-12-02 04:02:24.951373,2019-12-02 04:03:19.951373,2019-12-02 04:18:01.204203,Replace,6,42,47,0 days 00:00:55.000000000,0 days 00:15:22.803626000
4,2019-12-02 04:26:00.000000,2019-12-02 04:26:45.000000,2019-12-02 04:41:46.138528,2019-12-02 04:42:31.138528,2019-12-02 05:05:45.081991,2019-12-02 05:06:30.081991,2019-12-02 05:23:53.348186,Replace,6,42,47,0 days 00:00:45.000000000,0 days 00:15:46.138528000
5,2019-12-02 05:27:00.000000,2019-12-02 05:27:45.000000,2019-12-02 05:42:04.226387,2019-12-02 05:42:15.232654,,,,Onsite,6,42,47,0 days 00:00:45.000000000,0 days 00:14:30.232654000
6,2019-12-02 06:41:00.000000,2019-12-02 06:41:30.000000,2019-12-02 06:54:49.459476,2019-12-02 06:55:20.646223,,,,Onsite,6,42,47,0 days 00:00:30.000000000,0 days 00:13:50.646223000
7,2019-12-02 07:34:00.000000,2019-12-02 07:34:35.000000,2019-12-02 07:46:57.125122,2019-12-02 07:47:32.125122,2019-12-02 08:31:46.965891,2019-12-02 08:32:21.965891,2019-12-02 08:51:42.481204,Replace,6,42,47,0 days 00:00:35.000000000,0 days 00:12:57.125122000
8,2019-12-02 08:46:00.000000,2019-12-02 08:46:35.000000,2019-12-02 09:06:47.819645,2019-12-02 09:06:55.581595,,,,Onsite,6,42,47,0 days 00:00:35.000000000,0 days 00:20:20.581595000
9,2019-12-02 09:52:00.000000,2019-12-02 09:52:45.000000,2019-12-02 10:06:56.703729,2019-12-02 10:07:16.964917,,,,Onsite,6,42,47,0 days 00:00:45.000000000,0 days 00:14:31.964917000
10,2019-12-02 10:52:00.000000,2019-12-02 10:52:30.000000,2019-12-02 11:11:20.441455,2019-12-02 11:11:28.842656,,,,Onsite,6,42,47,0 days 00:00:30.000000000,0 days 00:18:58.842656000
11,2019-12-02 12:04:00.000000,2019-12-02 12:04:30.000000,2019-12-02 12:20:18.907246,2019-12-02 12:20:22.450834,,,,Onsite,6,42,47,0 days 00:00:30.000000000,0 days 00:15:52.450834000
12,2019-12-02 12:58:00.000000,2019-12-02 12:58:45.000000,2019-12-02 13:17:06.548258,2019-12-02 13:17:18.503528,,,,Onsite,6,42,47,0 days 00:00:45.000000000,0 days 00:18:33.503528000
13,2019-12-02 14:02:00.000000,2019-12-02 14:02:45.000000,2019-12-02 14:21:20.514455,2019-12-02 14:22:05.514455,2019-12-02 14:54:14.447587,2019-12-02 14:54:59.447587,2019-12-02 15:09:16.846897,Replace,6,42,47,0 days 00:00:45.000000000,0 days 00:19:20.514455000
14,2019-12-02 15:13:00.000000,2019-12-02 15:13:45.000000,2019-12-02 15:36:29.323068,2019-12-02 15:37:14.323068,2019-12-02 16:27:55.572941,2019-12-02 16:28:40.572941,2019-12-02 16:45:24.217485,Replace,6,42,47,0 days 00:00:45.000000000,0 days 00:23:29.323068000
15,2019-12-02 16:13:00.000000,2019-12-02 16:13:50.000000,2019-12-02 16:28:52.964311,2019-12-02 16:29:04.465584,,,,Onsite,6,42,47,0 days 00:00:50.000000000,0 days 00:15:14.465584000
16,2019-12-02 17:18:00.000000,2019-12-02 17:18:25.000000,2019-12-02 17:39:03.839466,2019-12-02 17:39:28.839466,2019-12-02 18:08:57.707819,2019-12-02 18:09:22.707819,2019-12-02 18:20:58.781460,Replace,6,42,47,0 days 00:00:25.000000000,0 days 00:21:03.839466000
17,2019-12-02 18:29:00.000000,2019-12-02 18:29:50.000000,2019-12-02 18:47:16.285630,2019-12-02 18:47:39.301592,,,,Onsite,6,42,47,0 days 00:00:50.000000000,0 days 00:17:49.301592000
18,2019-12-02 19:47:00.000000,2019-12-02 19:47:35.000000,2019-12-02 20:05:30.194608,2019-12-02 20:06:05.194608,2019-12-02 20:31:11.211795,2019-12-02 20:31:46.211795,2019-12-02 20:47:51.189459,Replace,6,42,47,0 days 00:00:35.000000000,0 days 00:18:30.194608000
19,2019-12-02 21:00:00.000000,2019-12-02 21:00:25.000000,2019-12-02 21:20:58.687630,2019-12-02 21:21:21.834778,,,,Onsite,6,42,47,0 days 00:00:25.000000000,0 days 00:20:56.834778000
20,2019-12-02 22:04:00.000000,2019-12-02 22:04:50.000000,2019-12-02 22:21:38.370420,2019-12-02 22:21:59.692222,,,,Onsite,6,42,47,0 days 00:00:50.000000000,0 days 00:17:09.692222000
0,2019-12-02 01:05:00.000000,2019-12-02 00:00:30.000000,2019-12-02 00:15:46.984925,2019-12-02 00:16:16.984925,2019-12-02 01:01:12.254744,2019-12-02 01:01:42.254744,2019-12-02 01:17:33.348511,Replace,7,42,47,-1 days +22:55:30.000000000,0 days 00:15:46.984925000
1,2019-12-02 01:10:00.000000,2019-12-02 01:10:35.000000,2019-12-02 01:27:09.181577,2019-12-02 01:27:44.181577,2019-12-02 01:55:44.298908,2019-12-02 01:56:19.298908,2019-12-02 02:10:32.943798,Replace,7,42,47,0 days 00:00:35.000000000,0 days 00:17:09.181577000
2,2019-12-02 02:31:00.000000,2019-12-02 02:31:30.000000,2019-12-02 02:48:54.642298,2019-12-02 02:49:13.053111,,,,Onsite,7,42,47,0 days 00:00:30.000000000,0 days 00:17:43.053111000
3,2019-12-02 03:54:00.000000,2019-12-02 03:54:35.000000,2019-12-02 04:12:06.829916,2019-12-02 04:12:41.829916,2019-12-02 04:37:01.888250,2019-12-02 04:37:36.888250,2019-12-02 05:02:15.037302,Replace,7,42,47,0 days 00:00:35.000000000,0 days 00:18:06.829916000
4,2019-12-02 05:03:00.000000,2019-12-02 05:03:45.000000,2019-12-02 05:22:01.913494,2019-12-02 05:22:28.983627,,,,Onsite,7,42,47,0 days 00:00:45.000000000,0 days 00:18:43.983627000
5,2019-12-02 06:08:00.000000,2019-12-02 06:08:55.000000,2019-12-02 06:26:43.201695,2019-12-02 06:27:38.201695,2019-12-02 07:01:03.915914,2019-12-02 07:01:58.915914,2019-12-02 07:15:16.006487,Replace,7,42,47,0 days 00:00:55.000000000,0 days 00:18:43.201695000
6,2019-12-02 07:17:00.000000,2019-12-02 07:17:45.000000,2019-12-02 07:34:40.552216,2019-12-02 07:34:47.861356,,,,Onsite,7,42,47,0 days 00:00:45.000000000,0 days 00:17:02.861356000
7,2019-12-02 08:23:00.000000,2019-12-02 08:23:45.000000,2019-12-02 08:35:50.827333,2019-12-02 08:36:35.827333,2019-12-02 09:16:05.813957,2019-12-02 09:16:50.813957,2019-12-02 09:31:36.607491,Replace,7,42,47,0 days 00:00:45.000000000,0 days 00:12:50.827333000
8,2019-12-02 09:37:00.000000,2019-12-02 09:37:55.000000,2019-12-02 09:55:42.454635,2019-12-02 09:56:37.454635,2019-12-02 10:28:34.931137,2019-12-02 10:29:29.931137,2019-12-02 10:47:04.474116,Replace,7,42,47,0 days 00:00:55.000000000,0 days 00:18:42.454635000
9,2019-12-02 10:47:00.000000,2019-12-02 10:47:35.000000,2019-12-02 11:07:29.097013,2019-12-02 11:08:04.097013,2019-12-02 11:40:43.120902,2019-12-02 11:41:18.120902,2019-12-02 11:58:49.313286,Replace,7,42,47,0 days 00:00:35.000000000,0 days 00:20:29.097013000
10,2019-12-02 11:52:00.000000,2019-12-02 11:52:45.000000,2019-12-02 12:09:10.976402,2019-12-02 12:09:55.976402,2019-12-02 12:44:14.588921,2019-12-02 12:44:59.588921,2019-12-02 12:58:45.948442,Replace,7,42,47,0 days 00:00:45.000000000,0 days 00:17:10.976402000
11,2019-12-02 13:03:00.000000,2019-12-02 13:03:45.000000,2019-12-02 13:27:18.116860,2019-12-02 13:28:03.116860,2019-12-02 13:52:31.266197,2019-12-02 13:53:16.266197,2019-12-02 14:08:31.210523,Replace,7,42,47,0 days 00:00:45.000000000,0 days 00:24:18.116860000
12,2019-12-02 14:26:00.000000,2019-12-02 14:26:35.000000,2019-12-02 14:45:31.978893,2019-12-02 14:46:06.978893,2019-12-02 15:32:12.287663,2019-12-02 15:32:47.287663,2019-12-02 15:47:50.992128,Replace,7,42,47,0 days 00:00:35.000000000,0 days 00:19:31.978893000
13,2019-12-02 15:39:00.000000,2019-12-02 15:39:55.000000,2019-12-02 15:57:14.422728,2019-12-02 15:57:43.491220,,,,Onsite,7,42,47,0 days 00:00:55.000000000,0 days 00:17:48.491220000
14,2019-12-02 16:40:00.000000,2019-12-02 16:40:30.000000,2019-12-02 16:57:31.342472,2019-12-02 16:57:39.864466,,,,Onsite,7,42,47,0 days 00:00:30.000000000,0 days 00:17:09.864466000
15,2019-12-02 17:38:00.000000,2019-12-02 17:38:35.000000,2019-12-02 17:57:02.934834,2019-12-02 17:57:37.934834,2019-12-02 18:30:13.125421,2019-12-02 18:30:48.125421,2019-12-02 18:46:07.897379,Replace,7,42,47,0 days 00:00:35.000000000,0 days 00:19:02.934834000
16,2019-12-02 19:41:00.000000,2019-12-02 19:41:45.000000,2019-12-02 19:57:38.355984,2019-12-02 19:57:49.107714,,,,Onsite,7,42,47,0 days 00:00:45.000000000,0 days 00:16:04.107714000
17,2019-12-02 18:45:00.000000,2019-12-02 18:45:50.000000,2019-12-02 19:05:14.412414,2019-12-02 19:06:04.412414,2019-12-02 19:41:22.097184,2019-12-02 19:42:12.097184,2019-12-02 19:56:08.476715,Replace,7,42,47,0 days 00:00:50.000000000,0 days 00:20:14.412414000
18,2019-12-02 20:56:00.000000,2019-12-02 20:56:25.000000,2019-12-02 21:08:24.613644,2019-12-02 21:08:29.693102,,,,Onsite,7,42,47,0 days 00:00:25.000000000,0 days 00:12:04.693102000
19,2019-12-02 21:52:00.000000,2019-12-02 21:52:30.000000,2019-12-02 22:07:47.222093,2019-12-02 22:08:17.222093,2019-12-02 22:39:46.515977,2019-12-02 22:40:16.515977,2019-12-02 22:51:19.936651,Replace,7,42,47,0 days 00:00:30.000000000,0 days 00:15:47.222093000
0,2019-12-02 01:09:00.000000,2019-12-02 00:00:55.000000,2019-12-02 00:19:38.974576,2019-12-02 00:20:33.974576,2019-12-02 00:55:27.784744,2019-12-02 00:56:22.784744,2019-12-02 01:08:37.527028,Replace,8,42,47,-1 days +22:51:55.000000000,0 days 00:19:38.974576000
1,2019-12-02 01:00:00.000000,2019-12-02 01:00:30.000000,2019-12-02 01:12:54.366052,2019-12-02 01:13:24.366052,2019-12-02 01:48:19.747381,2019-12-02 01:48:49.747381,2019-12-02 02:02:28.760768,Replace,8,42,47,0 days 00:00:30.000000000,0 days 00:12:54.366052000
2,2019-12-02 02:20:00.000000,2019-12-02 02:20:25.000000,2019-12-02 02:35:41.042676,2019-12-02 02:35:53.431341,,,,Onsite,8,42,47,0 days 00:00:25.000000000,0 days 00:15:28.431341000
3,2019-12-02 03:38:00.000000,2019-12-02 03:38:30.000000,2019-12-02 03:52:32.634535,2019-12-02 03:53:02.634535,2019-12-02 04:20:27.795119,2019-12-02 04:20:57.795119,2019-12-02 04:34:48.795059,Replace,8,42,47,0 days 00:00:30.000000000,0 days 00:14:32.634535000
4,2019-12-02 04:38:00.000000,2019-12-02 04:38:25.000000,2019-12-02 04:50:02.323721,2019-12-02 04:50:27.323721,2019-12-02 05:12:11.982629,2019-12-02 05:12:36.982629,2019-12-02 05:25:01.152562,Replace,8,42,47,0 days 00:00:25.000000000,0 days 00:12:02.323721000
5,2019-12-02 05:57:00.000000,2019-12-02 05:57:35.000000,2019-12-02 06:06:46.045593,2019-12-02 06:07:21.045593,2019-12-02 06:50:05.238533,2019-12-02 06:50:40.238533,2019-12-02 07:03:15.449027,Replace,8,42,47,0 days 00:00:35.000000000,0 days 00:09:46.045593000
6,2019-12-02 07:01:00.000000,2019-12-02 07:01:25.000000,2019-12-02 07:19:02.503642,2019-12-02 07:19:09.475545,,,,Onsite,8,42,47,0 days 00:00:25.000000000,0 days 00:17:44.475545000
7,2019-12-02 08:02:00.000000,2019-12-02 08:02:30.000000,2019-12-02 08:16:07.549561,2019-12-02 08:16:22.804847,,,,Onsite,8,42,47,0 days 00:00:30.000000000,0 days 00:13:52.804847000
8,2019-12-02 09:21:00.000000,2019-12-02 09:21:25.000000,2019-12-02 09:36:19.930657,2019-12-02 09:36:44.930657,2019-12-02 10:02:59.901677,2019-12-02 10:03:24.901677,2019-12-02 10:25:05.787006,Replace,8,42,47,0 days 00:00:25.000000000,0 days 00:15:19.930657000
9,2019-12-02 10:31:00.000000,2019-12-02 10:31:45.000000,2019-12-02 10:49:04.707511,2019-12-02 10:49:14.166562,,,,Onsite,8,42,47,0 days 00:00:45.000000000,0 days 00:17:29.166562000
10,2019-12-02 11:32:00.000000,2019-12-02 11:32:35.000000,2019-12-02 11:47:52.763315,2019-12-02 11:48:05.458233,,,,Onsite,8,42,47,0 days 00:00:35.000000000,0 days 00:15:30.458233000
11,2019-12-02 12:48:00.000000,2019-12-02 12:48:45.000000,2019-12-02 13:01:01.506651,2019-12-02 13:01:46.506651,2019-12-02 13:28:58.968689,2019-12-02 13:29:43.968689,2019-12-02 13:50:54.279401,Replace,8,42,47,0 days 00:00:45.000000000,0 days 00:13:01.506651000
12,2019-12-02 14:02:00.000000,2019-12-02 14:02:35.000000,2019-12-02 14:17:59.233242,2019-12-02 14:18:34.233242,2019-12-02 15:05:12.372724,2019-12-02 15:05:47.372724,2019-12-02 15:19:13.126635,Replace,8,42,47,0 days 00:00:35.000000000,0 days 00:15:59.233242000
13,2019-12-02 15:06:00.000000,2019-12-02 15:06:45.000000,2019-12-02 15:25:16.623781,2019-12-02 15:26:01.623781,2019-12-02 16:02:57.580032,2019-12-02 16:03:42.580032,2019-12-02 16:20:20.306201,Replace,8,42,47,0 days 00:00:45.000000000,0 days 00:19:16.623781000
14,2019-12-02 15:56:00.000000,2019-12-02 15:56:35.000000,2019-12-02 16:11:47.922256,2019-12-02 16:12:22.922256,2019-12-02 16:58:21.183220,2019-12-02 16:58:56.183220,2019-12-02 17:16:41.353503,Replace,8,42,47,0 days 00:00:35.000000000,0 days 00:15:47.922256000
15,2019-12-02 17:18:00.000000,2019-12-02 17:18:35.000000,2019-12-02 17:35:30.919667,2019-12-02 17:36:05.919667,2019-12-02 18:15:25.030840,2019-12-02 18:16:00.030840,2019-12-02 18:30:09.170480,Replace,8,42,47,0 days 00:00:35.000000000,0 days 00:17:30.919667000
16,2019-12-02 18:39:00.000000,2019-12-02 18:39:30.000000,2019-12-02 18:56:23.757197,2019-12-02 18:56:53.757197,2019-12-02 19:26:03.957617,2019-12-02 19:26:33.957617,2019-12-02 19:41:59.840038,Replace,8,42,47,0 days 00:00:30.000000000,0 days 00:17:23.757197000
17,2019-12-02 20:02:00.000000,2019-12-02 20:02:30.000000,2019-12-02 20:15:01.790849,2019-12-02 20:15:13.779828,,,,Onsite,8,42,47,0 days 00:00:30.000000000,0 days 00:12:43.779828000
18,2019-12-02 21:14:00.000000,2019-12-02 21:14:35.000000,2019-12-02 21:28:29.948485,2019-12-02 21:29:04.948485,2019-12-02 22:00:17.196265,2019-12-02 22:00:52.196265,2019-12-02 22:17:47.623741,Replace,8,42,47,0 days 00:00:35.000000000,0 days 00:14:29.948485000
0,2019-12-02 01:21:00.000000,2019-12-02 00:00:35.000000,2019-12-02 00:16:17.265410,2019-12-02 00:16:26.383668,,,,Onsite,9,42,47,-1 days +22:39:35.000000000,0 days 00:15:51.383668000
1,2019-12-02 01:02:00.000000,2019-12-02 01:02:30.000000,2019-12-02 01:12:17.759878,2019-12-02 01:12:38.080159,,,,Onsite,9,42,47,0 days 00:00:30.000000000,0 days 00:10:08.080159000
2,2019-12-02 02:19:00.000000,2019-12-02 02:19:45.000000,2019-12-02 02:33:00.691864,2019-12-02 02:33:45.691864,2019-12-02 02:56:45.355737,2019-12-02 02:57:30.355737,2019-12-02 03:09:16.453693,Replace,9,42,47,0 days 00:00:45.000000000,0 days 00:14:00.691864000
3,2019-12-02 03:21:00.000000,2019-12-02 03:21:45.000000,2019-12-02 03:37:59.279537,2019-12-02 03:38:17.190863,,,,Onsite,9,42,47,0 days 00:00:45.000000000,0 days 00:16:32.190863000
4,2019-12-02 04:29:00.000000,2019-12-02 04:29:35.000000,2019-12-02 04:41:15.125708,2019-12-02 04:41:50.125708,2019-12-02 05:25:48.771333,2019-12-02 05:26:23.771333,2019-12-02 05:40:13.665081,Replace,9,42,47,0 days 00:00:35.000000000,0 days 00:12:15.125708000
5,2019-12-02 05:39:00.000000,2019-12-02 05:39:50.000000,2019-12-02 05:54:28.805607,2019-12-02 05:55:18.805607,2019-12-02 06:38:35.904581,2019-12-02 06:39:25.904581,2019-12-02 06:52:15.613840,Replace,9,42,47,0 days 00:00:50.000000000,0 days 00:15:28.805607000
6,2019-12-02 06:53:00.000000,2019-12-02 06:53:45.000000,2019-12-02 07:07:47.246658,2019-12-02 07:08:09.356693,,,,Onsite,9,42,47,0 days 00:00:45.000000000,0 days 00:14:24.356693000
7,2019-12-02 08:01:00.000000,2019-12-02 08:01:55.000000,2019-12-02 08:19:23.262888,2019-12-02 08:19:43.286369,,,,Onsite,9,42,47,0 days 00:00:55.000000000,0 days 00:17:48.286369000
8,2019-12-02 09:11:00.000000,2019-12-02 09:11:25.000000,2019-12-02 09:29:16.855421,2019-12-02 09:29:41.855421,2019-12-02 10:16:16.114516,2019-12-02 10:16:41.114516,2019-12-02 10:28:38.090014,Replace,9,42,47,0 days 00:00:25.000000000,0 days 00:18:16.855421000
9,2019-12-02 10:14:00.000000,2019-12-02 10:14:45.000000,2019-12-02 10:27:06.234072,2019-12-02 10:27:51.234072,2019-12-02 11:03:51.943449,2019-12-02 11:04:36.943449,2019-12-02 11:16:49.572472,Replace,9,42,47,0 days 00:00:45.000000000,0 days 00:13:06.234072000
10,2019-12-02 11:27:00.000000,2019-12-02 11:27:35.000000,2019-12-02 11:48:28.610973,2019-12-02 11:49:03.610973,2019-12-02 12:22:14.990286,2019-12-02 12:22:49.990286,2019-12-02 12:43:22.556013,Replace,9,42,47,0 days 00:00:35.000000000,0 days 00:21:28.610973000
11,2019-12-02 12:49:00.000000,2019-12-02 12:49:55.000000,2019-12-02 13:08:06.815388,2019-12-02 13:08:14.872687,,,,Onsite,9,42,47,0 days 00:00:55.000000000,0 days 00:18:19.872687000
12,2019-12-02 13:47:00.000000,2019-12-02 13:47:25.000000,2019-12-02 14:02:03.611645,2019-12-02 14:02:28.611645,2019-12-02 14:29:43.030786,2019-12-02 14:30:08.030786,2019-12-02 14:43:12.481770,Replace,9,42,47,0 days 00:00:25.000000000,0 days 00:15:03.611645000
13,2019-12-02 14:56:00.000000,2019-12-02 14:56:50.000000,2019-12-02 15:07:32.869746,2019-12-02 15:08:22.869746,2019-12-02 15:48:57.062009,2019-12-02 15:49:47.062009,2019-12-02 16:04:58.784080,Replace,9,42,47,0 days 00:00:50.000000000,0 days 00:11:32.869746000
14,2019-12-02 15:50:00.000000,2019-12-02 15:50:45.000000,2019-12-02 16:04:19.102744,2019-12-02 16:04:29.237477,,,,Onsite,9,42,47,0 days 00:00:45.000000000,0 days 00:13:44.237477000
15,2019-12-02 16:45:00.000000,2019-12-02 16:45:55.000000,2019-12-02 17:02:04.196193,2019-12-02 17:02:14.144301,,,,Onsite,9,42,47,0 days 00:00:55.000000000,0 days 00:16:19.144301000
16,2019-12-02 17:56:00.000000,2019-12-02 17:56:25.000000,2019-12-02 18:16:06.879077,2019-12-02 18:16:31.879077,2019-12-02 19:01:45.199715,2019-12-02 19:02:10.199715,2019-12-02 19:19:15.867428,Replace,9,42,47,0 days 00:00:25.000000000,0 days 00:20:06.879077000
17,2019-12-02 19:03:00.000000,2019-12-02 19:03:45.000000,2019-12-02 19:20:13.402435,2019-12-02 19:20:28.261503,,,,Onsite,9,42,47,0 days 00:00:45.000000000,0 days 00:16:43.261503000
18,2019-12-02 19:57:00.000000,2019-12-02 19:57:45.000000,2019-12-02 20:08:08.038799,2019-12-02 20:08:16.432055,,,,Onsite,9,42,47,0 days 00:00:45.000000000,0 days 00:10:31.432055000
19,2019-12-02 21:00:00.000000,2019-12-02 21:00:45.000000,2019-12-02 21:10:38.573310,2019-12-02 21:11:23.573310,2019-12-02 21:45:08.992582,2019-12-02 21:45:53.992582,2019-12-02 22:01:06.806928,Replace,9,42,47,0 days 00:00:45.000000000,0 days 00:10:38.573310000
0,2019-12-02 01:20:00.000000,2019-12-02 00:00:25.000000,2019-12-02 00:18:26.364335,2019-12-02 00:18:51.364335,2019-12-02 01:14:57.052787,2019-12-02 01:15:22.052787,2019-12-02 01:29:07.964365,Replace,1,42,48,-1 days +22:40:25.000000000,0 days 00:18:26.364335000
1,2019-12-02 00:51:00.000000,2019-12-02 00:51:30.000000,2019-12-02 01:06:51.372059,2019-12-02 01:07:21.372059,2019-12-02 01:53:10.537558,2019-12-02 01:53:40.537558,2019-12-02 02:13:37.967390,Replace,1,42,48,0 days 00:00:30.000000000,0 days 00:15:51.372059000
2,2019-12-02 02:05:00.000000,2019-12-02 02:05:50.000000,2019-12-02 02:22:35.409072,2019-12-02 02:23:25.409072,2019-12-02 03:10:53.775158,2019-12-02 03:11:43.775158,2019-12-02 03:35:28.760496,Replace,1,42,48,0 days 00:00:50.000000000,0 days 00:17:35.409072000
3,2019-12-02 03:12:00.000000,2019-12-02 03:12:25.000000,2019-12-02 03:30:54.840842,2019-12-02 03:31:11.252041,,,,Onsite,1,42,48,0 days 00:00:25.000000000,0 days 00:18:46.252041000
4,2019-12-02 04:19:00.000000,2019-12-02 04:19:45.000000,2019-12-02 04:31:23.132836,2019-12-02 04:32:08.132836,2019-12-02 05:24:02.716419,2019-12-02 05:24:47.716419,2019-12-02 05:37:58.012103,Replace,1,42,48,0 days 00:00:45.000000000,0 days 00:12:23.132836000
5,2019-12-02 05:21:00.000000,2019-12-02 05:21:25.000000,2019-12-02 05:38:50.781655,2019-12-02 05:39:09.377255,,,,Onsite,1,42,48,0 days 00:00:25.000000000,0 days 00:17:44.377255000
6,2019-12-02 06:27:00.000000,2019-12-02 06:27:50.000000,2019-12-02 06:45:29.976245,2019-12-02 06:46:19.976245,2019-12-02 07:36:32.554108,2019-12-02 07:37:22.554108,2019-12-02 07:55:41.741218,Replace,1,42,48,0 days 00:00:50.000000000,0 days 00:18:29.976245000
7,2019-12-02 07:46:00.000000,2019-12-02 07:46:45.000000,2019-12-02 08:05:04.769333,2019-12-02 08:05:09.247315,,,,Onsite,1,42,48,0 days 00:00:45.000000000,0 days 00:18:24.247315000
8,2019-12-02 08:54:00.000000,2019-12-02 08:54:30.000000,2019-12-02 09:11:45.649644,2019-12-02 09:12:08.699295,,,,Onsite,1,42,48,0 days 00:00:30.000000000,0 days 00:17:38.699295000
9,2019-12-02 10:03:00.000000,2019-12-02 10:03:35.000000,2019-12-02 10:18:02.337002,2019-12-02 10:18:07.456232,,,,Onsite,1,42,48,0 days 00:00:35.000000000,0 days 00:14:32.456232000
10,2019-12-02 11:02:00.000000,2019-12-02 11:02:45.000000,2019-12-02 11:16:42.799243,2019-12-02 11:16:49.342574,,,,Onsite,1,42,48,0 days 00:00:45.000000000,0 days 00:14:04.342574000
11,2019-12-02 12:12:00.000000,2019-12-02 12:12:35.000000,2019-12-02 12:30:14.066383,2019-12-02 12:30:49.066383,2019-12-02 13:08:00.529007,2019-12-02 13:08:35.529007,2019-12-02 13:32:20.186722,Replace,1,42,48,0 days 00:00:35.000000000,0 days 00:18:14.066383000
12,2019-12-02 13:16:00.000000,2019-12-02 13:16:25.000000,2019-12-02 13:29:22.949331,2019-12-02 13:29:47.949331,2019-12-02 13:59:58.599494,2019-12-02 14:00:23.599494,2019-12-02 14:18:49.181112,Replace,1,42,48,0 days 00:00:25.000000000,0 days 00:13:22.949331000
13,2019-12-02 14:16:00.000000,2019-12-02 14:16:30.000000,2019-12-02 14:29:37.526043,2019-12-02 14:29:58.402564,,,,Onsite,1,42,48,0 days 00:00:30.000000000,0 days 00:13:28.402564000
14,2019-12-02 15:15:00.000000,2019-12-02 15:15:55.000000,2019-12-02 15:32:02.171413,2019-12-02 15:32:21.716246,,,,Onsite,1,42,48,0 days 00:00:55.000000000,0 days 00:16:26.716246000
15,2019-12-02 16:17:00.000000,2019-12-02 16:17:50.000000,2019-12-02 16:32:28.289045,2019-12-02 16:33:18.289045,2019-12-02 17:13:45.883262,2019-12-02 17:14:35.883262,2019-12-02 17:29:24.137933,Replace,1,42,48,0 days 00:00:50.000000000,0 days 00:15:28.289045000
16,2019-12-02 17:21:00.000000,2019-12-02 17:21:30.000000,2019-12-02 17:36:39.210693,2019-12-02 17:37:09.210693,2019-12-02 18:10:36.002747,2019-12-02 18:11:06.002747,2019-12-02 18:28:16.276933,Replace,1,42,48,0 days 00:00:30.000000000,0 days 00:15:39.210693000
17,2019-12-02 18:36:00.000000,2019-12-02 18:36:30.000000,2019-12-02 18:51:08.918702,2019-12-02 18:51:38.918702,2019-12-02 19:30:01.284901,2019-12-02 19:30:31.284901,2019-12-02 19:49:13.289008,Replace,1,42,48,0 days 00:00:30.000000000,0 days 00:15:08.918702000
18,2019-12-02 19:50:00.000000,2019-12-02 19:50:45.000000,2019-12-02 20:11:32.137837,2019-12-02 20:12:17.137837,2019-12-02 20:51:01.467385,2019-12-02 20:51:46.467385,2019-12-02 21:11:19.070376,Replace,1,42,48,0 days 00:00:45.000000000,0 days 00:21:32.137837000
19,2019-12-02 20:45:00.000000,2019-12-02 20:45:25.000000,2019-12-02 21:01:15.833319,2019-12-02 21:01:20.889975,,,,Onsite,1,42,48,0 days 00:00:25.000000000,0 days 00:15:55.889975000
20,2019-12-02 21:51:00.000000,2019-12-02 21:51:35.000000,2019-12-02 22:09:14.683028,2019-12-02 22:09:49.683028,2019-12-02 22:43:49.440273,2019-12-02 22:44:24.440273,2019-12-02 22:56:22.782501,Replace,1,42,48,0 days 00:00:35.000000000,0 days 00:18:14.683028000
0,2019-12-02 01:05:00.000000,2019-12-02 00:00:55.000000,2019-12-02 00:18:33.109957,2019-12-02 00:18:35.056968,,,,Onsite,2,42,48,-1 days +22:55:55.000000000,0 days 00:17:40.056968000
1,2019-12-02 01:09:00.000000,2019-12-02 01:09:30.000000,2019-12-02 01:22:35.705939,2019-12-02 01:22:49.211664,,,,Onsite,2,42,48,0 days 00:00:30.000000000,0 days 00:13:19.211664000
2,2019-12-02 02:25:00.000000,2019-12-02 02:25:50.000000,2019-12-02 02:43:49.271003,2019-12-02 02:44:39.271003,2019-12-02 03:26:00.552526,2019-12-02 03:26:50.552526,2019-12-02 03:49:02.388241,Replace,2,42,48,0 days 00:00:50.000000000,0 days 00:18:49.271003000
3,2019-12-02 03:44:00.000000,2019-12-02 03:44:55.000000,2019-12-02 04:01:01.293978,2019-12-02 04:01:56.293978,2019-12-02 04:46:34.813480,2019-12-02 04:47:29.813480,2019-12-02 05:03:22.978659,Replace,2,42,48,0 days 00:00:55.000000000,0 days 00:17:01.293978000
4,2019-12-02 04:53:00.000000,2019-12-02 04:53:35.000000,2019-12-02 05:02:57.837651,2019-12-02 05:03:13.859759,,,,Onsite,2,42,48,0 days 00:00:35.000000000,0 days 00:09:38.859759000
5,2019-12-02 06:10:00.000000,2019-12-02 06:10:45.000000,2019-12-02 06:23:37.659434,2019-12-02 06:24:22.659434,2019-12-02 07:10:32.689541,2019-12-02 07:11:17.689541,2019-12-02 07:26:48.823291,Replace,2,42,48,0 days 00:00:45.000000000,0 days 00:13:37.659434000
6,2019-12-02 07:08:00.000000,2019-12-02 07:08:50.000000,2019-12-02 07:20:27.423979,2019-12-02 07:20:34.945706,,,,Onsite,2,42,48,0 days 00:00:50.000000000,0 days 00:11:44.945706000
7,2019-12-02 08:13:00.000000,2019-12-02 08:13:45.000000,2019-12-02 08:27:34.929973,2019-12-02 08:28:19.929973,2019-12-02 09:03:39.870396,2019-12-02 09:04:24.870396,2019-12-02 09:21:04.176840,Replace,2,42,48,0 days 00:00:45.000000000,0 days 00:14:34.929973000
8,2019-12-02 09:15:00.000000,2019-12-02 09:15:50.000000,2019-12-02 09:37:07.176247,2019-12-02 09:37:33.976229,,,,Onsite,2,42,48,0 days 00:00:50.000000000,0 days 00:21:43.976229000
9,2019-12-02 10:38:00.000000,2019-12-02 10:38:35.000000,2019-12-02 10:56:37.407546,2019-12-02 10:57:12.407546,2019-12-02 11:39:04.177778,2019-12-02 11:39:39.177778,2019-12-02 11:54:21.092032,Replace,2,42,48,0 days 00:00:35.000000000,0 days 00:18:37.407546000
10,2019-12-02 11:30:00.000000,2019-12-02 11:30:45.000000,2019-12-02 11:44:47.666154,2019-12-02 11:45:09.486489,,,,Onsite,2,42,48,0 days 00:00:45.000000000,0 days 00:14:24.486489000
11,2019-12-02 12:44:00.000000,2019-12-02 12:44:30.000000,2019-12-02 12:59:35.172130,2019-12-02 13:00:05.172130,2019-12-02 13:44:02.553000,2019-12-02 13:44:32.553000,2019-12-02 13:56:43.810692,Replace,2,42,48,0 days 00:00:30.000000000,0 days 00:15:35.172130000
12,2019-12-02 14:05:00.000000,2019-12-02 14:05:55.000000,2019-12-02 14:21:08.063789,2019-12-02 14:22:03.063789,2019-12-02 15:00:41.935177,2019-12-02 15:01:36.935177,2019-12-02 15:22:14.140855,Replace,2,42,48,0 days 00:00:55.000000000,0 days 00:16:08.063789000
13,2019-12-02 15:20:00.000000,2019-12-02 15:20:45.000000,2019-12-02 15:41:11.827232,2019-12-02 15:41:16.964833,,,,Onsite,2,42,48,0 days 00:00:45.000000000,0 days 00:20:31.964833000
14,2019-12-02 16:31:00.000000,2019-12-02 16:31:35.000000,2019-12-02 16:49:08.787941,2019-12-02 16:49:43.787941,2019-12-02 17:34:07.000910,2019-12-02 17:34:42.000910,2019-12-02 17:51:03.393942,Replace,2,42,48,0 days 00:00:35.000000000,0 days 00:18:08.787941000
15,2019-12-02 17:40:00.000000,2019-12-02 17:40:25.000000,2019-12-02 18:00:59.206939,2019-12-02 18:01:24.206939,2019-12-02 18:52:06.737099,2019-12-02 18:52:31.737099,2019-12-02 19:10:37.141190,Replace,2,42,48,0 days 00:00:25.000000000,0 days 00:20:59.206939000
16,2019-12-02 18:58:00.000000,2019-12-02 18:58:25.000000,2019-12-02 19:12:38.228584,2019-12-02 19:12:58.383838,,,,Onsite,2,42,48,0 days 00:00:25.000000000,0 days 00:14:33.383838000
17,2019-12-02 20:16:00.000000,2019-12-02 20:16:45.000000,2019-12-02 20:28:42.297075,2019-12-02 20:29:08.023636,,,,Onsite,2,42,48,0 days 00:00:45.000000000,0 days 00:12:23.023636000
18,2019-12-02 21:24:00.000000,2019-12-02 21:24:45.000000,2019-12-02 21:39:35.015946,2019-12-02 21:40:20.015946,2019-12-02 22:08:20.797308,2019-12-02 22:09:05.797308,2019-12-02 22:25:28.191738,Replace,2,42,48,0 days 00:00:45.000000000,0 days 00:15:35.015946000
19,2019-12-02 22:24:00.000000,2019-12-02 22:24:55.000000,2019-12-02 22:41:40.582656,2019-12-02 22:41:48.795049,,,,Onsite,2,42,48,0 days 00:00:55.000000000,0 days 00:16:53.795049000
0,2019-12-02 01:16:00.000000,2019-12-02 00:00:30.000000,2019-12-02 00:16:46.330204,2019-12-02 00:17:16.330204,2019-12-02 00:52:02.075936,2019-12-02 00:52:32.075936,2019-12-02 01:10:54.356370,Replace,3,42,48,-1 days +22:44:30.000000000,0 days 00:16:46.330204000
1,2019-12-02 01:11:00.000000,2019-12-02 01:11:55.000000,2019-12-02 01:30:24.854734,2019-12-02 01:31:19.854734,2019-12-02 02:00:27.503551,2019-12-02 02:01:22.503551,2019-12-02 02:19:18.974103,Replace,3,42,48,0 days 00:00:55.000000000,0 days 00:19:24.854734000
2,2019-12-02 02:29:00.000000,2019-12-02 02:29:45.000000,2019-12-02 02:40:54.647843,2019-12-02 02:41:39.647843,2019-12-02 03:12:55.988437,2019-12-02 03:13:40.988437,2019-12-02 03:32:23.291466,Replace,3,42,48,0 days 00:00:45.000000000,0 days 00:11:54.647843000
3,2019-12-02 03:34:00.000000,2019-12-02 03:34:55.000000,2019-12-02 03:53:48.766921,2019-12-02 03:54:43.766921,2019-12-02 04:52:07.375254,2019-12-02 04:53:02.375254,2019-12-02 05:06:41.745355,Replace,3,42,48,0 days 00:00:55.000000000,0 days 00:19:48.766921000
4,2019-12-02 04:35:00.000000,2019-12-02 04:35:35.000000,2019-12-02 04:48:26.866980,2019-12-02 04:49:01.866980,2019-12-02 05:17:47.069361,2019-12-02 05:18:22.069361,2019-12-02 05:35:12.912129,Replace,3,42,48,0 days 00:00:35.000000000,0 days 00:13:26.866980000
5,2019-12-02 05:45:00.000000,2019-12-02 05:45:45.000000,2019-12-02 06:00:48.780800,2019-12-02 06:01:33.780800,2019-12-02 06:35:45.144009,2019-12-02 06:36:30.144009,2019-12-02 06:53:47.580432,Replace,3,42,48,0 days 00:00:45.000000000,0 days 00:15:48.780800000
6,2019-12-02 06:47:00.000000,2019-12-02 06:47:45.000000,2019-12-02 07:06:24.462281,2019-12-02 07:07:09.462281,2019-12-02 07:52:01.371795,2019-12-02 07:52:46.371795,2019-12-02 08:10:04.468554,Replace,3,42,48,0 days 00:00:45.000000000,0 days 00:19:24.462281000
7,2019-12-02 07:53:00.000000,2019-12-02 07:53:35.000000,2019-12-02 08:08:48.602783,2019-12-02 08:09:23.602783,2019-12-02 09:01:07.353560,2019-12-02 09:01:42.353560,2019-12-02 09:16:27.902197,Replace,3,42,48,0 days 00:00:35.000000000,0 days 00:15:48.602783000
8,2019-12-02 09:15:00.000000,2019-12-02 09:15:45.000000,2019-12-02 09:27:33.828273,2019-12-02 09:27:52.373006,,,,Onsite,3,42,48,0 days 00:00:45.000000000,0 days 00:12:07.373006000
9,2019-12-02 10:33:00.000000,2019-12-02 10:33:50.000000,2019-12-02 10:49:44.683917,2019-12-02 10:50:34.683917,2019-12-02 11:20:34.958795,2019-12-02 11:21:24.958795,2019-12-02 11:38:52.353577,Replace,3,42,48,0 days 00:00:50.000000000,0 days 00:16:44.683917000
10,2019-12-02 11:36:00.000000,2019-12-02 11:36:35.000000,2019-12-02 11:55:00.336320,2019-12-02 11:55:39.686941,,,,Onsite,3,42,48,0 days 00:00:35.000000000,0 days 00:19:04.686941000
11,2019-12-02 12:42:00.000000,2019-12-02 12:42:35.000000,2019-12-02 12:54:56.016097,2019-12-02 12:55:31.016097,2019-12-02 13:23:16.614522,2019-12-02 13:23:51.614522,2019-12-02 13:42:23.905188,Replace,3,42,48,0 days 00:00:35.000000000,0 days 00:12:56.016097000
12,2019-12-02 13:42:00.000000,2019-12-02 13:42:35.000000,2019-12-02 13:55:32.197380,2019-12-02 13:56:07.197380,2019-12-02 14:26:27.740285,2019-12-02 14:27:02.740285,2019-12-02 14:47:11.006626,Replace,3,42,48,0 days 00:00:35.000000000,0 days 00:13:32.197380000
13,2019-12-02 14:46:00.000000,2019-12-02 14:46:55.000000,2019-12-02 15:00:33.609231,2019-12-02 15:01:28.609231,2019-12-02 15:31:21.681338,2019-12-02 15:32:16.681338,2019-12-02 15:48:04.074378,Replace,3,42,48,0 days 00:00:55.000000000,0 days 00:14:33.609231000
14,2019-12-02 15:46:00.000000,2019-12-02 15:46:45.000000,2019-12-02 15:58:18.469163,2019-12-02 15:59:03.469163,2019-12-02 16:32:17.015722,2019-12-02 16:33:02.015722,2019-12-02 16:46:14.140321,Replace,3,42,48,0 days 00:00:45.000000000,0 days 00:12:18.469163000
15,2019-12-02 16:39:00.000000,2019-12-02 16:39:55.000000,2019-12-02 16:55:30.285076,2019-12-02 16:55:39.194778,,,,Onsite,3,42,48,0 days 00:00:55.000000000,0 days 00:15:44.194778000
16,2019-12-02 17:39:00.000000,2019-12-02 17:39:35.000000,2019-12-02 17:59:45.119098,2019-12-02 18:00:20.119098,2019-12-02 18:42:57.414215,2019-12-02 18:43:32.414215,2019-12-02 18:58:26.677512,Replace,3,42,48,0 days 00:00:35.000000000,0 days 00:20:45.119098000
17,2019-12-02 18:57:00.000000,2019-12-02 18:57:30.000000,2019-12-02 19:14:58.513786,2019-12-02 19:15:28.513786,2019-12-02 19:45:40.911017,2019-12-02 19:46:10.911017,2019-12-02 20:09:41.225397,Replace,3,42,48,0 days 00:00:30.000000000,0 days 00:17:58.513786000
18,2019-12-02 20:13:00.000000,2019-12-02 20:13:45.000000,2019-12-02 20:27:28.890706,2019-12-02 20:28:13.890706,2019-12-02 21:00:10.945340,2019-12-02 21:00:55.945340,2019-12-02 21:20:39.233081,Replace,3,42,48,0 days 00:00:45.000000000,0 days 00:14:28.890706000
19,2019-12-02 21:17:00.000000,2019-12-02 21:17:55.000000,2019-12-02 21:33:51.355411,2019-12-02 21:34:02.754195,,,,Onsite,3,42,48,0 days 00:00:55.000000000,0 days 00:16:07.754195000
0,2019-12-02 01:02:00.000000,2019-12-02 00:00:35.000000,2019-12-02 00:16:00.134096,2019-12-02 00:16:35.134096,2019-12-02 00:46:47.973270,2019-12-02 00:47:22.973270,2019-12-02 01:05:40.631108,Replace,4,42,48,-1 days +22:58:35.000000000,0 days 00:16:00.134096000
1,2019-12-02 01:06:00.000000,2019-12-02 01:06:50.000000,2019-12-02 01:12:00.483377,2019-12-02 01:12:27.862274,,,,Onsite,4,42,48,0 days 00:00:50.000000000,0 days 00:05:37.862274000
2,2019-12-02 01:55:00.000000,2019-12-02 01:55:35.000000,2019-12-02 02:08:21.549985,2019-12-02 02:08:30.982981,,,,Onsite,4,42,48,0 days 00:00:35.000000000,0 days 00:12:55.982981000
3,2019-12-02 03:02:00.000000,2019-12-02 03:02:45.000000,2019-12-02 03:22:08.472122,2019-12-02 03:22:53.472122,2019-12-02 04:18:06.938259,2019-12-02 04:18:51.938259,2019-12-02 04:35:58.368607,Replace,4,42,48,0 days 00:00:45.000000000,0 days 00:20:08.472122000
4,2019-12-02 04:15:00.000000,2019-12-02 04:15:45.000000,2019-12-02 04:27:44.585811,2019-12-02 04:28:03.648745,,,,Onsite,4,42,48,0 days 00:00:45.000000000,0 days 00:12:18.648745000
5,2019-12-02 05:30:00.000000,2019-12-02 05:30:55.000000,2019-12-02 05:52:17.855557,2019-12-02 05:52:22.196029,,,,Onsite,4,42,48,0 days 00:00:55.000000000,0 days 00:21:27.196029000
6,2019-12-02 06:40:00.000000,2019-12-02 06:40:35.000000,2019-12-02 06:58:14.270892,2019-12-02 06:58:24.610271,,,,Onsite,4,42,48,0 days 00:00:35.000000000,0 days 00:17:49.610271000
7,2019-12-02 07:51:00.000000,2019-12-02 07:51:25.000000,2019-12-02 08:10:40.354894,2019-12-02 08:11:05.354894,2019-12-02 09:09:01.047922,2019-12-02 09:09:26.047922,2019-12-02 09:33:20.974135,Replace,4,42,48,0 days 00:00:25.000000000,0 days 00:19:40.354894000
8,2019-12-02 09:04:00.000000,2019-12-02 09:04:50.000000,2019-12-02 09:23:26.345472,2019-12-02 09:24:16.345472,2019-12-02 10:01:37.567023,2019-12-02 10:02:27.567023,2019-12-02 10:18:16.127022,Replace,4,42,48,0 days 00:00:50.000000000,0 days 00:19:26.345472000
9,2019-12-02 10:05:00.000000,2019-12-02 10:05:45.000000,2019-12-02 10:21:37.695748,2019-12-02 10:21:45.970126,,,,Onsite,4,42,48,0 days 00:00:45.000000000,0 days 00:16:00.970126000
10,2019-12-02 11:20:00.000000,2019-12-02 11:20:45.000000,2019-12-02 11:40:55.812963,2019-12-02 11:41:16.737945,,,,Onsite,4,42,48,0 days 00:00:45.000000000,0 days 00:20:31.737945000
11,2019-12-02 12:31:00.000000,2019-12-02 12:31:55.000000,2019-12-02 12:54:28.837849,2019-12-02 12:54:41.392145,,,,Onsite,4,42,48,0 days 00:00:55.000000000,0 days 00:22:46.392145000
12,2019-12-02 13:44:00.000000,2019-12-02 13:44:35.000000,2019-12-02 14:01:52.801165,2019-12-02 14:02:08.417635,,,,Onsite,4,42,48,0 days 00:00:35.000000000,0 days 00:17:33.417635000
13,2019-12-02 14:56:00.000000,2019-12-02 14:56:55.000000,2019-12-02 15:14:01.527823,2019-12-02 15:14:12.277462,,,,Onsite,4,42,48,0 days 00:00:55.000000000,0 days 00:17:17.277462000
14,2019-12-02 16:05:00.000000,2019-12-02 16:05:25.000000,2019-12-02 16:20:41.521909,2019-12-02 16:20:46.862378,,,,Onsite,4,42,48,0 days 00:00:25.000000000,0 days 00:15:21.862378000
15,2019-12-02 17:04:00.000000,2019-12-02 17:04:55.000000,2019-12-02 17:18:10.074548,2019-12-02 17:18:30.726592,,,,Onsite,4,42,48,0 days 00:00:55.000000000,0 days 00:13:35.726592000
16,2019-12-02 18:02:00.000000,2019-12-02 18:02:45.000000,2019-12-02 18:18:19.388914,2019-12-02 18:18:30.249697,,,,Onsite,4,42,48,0 days 00:00:45.000000000,0 days 00:15:45.249697000
17,2019-12-02 19:01:00.000000,2019-12-02 19:01:45.000000,2019-12-02 19:22:44.238263,2019-12-02 19:23:29.238263,2019-12-02 19:45:04.657041,2019-12-02 19:45:49.657041,2019-12-02 20:00:38.552247,Replace,4,42,48,0 days 00:00:45.000000000,0 days 00:21:44.238263000
18,2019-12-02 19:59:00.000000,2019-12-02 19:59:50.000000,2019-12-02 20:14:51.237798,2019-12-02 20:15:41.237798,2019-12-02 21:06:50.481539,2019-12-02 21:07:40.481539,2019-12-02 21:24:42.671867,Replace,4,42,48,0 days 00:00:50.000000000,0 days 00:15:51.237798000
19,2019-12-02 21:02:00.000000,2019-12-02 21:02:30.000000,2019-12-02 21:18:44.485135,2019-12-02 21:19:14.485135,2019-12-02 21:48:21.446307,2019-12-02 21:48:51.446307,2019-12-02 22:01:47.269118,Replace,4,42,48,0 days 00:00:30.000000000,0 days 00:16:44.485135000
20,2019-12-02 22:19:00.000000,2019-12-02 22:19:35.000000,2019-12-02 22:35:30.050835,2019-12-02 22:35:39.383044,,,,Onsite,4,42,48,0 days 00:00:35.000000000,0 days 00:16:04.383044000
0,2019-12-02 01:05:00.000000,2019-12-02 00:00:50.000000,2019-12-02 00:18:02.757035,2019-12-02 00:18:11.685881,,,,Onsite,5,42,48,-1 days +22:55:50.000000000,0 days 00:17:21.685881000
1,2019-12-02 00:55:00.000000,2019-12-02 00:55:45.000000,2019-12-02 01:12:57.997843,2019-12-02 01:13:42.997843,2019-12-02 01:46:58.587367,2019-12-02 01:47:43.587367,2019-12-02 02:06:32.671558,Replace,5,42,48,0 days 00:00:45.000000000,0 days 00:17:57.997843000
2,2019-12-02 02:03:00.000000,2019-12-02 02:03:45.000000,2019-12-02 02:23:15.788762,2019-12-02 02:24:00.788762,2019-12-02 03:13:29.706696,2019-12-02 03:14:14.706696,2019-12-02 03:29:08.505559,Replace,5,42,48,0 days 00:00:45.000000000,0 days 00:20:15.788762000
3,2019-12-02 02:58:00.000000,2019-12-02 02:58:30.000000,2019-12-02 03:17:54.799001,2019-12-02 03:18:10.660429,,,,Onsite,5,42,48,0 days 00:00:30.000000000,0 days 00:19:40.660429000
4,2019-12-02 04:06:00.000000,2019-12-02 04:06:55.000000,2019-12-02 04:20:58.098051,2019-12-02 04:21:53.098051,2019-12-02 04:56:23.526239,2019-12-02 04:57:18.526239,2019-12-02 05:20:12.444930,Replace,5,42,48,0 days 00:00:55.000000000,0 days 00:14:58.098051000
5,2019-12-02 05:09:00.000000,2019-12-02 05:09:50.000000,2019-12-02 05:30:31.985446,2019-12-02 05:30:53.542764,,,,Onsite,5,42,48,0 days 00:00:50.000000000,0 days 00:21:03.542764000
6,2019-12-02 06:19:00.000000,2019-12-02 06:19:45.000000,2019-12-02 06:43:29.211601,2019-12-02 06:44:14.211601,2019-12-02 07:26:49.840842,2019-12-02 07:27:34.840842,2019-12-02 07:44:10.701099,Replace,5,42,48,0 days 00:00:45.000000000,0 days 00:24:29.211601000
7,2019-12-02 07:42:00.000000,2019-12-02 07:42:45.000000,2019-12-02 07:58:30.966698,2019-12-02 07:59:15.966698,2019-12-02 08:30:44.947961,2019-12-02 08:31:29.947961,2019-12-02 08:46:48.311689,Replace,5,42,48,0 days 00:00:45.000000000,0 days 00:16:30.966698000
8,2019-12-02 09:03:00.000000,2019-12-02 09:03:55.000000,2019-12-02 09:21:47.319427,2019-12-02 09:22:06.736637,,,,Onsite,5,42,48,0 days 00:00:55.000000000,0 days 00:18:11.736637000
9,2019-12-02 10:13:00.000000,2019-12-02 10:13:35.000000,2019-12-02 10:30:27.003924,2019-12-02 10:31:02.003924,2019-12-02 10:59:50.367506,2019-12-02 11:00:25.367506,2019-12-02 11:13:58.951995,Replace,5,42,48,0 days 00:00:35.000000000,0 days 00:17:27.003924000
10,2019-12-02 11:06:00.000000,2019-12-02 11:06:25.000000,2019-12-02 11:23:25.339403,2019-12-02 11:24:00.713778,,,,Onsite,5,42,48,0 days 00:00:25.000000000,0 days 00:17:35.713778000
11,2019-12-02 12:18:00.000000,2019-12-02 12:18:45.000000,2019-12-02 12:31:33.848094,2019-12-02 12:32:18.848094,2019-12-02 13:10:57.929918,2019-12-02 13:11:42.929918,2019-12-02 13:24:41.886352,Replace,5,42,48,0 days 00:00:45.000000000,0 days 00:13:33.848094000
12,2019-12-02 13:35:00.000000,2019-12-02 13:35:35.000000,2019-12-02 13:52:30.696571,2019-12-02 13:53:05.696571,2019-12-02 14:46:19.510748,2019-12-02 14:46:54.510748,2019-12-02 15:00:31.884640,Replace,5,42,48,0 days 00:00:35.000000000,0 days 00:17:30.696571000
13,2019-12-02 14:45:00.000000,2019-12-02 14:45:30.000000,2019-12-02 15:02:19.766738,2019-12-02 15:02:49.766738,2019-12-02 15:43:10.625598,2019-12-02 15:43:40.625598,2019-12-02 16:05:23.274668,Replace,5,42,48,0 days 00:00:30.000000000,0 days 00:17:19.766738000
14,2019-12-02 15:57:00.000000,2019-12-02 15:57:45.000000,2019-12-02 16:12:50.836106,2019-12-02 16:13:35.836106,2019-12-02 16:51:35.223206,2019-12-02 16:52:20.223206,2019-12-02 17:10:42.176171,Replace,5,42,48,0 days 00:00:45.000000000,0 days 00:15:50.836106000
15,2019-12-02 17:05:00.000000,2019-12-02 17:05:45.000000,2019-12-02 17:20:50.005142,2019-12-02 17:21:35.005142,2019-12-02 17:47:05.383241,2019-12-02 17:47:50.383241,2019-12-02 18:02:46.037018,Replace,5,42,48,0 days 00:00:45.000000000,0 days 00:15:50.005142000
16,2019-12-02 18:11:00.000000,2019-12-02 18:11:55.000000,2019-12-02 18:27:41.695013,2019-12-02 18:28:36.695013,2019-12-02 19:05:23.732432,2019-12-02 19:06:18.732432,2019-12-02 19:21:37.983398,Replace,5,42,48,0 days 00:00:55.000000000,0 days 00:16:41.695013000
17,2019-12-02 19:25:00.000000,2019-12-02 19:25:55.000000,2019-12-02 19:39:10.213907,2019-12-02 19:40:05.213907,2019-12-02 20:08:04.893555,2019-12-02 20:08:59.893555,2019-12-02 20:28:17.633843,Replace,5,42,48,0 days 00:00:55.000000000,0 days 00:14:10.213907000
18,2019-12-02 20:29:00.000000,2019-12-02 20:29:25.000000,2019-12-02 20:46:17.604794,2019-12-02 20:46:42.604794,2019-12-02 21:34:37.846333,2019-12-02 21:35:02.846333,2019-12-02 21:48:45.102034,Replace,5,42,48,0 days 00:00:25.000000000,0 days 00:17:17.604794000
19,2019-12-02 21:49:00.000000,2019-12-02 21:49:55.000000,2019-12-02 22:02:57.178694,2019-12-02 22:03:10.913539,,,,Onsite,5,42,48,0 days 00:00:55.000000000,0 days 00:13:15.913539000
0,2019-12-02 01:02:00.000000,2019-12-02 00:00:35.000000,2019-12-02 00:13:41.487721,2019-12-02 00:14:16.487721,2019-12-02 00:50:56.797838,2019-12-02 00:51:31.797838,2019-12-02 01:07:13.633257,Replace,6,42,48,-1 days +22:58:35.000000000,0 days 00:13:41.487721000
1,2019-12-02 01:10:00.000000,2019-12-02 01:10:45.000000,2019-12-02 01:28:57.101210,2019-12-02 01:29:12.285422,,,,Onsite,6,42,48,0 days 00:00:45.000000000,0 days 00:18:27.285422000
2,2019-12-02 02:35:00.000000,2019-12-02 02:35:25.000000,2019-12-02 02:46:26.965119,2019-12-02 02:46:51.965119,2019-12-02 03:15:26.545729,2019-12-02 03:15:51.545729,2019-12-02 03:33:53.184175,Replace,6,42,48,0 days 00:00:25.000000000,0 days 00:11:26.965119000
3,2019-12-02 03:37:00.000000,2019-12-02 03:37:35.000000,2019-12-02 03:45:19.985761,2019-12-02 03:45:54.985761,2019-12-02 04:36:41.601115,2019-12-02 04:37:16.601115,2019-12-02 04:52:04.359408,Replace,6,42,48,0 days 00:00:35.000000000,0 days 00:08:19.985761000
4,2019-12-02 05:02:00.000000,2019-12-02 05:02:45.000000,2019-12-02 05:16:36.370137,2019-12-02 05:17:21.370137,2019-12-02 05:47:20.926330,2019-12-02 05:48:05.926330,2019-12-02 06:08:32.005044,Replace,6,42,48,0 days 00:00:45.000000000,0 days 00:14:36.370137000
5,2019-12-02 06:10:00.000000,2019-12-02 06:10:55.000000,2019-12-02 06:27:51.360554,2019-12-02 06:28:46.360554,2019-12-02 06:56:40.385051,2019-12-02 06:57:35.385051,2019-12-02 07:19:24.839471,Replace,6,42,48,0 days 00:00:55.000000000,0 days 00:17:51.360554000
6,2019-12-02 07:20:00.000000,2019-12-02 07:20:30.000000,2019-12-02 07:39:56.599299,2019-12-02 07:40:26.599299,2019-12-02 08:04:58.694396,2019-12-02 08:05:28.694396,2019-12-02 08:23:04.930118,Replace,6,42,48,0 days 00:00:30.000000000,0 days 00:19:56.599299000
7,2019-12-02 08:35:00.000000,2019-12-02 08:35:35.000000,2019-12-02 08:54:24.576973,2019-12-02 08:54:44.623165,,,,Onsite,6,42,48,0 days 00:00:35.000000000,0 days 00:19:09.623165000
8,2019-12-02 09:39:00.000000,2019-12-02 09:39:55.000000,2019-12-02 09:55:46.306331,2019-12-02 09:55:58.644542,,,,Onsite,6,42,48,0 days 00:00:55.000000000,0 days 00:16:03.644542000
9,2019-12-02 10:49:00.000000,2019-12-02 10:49:30.000000,2019-12-02 11:05:05.877552,2019-12-02 11:05:25.214161,,,,Onsite,6,42,48,0 days 00:00:30.000000000,0 days 00:15:55.214161000
10,2019-12-02 11:53:00.000000,2019-12-02 11:53:45.000000,2019-12-02 12:14:11.110831,2019-12-02 12:14:56.110831,2019-12-02 13:01:13.582488,2019-12-02 13:01:58.582488,2019-12-02 13:18:43.037139,Replace,6,42,48,0 days 00:00:45.000000000,0 days 00:21:11.110831000
11,2019-12-02 12:42:00.000000,2019-12-02 12:42:30.000000,2019-12-02 13:03:34.749422,2019-12-02 13:03:54.506062,,,,Onsite,6,42,48,0 days 00:00:30.000000000,0 days 00:21:24.506062000
12,2019-12-02 13:45:00.000000,2019-12-02 13:45:45.000000,2019-12-02 14:01:45.343112,2019-12-02 14:02:30.343112,2019-12-02 14:31:15.082683,2019-12-02 14:32:00.082683,2019-12-02 14:54:29.081535,Replace,6,42,48,0 days 00:00:45.000000000,0 days 00:16:45.343112000
13,2019-12-02 14:47:00.000000,2019-12-02 14:47:45.000000,2019-12-02 14:59:36.377718,2019-12-02 15:00:21.377718,2019-12-02 15:42:49.294159,2019-12-02 15:43:34.294159,2019-12-02 16:01:17.998043,Replace,6,42,48,0 days 00:00:45.000000000,0 days 00:12:36.377718000
14,2019-12-02 15:38:00.000000,2019-12-02 15:38:55.000000,2019-12-02 15:58:07.435768,2019-12-02 15:59:02.435768,2019-12-02 16:25:58.392979,2019-12-02 16:26:53.392979,2019-12-02 16:45:29.537245,Replace,6,42,48,0 days 00:00:55.000000000,0 days 00:20:07.435768000
15,2019-12-02 16:44:00.000000,2019-12-02 16:44:35.000000,2019-12-02 17:05:57.511737,2019-12-02 17:06:32.511737,2019-12-02 17:40:22.760384,2019-12-02 17:40:57.760384,2019-12-02 17:58:18.097939,Replace,6,42,48,0 days 00:00:35.000000000,0 days 00:21:57.511737000
16,2019-12-02 17:55:00.000000,2019-12-02 17:55:45.000000,2019-12-02 18:09:45.078219,2019-12-02 18:10:30.078219,2019-12-02 19:03:26.094048,2019-12-02 19:04:11.094048,2019-12-02 19:15:58.383694,Replace,6,42,48,0 days 00:00:45.000000000,0 days 00:14:45.078219000
17,2019-12-02 19:09:00.000000,2019-12-02 19:09:35.000000,2019-12-02 19:25:53.330409,2019-12-02 19:26:05.918668,,,,Onsite,6,42,48,0 days 00:00:35.000000000,0 days 00:16:30.918668000
18,2019-12-02 20:06:00.000000,2019-12-02 20:06:50.000000,2019-12-02 20:25:50.909390,2019-12-02 20:26:40.909390,2019-12-02 21:05:33.013019,2019-12-02 21:06:23.013019,2019-12-02 21:23:21.704506,Replace,6,42,48,0 days 00:00:50.000000000,0 days 00:19:50.909390000
19,2019-12-02 21:17:00.000000,2019-12-02 21:17:25.000000,2019-12-02 21:37:31.247033,2019-12-02 21:37:56.247033,2019-12-02 22:09:50.070874,2019-12-02 22:10:15.070874,2019-12-02 22:23:16.758968,Replace,6,42,48,0 days 00:00:25.000000000,0 days 00:20:31.247033000
0,2019-12-02 01:08:00.000000,2019-12-02 00:00:55.000000,2019-12-02 00:21:59.661594,2019-12-02 00:22:54.661594,2019-12-02 00:54:41.941091,2019-12-02 00:55:36.941091,2019-12-02 01:07:10.183019,Replace,7,42,48,-1 days +22:52:55.000000000,0 days 00:21:59.661594000
1,2019-12-02 01:09:00.000000,2019-12-02 01:09:45.000000,2019-12-02 01:29:44.628323,2019-12-02 01:30:29.628323,2019-12-02 02:09:44.305166,2019-12-02 02:10:29.305166,2019-12-02 02:27:00.743557,Replace,7,42,48,0 days 00:00:45.000000000,0 days 00:20:44.628323000
2,2019-12-02 03:16:00.000000,2019-12-02 03:16:25.000000,2019-12-02 03:36:42.067973,2019-12-02 03:36:50.853962,,,,Onsite,7,42,48,0 days 00:00:25.000000000,0 days 00:20:25.853962000
3,2019-12-02 02:21:00.000000,2019-12-02 02:21:45.000000,2019-12-02 02:43:56.774369,2019-12-02 02:44:41.774369,2019-12-02 03:16:05.345155,2019-12-02 03:16:50.345155,2019-12-02 03:33:36.175881,Replace,7,42,48,0 days 00:00:45.000000000,0 days 00:22:56.774369000
4,2019-12-02 04:03:00.000000,2019-12-02 04:03:25.000000,2019-12-02 04:20:12.446192,2019-12-02 04:20:37.446192,2019-12-02 04:57:33.554522,2019-12-02 04:57:58.554522,2019-12-02 05:15:54.978234,Replace,7,42,48,0 days 00:00:25.000000000,0 days 00:17:12.446192000
5,2019-12-02 05:21:00.000000,2019-12-02 05:21:35.000000,2019-12-02 05:38:07.040089,2019-12-02 05:38:42.040089,2019-12-02 06:31:25.785287,2019-12-02 06:32:00.785287,2019-12-02 06:50:39.669508,Replace,7,42,48,0 days 00:00:35.000000000,0 days 00:17:07.040089000
6,2019-12-02 06:32:00.000000,2019-12-02 06:32:35.000000,2019-12-02 06:46:30.218590,2019-12-02 06:47:05.218590,2019-12-02 07:34:18.733086,2019-12-02 07:34:53.733086,2019-12-02 07:51:00.484921,Replace,7,42,48,0 days 00:00:35.000000000,0 days 00:14:30.218590000
7,2019-12-02 07:49:00.000000,2019-12-02 07:49:30.000000,2019-12-02 08:05:05.000158,2019-12-02 08:05:35.000158,2019-12-02 08:52:07.994499,2019-12-02 08:52:37.994499,2019-12-02 09:07:10.145629,Replace,7,42,48,0 days 00:00:30.000000000,0 days 00:16:05.000158000
8,2019-12-02 08:54:00.000000,2019-12-02 08:54:30.000000,2019-12-02 09:10:01.042197,2019-12-02 09:10:31.042197,2019-12-02 09:46:12.561526,2019-12-02 09:46:42.561526,2019-12-02 09:58:52.131374,Replace,7,42,48,0 days 00:00:30.000000000,0 days 00:16:01.042197000
9,2019-12-02 10:08:00.000000,2019-12-02 10:08:35.000000,2019-12-02 10:22:53.148213,2019-12-02 10:23:28.148213,2019-12-02 11:13:16.592732,2019-12-02 11:13:51.592732,2019-12-02 11:28:56.205579,Replace,7,42,48,0 days 00:00:35.000000000,0 days 00:14:53.148213000
10,2019-12-02 11:10:00.000000,2019-12-02 11:10:35.000000,2019-12-02 11:29:20.850214,2019-12-02 11:29:59.520200,,,,Onsite,7,42,48,0 days 00:00:35.000000000,0 days 00:19:24.520200000
11,2019-12-02 12:10:00.000000,2019-12-02 12:10:25.000000,2019-12-02 12:23:15.147509,2019-12-02 12:23:33.108719,,,,Onsite,7,42,48,0 days 00:00:25.000000000,0 days 00:13:08.108719000
12,2019-12-02 13:27:00.000000,2019-12-02 13:27:45.000000,2019-12-02 13:44:03.744941,2019-12-02 13:44:48.744941,2019-12-02 14:12:26.532814,2019-12-02 14:13:11.532814,2019-12-02 14:28:49.083645,Replace,7,42,48,0 days 00:00:45.000000000,0 days 00:17:03.744941000
13,2019-12-02 14:41:00.000000,2019-12-02 14:41:25.000000,2019-12-02 14:53:39.227905,2019-12-02 14:54:04.227905,2019-12-02 15:26:55.358007,2019-12-02 15:27:20.358007,2019-12-02 15:41:38.358132,Replace,7,42,48,0 days 00:00:25.000000000,0 days 00:12:39.227905000
14,2019-12-02 15:59:00.000000,2019-12-02 15:59:45.000000,2019-12-02 16:11:45.399334,2019-12-02 16:12:30.399334,2019-12-02 16:39:30.446585,2019-12-02 16:40:15.446585,2019-12-02 16:52:02.007235,Replace,7,42,48,0 days 00:00:45.000000000,0 days 00:12:45.399334000
15,2019-12-02 17:12:00.000000,2019-12-02 17:12:30.000000,2019-12-02 17:27:09.531994,2019-12-02 17:27:25.638202,,,,Onsite,7,42,48,0 days 00:00:30.000000000,0 days 00:14:55.638202000
16,2019-12-02 18:26:00.000000,2019-12-02 18:26:45.000000,2019-12-02 18:44:30.233396,2019-12-02 18:45:15.233396,2019-12-02 19:10:49.810397,2019-12-02 19:11:34.810397,2019-12-02 19:25:13.218834,Replace,7,42,48,0 days 00:00:45.000000000,0 days 00:18:30.233396000
17,2019-12-02 19:13:00.000000,2019-12-02 19:13:25.000000,2019-12-02 19:31:02.146755,2019-12-02 19:31:27.146755,2019-12-02 19:57:01.335694,2019-12-02 19:57:26.335694,2019-12-02 20:19:18.266591,Replace,7,42,48,0 days 00:00:25.000000000,0 days 00:18:02.146755000
18,2019-12-02 20:28:00.000000,2019-12-02 20:28:55.000000,2019-12-02 20:50:29.911018,2019-12-02 20:51:24.911018,2019-12-02 21:21:46.803799,2019-12-02 21:22:41.803799,2019-12-02 21:45:01.244190,Replace,7,42,48,0 days 00:00:55.000000000,0 days 00:22:29.911018000
19,2019-12-02 21:32:00.000000,2019-12-02 21:32:45.000000,2019-12-02 21:47:57.177657,2019-12-02 21:48:42.177657,2019-12-02 22:27:36.739231,2019-12-02 22:28:21.739231,2019-12-02 22:43:49.057024,Replace,7,42,48,0 days 00:00:45.000000000,0 days 00:15:57.177657000
0,2019-12-02 01:00:00.000000,2019-12-02 00:00:55.000000,2019-12-02 00:18:12.457369,2019-12-02 00:18:29.377561,,,,Onsite,8,42,48,-1 days +23:00:55.000000000,0 days 00:17:34.377561000
1,2019-12-02 01:10:00.000000,2019-12-02 01:10:25.000000,2019-12-02 01:24:40.631316,2019-12-02 01:24:44.262486,,,,Onsite,8,42,48,0 days 00:00:25.000000000,0 days 00:14:19.262486000
2,2019-12-02 02:08:00.000000,2019-12-02 02:08:45.000000,2019-12-02 02:24:00.852615,2019-12-02 02:24:38.576073,,,,Onsite,8,42,48,0 days 00:00:45.000000000,0 days 00:15:53.576073000
3,2019-12-02 03:09:00.000000,2019-12-02 03:09:35.000000,2019-12-02 03:24:15.441999,2019-12-02 03:24:50.441999,2019-12-02 03:57:55.723947,2019-12-02 03:58:30.723947,2019-12-02 04:17:12.772828,Replace,8,42,48,0 days 00:00:35.000000000,0 days 00:15:15.441999000
4,2019-12-02 04:20:00.000000,2019-12-02 04:20:45.000000,2019-12-02 04:41:24.698935,2019-12-02 04:42:09.698935,2019-12-02 05:33:41.385969,2019-12-02 05:34:26.385969,2019-12-02 05:49:10.724268,Replace,8,42,48,0 days 00:00:45.000000000,0 days 00:21:24.698935000
5,2019-12-02 05:26:00.000000,2019-12-02 05:26:50.000000,2019-12-02 05:41:52.956301,2019-12-02 05:42:42.956301,2019-12-02 06:06:43.786797,2019-12-02 06:07:33.786797,2019-12-02 06:29:07.549976,Replace,8,42,48,0 days 00:00:50.000000000,0 days 00:15:52.956301000
6,2019-12-02 06:36:00.000000,2019-12-02 06:36:55.000000,2019-12-02 06:48:43.500311,2019-12-02 06:49:38.500311,2019-12-02 07:24:03.832139,2019-12-02 07:24:58.832139,2019-12-02 07:35:51.137262,Replace,8,42,48,0 days 00:00:55.000000000,0 days 00:12:43.500311000
7,2019-12-02 07:47:00.000000,2019-12-02 07:47:45.000000,2019-12-02 07:59:59.008355,2019-12-02 08:00:44.008355,2019-12-02 08:32:25.364496,2019-12-02 08:33:10.364496,2019-12-02 08:54:30.710041,Replace,8,42,48,0 days 00:00:45.000000000,0 days 00:12:59.008355000
8,2019-12-02 08:59:00.000000,2019-12-02 08:59:45.000000,2019-12-02 09:12:29.494466,2019-12-02 09:12:34.685480,,,,Onsite,8,42,48,0 days 00:00:45.000000000,0 days 00:12:49.685480000
9,2019-12-02 10:00:00.000000,2019-12-02 10:00:25.000000,2019-12-02 10:14:23.685340,2019-12-02 10:14:53.012304,,,,Onsite,8,42,48,0 days 00:00:25.000000000,0 days 00:14:28.012304000
10,2019-12-02 11:12:00.000000,2019-12-02 11:12:45.000000,2019-12-02 11:28:21.682622,2019-12-02 11:29:06.682622,2019-12-02 11:56:47.368552,2019-12-02 11:57:32.368552,2019-12-02 12:15:20.602352,Replace,8,42,48,0 days 00:00:45.000000000,0 days 00:16:21.682622000
11,2019-12-02 12:23:00.000000,2019-12-02 12:23:50.000000,2019-12-02 12:37:22.771881,2019-12-02 12:37:40.146872,,,,Onsite,8,42,48,0 days 00:00:50.000000000,0 days 00:13:50.146872000
12,2019-12-02 13:36:00.000000,2019-12-02 13:36:35.000000,2019-12-02 13:49:08.614687,2019-12-02 13:49:27.800593,,,,Onsite,8,42,48,0 days 00:00:35.000000000,0 days 00:12:52.800593000
13,2019-12-02 14:46:00.000000,2019-12-02 14:46:30.000000,2019-12-02 15:07:50.741077,2019-12-02 15:08:20.741077,2019-12-02 15:32:18.563771,2019-12-02 15:32:48.563771,2019-12-02 15:49:29.644943,Replace,8,42,48,0 days 00:00:30.000000000,0 days 00:21:50.741077000
14,2019-12-02 15:59:00.000000,2019-12-02 15:59:55.000000,2019-12-02 16:16:16.225945,2019-12-02 16:17:11.225945,2019-12-02 16:49:07.272104,2019-12-02 16:50:02.272104,2019-12-02 17:06:55.400429,Replace,8,42,48,0 days 00:00:55.000000000,0 days 00:17:16.225945000
15,2019-12-02 17:02:00.000000,2019-12-02 17:02:30.000000,2019-12-02 17:25:29.265460,2019-12-02 17:25:38.960117,,,,Onsite,8,42,48,0 days 00:00:30.000000000,0 days 00:23:08.960117000
16,2019-12-02 18:12:00.000000,2019-12-02 18:12:25.000000,2019-12-02 18:23:47.036065,2019-12-02 18:24:12.036065,2019-12-02 18:51:51.117907,2019-12-02 18:52:16.117907,2019-12-02 19:04:49.588725,Replace,8,42,48,0 days 00:00:25.000000000,0 days 00:11:47.036065000
17,2019-12-02 19:24:00.000000,2019-12-02 19:24:30.000000,2019-12-02 19:43:53.593187,2019-12-02 19:44:23.593187,2019-12-02 20:13:55.877560,2019-12-02 20:14:25.877560,2019-12-02 20:34:14.552479,Replace,8,42,48,0 days 00:00:30.000000000,0 days 00:19:53.593187000
18,2019-12-02 20:09:00.000000,2019-12-02 20:09:55.000000,2019-12-02 20:23:46.216061,2019-12-02 20:24:41.216061,2019-12-02 21:11:36.357780,2019-12-02 21:12:31.357780,2019-12-02 21:25:07.574797,Replace,8,42,48,0 days 00:00:55.000000000,0 days 00:14:46.216061000
19,2019-12-02 21:19:00.000000,2019-12-02 21:19:50.000000,2019-12-02 21:33:06.586602,2019-12-02 21:33:56.586602,2019-12-02 22:20:50.122626,2019-12-02 22:21:40.122626,2019-12-02 22:34:22.063944,Replace,8,42,48,0 days 00:00:50.000000000,0 days 00:14:06.586602000
20,2019-12-02 22:18:00.000000,2019-12-02 22:18:45.000000,2019-12-02 22:36:55.603781,2019-12-02 22:37:00.752311,,,,Onsite,8,42,48,0 days 00:00:45.000000000,0 days 00:18:15.752311000
0,2019-12-02 01:08:00.000000,2019-12-02 00:00:30.000000,2019-12-02 00:21:23.599704,2019-12-02 00:21:53.599704,2019-12-02 01:07:59.932390,2019-12-02 01:08:29.932390,2019-12-02 01:25:54.337993,Replace,9,42,48,-1 days +22:52:30.000000000,0 days 00:21:23.599704000
1,2019-12-02 00:51:00.000000,2019-12-02 00:51:55.000000,2019-12-02 01:05:11.457738,2019-12-02 01:05:19.676525,,,,Onsite,9,42,48,0 days 00:00:55.000000000,0 days 00:13:24.676525000
2,2019-12-02 02:05:00.000000,2019-12-02 02:05:55.000000,2019-12-02 02:21:50.406228,2019-12-02 02:22:20.835744,,,,Onsite,9,42,48,0 days 00:00:55.000000000,0 days 00:16:25.835744000
3,2019-12-02 03:34:00.000000,2019-12-02 03:34:45.000000,2019-12-02 03:48:27.397227,2019-12-02 03:49:12.397227,2019-12-02 04:24:46.291475,2019-12-02 04:25:31.291475,2019-12-02 04:41:43.860613,Replace,9,42,48,0 days 00:00:45.000000000,0 days 00:14:27.397227000
4,2019-12-02 04:37:00.000000,2019-12-02 04:37:30.000000,2019-12-02 05:01:10.009212,2019-12-02 05:01:40.009212,2019-12-02 05:28:34.331654,2019-12-02 05:29:04.331654,2019-12-02 05:42:53.939496,Replace,9,42,48,0 days 00:00:30.000000000,0 days 00:24:10.009212000
5,2019-12-02 05:41:00.000000,2019-12-02 05:41:35.000000,2019-12-02 05:58:29.262939,2019-12-02 05:58:44.422608,,,,Onsite,9,42,48,0 days 00:00:35.000000000,0 days 00:17:09.422608000
6,2019-12-02 06:51:00.000000,2019-12-02 06:51:25.000000,2019-12-02 07:10:45.222159,2019-12-02 07:11:10.222159,2019-12-02 07:48:23.568611,2019-12-02 07:48:48.568611,2019-12-02 08:05:26.858823,Replace,9,42,48,0 days 00:00:25.000000000,0 days 00:19:45.222159000
7,2019-12-02 07:56:00.000000,2019-12-02 07:56:30.000000,2019-12-02 08:15:11.066629,2019-12-02 08:15:41.066629,2019-12-02 08:46:31.111704,2019-12-02 08:47:01.111704,2019-12-02 09:04:26.151230,Replace,9,42,48,0 days 00:00:30.000000000,0 days 00:19:11.066629000
8,2019-12-02 09:11:00.000000,2019-12-02 09:11:25.000000,2019-12-02 09:25:10.575617,2019-12-02 09:25:35.575617,2019-12-02 10:02:37.480686,2019-12-02 10:03:02.480686,2019-12-02 10:16:37.591513,Replace,9,42,48,0 days 00:00:25.000000000,0 days 00:14:10.575617000
9,2019-12-02 10:41:00.000000,2019-12-02 10:41:30.000000,2019-12-02 10:58:28.503108,2019-12-02 10:58:39.384547,,,,Onsite,9,42,48,0 days 00:00:30.000000000,0 days 00:17:09.384547000
10,2019-12-02 12:04:00.000000,2019-12-02 12:04:50.000000,2019-12-02 12:20:44.241166,2019-12-02 12:21:00.546690,,,,Onsite,9,42,48,0 days 00:00:50.000000000,0 days 00:16:10.546690000
11,2019-12-02 13:05:00.000000,2019-12-02 13:05:45.000000,2019-12-02 13:22:11.373718,2019-12-02 13:22:56.373718,2019-12-02 13:58:51.747771,2019-12-02 13:59:36.747771,2019-12-02 14:10:49.255721,Replace,9,42,48,0 days 00:00:45.000000000,0 days 00:17:11.373718000
12,2019-12-02 14:09:00.000000,2019-12-02 14:09:35.000000,2019-12-02 14:24:41.447294,2019-12-02 14:25:13.884134,,,,Onsite,9,42,48,0 days 00:00:35.000000000,0 days 00:15:38.884134000
13,2019-12-02 15:15:00.000000,2019-12-02 15:15:45.000000,2019-12-02 15:27:13.465438,2019-12-02 15:27:26.471054,,,,Onsite,9,42,48,0 days 00:00:45.000000000,0 days 00:11:41.471054000
14,2019-12-02 16:08:00.000000,2019-12-02 16:08:45.000000,2019-12-02 16:25:47.474836,2019-12-02 16:26:00.093784,,,,Onsite,9,42,48,0 days 00:00:45.000000000,0 days 00:17:15.093784000
15,2019-12-02 17:30:00.000000,2019-12-02 17:30:45.000000,2019-12-02 17:46:25.250715,2019-12-02 17:47:10.250715,2019-12-02 18:14:15.464323,2019-12-02 18:15:00.464323,2019-12-02 18:32:58.260438,Replace,9,42,48,0 days 00:00:45.000000000,0 days 00:16:25.250715000
16,2019-12-02 18:22:00.000000,2019-12-02 18:22:45.000000,2019-12-02 18:39:52.506463,2019-12-02 18:40:37.506463,2019-12-02 19:30:54.703118,2019-12-02 19:31:39.703118,2019-12-02 19:49:58.948567,Replace,9,42,48,0 days 00:00:45.000000000,0 days 00:17:52.506463000
17,2019-12-02 19:27:00.000000,2019-12-02 19:27:55.000000,2019-12-02 19:45:46.637469,2019-12-02 19:46:41.637469,2019-12-02 20:21:48.391578,2019-12-02 20:22:43.391578,2019-12-02 20:39:12.057015,Replace,9,42,48,0 days 00:00:55.000000000,0 days 00:18:46.637469000
18,2019-12-02 20:29:00.000000,2019-12-02 20:29:45.000000,2019-12-02 20:44:01.159887,2019-12-02 20:44:46.159887,2019-12-02 21:22:01.942716,2019-12-02 21:22:46.942716,2019-12-02 21:36:40.952114,Replace,9,42,48,0 days 00:00:45.000000000,0 days 00:15:01.159887000
19,2019-12-02 21:37:00.000000,2019-12-02 21:37:45.000000,2019-12-02 21:51:14.767683,2019-12-02 21:51:39.739464,,,,Onsite,9,42,48,0 days 00:00:45.000000000,0 days 00:13:54.739464000
0,2019-12-02 00:59:00.000000,2019-12-02 00:00:50.000000,2019-12-02 00:16:45.806591,2019-12-02 00:16:49.860362,,,,Onsite,1,42,49,-1 days +23:01:50.000000000,0 days 00:15:59.860362000
1,2019-12-02 01:11:00.000000,2019-12-02 01:11:45.000000,2019-12-02 01:30:21.159095,2019-12-02 01:30:47.850860,,,,Onsite,1,42,49,0 days 00:00:45.000000000,0 days 00:19:02.850860000
2,2019-12-02 02:21:00.000000,2019-12-02 02:21:45.000000,2019-12-02 02:37:03.057888,2019-12-02 02:37:48.057888,2019-12-02 03:22:29.712101,2019-12-02 03:23:14.712101,2019-12-02 03:42:05.842040,Replace,1,42,49,0 days 00:00:45.000000000,0 days 00:16:03.057888000
3,2019-12-02 03:43:00.000000,2019-12-02 03:43:50.000000,2019-12-02 03:58:00.207489,2019-12-02 03:58:09.557315,,,,Onsite,1,42,49,0 days 00:00:50.000000000,0 days 00:14:19.557315000
4,2019-12-02 04:43:00.000000,2019-12-02 04:43:30.000000,2019-12-02 04:59:32.404135,2019-12-02 05:00:02.404135,2019-12-02 05:28:51.271592,2019-12-02 05:29:21.271592,2019-12-02 05:48:58.043345,Replace,1,42,49,0 days 00:00:30.000000000,0 days 00:16:32.404135000
5,2019-12-02 05:36:00.000000,2019-12-02 05:36:35.000000,2019-12-02 05:50:13.703331,2019-12-02 05:50:28.008872,,,,Onsite,1,42,49,0 days 00:00:35.000000000,0 days 00:13:53.008872000
6,2019-12-02 06:40:00.000000,2019-12-02 06:40:55.000000,2019-12-02 06:55:09.327682,2019-12-02 06:56:04.327682,2019-12-02 07:54:52.106426,2019-12-02 07:55:47.106426,2019-12-02 08:18:31.625484,Replace,1,42,49,0 days 00:00:55.000000000,0 days 00:15:09.327682000
7,2019-12-02 07:28:00.000000,2019-12-02 07:28:50.000000,2019-12-02 07:41:14.192260,2019-12-02 07:42:04.192260,2019-12-02 08:14:53.537052,2019-12-02 08:15:43.537052,2019-12-02 08:34:25.033769,Replace,1,42,49,0 days 00:00:50.000000000,0 days 00:13:14.192260000
8,2019-12-02 08:32:00.000000,2019-12-02 08:32:45.000000,2019-12-02 08:48:01.939428,2019-12-02 08:48:04.938684,,,,Onsite,1,42,49,0 days 00:00:45.000000000,0 days 00:15:19.938684000
9,2019-12-02 10:51:00.000000,2019-12-02 10:51:55.000000,2019-12-02 11:11:07.054696,2019-12-02 11:12:02.054696,2019-12-02 11:44:44.365630,2019-12-02 11:45:39.365630,2019-12-02 12:05:34.626623,Replace,1,42,49,0 days 00:00:55.000000000,0 days 00:20:07.054696000
10,2019-12-02 09:32:00.000000,2019-12-02 09:32:45.000000,2019-12-02 09:47:18.920165,2019-12-02 09:48:03.920165,2019-12-02 10:36:41.753021,2019-12-02 10:37:26.753021,2019-12-02 10:51:18.141478,Replace,1,42,49,0 days 00:00:45.000000000,0 days 00:15:18.920165000
11,2019-12-02 12:14:00.000000,2019-12-02 12:14:45.000000,2019-12-02 12:28:20.772663,2019-12-02 12:29:05.772663,2019-12-02 13:26:11.557805,2019-12-02 13:26:56.557805,2019-12-02 13:43:09.465805,Replace,1,42,49,0 days 00:00:45.000000000,0 days 00:14:20.772663000
12,2019-12-02 13:22:00.000000,2019-12-02 13:22:45.000000,2019-12-02 13:37:35.085725,2019-12-02 13:38:20.085725,2019-12-02 14:19:44.107998,2019-12-02 14:20:29.107998,2019-12-02 14:33:39.927714,Replace,1,42,49,0 days 00:00:45.000000000,0 days 00:15:35.085725000
13,2019-12-02 14:25:00.000000,2019-12-02 14:25:45.000000,2019-12-02 14:40:29.361189,2019-12-02 14:40:33.944264,,,,Onsite,1,42,49,0 days 00:00:45.000000000,0 days 00:14:48.944264000
14,2019-12-02 15:42:00.000000,2019-12-02 15:42:45.000000,2019-12-02 15:55:40.824874,2019-12-02 15:56:13.252360,,,,Onsite,1,42,49,0 days 00:00:45.000000000,0 days 00:13:28.252360000
15,2019-12-02 16:48:00.000000,2019-12-02 16:48:45.000000,2019-12-02 17:07:36.805946,2019-12-02 17:07:49.173924,,,,Onsite,1,42,49,0 days 00:00:45.000000000,0 days 00:19:04.173924000
16,2019-12-02 17:51:00.000000,2019-12-02 17:51:55.000000,2019-12-02 18:05:36.661772,2019-12-02 18:05:55.596966,,,,Onsite,1,42,49,0 days 00:00:55.000000000,0 days 00:14:00.596966000
17,2019-12-02 18:57:00.000000,2019-12-02 18:57:30.000000,2019-12-02 19:15:01.384864,2019-12-02 19:15:30.215927,,,,Onsite,1,42,49,0 days 00:00:30.000000000,0 days 00:18:00.215927000
18,2019-12-02 20:11:00.000000,2019-12-02 20:11:50.000000,2019-12-02 20:22:42.799863,2019-12-02 20:23:32.799863,2019-12-02 20:44:27.640459,2019-12-02 20:45:17.640459,2019-12-02 21:02:21.947220,Replace,1,42,49,0 days 00:00:50.000000000,0 days 00:11:42.799863000
19,2019-12-02 21:26:00.000000,2019-12-02 21:26:35.000000,2019-12-02 21:48:28.287481,2019-12-02 21:48:29.951665,,,,Onsite,1,42,49,0 days 00:00:35.000000000,0 days 00:21:54.951665000
0,2019-12-02 01:10:00.000000,2019-12-02 00:00:50.000000,2019-12-02 00:20:11.126088,2019-12-02 00:21:01.126088,2019-12-02 00:52:31.685904,2019-12-02 00:53:21.685904,2019-12-02 01:09:07.412963,Replace,2,42,49,-1 days +22:50:50.000000000,0 days 00:20:11.126088000
1,2019-12-02 01:12:00.000000,2019-12-02 01:12:30.000000,2019-12-02 01:25:35.971479,2019-12-02 01:26:05.971479,2019-12-02 01:54:37.719194,2019-12-02 01:55:07.719194,2019-12-02 02:14:51.683408,Replace,2,42,49,0 days 00:00:30.000000000,0 days 00:13:35.971479000
2,2019-12-02 02:13:00.000000,2019-12-02 02:13:50.000000,2019-12-02 02:27:31.177568,2019-12-02 02:27:33.503982,,,,Onsite,2,42,49,0 days 00:00:50.000000000,0 days 00:13:43.503982000
3,2019-12-02 03:32:00.000000,2019-12-02 03:32:45.000000,2019-12-02 03:47:06.557787,2019-12-02 03:47:51.557787,2019-12-02 04:16:11.207045,2019-12-02 04:16:56.207045,2019-12-02 04:37:06.451495,Replace,2,42,49,0 days 00:00:45.000000000,0 days 00:15:06.557787000
4,2019-12-02 04:40:00.000000,2019-12-02 04:40:35.000000,2019-12-02 04:56:17.503391,2019-12-02 04:56:52.503391,2019-12-02 05:42:47.133540,2019-12-02 05:43:22.133540,2019-12-02 06:04:38.862235,Replace,2,42,49,0 days 00:00:35.000000000,0 days 00:16:17.503391000
5,2019-12-02 05:50:00.000000,2019-12-02 05:50:55.000000,2019-12-02 06:07:36.865660,2019-12-02 06:08:31.865660,2019-12-02 06:37:46.095044,2019-12-02 06:38:41.095044,2019-12-02 07:02:32.247757,Replace,2,42,49,0 days 00:00:55.000000000,0 days 00:17:36.865660000
6,2019-12-02 07:04:00.000000,2019-12-02 07:04:35.000000,2019-12-02 07:17:07.844688,2019-12-02 07:17:24.456419,,,,Onsite,2,42,49,0 days 00:00:35.000000000,0 days 00:12:49.456419000
7,2019-12-02 08:13:00.000000,2019-12-02 08:13:45.000000,2019-12-02 08:32:48.448545,2019-12-02 08:33:33.448545,2019-12-02 09:10:45.698628,2019-12-02 09:11:30.698628,2019-12-02 09:29:53.147992,Replace,2,42,49,0 days 00:00:45.000000000,0 days 00:19:48.448545000
8,2019-12-02 09:13:00.000000,2019-12-02 09:13:35.000000,2019-12-02 09:27:17.993791,2019-12-02 09:27:28.362254,,,,Onsite,2,42,49,0 days 00:00:35.000000000,0 days 00:13:53.362254000
9,2019-12-02 10:16:00.000000,2019-12-02 10:16:45.000000,2019-12-02 10:30:16.666365,2019-12-02 10:31:01.666365,2019-12-02 10:55:21.055209,2019-12-02 10:56:06.055209,2019-12-02 11:15:39.543821,Replace,2,42,49,0 days 00:00:45.000000000,0 days 00:14:16.666365000
10,2019-12-02 11:30:00.000000,2019-12-02 11:30:25.000000,2019-12-02 11:45:40.677640,2019-12-02 11:46:05.677640,2019-12-02 12:19:18.340577,2019-12-02 12:19:43.340577,2019-12-02 12:35:20.746423,Replace,2,42,49,0 days 00:00:25.000000000,0 days 00:15:40.677640000
11,2019-12-02 12:29:00.000000,2019-12-02 12:29:30.000000,2019-12-02 12:42:26.525753,2019-12-02 12:42:56.525753,2019-12-02 13:28:39.108371,2019-12-02 13:29:09.108371,2019-12-02 13:42:54.697221,Replace,2,42,49,0 days 00:00:30.000000000,0 days 00:13:26.525753000
12,2019-12-02 13:27:00.000000,2019-12-02 13:27:35.000000,2019-12-02 13:39:57.035636,2019-12-02 13:40:32.035636,2019-12-02 14:35:39.824229,2019-12-02 14:36:14.824229,2019-12-02 14:54:12.263415,Replace,2,42,49,0 days 00:00:35.000000000,0 days 00:12:57.035636000
13,2019-12-02 14:31:00.000000,2019-12-02 14:31:35.000000,2019-12-02 14:51:57.482933,2019-12-02 14:52:06.606719,,,,Onsite,2,42,49,0 days 00:00:35.000000000,0 days 00:20:31.606719000
14,2019-12-02 15:47:00.000000,2019-12-02 15:47:45.000000,2019-12-02 15:58:16.901764,2019-12-02 15:59:01.901764,2019-12-02 16:47:00.310709,2019-12-02 16:47:45.310709,2019-12-02 17:09:24.593347,Replace,2,42,49,0 days 00:00:45.000000000,0 days 00:11:16.901764000
15,2019-12-02 17:14:00.000000,2019-12-02 17:14:50.000000,2019-12-02 17:32:28.397450,2019-12-02 17:32:48.775880,,,,Onsite,2,42,49,0 days 00:00:50.000000000,0 days 00:17:58.775880000
16,2019-12-02 18:12:00.000000,2019-12-02 18:12:55.000000,2019-12-02 18:26:54.290765,2019-12-02 18:27:22.987332,,,,Onsite,2,42,49,0 days 00:00:55.000000000,0 days 00:14:27.987332000
17,2019-12-02 19:23:00.000000,2019-12-02 19:23:50.000000,2019-12-02 19:39:16.459321,2019-12-02 19:40:06.459321,2019-12-02 20:18:54.354842,2019-12-02 20:19:44.354842,2019-12-02 20:30:30.276274,Replace,2,42,49,0 days 00:00:50.000000000,0 days 00:16:16.459321000
18,2019-12-02 20:23:00.000000,2019-12-02 20:23:55.000000,2019-12-02 20:41:59.911617,2019-12-02 20:42:06.833536,,,,Onsite,2,42,49,0 days 00:00:55.000000000,0 days 00:18:11.833536000
19,2019-12-02 21:46:00.000000,2019-12-02 21:46:55.000000,2019-12-02 22:00:17.944996,2019-12-02 22:01:12.944996,2019-12-02 22:36:06.203107,2019-12-02 22:37:01.203107,2019-12-02 22:53:40.048016,Replace,2,42,49,0 days 00:00:55.000000000,0 days 00:14:17.944996000
0,2019-12-02 00:57:00.000000,2019-12-02 00:00:30.000000,2019-12-02 00:16:32.852027,2019-12-02 00:17:02.852027,2019-12-02 00:54:41.693080,2019-12-02 00:55:11.693080,2019-12-02 01:10:25.363316,Replace,3,42,49,-1 days +23:03:30.000000000,0 days 00:16:32.852027000
1,2019-12-02 01:11:00.000000,2019-12-02 01:11:30.000000,2019-12-02 01:30:38.464725,2019-12-02 01:31:08.464725,2019-12-02 02:01:20.515637,2019-12-02 02:01:50.515637,2019-12-02 02:22:29.492663,Replace,3,42,49,0 days 00:00:30.000000000,0 days 00:19:38.464725000
2,2019-12-02 02:17:00.000000,2019-12-02 02:17:55.000000,2019-12-02 02:34:38.677453,2019-12-02 02:35:33.677453,2019-12-02 03:26:09.553392,2019-12-02 03:27:04.553392,2019-12-02 03:43:19.532388,Replace,3,42,49,0 days 00:00:55.000000000,0 days 00:17:38.677453000
3,2019-12-02 03:36:00.000000,2019-12-02 03:36:30.000000,2019-12-02 03:53:22.711728,2019-12-02 03:53:52.711728,2019-12-02 04:42:55.297098,2019-12-02 04:43:25.297098,2019-12-02 04:57:28.652026,Replace,3,42,49,0 days 00:00:30.000000000,0 days 00:17:22.711728000
4,2019-12-02 04:45:00.000000,2019-12-02 04:45:45.000000,2019-12-02 05:00:24.383445,2019-12-02 05:00:28.558796,,,,Onsite,3,42,49,0 days 00:00:45.000000000,0 days 00:14:43.558796000
5,2019-12-02 05:49:00.000000,2019-12-02 05:49:45.000000,2019-12-02 06:07:24.313471,2019-12-02 06:07:47.554340,,,,Onsite,3,42,49,0 days 00:00:45.000000000,0 days 00:18:02.554340000
6,2019-12-02 06:47:00.000000,2019-12-02 06:47:45.000000,2019-12-02 07:05:04.914693,2019-12-02 07:05:29.490462,,,,Onsite,3,42,49,0 days 00:00:45.000000000,0 days 00:17:44.490462000
7,2019-12-02 08:13:00.000000,2019-12-02 08:13:55.000000,2019-12-02 08:25:49.002538,2019-12-02 08:25:51.071859,,,,Onsite,3,42,49,0 days 00:00:55.000000000,0 days 00:11:56.071859000
8,2019-12-02 09:21:00.000000,2019-12-02 09:21:25.000000,2019-12-02 09:40:43.767029,2019-12-02 09:41:04.091079,,,,Onsite,3,42,49,0 days 00:00:25.000000000,0 days 00:19:39.091079000
9,2019-12-02 10:20:00.000000,2019-12-02 10:20:50.000000,2019-12-02 10:35:05.958570,2019-12-02 10:35:19.688430,,,,Onsite,3,42,49,0 days 00:00:50.000000000,0 days 00:14:29.688430000
10,2019-12-02 11:23:00.000000,2019-12-02 11:23:50.000000,2019-12-02 11:41:05.417810,2019-12-02 11:41:29.477933,,,,Onsite,3,42,49,0 days 00:00:50.000000000,0 days 00:17:39.477933000
11,2019-12-02 12:28:00.000000,2019-12-02 12:28:30.000000,2019-12-02 12:45:13.129109,2019-12-02 12:45:43.129109,2019-12-02 13:36:44.891178,2019-12-02 13:37:14.891178,2019-12-02 13:55:05.231259,Replace,3,42,49,0 days 00:00:30.000000000,0 days 00:17:13.129109000
12,2019-12-02 13:34:00.000000,2019-12-02 13:34:45.000000,2019-12-02 13:44:28.824479,2019-12-02 13:44:41.939302,,,,Onsite,3,42,49,0 days 00:00:45.000000000,0 days 00:09:56.939302000
13,2019-12-02 14:49:00.000000,2019-12-02 14:49:45.000000,2019-12-02 15:09:47.130213,2019-12-02 15:10:32.130213,2019-12-02 15:40:06.419099,2019-12-02 15:40:51.419099,2019-12-02 16:00:15.063687,Replace,3,42,49,0 days 00:00:45.000000000,0 days 00:20:47.130213000
14,2019-12-02 16:01:00.000000,2019-12-02 16:01:55.000000,2019-12-02 16:16:57.455013,2019-12-02 16:17:52.455013,2019-12-02 16:46:44.525911,2019-12-02 16:47:39.525911,2019-12-02 16:59:53.345612,Replace,3,42,49,0 days 00:00:55.000000000,0 days 00:15:57.455013000
15,2019-12-02 17:12:00.000000,2019-12-02 17:12:25.000000,2019-12-02 17:28:48.549244,2019-12-02 17:29:13.549244,2019-12-02 18:02:09.754810,2019-12-02 18:02:34.754810,2019-12-02 18:26:57.120608,Replace,3,42,49,0 days 00:00:25.000000000,0 days 00:16:48.549244000
16,2019-12-02 18:23:00.000000,2019-12-02 18:23:35.000000,2019-12-02 18:42:13.307014,2019-12-02 18:42:48.307014,2019-12-02 19:12:18.295046,2019-12-02 19:12:53.295046,2019-12-02 19:34:53.182755,Replace,3,42,49,0 days 00:00:35.000000000,0 days 00:19:13.307014000
17,2019-12-02 19:27:00.000000,2019-12-02 19:27:50.000000,2019-12-02 19:46:23.808226,2019-12-02 19:46:39.040214,,,,Onsite,3,42,49,0 days 00:00:50.000000000,0 days 00:18:49.040214000
18,2019-12-02 20:36:00.000000,2019-12-02 20:36:45.000000,2019-12-02 20:54:51.646281,2019-12-02 20:55:36.646281,2019-12-02 21:18:38.274176,2019-12-02 21:19:23.274176,2019-12-02 21:41:40.086033,Replace,3,42,49,0 days 00:00:45.000000000,0 days 00:18:51.646281000
19,2019-12-02 21:29:00.000000,2019-12-02 21:29:45.000000,2019-12-02 21:44:22.685603,2019-12-02 21:45:07.685603,2019-12-02 22:13:24.606419,2019-12-02 22:14:09.606419,2019-12-02 22:31:16.255902,Replace,3,42,49,0 days 00:00:45.000000000,0 days 00:15:22.685603000
0,2019-12-02 01:03:00.000000,2019-12-02 00:00:50.000000,2019-12-02 00:22:06.760222,2019-12-02 00:22:18.578400,,,,Onsite,4,42,49,-1 days +22:57:50.000000000,0 days 00:21:28.578400000
1,2019-12-02 01:18:00.000000,2019-12-02 01:18:25.000000,2019-12-02 01:35:41.745371,2019-12-02 01:35:50.511273,,,,Onsite,4,42,49,0 days 00:00:25.000000000,0 days 00:17:25.511273000
2,2019-12-02 02:36:00.000000,2019-12-02 02:36:45.000000,2019-12-02 02:54:36.549249,2019-12-02 02:54:51.735269,,,,Onsite,4,42,49,0 days 00:00:45.000000000,0 days 00:18:06.735269000
3,2019-12-02 03:45:00.000000,2019-12-02 03:45:35.000000,2019-12-02 03:59:35.928045,2019-12-02 04:00:10.928045,2019-12-02 04:27:41.045775,2019-12-02 04:28:16.045775,2019-12-02 04:41:50.758904,Replace,4,42,49,0 days 00:00:35.000000000,0 days 00:14:35.928045000
4,2019-12-02 04:53:00.000000,2019-12-02 04:53:35.000000,2019-12-02 05:14:39.071027,2019-12-02 05:15:00.880984,,,,Onsite,4,42,49,0 days 00:00:35.000000000,0 days 00:21:25.880984000
5,2019-12-02 06:03:00.000000,2019-12-02 06:03:50.000000,2019-12-02 06:19:20.084609,2019-12-02 06:19:40.924730,,,,Onsite,4,42,49,0 days 00:00:50.000000000,0 days 00:15:50.924730000
6,2019-12-02 07:13:00.000000,2019-12-02 07:13:45.000000,2019-12-02 07:31:01.476159,2019-12-02 07:31:46.476159,2019-12-02 08:00:56.521446,2019-12-02 08:01:41.521446,2019-12-02 08:18:00.667451,Replace,4,42,49,0 days 00:00:45.000000000,0 days 00:18:01.476159000
7,2019-12-02 08:21:00.000000,2019-12-02 08:21:55.000000,2019-12-02 08:42:11.963095,2019-12-02 08:42:23.796782,,,,Onsite,4,42,49,0 days 00:00:55.000000000,0 days 00:20:28.796782000
8,2019-12-02 09:29:00.000000,2019-12-02 09:29:25.000000,2019-12-02 09:44:09.785616,2019-12-02 09:44:41.323232,,,,Onsite,4,42,49,0 days 00:00:25.000000000,0 days 00:15:16.323232000
9,2019-12-02 10:41:00.000000,2019-12-02 10:41:55.000000,2019-12-02 10:56:05.354086,2019-12-02 10:56:17.588412,,,,Onsite,4,42,49,0 days 00:00:55.000000000,0 days 00:14:22.588412000
10,2019-12-02 11:45:00.000000,2019-12-02 11:45:50.000000,2019-12-02 12:00:52.773807,2019-12-02 12:01:42.773807,2019-12-02 12:39:10.260561,2019-12-02 12:40:00.260561,2019-12-02 12:55:21.109185,Replace,4,42,49,0 days 00:00:50.000000000,0 days 00:15:52.773807000
11,2019-12-02 12:48:00.000000,2019-12-02 12:48:30.000000,2019-12-02 13:09:35.735116,2019-12-02 13:10:05.735116,2019-12-02 14:01:48.162646,2019-12-02 14:02:18.162646,2019-12-02 14:22:38.118051,Replace,4,42,49,0 days 00:00:30.000000000,0 days 00:21:35.735116000
12,2019-12-02 13:57:00.000000,2019-12-02 13:57:50.000000,2019-12-02 14:13:42.192731,2019-12-02 14:14:32.192731,2019-12-02 14:45:49.766714,2019-12-02 14:46:39.766714,2019-12-02 15:07:37.558509,Replace,4,42,49,0 days 00:00:50.000000000,0 days 00:16:42.192731000
13,2019-12-02 15:04:00.000000,2019-12-02 15:04:25.000000,2019-12-02 15:22:21.912362,2019-12-02 15:22:41.372853,,,,Onsite,4,42,49,0 days 00:00:25.000000000,0 days 00:18:16.372853000
14,2019-12-02 16:08:00.000000,2019-12-02 16:08:25.000000,2019-12-02 16:28:02.853020,2019-12-02 16:28:27.853020,2019-12-02 17:19:25.213737,2019-12-02 17:19:50.213737,2019-12-02 17:31:34.913388,Replace,4,42,49,0 days 00:00:25.000000000,0 days 00:20:02.853020000
15,2019-12-02 17:09:00.000000,2019-12-02 17:09:50.000000,2019-12-02 17:27:17.555150,2019-12-02 17:27:36.017151,,,,Onsite,4,42,49,0 days 00:00:50.000000000,0 days 00:17:46.017151000
16,2019-12-02 18:24:00.000000,2019-12-02 18:24:35.000000,2019-12-02 18:35:51.430040,2019-12-02 18:36:01.807712,,,,Onsite,4,42,49,0 days 00:00:35.000000000,0 days 00:11:26.807712000
17,2019-12-02 19:27:00.000000,2019-12-02 19:27:45.000000,2019-12-02 19:43:18.174650,2019-12-02 19:44:03.174650,2019-12-02 20:17:43.025716,2019-12-02 20:18:28.025716,2019-12-02 20:32:41.226270,Replace,4,42,49,0 days 00:00:45.000000000,0 days 00:16:18.174650000
18,2019-12-02 20:42:00.000000,2019-12-02 20:42:25.000000,2019-12-02 21:03:41.057881,2019-12-02 21:03:49.318322,,,,Onsite,4,42,49,0 days 00:00:25.000000000,0 days 00:21:24.318322000
19,2019-12-02 21:50:00.000000,2019-12-02 21:50:55.000000,2019-12-02 22:08:36.815043,2019-12-02 22:08:55.117458,,,,Onsite,4,42,49,0 days 00:00:55.000000000,0 days 00:18:00.117458000
0,2019-12-02 01:11:00.000000,2019-12-02 00:00:30.000000,2019-12-02 00:19:45.189757,2019-12-02 00:19:56.945148,,,,Onsite,5,42,49,-1 days +22:49:30.000000000,0 days 00:19:26.945148000
1,2019-12-02 01:18:00.000000,2019-12-02 01:18:25.000000,2019-12-02 01:40:22.705237,2019-12-02 01:40:47.705237,2019-12-02 02:15:02.133959,2019-12-02 02:15:27.133959,2019-12-02 02:33:25.303474,Replace,5,42,49,0 days 00:00:25.000000000,0 days 00:22:22.705237000
2,2019-12-02 02:35:00.000000,2019-12-02 02:35:35.000000,2019-12-02 02:49:36.250663,2019-12-02 02:50:11.250663,2019-12-02 03:29:45.813381,2019-12-02 03:30:20.813381,2019-12-02 03:49:56.078008,Replace,5,42,49,0 days 00:00:35.000000000,0 days 00:14:36.250663000
3,2019-12-02 03:36:00.000000,2019-12-02 03:36:45.000000,2019-12-02 03:54:22.147360,2019-12-02 03:55:07.147360,2019-12-02 04:19:52.777791,2019-12-02 04:20:37.777791,2019-12-02 04:31:06.720217,Replace,5,42,49,0 days 00:00:45.000000000,0 days 00:18:22.147360000
4,2019-12-02 04:48:00.000000,2019-12-02 04:48:35.000000,2019-12-02 05:04:28.359981,2019-12-02 05:04:38.759601,,,,Onsite,5,42,49,0 days 00:00:35.000000000,0 days 00:16:03.759601000
5,2019-12-02 06:08:00.000000,2019-12-02 06:08:35.000000,2019-12-02 06:24:28.822957,2019-12-02 06:25:03.822957,2019-12-02 06:52:04.987970,2019-12-02 06:52:39.987970,2019-12-02 07:10:56.157671,Replace,5,42,49,0 days 00:00:35.000000000,0 days 00:16:28.822957000
6,2019-12-02 07:18:00.000000,2019-12-02 07:18:55.000000,2019-12-02 07:32:00.209662,2019-12-02 07:32:24.961047,,,,Onsite,5,42,49,0 days 00:00:55.000000000,0 days 00:13:29.961047000
7,2019-12-02 08:23:00.000000,2019-12-02 08:23:50.000000,2019-12-02 08:38:44.417241,2019-12-02 08:39:34.417241,2019-12-02 09:16:24.197659,2019-12-02 09:17:14.197659,2019-12-02 09:33:08.582638,Replace,5,42,49,0 days 00:00:50.000000000,0 days 00:15:44.417241000
8,2019-12-02 09:29:00.000000,2019-12-02 09:29:25.000000,2019-12-02 09:46:30.634880,2019-12-02 09:46:55.634880,2019-12-02 10:16:09.984368,2019-12-02 10:16:34.984368,2019-12-02 10:33:35.815928,Replace,5,42,49,0 days 00:00:25.000000000,0 days 00:17:30.634880000
9,2019-12-02 10:46:00.000000,2019-12-02 10:46:45.000000,2019-12-02 11:06:14.102730,2019-12-02 11:06:59.102730,2019-12-02 11:36:41.659133,2019-12-02 11:37:26.659133,2019-12-02 11:51:17.120742,Replace,5,42,49,0 days 00:00:45.000000000,0 days 00:20:14.102730000
10,2019-12-02 12:04:00.000000,2019-12-02 12:04:35.000000,2019-12-02 12:25:27.266174,2019-12-02 12:26:02.266174,2019-12-02 13:02:02.773210,2019-12-02 13:02:37.773210,2019-12-02 13:16:12.667094,Replace,5,42,49,0 days 00:00:35.000000000,0 days 00:21:27.266174000
11,2019-12-02 13:08:00.000000,2019-12-02 13:08:45.000000,2019-12-02 13:23:57.116082,2019-12-02 13:24:42.116082,2019-12-02 13:58:33.648717,2019-12-02 13:59:18.648717,2019-12-02 14:12:50.099429,Replace,5,42,49,0 days 00:00:45.000000000,0 days 00:15:57.116082000
12,2019-12-02 14:20:00.000000,2019-12-02 14:20:50.000000,2019-12-02 14:38:42.240412,2019-12-02 14:38:52.639839,,,,Onsite,5,42,49,0 days 00:00:50.000000000,0 days 00:18:02.639839000
13,2019-12-02 15:27:00.000000,2019-12-02 15:27:55.000000,2019-12-02 15:44:28.871148,2019-12-02 15:45:23.871148,2019-12-02 16:20:18.983826,2019-12-02 16:21:13.983826,2019-12-02 16:38:19.915679,Replace,5,42,49,0 days 00:00:55.000000000,0 days 00:17:28.871148000
14,2019-12-02 16:32:00.000000,2019-12-02 16:32:45.000000,2019-12-02 16:48:01.187893,2019-12-02 16:48:05.274649,,,,Onsite,5,42,49,0 days 00:00:45.000000000,0 days 00:15:20.274649000
15,2019-12-02 17:41:00.000000,2019-12-02 17:41:30.000000,2019-12-02 17:59:23.093087,2019-12-02 17:59:53.093087,2019-12-02 18:49:02.154567,2019-12-02 18:49:32.154567,2019-12-02 18:59:50.047335,Replace,5,42,49,0 days 00:00:30.000000000,0 days 00:18:23.093087000
16,2019-12-02 19:06:00.000000,2019-12-02 19:06:35.000000,2019-12-02 19:22:44.944306,2019-12-02 19:23:19.944306,2019-12-02 19:47:22.168597,2019-12-02 19:47:57.168597,2019-12-02 19:59:30.185044,Replace,5,42,49,0 days 00:00:35.000000000,0 days 00:16:44.944306000
17,2019-12-02 20:10:00.000000,2019-12-02 20:10:25.000000,2019-12-02 20:31:40.757177,2019-12-02 20:31:55.114621,,,,Onsite,5,42,49,0 days 00:00:25.000000000,0 days 00:21:30.114621000
18,2019-12-02 21:19:00.000000,2019-12-02 21:19:45.000000,2019-12-02 21:36:05.661806,2019-12-02 21:36:14.672900,,,,Onsite,5,42,49,0 days 00:00:45.000000000,0 days 00:16:29.672900000
0,2019-12-02 00:53:00.000000,2019-12-02 00:00:45.000000,2019-12-02 00:24:55.358492,2019-12-02 00:25:40.358492,2019-12-02 01:12:23.382595,2019-12-02 01:13:08.382595,2019-12-02 01:24:27.437004,Replace,6,42,49,-1 days +23:07:45.000000000,0 days 00:24:55.358492000
1,2019-12-02 01:18:00.000000,2019-12-02 01:18:25.000000,2019-12-02 01:30:08.153899,2019-12-02 01:30:32.952625,,,,Onsite,6,42,49,0 days 00:00:25.000000000,0 days 00:12:07.952625000
2,2019-12-02 02:16:00.000000,2019-12-02 02:16:25.000000,2019-12-02 02:39:04.926091,2019-12-02 02:39:29.926091,2019-12-02 03:32:41.706186,2019-12-02 03:33:06.706186,2019-12-02 03:52:41.176029,Replace,6,42,49,0 days 00:00:25.000000000,0 days 00:23:04.926091000
3,2019-12-02 03:29:00.000000,2019-12-02 03:29:45.000000,2019-12-02 03:49:24.292765,2019-12-02 03:50:09.292765,2019-12-02 04:12:35.688205,2019-12-02 04:13:20.688205,2019-12-02 04:24:16.014911,Replace,6,42,49,0 days 00:00:45.000000000,0 days 00:20:24.292765000
4,2019-12-02 04:37:00.000000,2019-12-02 04:37:45.000000,2019-12-02 04:49:58.468589,2019-12-02 04:50:43.468589,2019-12-02 05:38:29.965564,2019-12-02 05:39:14.965564,2019-12-02 05:55:23.385462,Replace,6,42,49,0 days 00:00:45.000000000,0 days 00:12:58.468589000
5,2019-12-02 05:47:00.000000,2019-12-02 05:47:55.000000,2019-12-02 06:05:31.159257,2019-12-02 06:06:26.159257,2019-12-02 06:35:34.188387,2019-12-02 06:36:29.188387,2019-12-02 06:54:28.014020,Replace,6,42,49,0 days 00:00:55.000000000,0 days 00:18:31.159257000
6,2019-12-02 06:52:00.000000,2019-12-02 06:52:25.000000,2019-12-02 07:13:04.124637,2019-12-02 07:13:29.124637,2019-12-02 07:52:03.621042,2019-12-02 07:52:28.621042,2019-12-02 08:14:35.362852,Replace,6,42,49,0 days 00:00:25.000000000,0 days 00:21:04.124637000
7,2019-12-02 08:10:00.000000,2019-12-02 08:10:45.000000,2019-12-02 08:19:07.880907,2019-12-02 08:19:37.376092,,,,Onsite,6,42,49,0 days 00:00:45.000000000,0 days 00:08:52.376092000
8,2019-12-02 09:11:00.000000,2019-12-02 09:11:50.000000,2019-12-02 09:30:49.833217,2019-12-02 09:31:12.212643,,,,Onsite,6,42,49,0 days 00:00:50.000000000,0 days 00:19:22.212643000
9,2019-12-02 10:20:00.000000,2019-12-02 10:20:35.000000,2019-12-02 10:36:13.587869,2019-12-02 10:36:48.587869,2019-12-02 11:26:08.549855,2019-12-02 11:26:43.549855,2019-12-02 11:39:39.763081,Replace,6,42,49,0 days 00:00:35.000000000,0 days 00:16:13.587869000
10,2019-12-02 11:21:00.000000,2019-12-02 11:21:45.000000,2019-12-02 11:33:39.757304,2019-12-02 11:34:24.757304,2019-12-02 12:10:38.074760,2019-12-02 12:11:23.074760,2019-12-02 12:28:18.322303,Replace,6,42,49,0 days 00:00:45.000000000,0 days 00:12:39.757304000
11,2019-12-02 12:35:00.000000,2019-12-02 12:35:55.000000,2019-12-02 12:54:43.797702,2019-12-02 12:55:38.797702,2019-12-02 13:45:32.257164,2019-12-02 13:46:27.257164,2019-12-02 14:01:59.542886,Replace,6,42,49,0 days 00:00:55.000000000,0 days 00:19:43.797702000
12,2019-12-02 13:41:00.000000,2019-12-02 13:41:35.000000,2019-12-02 13:56:33.859864,2019-12-02 13:56:50.046363,,,,Onsite,6,42,49,0 days 00:00:35.000000000,0 days 00:15:15.046363000
13,2019-12-02 14:43:00.000000,2019-12-02 14:43:45.000000,2019-12-02 14:53:39.813686,2019-12-02 14:54:24.813686,2019-12-02 15:32:45.590512,2019-12-02 15:33:30.590512,2019-12-02 15:53:12.736822,Replace,6,42,49,0 days 00:00:45.000000000,0 days 00:10:39.813686000
14,2019-12-02 16:02:00.000000,2019-12-02 16:02:35.000000,2019-12-02 16:17:17.209746,2019-12-02 16:17:52.209746,2019-12-02 16:53:21.908474,2019-12-02 16:53:56.908474,2019-12-02 17:08:50.064942,Replace,6,42,49,0 days 00:00:35.000000000,0 days 00:15:17.209746000
15,2019-12-02 17:12:00.000000,2019-12-02 17:12:55.000000,2019-12-02 17:27:04.913862,2019-12-02 17:27:24.284511,,,,Onsite,6,42,49,0 days 00:00:55.000000000,0 days 00:14:29.284511000
16,2019-12-02 18:27:00.000000,2019-12-02 18:27:55.000000,2019-12-02 18:42:09.243496,2019-12-02 18:42:14.865075,,,,Onsite,6,42,49,0 days 00:00:55.000000000,0 days 00:14:19.865075000
17,2019-12-02 19:38:00.000000,2019-12-02 19:38:45.000000,2019-12-02 19:55:06.537416,2019-12-02 19:55:51.537416,2019-12-02 20:25:31.495186,2019-12-02 20:26:16.495186,2019-12-02 20:38:45.706953,Replace,6,42,49,0 days 00:00:45.000000000,0 days 00:17:06.537416000
18,2019-12-02 20:47:00.000000,2019-12-02 20:47:55.000000,2019-12-02 21:04:40.794753,2019-12-02 21:05:35.794753,2019-12-02 21:39:38.927609,2019-12-02 21:40:33.927609,2019-12-02 21:58:37.030723,Replace,6,42,49,0 days 00:00:55.000000000,0 days 00:17:40.794753000
19,2019-12-02 21:51:00.000000,2019-12-02 21:51:50.000000,2019-12-02 22:05:44.225903,2019-12-02 22:06:34.225903,2019-12-02 22:43:27.867283,2019-12-02 22:44:17.867283,2019-12-02 22:58:44.917460,Replace,6,42,49,0 days 00:00:50.000000000,0 days 00:14:44.225903000
0,2019-12-02 00:57:00.000000,2019-12-02 00:00:35.000000,2019-12-02 00:18:55.797707,2019-12-02 00:19:22.264354,,,,Onsite,7,42,49,-1 days +23:03:35.000000000,0 days 00:18:47.264354000
1,2019-12-02 01:07:00.000000,2019-12-02 01:07:30.000000,2019-12-02 01:25:25.650376,2019-12-02 01:25:55.650376,2019-12-02 01:57:56.027674,2019-12-02 01:58:26.027674,2019-12-02 02:11:39.741815,Replace,7,42,49,0 days 00:00:30.000000000,0 days 00:18:25.650376000
2,2019-12-02 02:16:00.000000,2019-12-02 02:16:50.000000,2019-12-02 02:28:50.063400,2019-12-02 02:29:17.804073,,,,Onsite,7,42,49,0 days 00:00:50.000000000,0 days 00:12:27.804073000
3,2019-12-02 03:18:00.000000,2019-12-02 03:18:35.000000,2019-12-02 03:36:58.169567,2019-12-02 03:37:33.169567,2019-12-02 04:04:51.763554,2019-12-02 04:05:26.763554,2019-12-02 04:21:34.568459,Replace,7,42,49,0 days 00:00:35.000000000,0 days 00:18:58.169567000
4,2019-12-02 04:38:00.000000,2019-12-02 04:38:35.000000,2019-12-02 04:54:42.635294,2019-12-02 04:55:17.635294,2019-12-02 05:43:20.471599,2019-12-02 05:43:55.471599,2019-12-02 06:04:42.935773,Replace,7,42,49,0 days 00:00:35.000000000,0 days 00:16:42.635294000
5,2019-12-02 05:34:00.000000,2019-12-02 05:34:30.000000,2019-12-02 05:51:49.527511,2019-12-02 05:52:19.527511,2019-12-02 06:16:44.843112,2019-12-02 06:17:14.843112,2019-12-02 06:40:06.328498,Replace,7,42,49,0 days 00:00:30.000000000,0 days 00:17:49.527511000
6,2019-12-02 06:36:00.000000,2019-12-02 06:36:30.000000,2019-12-02 06:51:50.765854,2019-12-02 06:52:20.765854,2019-12-02 07:41:15.182389,2019-12-02 07:41:45.182389,2019-12-02 07:59:39.170168,Replace,7,42,49,0 days 00:00:30.000000000,0 days 00:15:50.765854000
7,2019-12-02 07:51:00.000000,2019-12-02 07:51:45.000000,2019-12-02 08:08:53.010946,2019-12-02 08:09:38.010946,2019-12-02 08:54:05.785898,2019-12-02 08:54:50.785898,2019-12-02 09:11:42.141176,Replace,7,42,49,0 days 00:00:45.000000000,0 days 00:17:53.010946000
8,2019-12-02 09:09:00.000000,2019-12-02 09:09:55.000000,2019-12-02 09:24:14.512793,2019-12-02 09:25:09.512793,2019-12-02 09:52:47.232319,2019-12-02 09:53:42.232319,2019-12-02 10:16:30.622335,Replace,7,42,49,0 days 00:00:55.000000000,0 days 00:15:14.512793000
9,2019-12-02 10:27:00.000000,2019-12-02 10:27:35.000000,2019-12-02 10:43:02.720947,2019-12-02 10:43:25.877908,,,,Onsite,7,42,49,0 days 00:00:35.000000000,0 days 00:15:50.877908000
10,2019-12-02 11:39:00.000000,2019-12-02 11:39:45.000000,2019-12-02 11:51:20.710668,2019-12-02 11:51:21.821235,,,,Onsite,7,42,49,0 days 00:00:45.000000000,0 days 00:11:36.821235000
11,2019-12-02 12:41:00.000000,2019-12-02 12:41:55.000000,2019-12-02 12:58:19.958568,2019-12-02 12:59:14.958568,2019-12-02 13:43:44.915731,2019-12-02 13:44:39.915731,2019-12-02 14:06:00.590388,Replace,7,42,49,0 days 00:00:55.000000000,0 days 00:17:19.958568000
12,2019-12-02 13:52:00.000000,2019-12-02 13:52:30.000000,2019-12-02 14:07:51.731337,2019-12-02 14:08:07.234233,,,,Onsite,7,42,49,0 days 00:00:30.000000000,0 days 00:15:37.234233000
13,2019-12-02 15:02:00.000000,2019-12-02 15:02:25.000000,2019-12-02 15:19:36.769437,2019-12-02 15:20:01.769437,2019-12-02 15:45:50.952133,2019-12-02 15:46:15.952133,2019-12-02 15:59:46.162034,Replace,7,42,49,0 days 00:00:25.000000000,0 days 00:17:36.769437000
14,2019-12-02 16:15:00.000000,2019-12-02 16:15:45.000000,2019-12-02 16:27:48.218964,2019-12-02 16:28:33.218964,2019-12-02 16:59:16.335455,2019-12-02 17:00:01.335455,2019-12-02 17:18:34.118983,Replace,7,42,49,0 days 00:00:45.000000000,0 days 00:12:48.218964000
15,2019-12-02 17:15:00.000000,2019-12-02 17:15:55.000000,2019-12-02 17:33:23.869617,2019-12-02 17:34:18.869617,2019-12-02 18:14:06.476303,2019-12-02 18:15:01.476303,2019-12-02 18:27:34.701472,Replace,7,42,49,0 days 00:00:55.000000000,0 days 00:18:23.869617000
16,2019-12-02 18:43:00.000000,2019-12-02 18:43:50.000000,2019-12-02 19:00:39.868949,2019-12-02 19:01:29.868949,2019-12-02 19:38:25.605499,2019-12-02 19:39:15.605499,2019-12-02 19:55:46.630921,Replace,7,42,49,0 days 00:00:50.000000000,0 days 00:17:39.868949000
17,2019-12-02 19:44:00.000000,2019-12-02 19:44:45.000000,2019-12-02 20:00:20.631901,2019-12-02 20:01:05.631901,2019-12-02 20:34:03.587911,2019-12-02 20:34:48.587911,2019-12-02 20:48:08.290609,Replace,7,42,49,0 days 00:00:45.000000000,0 days 00:16:20.631901000
18,2019-12-02 21:00:00.000000,2019-12-02 21:00:45.000000,2019-12-02 21:20:46.457739,2019-12-02 21:21:31.457739,2019-12-02 21:47:15.362495,2019-12-02 21:48:00.362495,2019-12-02 22:01:49.135262,Replace,7,42,49,0 days 00:00:45.000000000,0 days 00:20:46.457739000
19,2019-12-02 22:12:00.000000,2019-12-02 22:12:45.000000,2019-12-02 22:25:39.494616,2019-12-02 22:25:46.069659,,,,Onsite,7,42,49,0 days 00:00:45.000000000,0 days 00:13:01.069659000
0,2019-12-02 01:17:00.000000,2019-12-02 00:00:25.000000,2019-12-02 00:13:56.346092,2019-12-02 00:14:25.360643,,,,Onsite,8,42,49,-1 days +22:43:25.000000000,0 days 00:14:00.360643000
1,2019-12-02 01:07:00.000000,2019-12-02 01:07:55.000000,2019-12-02 01:26:23.499532,2019-12-02 01:27:18.499532,2019-12-02 01:49:06.902302,2019-12-02 01:50:01.902302,2019-12-02 02:05:38.417782,Replace,8,42,49,0 days 00:00:55.000000000,0 days 00:19:23.499532000
2,2019-12-02 02:19:00.000000,2019-12-02 02:19:45.000000,2019-12-02 02:37:44.408677,2019-12-02 02:37:53.003638,,,,Onsite,8,42,49,0 days 00:00:45.000000000,0 days 00:18:08.003638000
3,2019-12-02 03:25:00.000000,2019-12-02 03:25:25.000000,2019-12-02 03:45:09.961272,2019-12-02 03:45:34.961272,2019-12-02 04:08:19.149506,2019-12-02 04:08:44.149506,2019-12-02 04:24:14.286509,Replace,8,42,49,0 days 00:00:25.000000000,0 days 00:20:09.961272000
4,2019-12-02 04:29:00.000000,2019-12-02 04:29:45.000000,2019-12-02 04:48:26.642378,2019-12-02 04:49:11.642378,2019-12-02 05:32:47.319719,2019-12-02 05:33:32.319719,2019-12-02 05:49:08.859587,Replace,8,42,49,0 days 00:00:45.000000000,0 days 00:19:26.642378000
5,2019-12-02 05:27:00.000000,2019-12-02 05:27:45.000000,2019-12-02 05:46:04.339078,2019-12-02 05:46:32.798275,,,,Onsite,8,42,49,0 days 00:00:45.000000000,0 days 00:18:47.798275000
6,2019-12-02 06:29:00.000000,2019-12-02 06:29:45.000000,2019-12-02 06:47:42.517993,2019-12-02 06:48:27.517993,2019-12-02 07:15:05.356755,2019-12-02 07:15:50.356755,2019-12-02 07:31:23.312748,Replace,8,42,49,0 days 00:00:45.000000000,0 days 00:18:42.517993000
7,2019-12-02 07:41:00.000000,2019-12-02 07:41:35.000000,2019-12-02 07:55:51.960790,2019-12-02 07:55:55.613930,,,,Onsite,8,42,49,0 days 00:00:35.000000000,0 days 00:14:20.613930000
8,2019-12-02 08:49:00.000000,2019-12-02 08:49:35.000000,2019-12-02 09:06:19.649495,2019-12-02 09:06:54.649495,2019-12-02 09:54:14.226562,2019-12-02 09:54:49.226562,2019-12-02 10:09:36.013468,Replace,8,42,49,0 days 00:00:35.000000000,0 days 00:17:19.649495000
9,2019-12-02 10:01:00.000000,2019-12-02 10:01:45.000000,2019-12-02 10:15:38.449890,2019-12-02 10:15:48.168638,,,,Onsite,8,42,49,0 days 00:00:45.000000000,0 days 00:14:03.168638000
10,2019-12-02 11:08:00.000000,2019-12-02 11:08:55.000000,2019-12-02 11:23:24.259975,2019-12-02 11:23:33.054419,,,,Onsite,8,42,49,0 days 00:00:55.000000000,0 days 00:14:38.054419000
11,2019-12-02 12:18:00.000000,2019-12-02 12:18:45.000000,2019-12-02 12:32:55.476104,2019-12-02 12:33:40.476104,2019-12-02 13:13:33.671473,2019-12-02 13:14:18.671473,2019-12-02 13:28:40.042677,Replace,8,42,49,0 days 00:00:45.000000000,0 days 00:14:55.476104000
12,2019-12-02 13:31:00.000000,2019-12-02 13:31:45.000000,2019-12-02 13:47:48.556153,2019-12-02 13:48:33.556153,2019-12-02 14:09:56.662982,2019-12-02 14:10:41.662982,2019-12-02 14:26:06.684375,Replace,8,42,49,0 days 00:00:45.000000000,0 days 00:16:48.556153000
13,2019-12-02 14:35:00.000000,2019-12-02 14:35:35.000000,2019-12-02 14:50:38.174068,2019-12-02 14:51:13.174068,2019-12-02 15:40:43.564570,2019-12-02 15:41:18.564570,2019-12-02 15:53:36.159183,Replace,8,42,49,0 days 00:00:35.000000000,0 days 00:15:38.174068000
14,2019-12-02 15:34:00.000000,2019-12-02 15:34:45.000000,2019-12-02 15:45:31.063906,2019-12-02 15:46:16.063906,2019-12-02 16:11:09.287546,2019-12-02 16:11:54.287546,2019-12-02 16:25:30.736275,Replace,8,42,49,0 days 00:00:45.000000000,0 days 00:11:31.063906000
15,2019-12-02 16:45:00.000000,2019-12-02 16:45:35.000000,2019-12-02 17:04:25.705208,2019-12-02 17:04:35.120656,,,,Onsite,8,42,49,0 days 00:00:35.000000000,0 days 00:19:00.120656000
16,2019-12-02 17:54:00.000000,2019-12-02 17:54:30.000000,2019-12-02 18:13:37.083285,2019-12-02 18:14:07.083285,2019-12-02 19:13:13.674341,2019-12-02 19:13:43.674341,2019-12-02 19:30:31.774127,Replace,8,42,49,0 days 00:00:30.000000000,0 days 00:19:37.083285000
17,2019-12-02 19:02:00.000000,2019-12-02 19:02:30.000000,2019-12-02 19:14:18.526450,2019-12-02 19:14:48.526450,2019-12-02 19:47:51.494106,2019-12-02 19:48:21.494106,2019-12-02 20:06:47.386730,Replace,8,42,49,0 days 00:00:30.000000000,0 days 00:12:18.526450000
18,2019-12-02 19:58:00.000000,2019-12-02 19:58:45.000000,2019-12-02 20:14:35.398463,2019-12-02 20:15:20.398463,2019-12-02 20:56:29.174363,2019-12-02 20:57:14.174363,2019-12-02 21:13:48.246055,Replace,8,42,49,0 days 00:00:45.000000000,0 days 00:16:35.398463000
19,2019-12-02 21:03:00.000000,2019-12-02 21:03:35.000000,2019-12-02 21:15:47.103986,2019-12-02 21:15:53.041174,,,,Onsite,8,42,49,0 days 00:00:35.000000000,0 days 00:12:18.041174000
20,2019-12-02 22:31:00.000000,2019-12-02 22:31:35.000000,2019-12-02 22:46:14.058710,2019-12-02 22:46:31.161700,,,,Onsite,8,42,49,0 days 00:00:35.000000000,0 days 00:14:56.161700000
0,2019-12-02 01:06:00.000000,2019-12-02 00:00:55.000000,2019-12-02 00:11:54.097559,2019-12-02 00:12:49.097559,2019-12-02 00:54:33.443772,2019-12-02 00:55:28.443772,2019-12-02 01:10:40.428038,Replace,9,42,49,-1 days +22:54:55.000000000,0 days 00:11:54.097559000
1,2019-12-02 00:53:00.000000,2019-12-02 00:53:45.000000,2019-12-02 01:10:24.572516,2019-12-02 01:10:41.971253,,,,Onsite,9,42,49,0 days 00:00:45.000000000,0 days 00:16:56.971253000
2,2019-12-02 01:49:00.000000,2019-12-02 01:49:25.000000,2019-12-02 02:05:10.652645,2019-12-02 02:05:35.652645,2019-12-02 02:50:44.925257,2019-12-02 02:51:09.925257,2019-12-02 03:12:44.350073,Replace,9,42,49,0 days 00:00:25.000000000,0 days 00:16:10.652645000
3,2019-12-02 03:11:00.000000,2019-12-02 03:11:45.000000,2019-12-02 03:27:39.675464,2019-12-02 03:28:24.675464,2019-12-02 04:02:20.774949,2019-12-02 04:03:05.774949,2019-12-02 04:19:20.550278,Replace,9,42,49,0 days 00:00:45.000000000,0 days 00:16:39.675464000
4,2019-12-02 04:22:00.000000,2019-12-02 04:22:45.000000,2019-12-02 04:40:00.230539,2019-12-02 04:40:45.230539,2019-12-02 05:30:07.526378,2019-12-02 05:30:52.526378,2019-12-02 05:43:13.775908,Replace,9,42,49,0 days 00:00:45.000000000,0 days 00:18:00.230539000
5,2019-12-02 05:27:00.000000,2019-12-02 05:27:45.000000,2019-12-02 05:46:15.375612,2019-12-02 05:47:00.375612,2019-12-02 06:12:30.463148,2019-12-02 06:13:15.463148,2019-12-02 06:36:03.751472,Replace,9,42,49,0 days 00:00:45.000000000,0 days 00:19:15.375612000
6,2019-12-02 06:32:00.000000,2019-12-02 06:32:45.000000,2019-12-02 06:47:25.132548,2019-12-02 06:48:10.132548,2019-12-02 07:17:40.224951,2019-12-02 07:18:25.224951,2019-12-02 07:33:03.919774,Replace,9,42,49,0 days 00:00:45.000000000,0 days 00:15:25.132548000
7,2019-12-02 07:45:00.000000,2019-12-02 07:45:30.000000,2019-12-02 07:59:57.924548,2019-12-02 08:00:16.082362,,,,Onsite,9,42,49,0 days 00:00:30.000000000,0 days 00:14:46.082362000
8,2019-12-02 08:55:00.000000,2019-12-02 08:55:25.000000,2019-12-02 09:13:18.389622,2019-12-02 09:13:43.389622,2019-12-02 09:49:20.745745,2019-12-02 09:49:45.745745,2019-12-02 10:13:30.479217,Replace,9,42,49,0 days 00:00:25.000000000,0 days 00:18:18.389622000
9,2019-12-02 10:16:00.000000,2019-12-02 10:16:45.000000,2019-12-02 10:34:39.447953,2019-12-02 10:35:24.447953,2019-12-02 11:21:44.107607,2019-12-02 11:22:29.107607,2019-12-02 11:35:38.906567,Replace,9,42,49,0 days 00:00:45.000000000,0 days 00:18:39.447953000
10,2019-12-02 11:14:00.000000,2019-12-02 11:14:35.000000,2019-12-02 11:32:20.333351,2019-12-02 11:32:35.059593,,,,Onsite,9,42,49,0 days 00:00:35.000000000,0 days 00:18:00.059593000
11,2019-12-02 12:24:00.000000,2019-12-02 12:24:50.000000,2019-12-02 12:38:54.838415,2019-12-02 12:39:44.838415,2019-12-02 13:14:36.535977,2019-12-02 13:15:26.535977,2019-12-02 13:31:34.691916,Replace,9,42,49,0 days 00:00:50.000000000,0 days 00:14:54.838415000
12,2019-12-02 13:19:00.000000,2019-12-02 13:19:45.000000,2019-12-02 13:32:37.317856,2019-12-02 13:33:22.317856,2019-12-02 14:00:45.709858,2019-12-02 14:01:30.709858,2019-12-02 14:18:33.243767,Replace,9,42,49,0 days 00:00:45.000000000,0 days 00:13:37.317856000
13,2019-12-02 14:26:00.000000,2019-12-02 14:26:45.000000,2019-12-02 14:38:06.127990,2019-12-02 14:38:21.667147,,,,Onsite,9,42,49,0 days 00:00:45.000000000,0 days 00:11:36.667147000
14,2019-12-02 15:26:00.000000,2019-12-02 15:26:25.000000,2019-12-02 15:40:18.654274,2019-12-02 15:40:43.654274,2019-12-02 16:12:03.972440,2019-12-02 16:12:28.972440,2019-12-02 16:27:09.066013,Replace,9,42,49,0 days 00:00:25.000000000,0 days 00:14:18.654274000
15,2019-12-02 16:36:00.000000,2019-12-02 16:36:45.000000,2019-12-02 16:55:10.143166,2019-12-02 16:55:55.143166,2019-12-02 17:28:20.122377,2019-12-02 17:29:05.122377,2019-12-02 17:48:50.287625,Replace,9,42,49,0 days 00:00:45.000000000,0 days 00:19:10.143166000
16,2019-12-02 17:18:00.000000,2019-12-02 17:18:55.000000,2019-12-02 17:37:24.330287,2019-12-02 17:38:19.330287,2019-12-02 18:20:39.603254,2019-12-02 18:21:34.603254,2019-12-02 18:39:44.585078,Replace,9,42,49,0 days 00:00:55.000000000,0 days 00:19:24.330287000
17,2019-12-02 18:28:00.000000,2019-12-02 18:28:30.000000,2019-12-02 18:42:13.167456,2019-12-02 18:42:43.167456,2019-12-02 19:16:08.295677,2019-12-02 19:16:38.295677,2019-12-02 19:30:21.412202,Replace,9,42,49,0 days 00:00:30.000000000,0 days 00:14:13.167456000
18,2019-12-02 19:38:00.000000,2019-12-02 19:38:25.000000,2019-12-02 19:57:23.001613,2019-12-02 19:57:48.001613,2019-12-02 20:41:08.656699,2019-12-02 20:41:33.656699,2019-12-02 20:57:43.038371,Replace,9,42,49,0 days 00:00:25.000000000,0 days 00:19:23.001613000
19,2019-12-02 20:47:00.000000,2019-12-02 20:47:45.000000,2019-12-02 20:59:10.251023,2019-12-02 20:59:15.533985,,,,Onsite,9,42,49,0 days 00:00:45.000000000,0 days 00:11:30.533985000
20,2019-12-02 21:43:00.000000,2019-12-02 21:43:35.000000,2019-12-02 21:56:24.353233,2019-12-02 21:56:59.353233,2019-12-02 22:23:26.429273,2019-12-02 22:24:01.429273,2019-12-02 22:42:01.252913,Replace,9,42,49,0 days 00:00:35.000000000,0 days 00:13:24.353233000
0,2019-12-02 01:05:00.000000,2019-12-02 00:00:25.000000,2019-12-02 00:15:51.856429,2019-12-02 00:16:10.655600,,,,Onsite,1,42,50,-1 days +22:55:25.000000000,0 days 00:15:45.655600000
1,2019-12-02 01:03:00.000000,2019-12-02 01:03:30.000000,2019-12-02 01:22:05.250618,2019-12-02 01:22:35.250618,2019-12-02 01:52:55.592798,2019-12-02 01:53:25.592798,2019-12-02 02:08:52.386190,Replace,1,42,50,0 days 00:00:30.000000000,0 days 00:19:05.250618000
2,2019-12-02 02:05:00.000000,2019-12-02 02:05:55.000000,2019-12-02 02:21:45.083037,2019-12-02 02:22:40.083037,2019-12-02 03:19:00.719205,2019-12-02 03:19:55.719205,2019-12-02 03:39:30.514577,Replace,1,42,50,0 days 00:00:55.000000000,0 days 00:16:45.083037000
3,2019-12-02 03:09:00.000000,2019-12-02 03:09:35.000000,2019-12-02 03:29:35.483872,2019-12-02 03:30:10.483872,2019-12-02 04:17:35.769250,2019-12-02 04:18:10.769250,2019-12-02 04:34:17.058181,Replace,1,42,50,0 days 00:00:35.000000000,0 days 00:20:35.483872000
4,2019-12-02 04:16:00.000000,2019-12-02 04:16:45.000000,2019-12-02 04:31:51.500021,2019-12-02 04:32:01.226274,,,,Onsite,1,42,50,0 days 00:00:45.000000000,0 days 00:15:16.226274000
5,2019-12-02 05:28:00.000000,2019-12-02 05:28:50.000000,2019-12-02 05:43:45.489466,2019-12-02 05:43:52.393846,,,,Onsite,1,42,50,0 days 00:00:50.000000000,0 days 00:15:02.393846000
6,2019-12-02 06:27:00.000000,2019-12-02 06:27:55.000000,2019-12-02 06:46:08.650721,2019-12-02 06:46:29.798772,,,,Onsite,1,42,50,0 days 00:00:55.000000000,0 days 00:18:34.798772000
7,2019-12-02 07:35:00.000000,2019-12-02 07:35:45.000000,2019-12-02 07:49:58.221226,2019-12-02 07:50:43.221226,2019-12-02 08:29:33.160052,2019-12-02 08:30:18.160052,2019-12-02 08:46:11.880186,Replace,1,42,50,0 days 00:00:45.000000000,0 days 00:14:58.221226000
8,2019-12-02 08:52:00.000000,2019-12-02 08:52:45.000000,2019-12-02 09:08:01.123828,2019-12-02 09:08:46.123828,2019-12-02 10:00:39.087776,2019-12-02 10:01:24.087776,2019-12-02 10:21:40.374880,Replace,1,42,50,0 days 00:00:45.000000000,0 days 00:16:01.123828000
9,2019-12-02 10:05:00.000000,2019-12-02 10:05:35.000000,2019-12-02 10:24:55.982182,2019-12-02 10:25:05.915127,,,,Onsite,1,42,50,0 days 00:00:35.000000000,0 days 00:19:30.915127000
10,2019-12-02 11:07:00.000000,2019-12-02 11:07:30.000000,2019-12-02 11:21:37.257947,2019-12-02 11:21:45.482953,,,,Onsite,1,42,50,0 days 00:00:30.000000000,0 days 00:14:15.482953000
11,2019-12-02 12:14:00.000000,2019-12-02 12:14:35.000000,2019-12-02 12:34:32.834452,2019-12-02 12:35:07.834452,2019-12-02 13:02:16.880530,2019-12-02 13:02:51.880530,2019-12-02 13:19:05.321942,Replace,1,42,50,0 days 00:00:35.000000000,0 days 00:20:32.834452000
12,2019-12-02 13:23:00.000000,2019-12-02 13:23:35.000000,2019-12-02 13:35:49.857229,2019-12-02 13:36:03.435174,,,,Onsite,1,42,50,0 days 00:00:35.000000000,0 days 00:12:28.435174000
13,2019-12-02 14:38:00.000000,2019-12-02 14:38:35.000000,2019-12-02 14:53:45.698834,2019-12-02 14:54:15.484306,,,,Onsite,1,42,50,0 days 00:00:35.000000000,0 days 00:15:40.484306000
14,2019-12-02 15:49:00.000000,2019-12-02 15:49:45.000000,2019-12-02 16:03:49.830884,2019-12-02 16:04:06.187129,,,,Onsite,1,42,50,0 days 00:00:45.000000000,0 days 00:14:21.187129000
15,2019-12-02 17:01:00.000000,2019-12-02 17:01:45.000000,2019-12-02 17:14:05.262244,2019-12-02 17:14:50.262244,2019-12-02 18:11:15.314360,2019-12-02 18:12:00.314360,2019-12-02 18:36:19.255754,Replace,1,42,50,0 days 00:00:45.000000000,0 days 00:13:05.262244000
16,2019-12-02 18:09:00.000000,2019-12-02 18:09:55.000000,2019-12-02 18:29:16.749827,2019-12-02 18:29:40.563527,,,,Onsite,1,42,50,0 days 00:00:55.000000000,0 days 00:19:45.563527000
17,2019-12-02 19:09:00.000000,2019-12-02 19:09:45.000000,2019-12-02 19:23:18.919310,2019-12-02 19:24:03.919310,2019-12-02 20:00:27.718862,2019-12-02 20:01:12.718862,2019-12-02 20:15:25.517918,Replace,1,42,50,0 days 00:00:45.000000000,0 days 00:14:18.919310000
18,2019-12-02 20:10:00.000000,2019-12-02 20:10:25.000000,2019-12-02 20:21:50.492652,2019-12-02 20:22:15.492652,2019-12-02 21:10:52.906558,2019-12-02 21:11:17.906558,2019-12-02 21:25:24.298602,Replace,1,42,50,0 days 00:00:25.000000000,0 days 00:11:50.492652000
19,2019-12-02 21:28:00.000000,2019-12-02 21:28:50.000000,2019-12-02 21:48:05.738852,2019-12-02 21:48:55.738852,2019-12-02 22:21:22.056364,2019-12-02 22:22:12.056364,2019-12-02 22:40:10.645419,Replace,1,42,50,0 days 00:00:50.000000000,0 days 00:20:05.738852000
0,2019-12-02 00:57:00.000000,2019-12-02 00:00:45.000000,2019-12-02 00:17:10.823628,2019-12-02 00:17:55.823628,2019-12-02 00:42:49.660709,2019-12-02 00:43:34.660709,2019-12-02 00:58:37.798371,Replace,2,42,50,-1 days +23:03:45.000000000,0 days 00:17:10.823628000
1,2019-12-02 01:18:00.000000,2019-12-02 01:18:45.000000,2019-12-02 01:37:40.593667,2019-12-02 01:38:00.715250,,,,Onsite,2,42,50,0 days 00:00:45.000000000,0 days 00:19:15.715250000
2,2019-12-02 02:34:00.000000,2019-12-02 02:34:30.000000,2019-12-02 02:49:31.252791,2019-12-02 02:50:01.252791,2019-12-02 03:22:10.769587,2019-12-02 03:22:40.769587,2019-12-02 03:44:08.591124,Replace,2,42,50,0 days 00:00:30.000000000,0 days 00:15:31.252791000
3,2019-12-02 05:00:00.000000,2019-12-02 05:00:45.000000,2019-12-02 05:13:47.486019,2019-12-02 05:13:52.277050,,,,Onsite,2,42,50,0 days 00:00:45.000000000,0 days 00:13:07.277050000
4,2019-12-02 04:01:00.000000,2019-12-02 04:01:45.000000,2019-12-02 04:17:16.806226,2019-12-02 04:18:01.806226,2019-12-02 04:59:56.783606,2019-12-02 05:00:41.783606,2019-12-02 05:16:10.651021,Replace,2,42,50,0 days 00:00:45.000000000,0 days 00:16:16.806226000
5,2019-12-02 06:02:00.000000,2019-12-02 06:02:50.000000,2019-12-02 06:22:22.369717,2019-12-02 06:23:12.369717,2019-12-02 07:14:59.380000,2019-12-02 07:15:49.380000,2019-12-02 07:36:42.668240,Replace,2,42,50,0 days 00:00:50.000000000,0 days 00:20:22.369717000
6,2019-12-02 06:56:00.000000,2019-12-02 06:56:25.000000,2019-12-02 07:10:07.185335,2019-12-02 07:10:32.185335,2019-12-02 07:51:11.761696,2019-12-02 07:51:36.761696,2019-12-02 08:11:38.236548,Replace,2,42,50,0 days 00:00:25.000000000,0 days 00:14:07.185335000
7,2019-12-02 08:16:00.000000,2019-12-02 08:16:50.000000,2019-12-02 08:35:52.921536,2019-12-02 08:36:42.921536,2019-12-02 09:21:55.137975,2019-12-02 09:22:45.137975,2019-12-02 09:34:14.678200,Replace,2,42,50,0 days 00:00:50.000000000,0 days 00:19:52.921536000
8,2019-12-02 09:30:00.000000,2019-12-02 09:30:45.000000,2019-12-02 09:46:55.039818,2019-12-02 09:47:05.448694,,,,Onsite,2,42,50,0 days 00:00:45.000000000,0 days 00:16:20.448694000
9,2019-12-02 10:38:00.000000,2019-12-02 10:38:25.000000,2019-12-02 10:50:37.333783,2019-12-02 10:50:44.269447,,,,Onsite,2,42,50,0 days 00:00:25.000000000,0 days 00:12:19.269447000
10,2019-12-02 11:52:00.000000,2019-12-02 11:52:30.000000,2019-12-02 12:06:24.496623,2019-12-02 12:06:42.425336,,,,Onsite,2,42,50,0 days 00:00:30.000000000,0 days 00:14:12.425336000
11,2019-12-02 12:58:00.000000,2019-12-02 12:58:55.000000,2019-12-02 13:15:13.639459,2019-12-02 13:16:08.639459,2019-12-02 14:02:48.276726,2019-12-02 14:03:43.276726,2019-12-02 14:19:40.629363,Replace,2,42,50,0 days 00:00:55.000000000,0 days 00:17:13.639459000
12,2019-12-02 13:57:00.000000,2019-12-02 13:57:35.000000,2019-12-02 14:12:31.161090,2019-12-02 14:12:37.888328,,,,Onsite,2,42,50,0 days 00:00:35.000000000,0 days 00:15:02.888328000
13,2019-12-02 15:04:00.000000,2019-12-02 15:04:50.000000,2019-12-02 15:19:51.196960,2019-12-02 15:20:41.196960,2019-12-02 16:05:38.898352,2019-12-02 16:06:28.898352,2019-12-02 16:22:47.190256,Replace,2,42,50,0 days 00:00:50.000000000,0 days 00:15:51.196960000
14,2019-12-02 16:14:00.000000,2019-12-02 16:14:25.000000,2019-12-02 16:28:55.294196,2019-12-02 16:29:20.294196,2019-12-02 17:10:10.810626,2019-12-02 17:10:35.810626,2019-12-02 17:28:49.429479,Replace,2,42,50,0 days 00:00:25.000000000,0 days 00:14:55.294196000
15,2019-12-02 17:07:00.000000,2019-12-02 17:07:35.000000,2019-12-02 17:22:22.030526,2019-12-02 17:22:57.030526,2019-12-02 17:51:52.385392,2019-12-02 17:52:27.385392,2019-12-02 18:09:02.549955,Replace,2,42,50,0 days 00:00:35.000000000,0 days 00:15:22.030526000
16,2019-12-02 18:25:00.000000,2019-12-02 18:25:45.000000,2019-12-02 18:43:20.527345,2019-12-02 18:44:05.527345,2019-12-02 19:23:08.709411,2019-12-02 19:23:53.709411,2019-12-02 19:39:53.263256,Replace,2,42,50,0 days 00:00:45.000000000,0 days 00:18:20.527345000
17,2019-12-02 19:35:00.000000,2019-12-02 19:35:35.000000,2019-12-02 19:53:17.911660,2019-12-02 19:53:43.878348,,,,Onsite,2,42,50,0 days 00:00:35.000000000,0 days 00:18:08.878348000
18,2019-12-02 20:53:00.000000,2019-12-02 20:53:50.000000,2019-12-02 21:07:57.125503,2019-12-02 21:08:47.125503,2019-12-02 21:47:49.873254,2019-12-02 21:48:39.873254,2019-12-02 22:03:43.585953,Replace,2,42,50,0 days 00:00:50.000000000,0 days 00:14:57.125503000
19,2019-12-02 22:01:00.000000,2019-12-02 22:01:25.000000,2019-12-02 22:17:10.210124,2019-12-02 22:17:14.635847,,,,Onsite,2,42,50,0 days 00:00:25.000000000,0 days 00:15:49.635847000
0,2019-12-02 00:59:00.000000,2019-12-02 00:00:55.000000,2019-12-02 00:14:49.076863,2019-12-02 00:15:02.671070,,,,Onsite,3,42,50,-1 days +23:01:55.000000000,0 days 00:14:07.671070000
1,2019-12-02 00:58:00.000000,2019-12-02 00:58:35.000000,2019-12-02 01:09:48.498761,2019-12-02 01:10:23.498761,2019-12-02 01:40:25.583727,2019-12-02 01:41:00.583727,2019-12-02 01:58:19.279149,Replace,3,42,50,0 days 00:00:35.000000000,0 days 00:11:48.498761000
2,2019-12-02 02:09:00.000000,2019-12-02 02:09:30.000000,2019-12-02 02:24:45.383982,2019-12-02 02:25:15.383982,2019-12-02 03:13:08.175759,2019-12-02 03:13:38.175759,2019-12-02 03:28:01.697310,Replace,3,42,50,0 days 00:00:30.000000000,0 days 00:15:45.383982000
3,2019-12-02 03:24:00.000000,2019-12-02 03:24:50.000000,2019-12-02 03:39:28.690013,2019-12-02 03:40:18.690013,2019-12-02 04:10:57.544547,2019-12-02 04:11:47.544547,2019-12-02 04:29:39.347700,Replace,3,42,50,0 days 00:00:50.000000000,0 days 00:15:28.690013000
4,2019-12-02 04:31:00.000000,2019-12-02 04:31:45.000000,2019-12-02 04:51:02.602473,2019-12-02 04:51:14.087036,,,,Onsite,3,42,50,0 days 00:00:45.000000000,0 days 00:19:29.087036000
5,2019-12-02 05:38:00.000000,2019-12-02 05:38:45.000000,2019-12-02 05:49:41.540848,2019-12-02 05:50:26.540848,2019-12-02 06:40:39.377918,2019-12-02 06:41:24.377918,2019-12-02 07:02:13.427178,Replace,3,42,50,0 days 00:00:45.000000000,0 days 00:11:41.540848000
6,2019-12-02 07:54:00.000000,2019-12-02 07:54:35.000000,2019-12-02 08:10:19.482441,2019-12-02 08:10:34.319132,,,,Onsite,3,42,50,0 days 00:00:35.000000000,0 days 00:15:59.319132000
7,2019-12-02 06:41:00.000000,2019-12-02 06:41:45.000000,2019-12-02 06:58:06.234692,2019-12-02 06:58:51.234692,2019-12-02 07:40:00.716755,2019-12-02 07:40:45.716755,2019-12-02 07:54:51.190455,Replace,3,42,50,0 days 00:00:45.000000000,0 days 00:17:06.234692000
8,2019-12-02 09:00:00.000000,2019-12-02 09:00:35.000000,2019-12-02 09:18:40.784694,2019-12-02 09:19:00.037612,,,,Onsite,3,42,50,0 days 00:00:35.000000000,0 days 00:18:25.037612000
9,2019-12-02 10:12:00.000000,2019-12-02 10:12:35.000000,2019-12-02 10:25:23.194157,2019-12-02 10:25:58.194157,2019-12-02 11:16:36.335340,2019-12-02 11:17:11.335340,2019-12-02 11:32:53.296148,Replace,3,42,50,0 days 00:00:35.000000000,0 days 00:13:23.194157000
10,2019-12-02 11:29:00.000000,2019-12-02 11:29:45.000000,2019-12-02 11:43:05.254529,2019-12-02 11:43:37.211158,,,,Onsite,3,42,50,0 days 00:00:45.000000000,0 days 00:13:52.211158000
11,2019-12-02 12:48:00.000000,2019-12-02 12:48:35.000000,2019-12-02 13:03:35.745891,2019-12-02 13:04:10.745891,2019-12-02 13:45:08.006033,2019-12-02 13:45:43.006033,2019-12-02 14:00:58.212806,Replace,3,42,50,0 days 00:00:35.000000000,0 days 00:15:35.745891000
12,2019-12-02 13:44:00.000000,2019-12-02 13:44:35.000000,2019-12-02 13:59:54.025959,2019-12-02 14:00:29.025959,2019-12-02 14:38:31.364043,2019-12-02 14:39:06.364043,2019-12-02 14:52:30.828211,Replace,3,42,50,0 days 00:00:35.000000000,0 days 00:15:54.025959000
13,2019-12-02 14:59:00.000000,2019-12-02 14:59:25.000000,2019-12-02 15:16:06.588062,2019-12-02 15:16:21.779236,,,,Onsite,3,42,50,0 days 00:00:25.000000000,0 days 00:16:56.779236000
14,2019-12-02 16:04:00.000000,2019-12-02 16:04:30.000000,2019-12-02 16:18:39.169803,2019-12-02 16:19:09.169803,2019-12-02 16:46:21.971356,2019-12-02 16:46:51.971356,2019-12-02 17:02:20.305705,Replace,3,42,50,0 days 00:00:30.000000000,0 days 00:14:39.169803000
15,2019-12-02 17:09:00.000000,2019-12-02 17:09:50.000000,2019-12-02 17:29:09.926858,2019-12-02 17:29:59.926858,2019-12-02 18:07:32.797274,2019-12-02 18:08:22.797274,2019-12-02 18:24:40.298592,Replace,3,42,50,0 days 00:00:50.000000000,0 days 00:20:09.926858000
16,2019-12-02 18:21:00.000000,2019-12-02 18:21:50.000000,2019-12-02 18:36:19.510149,2019-12-02 18:37:09.510149,2019-12-02 19:09:23.404596,2019-12-02 19:10:13.404596,2019-12-02 19:24:29.143438,Replace,3,42,50,0 days 00:00:50.000000000,0 days 00:15:19.510149000
17,2019-12-02 19:25:00.000000,2019-12-02 19:25:55.000000,2019-12-02 19:42:41.082430,2019-12-02 19:43:36.082430,2019-12-02 20:21:55.126262,2019-12-02 20:22:50.126262,2019-12-02 20:41:03.931720,Replace,3,42,50,0 days 00:00:55.000000000,0 days 00:17:41.082430000
18,2019-12-02 20:37:00.000000,2019-12-02 20:37:45.000000,2019-12-02 20:51:44.020416,2019-12-02 20:52:29.020416,2019-12-02 21:17:58.515907,2019-12-02 21:18:43.515907,2019-12-02 21:36:32.408975,Replace,3,42,50,0 days 00:00:45.000000000,0 days 00:14:44.020416000
0,2019-12-02 01:00:00.000000,2019-12-02 00:00:50.000000,2019-12-02 00:19:20.265400,2019-12-02 00:19:29.404925,,,,Onsite,4,42,50,-1 days +23:00:50.000000000,0 days 00:18:39.404925000
1,2019-12-02 00:57:00.000000,2019-12-02 00:57:55.000000,2019-12-02 01:18:41.838281,2019-12-02 01:18:55.581582,,,,Onsite,4,42,50,0 days 00:00:55.000000000,0 days 00:21:00.581582000
2,2019-12-02 02:06:00.000000,2019-12-02 02:06:45.000000,2019-12-02 02:20:24.993271,2019-12-02 02:21:09.993271,2019-12-02 02:59:30.227920,2019-12-02 03:00:15.227920,2019-12-02 03:14:30.645534,Replace,4,42,50,0 days 00:00:45.000000000,0 days 00:14:24.993271000
3,2019-12-02 03:10:00.000000,2019-12-02 03:10:50.000000,2019-12-02 03:24:13.971137,2019-12-02 03:25:03.971137,2019-12-02 04:04:01.165630,2019-12-02 04:04:51.165630,2019-12-02 04:25:02.209080,Replace,4,42,50,0 days 00:00:50.000000000,0 days 00:14:13.971137000
4,2019-12-02 04:25:00.000000,2019-12-02 04:25:50.000000,2019-12-02 04:47:42.323259,2019-12-02 04:48:32.323259,2019-12-02 05:21:46.457854,2019-12-02 05:22:36.457854,2019-12-02 05:42:10.338271,Replace,4,42,50,0 days 00:00:50.000000000,0 days 00:22:42.323259000
5,2019-12-02 05:33:00.000000,2019-12-02 05:33:50.000000,2019-12-02 05:54:07.158500,2019-12-02 05:54:24.512233,,,,Onsite,4,42,50,0 days 00:00:50.000000000,0 days 00:20:34.512233000
6,2019-12-02 06:37:00.000000,2019-12-02 06:37:55.000000,2019-12-02 06:56:25.390163,2019-12-02 06:56:37.553422,,,,Onsite,4,42,50,0 days 00:00:55.000000000,0 days 00:18:42.553422000
7,2019-12-02 07:43:00.000000,2019-12-02 07:43:35.000000,2019-12-02 08:00:44.695642,2019-12-02 08:00:56.830624,,,,Onsite,4,42,50,0 days 00:00:35.000000000,0 days 00:17:21.830624000
8,2019-12-02 08:50:00.000000,2019-12-02 08:50:45.000000,2019-12-02 09:04:43.965277,2019-12-02 09:05:28.965277,2019-12-02 09:33:01.331994,2019-12-02 09:33:46.331994,2019-12-02 09:48:05.647993,Replace,4,42,50,0 days 00:00:45.000000000,0 days 00:14:43.965277000
9,2019-12-02 09:58:00.000000,2019-12-02 09:58:30.000000,2019-12-02 10:19:50.552147,2019-12-02 10:19:58.586636,,,,Onsite,4,42,50,0 days 00:00:30.000000000,0 days 00:21:28.586636000
10,2019-12-02 11:06:00.000000,2019-12-02 11:06:30.000000,2019-12-02 11:18:44.035624,2019-12-02 11:19:14.035624,2019-12-02 11:48:07.178305,2019-12-02 11:48:37.178305,2019-12-02 12:02:10.344747,Replace,4,42,50,0 days 00:00:30.000000000,0 days 00:12:44.035624000
11,2019-12-02 12:20:00.000000,2019-12-02 12:20:55.000000,2019-12-02 12:39:49.244187,2019-12-02 12:40:02.554570,,,,Onsite,4,42,50,0 days 00:00:55.000000000,0 days 00:19:07.554570000
12,2019-12-02 13:29:00.000000,2019-12-02 13:29:45.000000,2019-12-02 13:47:31.345269,2019-12-02 13:48:16.345269,2019-12-02 14:20:34.932486,2019-12-02 14:21:19.932486,2019-12-02 14:39:14.470372,Replace,4,42,50,0 days 00:00:45.000000000,0 days 00:18:31.345269000
13,2019-12-02 14:29:00.000000,2019-12-02 14:29:25.000000,2019-12-02 14:52:13.407086,2019-12-02 14:52:38.407086,2019-12-02 15:30:00.464324,2019-12-02 15:30:25.464324,2019-12-02 15:49:35.952927,Replace,4,42,50,0 days 00:00:25.000000000,0 days 00:23:13.407086000
14,2019-12-02 15:37:00.000000,2019-12-02 15:37:45.000000,2019-12-02 15:54:07.335247,2019-12-02 15:54:21.797772,,,,Onsite,4,42,50,0 days 00:00:45.000000000,0 days 00:16:36.797772000
15,2019-12-02 16:45:00.000000,2019-12-02 16:45:50.000000,2019-12-02 17:00:38.207592,2019-12-02 17:01:28.207592,2019-12-02 17:50:49.605551,2019-12-02 17:51:39.605551,2019-12-02 18:08:06.637313,Replace,4,42,50,0 days 00:00:50.000000000,0 days 00:15:38.207592000
16,2019-12-02 17:56:00.000000,2019-12-02 17:56:50.000000,2019-12-02 18:12:43.276265,2019-12-02 18:13:33.276265,2019-12-02 19:07:51.853560,2019-12-02 19:08:41.853560,2019-12-02 19:29:31.029520,Replace,4,42,50,0 days 00:00:50.000000000,0 days 00:16:43.276265000
17,2019-12-02 18:50:00.000000,2019-12-02 18:50:35.000000,2019-12-02 19:08:48.725980,2019-12-02 19:09:04.583678,,,,Onsite,4,42,50,0 days 00:00:35.000000000,0 days 00:18:29.583678000
18,2019-12-02 20:07:00.000000,2019-12-02 20:07:45.000000,2019-12-02 20:26:46.112923,2019-12-02 20:27:12.123474,,,,Onsite,4,42,50,0 days 00:00:45.000000000,0 days 00:19:27.123474000
19,2019-12-02 21:15:00.000000,2019-12-02 21:15:45.000000,2019-12-02 21:30:42.918476,2019-12-02 21:30:59.797489,,,,Onsite,4,42,50,0 days 00:00:45.000000000,0 days 00:15:14.797489000
0,2019-12-02 01:09:00.000000,2019-12-02 01:09:30.000000,2019-12-02 01:25:25.305831,2019-12-02 01:25:55.305831,2019-12-02 01:56:03.129494,2019-12-02 01:56:33.129494,2019-12-02 02:10:05.596423,Replace,5,42,50,0 days 00:00:30.000000000,0 days 00:16:25.305831000
1,2019-12-02 01:03:00.000000,2019-12-02 00:00:55.000000,2019-12-02 00:19:26.263644,2019-12-02 00:20:21.263644,2019-12-02 01:08:15.818497,2019-12-02 01:09:10.818497,2019-12-02 01:25:23.658200,Replace,5,42,50,-1 days +22:57:55.000000000,0 days 00:19:26.263644000
2,2019-12-02 02:19:00.000000,2019-12-02 02:19:50.000000,2019-12-02 02:37:24.786751,2019-12-02 02:38:14.786751,2019-12-02 03:30:02.692537,2019-12-02 03:30:52.692537,2019-12-02 03:50:07.177809,Replace,5,42,50,0 days 00:00:50.000000000,0 days 00:18:24.786751000
3,2019-12-02 03:37:00.000000,2019-12-02 03:37:30.000000,2019-12-02 03:59:34.229116,2019-12-02 04:00:04.229116,2019-12-02 04:34:09.734662,2019-12-02 04:34:39.734662,2019-12-02 04:48:09.711411,Replace,5,42,50,0 days 00:00:30.000000000,0 days 00:22:34.229116000
4,2019-12-02 04:58:00.000000,2019-12-02 04:58:25.000000,2019-12-02 05:16:21.178282,2019-12-02 05:16:39.232243,,,,Onsite,5,42,50,0 days 00:00:25.000000000,0 days 00:18:14.232243000
5,2019-12-02 06:07:00.000000,2019-12-02 06:07:30.000000,2019-12-02 06:23:00.312201,2019-12-02 06:23:30.312201,2019-12-02 07:04:32.869440,2019-12-02 07:05:02.869440,2019-12-02 07:24:33.297985,Replace,5,42,50,0 days 00:00:30.000000000,0 days 00:16:00.312201000
6,2019-12-02 07:33:00.000000,2019-12-02 07:33:55.000000,2019-12-02 07:53:52.451778,2019-12-02 07:54:47.451778,2019-12-02 08:21:56.670390,2019-12-02 08:22:51.670390,2019-12-02 08:37:24.386322,Replace,5,42,50,0 days 00:00:55.000000000,0 days 00:20:52.451778000
7,2019-12-02 08:39:00.000000,2019-12-02 08:39:50.000000,2019-12-02 08:55:30.480637,2019-12-02 08:56:20.480637,2019-12-02 09:22:44.568297,2019-12-02 09:23:34.568297,2019-12-02 09:35:32.622775,Replace,5,42,50,0 days 00:00:50.000000000,0 days 00:16:30.480637000
8,2019-12-02 09:45:00.000000,2019-12-02 09:45:35.000000,2019-12-02 10:01:14.736814,2019-12-02 10:01:49.736814,2019-12-02 10:46:46.687409,2019-12-02 10:47:21.687409,2019-12-02 10:59:36.244736,Replace,5,42,50,0 days 00:00:35.000000000,0 days 00:16:14.736814000
9,2019-12-02 10:52:00.000000,2019-12-02 10:52:55.000000,2019-12-02 11:08:21.287803,2019-12-02 11:08:42.800691,,,,Onsite,5,42,50,0 days 00:00:55.000000000,0 days 00:15:47.800691000
10,2019-12-02 12:05:00.000000,2019-12-02 12:05:30.000000,2019-12-02 12:17:21.638478,2019-12-02 12:17:51.638478,2019-12-02 12:43:40.025890,2019-12-02 12:44:10.025890,2019-12-02 13:02:17.512669,Replace,5,42,50,0 days 00:00:30.000000000,0 days 00:12:21.638478000
11,2019-12-02 13:16:00.000000,2019-12-02 13:16:35.000000,2019-12-02 13:26:43.737478,2019-12-02 13:27:18.737478,2019-12-02 13:48:13.061167,2019-12-02 13:48:48.061167,2019-12-02 14:06:47.902042,Replace,5,42,50,0 days 00:00:35.000000000,0 days 00:10:43.737478000
12,2019-12-02 14:29:00.000000,2019-12-02 14:29:35.000000,2019-12-02 14:46:09.995936,2019-12-02 14:46:40.846871,,,,Onsite,5,42,50,0 days 00:00:35.000000000,0 days 00:17:05.846871000
13,2019-12-02 15:53:00.000000,2019-12-02 15:53:50.000000,2019-12-02 16:10:31.873432,2019-12-02 16:10:59.007155,,,,Onsite,5,42,50,0 days 00:00:50.000000000,0 days 00:17:09.007155000
14,2019-12-02 17:04:00.000000,2019-12-02 17:04:50.000000,2019-12-02 17:21:50.279259,2019-12-02 17:22:40.279259,2019-12-02 17:56:45.716682,2019-12-02 17:57:35.716682,2019-12-02 18:10:54.323803,Replace,5,42,50,0 days 00:00:50.000000000,0 days 00:17:50.279259000
15,2019-12-02 18:01:00.000000,2019-12-02 18:01:35.000000,2019-12-02 18:18:19.205802,2019-12-02 18:18:24.294586,,,,Onsite,5,42,50,0 days 00:00:35.000000000,0 days 00:16:49.294586000
16,2019-12-02 19:03:00.000000,2019-12-02 19:03:45.000000,2019-12-02 19:19:06.971841,2019-12-02 19:19:51.971841,2019-12-02 19:59:17.994079,2019-12-02 20:00:02.994079,2019-12-02 20:20:54.343429,Replace,5,42,50,0 days 00:00:45.000000000,0 days 00:16:06.971841000
17,2019-12-02 20:06:00.000000,2019-12-02 20:06:30.000000,2019-12-02 20:22:16.823485,2019-12-02 20:22:36.081301,,,,Onsite,5,42,50,0 days 00:00:30.000000000,0 days 00:16:06.081301000
18,2019-12-02 21:19:00.000000,2019-12-02 21:19:55.000000,2019-12-02 21:33:53.106237,2019-12-02 21:34:48.106237,2019-12-02 22:28:36.706508,2019-12-02 22:29:31.706508,2019-12-02 22:51:07.441952,Replace,5,42,50,0 days 00:00:55.000000000,0 days 00:14:53.106237000
0,2019-12-02 01:07:00.000000,2019-12-02 01:07:50.000000,2019-12-02 01:24:55.787849,2019-12-02 01:25:45.787849,2019-12-02 01:52:42.909437,2019-12-02 01:53:32.909437,2019-12-02 02:06:52.842976,Replace,6,42,50,0 days 00:00:50.000000000,0 days 00:17:55.787849000
1,2019-12-02 01:13:00.000000,2019-12-02 00:00:35.000000,2019-12-02 00:17:37.844076,2019-12-02 00:18:12.844076,2019-12-02 01:06:30.994574,2019-12-02 01:07:05.994574,2019-12-02 01:19:57.421452,Replace,6,42,50,-1 days +22:47:35.000000000,0 days 00:17:37.844076000
2,2019-12-02 02:26:00.000000,2019-12-02 02:26:50.000000,2019-12-02 02:40:06.724347,2019-12-02 02:40:56.724347,2019-12-02 03:07:02.807173,2019-12-02 03:07:52.807173,2019-12-02 03:23:58.182048,Replace,6,42,50,0 days 00:00:50.000000000,0 days 00:14:06.724347000
3,2019-12-02 03:28:00.000000,2019-12-02 03:28:55.000000,2019-12-02 03:49:11.006821,2019-12-02 03:49:32.245368,,,,Onsite,6,42,50,0 days 00:00:55.000000000,0 days 00:20:37.245368000
4,2019-12-02 04:30:00.000000,2019-12-02 04:30:50.000000,2019-12-02 04:49:37.406795,2019-12-02 04:49:47.657410,,,,Onsite,6,42,50,0 days 00:00:50.000000000,0 days 00:18:57.657410000
5,2019-12-02 05:37:00.000000,2019-12-02 05:37:45.000000,2019-12-02 05:53:43.701658,2019-12-02 05:53:52.400278,,,,Onsite,6,42,50,0 days 00:00:45.000000000,0 days 00:16:07.400278000
6,2019-12-02 06:56:00.000000,2019-12-02 06:56:55.000000,2019-12-02 07:18:19.301079,2019-12-02 07:19:14.301079,2019-12-02 07:59:08.840613,2019-12-02 08:00:03.840613,2019-12-02 08:15:34.332488,Replace,6,42,50,0 days 00:00:55.000000000,0 days 00:22:19.301079000
7,2019-12-02 08:15:00.000000,2019-12-02 08:15:50.000000,2019-12-02 08:35:33.928483,2019-12-02 08:36:23.928483,2019-12-02 09:00:45.940609,2019-12-02 09:01:35.940609,2019-12-02 09:20:13.680948,Replace,6,42,50,0 days 00:00:50.000000000,0 days 00:20:33.928483000
8,2019-12-02 09:19:00.000000,2019-12-02 09:19:45.000000,2019-12-02 09:38:04.283250,2019-12-02 09:38:17.197207,,,,Onsite,6,42,50,0 days 00:00:45.000000000,0 days 00:18:32.197207000
9,2019-12-02 10:31:00.000000,2019-12-02 10:31:35.000000,2019-12-02 10:49:34.229603,2019-12-02 10:49:46.932367,,,,Onsite,6,42,50,0 days 00:00:35.000000000,0 days 00:18:11.932367000
10,2019-12-02 11:41:00.000000,2019-12-02 11:41:25.000000,2019-12-02 11:56:54.010967,2019-12-02 11:57:19.010967,2019-12-02 12:32:30.637455,2019-12-02 12:32:55.637455,2019-12-02 12:43:58.531163,Replace,6,42,50,0 days 00:00:25.000000000,0 days 00:15:54.010967000
11,2019-12-02 12:38:00.000000,2019-12-02 12:38:50.000000,2019-12-02 12:59:20.391236,2019-12-02 13:00:10.391236,2019-12-02 13:52:14.103913,2019-12-02 13:53:04.103913,2019-12-02 14:07:35.111537,Replace,6,42,50,0 days 00:00:50.000000000,0 days 00:21:20.391236000
12,2019-12-02 13:46:00.000000,2019-12-02 13:46:45.000000,2019-12-02 14:03:23.543332,2019-12-02 14:03:47.091101,,,,Onsite,6,42,50,0 days 00:00:45.000000000,0 days 00:17:02.091101000
13,2019-12-02 14:54:00.000000,2019-12-02 14:54:25.000000,2019-12-02 15:11:30.995965,2019-12-02 15:11:40.253884,,,,Onsite,6,42,50,0 days 00:00:25.000000000,0 days 00:17:15.253884000
14,2019-12-02 16:09:00.000000,2019-12-02 16:09:35.000000,2019-12-02 16:28:47.537566,2019-12-02 16:29:22.537566,2019-12-02 17:07:03.400449,2019-12-02 17:07:38.400449,2019-12-02 17:25:42.263953,Replace,6,42,50,0 days 00:00:35.000000000,0 days 00:19:47.537566000
15,2019-12-02 17:28:00.000000,2019-12-02 17:28:55.000000,2019-12-02 17:45:02.894585,2019-12-02 17:45:57.894585,2019-12-02 18:23:28.531625,2019-12-02 18:24:23.531625,2019-12-02 18:41:31.143185,Replace,6,42,50,0 days 00:00:55.000000000,0 days 00:17:02.894585000
16,2019-12-02 18:33:00.000000,2019-12-02 18:33:25.000000,2019-12-02 18:55:10.243003,2019-12-02 18:55:20.781800,,,,Onsite,6,42,50,0 days 00:00:25.000000000,0 days 00:21:55.781800000
17,2019-12-02 19:51:00.000000,2019-12-02 19:51:50.000000,2019-12-02 20:06:03.318814,2019-12-02 20:06:53.318814,2019-12-02 20:35:58.324828,2019-12-02 20:36:48.324828,2019-12-02 20:55:51.045381,Replace,6,42,50,0 days 00:00:50.000000000,0 days 00:15:03.318814000
18,2019-12-02 21:05:00.000000,2019-12-02 21:05:25.000000,2019-12-02 21:25:17.950822,2019-12-02 21:25:42.950822,2019-12-02 22:12:48.537094,2019-12-02 22:13:13.537094,2019-12-02 22:29:05.213110,Replace,6,42,50,0 days 00:00:25.000000000,0 days 00:20:17.950822000
0,2019-12-02 00:58:00.000000,2019-12-02 00:00:25.000000,2019-12-02 00:18:56.196844,2019-12-02 00:19:21.196844,2019-12-02 00:56:06.036562,2019-12-02 00:56:31.036562,2019-12-02 01:14:01.065612,Replace,7,42,50,-1 days +23:02:25.000000000,0 days 00:18:56.196844000
1,2019-12-02 01:20:00.000000,2019-12-02 01:20:55.000000,2019-12-02 01:37:09.435847,2019-12-02 01:38:04.435847,2019-12-02 02:24:06.062701,2019-12-02 02:25:01.062701,2019-12-02 02:40:00.849684,Replace,7,42,50,0 days 00:00:55.000000000,0 days 00:17:09.435847000
2,2019-12-02 02:14:00.000000,2019-12-02 02:14:35.000000,2019-12-02 02:32:02.959599,2019-12-02 02:32:09.627984,,,,Onsite,7,42,50,0 days 00:00:35.000000000,0 days 00:17:34.627984000
3,2019-12-02 03:33:00.000000,2019-12-02 03:33:25.000000,2019-12-02 03:48:31.986558,2019-12-02 03:48:56.986558,2019-12-02 04:39:54.895254,2019-12-02 04:40:19.895254,2019-12-02 04:53:49.430206,Replace,7,42,50,0 days 00:00:25.000000000,0 days 00:15:31.986558000
4,2019-12-02 04:39:00.000000,2019-12-02 04:39:45.000000,2019-12-02 04:58:39.233971,2019-12-02 04:59:24.233971,2019-12-02 05:38:50.879862,2019-12-02 05:39:35.879862,2019-12-02 05:55:47.638371,Replace,7,42,50,0 days 00:00:45.000000000,0 days 00:19:39.233971000
5,2019-12-02 05:47:00.000000,2019-12-02 05:47:45.000000,2019-12-02 06:04:30.559173,2019-12-02 06:04:48.079468,,,,Onsite,7,42,50,0 days 00:00:45.000000000,0 days 00:17:03.079468000
6,2019-12-02 06:58:00.000000,2019-12-02 06:58:45.000000,2019-12-02 07:17:08.104208,2019-12-02 07:17:31.760456,,,,Onsite,7,42,50,0 days 00:00:45.000000000,0 days 00:18:46.760456000
7,2019-12-02 08:26:00.000000,2019-12-02 08:26:45.000000,2019-12-02 08:43:33.682266,2019-12-02 08:44:18.682266,2019-12-02 09:13:35.689089,2019-12-02 09:14:20.689089,2019-12-02 09:31:05.343657,Replace,7,42,50,0 days 00:00:45.000000000,0 days 00:17:33.682266000
8,2019-12-02 09:44:00.000000,2019-12-02 09:44:35.000000,2019-12-02 09:58:58.859242,2019-12-02 09:59:01.284173,,,,Onsite,7,42,50,0 days 00:00:35.000000000,0 days 00:14:26.284173000
9,2019-12-02 10:45:00.000000,2019-12-02 10:45:45.000000,2019-12-02 10:59:14.896970,2019-12-02 10:59:59.896970,2019-12-02 11:43:04.544916,2019-12-02 11:43:49.544916,2019-12-02 11:55:55.397826,Replace,7,42,50,0 days 00:00:45.000000000,0 days 00:14:14.896970000
10,2019-12-02 12:01:00.000000,2019-12-02 12:01:50.000000,2019-12-02 12:17:23.432141,2019-12-02 12:18:13.432141,2019-12-02 12:57:28.254078,2019-12-02 12:58:18.254078,2019-12-02 13:17:09.856997,Replace,7,42,50,0 days 00:00:50.000000000,0 days 00:16:23.432141000
11,2019-12-02 13:20:00.000000,2019-12-02 13:20:45.000000,2019-12-02 13:37:34.897393,2019-12-02 13:37:55.959493,,,,Onsite,7,42,50,0 days 00:00:45.000000000,0 days 00:17:10.959493000
12,2019-12-02 14:35:00.000000,2019-12-02 14:35:35.000000,2019-12-02 14:54:13.849946,2019-12-02 14:54:48.849946,2019-12-02 15:30:28.629018,2019-12-02 15:31:03.629018,2019-12-02 15:45:07.286287,Replace,7,42,50,0 days 00:00:35.000000000,0 days 00:19:13.849946000
13,2019-12-02 15:54:00.000000,2019-12-02 15:54:50.000000,2019-12-02 16:09:39.271028,2019-12-02 16:09:51.888385,,,,Onsite,7,42,50,0 days 00:00:50.000000000,0 days 00:15:01.888385000
14,2019-12-02 16:51:00.000000,2019-12-02 16:51:35.000000,2019-12-02 17:05:18.169095,2019-12-02 17:05:53.169095,2019-12-02 17:57:58.274573,2019-12-02 17:58:33.274573,2019-12-02 18:15:42.228168,Replace,7,42,50,0 days 00:00:35.000000000,0 days 00:14:18.169095000
15,2019-12-02 18:05:00.000000,2019-12-02 18:05:35.000000,2019-12-02 18:25:56.150696,2019-12-02 18:26:31.150696,2019-12-02 19:05:19.404646,2019-12-02 19:05:54.404646,2019-12-02 19:21:12.893606,Replace,7,42,50,0 days 00:00:35.000000000,0 days 00:20:56.150696000
16,2019-12-02 19:34:00.000000,2019-12-02 19:34:45.000000,2019-12-02 19:47:03.920156,2019-12-02 19:47:20.992981,,,,Onsite,7,42,50,0 days 00:00:45.000000000,0 days 00:12:35.992981000
17,2019-12-02 20:46:00.000000,2019-12-02 20:46:35.000000,2019-12-02 21:04:21.935955,2019-12-02 21:04:56.935955,2019-12-02 21:43:04.354055,2019-12-02 21:43:39.354055,2019-12-02 21:58:40.030201,Replace,7,42,50,0 days 00:00:35.000000000,0 days 00:18:21.935955000
18,2019-12-02 21:49:00.000000,2019-12-02 21:49:25.000000,2019-12-02 22:10:44.839708,2019-12-02 22:11:23.806294,,,,Onsite,7,42,50,0 days 00:00:25.000000000,0 days 00:21:58.806294000
19,2019-12-02 22:42:00.000000,2019-12-02 22:42:25.000000,2019-12-02 22:56:27.271621,2019-12-02 22:56:41.256410,,,,Onsite,7,42,50,0 days 00:00:25.000000000,0 days 00:14:16.256410000
0,2019-12-02 01:05:00.000000,2019-12-02 00:00:35.000000,2019-12-02 00:17:00.921654,2019-12-02 00:17:35.921654,2019-12-02 01:13:02.664430,2019-12-02 01:13:37.664430,2019-12-02 01:26:34.520806,Replace,8,42,50,-1 days +22:55:35.000000000,0 days 00:17:00.921654000
1,2019-12-02 01:09:00.000000,2019-12-02 01:09:30.000000,2019-12-02 01:25:49.740078,2019-12-02 01:26:18.456849,,,,Onsite,8,42,50,0 days 00:00:30.000000000,0 days 00:16:48.456849000
2,2019-12-02 02:12:00.000000,2019-12-02 02:12:25.000000,2019-12-02 02:30:21.918980,2019-12-02 02:30:45.007456,,,,Onsite,8,42,50,0 days 00:00:25.000000000,0 days 00:18:20.007456000
3,2019-12-02 03:26:00.000000,2019-12-02 03:26:45.000000,2019-12-02 03:45:13.629723,2019-12-02 03:45:58.629723,2019-12-02 04:22:32.082698,2019-12-02 04:23:17.082698,2019-12-02 04:44:55.760895,Replace,8,42,50,0 days 00:00:45.000000000,0 days 00:19:13.629723000
4,2019-12-02 04:26:00.000000,2019-12-02 04:26:45.000000,2019-12-02 04:45:03.407695,2019-12-02 04:45:10.786869,,,,Onsite,8,42,50,0 days 00:00:45.000000000,0 days 00:18:25.786869000
5,2019-12-02 05:39:00.000000,2019-12-02 05:39:35.000000,2019-12-02 05:53:17.201673,2019-12-02 05:53:52.201673,2019-12-02 06:29:11.544149,2019-12-02 06:29:46.544149,2019-12-02 06:47:39.476588,Replace,8,42,50,0 days 00:00:35.000000000,0 days 00:14:17.201673000
6,2019-12-02 06:36:00.000000,2019-12-02 06:36:55.000000,2019-12-02 06:56:55.059250,2019-12-02 06:57:50.059250,2019-12-02 07:22:28.676374,2019-12-02 07:23:23.676374,2019-12-02 07:36:05.191351,Replace,8,42,50,0 days 00:00:55.000000000,0 days 00:20:55.059250000
7,2019-12-02 07:37:00.000000,2019-12-02 07:37:50.000000,2019-12-02 07:55:48.235465,2019-12-02 07:55:56.293362,,,,Onsite,8,42,50,0 days 00:00:50.000000000,0 days 00:18:06.293362000
8,2019-12-02 08:47:00.000000,2019-12-02 08:47:50.000000,2019-12-02 09:09:47.441289,2019-12-02 09:10:37.441289,2019-12-02 09:42:27.193913,2019-12-02 09:43:17.193913,2019-12-02 10:01:14.251351,Replace,8,42,50,0 days 00:00:50.000000000,0 days 00:22:47.441289000
9,2019-12-02 09:46:00.000000,2019-12-02 09:46:30.000000,2019-12-02 09:56:52.629163,2019-12-02 09:56:56.148193,,,,Onsite,8,42,50,0 days 00:00:30.000000000,0 days 00:10:26.148193000
10,2019-12-02 10:59:00.000000,2019-12-02 10:59:35.000000,2019-12-02 11:19:30.946960,2019-12-02 11:19:57.578528,,,,Onsite,8,42,50,0 days 00:00:35.000000000,0 days 00:20:22.578528000
11,2019-12-02 12:01:00.000000,2019-12-02 12:01:35.000000,2019-12-02 12:20:01.046220,2019-12-02 12:20:36.046220,2019-12-02 12:52:46.825442,2019-12-02 12:53:21.825442,2019-12-02 13:06:40.015256,Replace,8,42,50,0 days 00:00:35.000000000,0 days 00:19:01.046220000
12,2019-12-02 13:01:00.000000,2019-12-02 13:01:45.000000,2019-12-02 13:17:55.513210,2019-12-02 13:18:40.513210,2019-12-02 13:48:45.088822,2019-12-02 13:49:30.088822,2019-12-02 14:12:19.970819,Replace,8,42,50,0 days 00:00:45.000000000,0 days 00:16:55.513210000
13,2019-12-02 15:21:00.000000,2019-12-02 15:21:45.000000,2019-12-02 15:31:04.383256,2019-12-02 15:31:49.383256,2019-12-02 15:55:44.837825,2019-12-02 15:56:29.837825,2019-12-02 16:09:07.953445,Replace,8,42,50,0 days 00:00:45.000000000,0 days 00:10:04.383256000
14,2019-12-02 14:07:00.000000,2019-12-02 14:07:45.000000,2019-12-02 14:23:31.772019,2019-12-02 14:24:16.772019,2019-12-02 15:20:47.014171,2019-12-02 15:21:32.014171,2019-12-02 15:35:08.627324,Replace,8,42,50,0 days 00:00:45.000000000,0 days 00:16:31.772019000
15,2019-12-02 16:22:00.000000,2019-12-02 16:22:25.000000,2019-12-02 16:41:14.419737,2019-12-02 16:41:39.419737,2019-12-02 17:19:22.067762,2019-12-02 17:19:47.067762,2019-12-02 17:37:39.373782,Replace,8,42,50,0 days 00:00:25.000000000,0 days 00:19:14.419737000
16,2019-12-02 17:44:00.000000,2019-12-02 17:44:45.000000,2019-12-02 18:01:52.159886,2019-12-02 18:02:37.159886,2019-12-02 18:28:45.778202,2019-12-02 18:29:30.778202,2019-12-02 18:43:06.679601,Replace,8,42,50,0 days 00:00:45.000000000,0 days 00:17:52.159886000
17,2019-12-02 18:51:00.000000,2019-12-02 18:51:45.000000,2019-12-02 19:08:25.419268,2019-12-02 19:09:10.419268,2019-12-02 19:59:07.660324,2019-12-02 19:59:52.660324,2019-12-02 20:15:11.488011,Replace,8,42,50,0 days 00:00:45.000000000,0 days 00:17:25.419268000
18,2019-12-02 20:09:00.000000,2019-12-02 20:09:45.000000,2019-12-02 20:23:19.582561,2019-12-02 20:24:04.582561,2019-12-02 21:00:48.647461,2019-12-02 21:01:33.647461,2019-12-02 21:15:51.584122,Replace,8,42,50,0 days 00:00:45.000000000,0 days 00:14:19.582561000
19,2019-12-02 21:20:00.000000,2019-12-02 21:20:30.000000,2019-12-02 21:39:16.334058,2019-12-02 21:39:40.621239,,,,Onsite,8,42,50,0 days 00:00:30.000000000,0 days 00:19:10.621239000
0,2019-12-02 01:10:00.000000,2019-12-02 00:00:30.000000,2019-12-02 00:14:12.527143,2019-12-02 00:14:24.961752,,,,Onsite,9,42,50,-1 days +22:50:30.000000000,0 days 00:13:54.961752000
1,2019-12-02 01:26:00.000000,2019-12-02 01:26:55.000000,2019-12-02 01:41:43.623365,2019-12-02 01:42:06.290275,,,,Onsite,9,42,50,0 days 00:00:55.000000000,0 days 00:15:11.290275000
2,2019-12-02 02:28:00.000000,2019-12-02 02:28:45.000000,2019-12-02 02:43:38.370954,2019-12-02 02:44:23.370954,2019-12-02 03:35:54.386338,2019-12-02 03:36:39.386338,2019-12-02 03:53:48.399844,Replace,9,42,50,0 days 00:00:45.000000000,0 days 00:15:38.370954000
3,2019-12-02 03:38:00.000000,2019-12-02 03:38:55.000000,2019-12-02 03:51:48.359349,2019-12-02 03:51:50.095505,,,,Onsite,9,42,50,0 days 00:00:55.000000000,0 days 00:12:55.095505000
4,2019-12-02 04:48:00.000000,2019-12-02 04:48:45.000000,2019-12-02 05:07:20.295521,2019-12-02 05:07:21.068777,,,,Onsite,9,42,50,0 days 00:00:45.000000000,0 days 00:18:36.068777000
5,2019-12-02 05:47:00.000000,2019-12-02 05:47:45.000000,2019-12-02 06:06:43.342408,2019-12-02 06:07:28.342408,2019-12-02 06:40:25.656609,2019-12-02 06:41:10.656609,2019-12-02 06:58:35.572901,Replace,9,42,50,0 days 00:00:45.000000000,0 days 00:19:43.342408000
6,2019-12-02 06:52:00.000000,2019-12-02 06:52:50.000000,2019-12-02 07:04:30.489754,2019-12-02 07:05:20.489754,2019-12-02 07:36:44.186120,2019-12-02 07:37:34.186120,2019-12-02 07:50:37.346855,Replace,9,42,50,0 days 00:00:50.000000000,0 days 00:12:30.489754000
7,2019-12-02 08:03:00.000000,2019-12-02 08:03:30.000000,2019-12-02 08:20:23.930003,2019-12-02 08:20:53.930003,2019-12-02 09:03:25.833275,2019-12-02 09:03:55.833275,2019-12-02 09:20:13.156377,Replace,9,42,50,0 days 00:00:30.000000000,0 days 00:17:23.930003000
8,2019-12-02 09:08:00.000000,2019-12-02 09:08:45.000000,2019-12-02 09:21:05.679765,2019-12-02 09:21:16.260561,,,,Onsite,9,42,50,0 days 00:00:45.000000000,0 days 00:12:31.260561000
9,2019-12-02 10:25:00.000000,2019-12-02 10:25:35.000000,2019-12-02 10:39:45.820535,2019-12-02 10:40:20.820535,2019-12-02 11:11:14.162544,2019-12-02 11:11:49.162544,2019-12-02 11:27:21.475496,Replace,9,42,50,0 days 00:00:35.000000000,0 days 00:14:45.820535000
10,2019-12-02 11:32:00.000000,2019-12-02 11:32:55.000000,2019-12-02 11:45:03.770662,2019-12-02 11:45:58.770662,2019-12-02 12:22:11.494620,2019-12-02 12:23:06.494620,2019-12-02 12:41:30.321910,Replace,9,42,50,0 days 00:00:55.000000000,0 days 00:13:03.770662000
11,2019-12-02 12:45:00.000000,2019-12-02 12:45:50.000000,2019-12-02 13:02:43.234034,2019-12-02 13:03:33.234034,2019-12-02 13:34:25.720764,2019-12-02 13:35:15.720764,2019-12-02 13:54:08.860126,Replace,9,42,50,0 days 00:00:50.000000000,0 days 00:17:43.234034000
12,2019-12-02 13:55:00.000000,2019-12-02 13:55:55.000000,2019-12-02 14:19:43.034007,2019-12-02 14:20:38.034007,2019-12-02 14:54:04.977860,2019-12-02 14:54:59.977860,2019-12-02 15:11:52.575113,Replace,9,42,50,0 days 00:00:55.000000000,0 days 00:24:43.034007000
13,2019-12-02 14:50:00.000000,2019-12-02 14:50:50.000000,2019-12-02 15:08:28.681774,2019-12-02 15:08:40.202178,,,,Onsite,9,42,50,0 days 00:00:50.000000000,0 days 00:17:50.202178000
14,2019-12-02 16:15:00.000000,2019-12-02 16:15:45.000000,2019-12-02 16:26:53.224823,2019-12-02 16:27:38.224823,2019-12-02 16:53:24.488685,2019-12-02 16:54:09.488685,2019-12-02 17:10:20.634709,Replace,9,42,50,0 days 00:00:45.000000000,0 days 00:11:53.224823000
15,2019-12-02 17:30:00.000000,2019-12-02 17:30:25.000000,2019-12-02 17:49:49.315531,2019-12-02 17:49:57.341184,,,,Onsite,9,42,50,0 days 00:00:25.000000000,0 days 00:19:32.341184000
16,2019-12-02 18:42:00.000000,2019-12-02 18:42:35.000000,2019-12-02 18:55:59.413100,2019-12-02 18:56:26.899061,,,,Onsite,9,42,50,0 days 00:00:35.000000000,0 days 00:13:51.899061000
17,2019-12-02 19:39:00.000000,2019-12-02 19:39:50.000000,2019-12-02 19:56:55.249249,2019-12-02 19:57:45.249249,2019-12-02 20:27:02.669110,2019-12-02 20:27:52.669110,2019-12-02 20:42:55.480769,Replace,9,42,50,0 days 00:00:50.000000000,0 days 00:17:55.249249000
18,2019-12-02 21:00:00.000000,2019-12-02 21:00:30.000000,2019-12-02 21:18:09.005758,2019-12-02 21:18:23.928482,,,,Onsite,9,42,50,0 days 00:00:30.000000000,0 days 00:17:53.928482000
0,2019-12-02 01:08:00.000000,2019-12-02 00:00:30.000000,2019-12-02 00:11:08.232559,2019-12-02 00:11:38.232559,2019-12-02 00:45:52.169374,2019-12-02 00:46:22.169374,2019-12-02 01:02:57.535160,Replace,1,43,40,-1 days +22:52:30.000000000,0 days 00:11:08.232559000
1,2019-12-02 00:56:00.000000,2019-12-02 00:56:35.000000,2019-12-02 01:10:10.459660,2019-12-02 01:10:45.459660,2019-12-02 01:39:24.857973,2019-12-02 01:39:59.857973,2019-12-02 02:00:34.868977,Replace,1,43,40,0 days 00:00:35.000000000,0 days 00:14:10.459660000
2,2019-12-02 01:52:00.000000,2019-12-02 01:52:45.000000,2019-12-02 02:07:31.932100,2019-12-02 02:08:16.932100,2019-12-02 02:43:40.960488,2019-12-02 02:44:25.960488,2019-12-02 03:04:27.512209,Replace,1,43,40,0 days 00:00:45.000000000,0 days 00:15:31.932100000
3,2019-12-02 03:02:00.000000,2019-12-02 03:02:55.000000,2019-12-02 03:18:11.178605,2019-12-02 03:18:21.503733,,,,Onsite,1,43,40,0 days 00:00:55.000000000,0 days 00:15:26.503733000
4,2019-12-02 04:10:00.000000,2019-12-02 04:10:45.000000,2019-12-02 04:26:16.451135,2019-12-02 04:26:34.265348,,,,Onsite,1,43,40,0 days 00:00:45.000000000,0 days 00:15:49.265348000
5,2019-12-02 05:08:00.000000,2019-12-02 05:08:25.000000,2019-12-02 05:24:36.465468,2019-12-02 05:24:43.069272,,,,Onsite,1,43,40,0 days 00:00:25.000000000,0 days 00:16:18.069272000
6,2019-12-02 06:31:00.000000,2019-12-02 06:31:30.000000,2019-12-02 06:48:49.408221,2019-12-02 06:49:17.377771,,,,Onsite,1,43,40,0 days 00:00:30.000000000,0 days 00:17:47.377771000
7,2019-12-02 07:27:00.000000,2019-12-02 07:27:45.000000,2019-12-02 07:47:35.010132,2019-12-02 07:48:20.010132,2019-12-02 08:15:50.962953,2019-12-02 08:16:35.962953,2019-12-02 08:31:26.908300,Replace,1,43,40,0 days 00:00:45.000000000,0 days 00:20:35.010132000
8,2019-12-02 08:30:00.000000,2019-12-02 08:30:25.000000,2019-12-02 08:43:38.623878,2019-12-02 08:44:03.623878,2019-12-02 09:13:42.472325,2019-12-02 09:14:07.472325,2019-12-02 09:31:41.222320,Replace,1,43,40,0 days 00:00:25.000000000,0 days 00:13:38.623878000
9,2019-12-02 09:50:00.000000,2019-12-02 09:50:45.000000,2019-12-02 10:05:21.580936,2019-12-02 10:06:06.580936,2019-12-02 10:39:13.326634,2019-12-02 10:39:58.326634,2019-12-02 10:52:24.167384,Replace,1,43,40,0 days 00:00:45.000000000,0 days 00:15:21.580936000
10,2019-12-02 11:01:00.000000,2019-12-02 11:01:55.000000,2019-12-02 11:19:26.372091,2019-12-02 11:19:33.800381,,,,Onsite,1,43,40,0 days 00:00:55.000000000,0 days 00:17:38.800381000
11,2019-12-02 12:15:00.000000,2019-12-02 12:15:25.000000,2019-12-02 12:34:16.046673,2019-12-02 12:34:41.046673,2019-12-02 13:05:16.582876,2019-12-02 13:05:41.582876,2019-12-02 13:22:57.722220,Replace,1,43,40,0 days 00:00:25.000000000,0 days 00:19:16.046673000
12,2019-12-02 13:34:00.000000,2019-12-02 13:34:30.000000,2019-12-02 13:48:38.726239,2019-12-02 13:48:53.771394,,,,Onsite,1,43,40,0 days 00:00:30.000000000,0 days 00:14:23.771394000
13,2019-12-02 14:34:00.000000,2019-12-02 14:34:50.000000,2019-12-02 14:48:06.103161,2019-12-02 14:48:56.103161,2019-12-02 15:25:49.454595,2019-12-02 15:26:39.454595,2019-12-02 15:45:13.917120,Replace,1,43,40,0 days 00:00:50.000000000,0 days 00:14:06.103161000
14,2019-12-02 15:43:00.000000,2019-12-02 15:43:35.000000,2019-12-02 15:59:29.047407,2019-12-02 16:00:04.047407,2019-12-02 16:38:38.047127,2019-12-02 16:39:13.047127,2019-12-02 16:56:51.876359,Replace,1,43,40,0 days 00:00:35.000000000,0 days 00:16:29.047407000
15,2019-12-02 16:53:00.000000,2019-12-02 16:53:35.000000,2019-12-02 17:15:37.317788,2019-12-02 17:15:55.078084,,,,Onsite,1,43,40,0 days 00:00:35.000000000,0 days 00:22:20.078084000
16,2019-12-02 17:56:00.000000,2019-12-02 17:56:30.000000,2019-12-02 18:09:42.260427,2019-12-02 18:10:12.260427,2019-12-02 18:38:53.326413,2019-12-02 18:39:23.326413,2019-12-02 18:54:32.903573,Replace,1,43,40,0 days 00:00:30.000000000,0 days 00:13:42.260427000
17,2019-12-02 18:46:00.000000,2019-12-02 18:46:45.000000,2019-12-02 19:00:37.231145,2019-12-02 19:01:22.231145,2019-12-02 19:50:33.662785,2019-12-02 19:51:18.662785,2019-12-02 20:06:01.653792,Replace,1,43,40,0 days 00:00:45.000000000,0 days 00:14:37.231145000
18,2019-12-02 20:02:00.000000,2019-12-02 20:02:45.000000,2019-12-02 20:19:47.091625,2019-12-02 20:20:32.091625,2019-12-02 20:56:40.711319,2019-12-02 20:57:25.711319,2019-12-02 21:15:48.412155,Replace,1,43,40,0 days 00:00:45.000000000,0 days 00:17:47.091625000
19,2019-12-02 21:01:00.000000,2019-12-02 21:01:45.000000,2019-12-02 21:17:05.340820,2019-12-02 21:17:25.329045,,,,Onsite,1,43,40,0 days 00:00:45.000000000,0 days 00:15:40.329045000
20,2019-12-02 22:13:00.000000,2019-12-02 22:13:45.000000,2019-12-02 22:30:10.697115,2019-12-02 22:30:32.740996,,,,Onsite,1,43,40,0 days 00:00:45.000000000,0 days 00:16:47.740996000
0,2019-12-02 01:01:00.000000,2019-12-02 00:00:55.000000,2019-12-02 00:14:55.284514,2019-12-02 00:15:50.284514,2019-12-02 00:59:16.096823,2019-12-02 01:00:11.096823,2019-12-02 01:12:14.918151,Replace,2,43,40,-1 days +22:59:55.000000000,0 days 00:14:55.284514000
1,2019-12-02 01:16:00.000000,2019-12-02 01:16:55.000000,2019-12-02 01:28:36.036710,2019-12-02 01:29:31.036710,2019-12-02 02:09:08.425627,2019-12-02 02:10:03.425627,2019-12-02 02:27:52.306679,Replace,2,43,40,0 days 00:00:55.000000000,0 days 00:12:36.036710000
2,2019-12-02 02:20:00.000000,2019-12-02 02:20:30.000000,2019-12-02 02:37:11.029025,2019-12-02 02:37:41.029025,2019-12-02 03:25:56.387661,2019-12-02 03:26:26.387661,2019-12-02 03:41:57.875721,Replace,2,43,40,0 days 00:00:30.000000000,0 days 00:17:11.029025000
3,2019-12-02 03:25:00.000000,2019-12-02 03:25:35.000000,2019-12-02 03:43:52.579172,2019-12-02 03:44:16.992699,,,,Onsite,2,43,40,0 days 00:00:35.000000000,0 days 00:18:41.992699000
4,2019-12-02 04:49:00.000000,2019-12-02 04:49:45.000000,2019-12-02 05:06:24.501252,2019-12-02 05:06:33.903455,,,,Onsite,2,43,40,0 days 00:00:45.000000000,0 days 00:16:48.903455000
5,2019-12-02 06:02:00.000000,2019-12-02 06:02:55.000000,2019-12-02 06:20:31.396124,2019-12-02 06:20:39.769573,,,,Onsite,2,43,40,0 days 00:00:55.000000000,0 days 00:17:44.769573000
6,2019-12-02 07:08:00.000000,2019-12-02 07:08:55.000000,2019-12-02 07:22:05.759493,2019-12-02 07:23:00.759493,2019-12-02 07:55:24.934478,2019-12-02 07:56:19.934478,2019-12-02 08:15:37.298483,Replace,2,43,40,0 days 00:00:55.000000000,0 days 00:14:05.759493000
7,2019-12-02 08:21:00.000000,2019-12-02 08:21:45.000000,2019-12-02 08:42:18.205670,2019-12-02 08:42:24.449128,,,,Onsite,2,43,40,0 days 00:00:45.000000000,0 days 00:20:39.449128000
8,2019-12-02 09:41:00.000000,2019-12-02 09:41:55.000000,2019-12-02 10:02:44.900427,2019-12-02 10:03:39.900427,2019-12-02 10:41:15.994565,2019-12-02 10:42:10.994565,2019-12-02 11:02:26.742939,Replace,2,43,40,0 days 00:00:55.000000000,0 days 00:21:44.900427000
9,2019-12-02 10:53:00.000000,2019-12-02 10:53:50.000000,2019-12-02 11:05:25.448160,2019-12-02 11:06:15.448160,2019-12-02 11:43:13.029614,2019-12-02 11:44:03.029614,2019-12-02 12:03:57.576139,Replace,2,43,40,0 days 00:00:50.000000000,0 days 00:12:25.448160000
10,2019-12-02 12:02:00.000000,2019-12-02 12:02:35.000000,2019-12-02 12:16:06.684932,2019-12-02 12:16:41.684932,2019-12-02 12:49:35.543840,2019-12-02 12:50:10.543840,2019-12-02 13:03:28.956788,Replace,2,43,40,0 days 00:00:35.000000000,0 days 00:14:06.684932000
11,2019-12-02 13:05:00.000000,2019-12-02 13:05:50.000000,2019-12-02 13:20:29.819276,2019-12-02 13:21:19.819276,2019-12-02 14:12:59.991785,2019-12-02 14:13:49.991785,2019-12-02 14:28:45.119032,Replace,2,43,40,0 days 00:00:50.000000000,0 days 00:15:29.819276000
12,2019-12-02 14:10:00.000000,2019-12-02 14:10:45.000000,2019-12-02 14:29:52.477077,2019-12-02 14:30:05.602452,,,,Onsite,2,43,40,0 days 00:00:45.000000000,0 days 00:19:20.602452000
13,2019-12-02 15:30:00.000000,2019-12-02 15:30:35.000000,2019-12-02 15:43:10.873790,2019-12-02 15:43:45.873790,2019-12-02 16:34:21.424847,2019-12-02 16:34:56.424847,2019-12-02 16:54:27.377622,Replace,2,43,40,0 days 00:00:35.000000000,0 days 00:13:10.873790000
14,2019-12-02 16:27:00.000000,2019-12-02 16:27:55.000000,2019-12-02 16:43:59.072364,2019-12-02 16:44:07.813949,,,,Onsite,2,43,40,0 days 00:00:55.000000000,0 days 00:16:12.813949000
15,2019-12-02 17:35:00.000000,2019-12-02 17:35:30.000000,2019-12-02 17:44:17.541680,2019-12-02 17:44:47.541680,2019-12-02 18:10:00.284153,2019-12-02 18:10:30.284153,2019-12-02 18:34:49.500831,Replace,2,43,40,0 days 00:00:30.000000000,0 days 00:09:17.541680000
16,2019-12-02 18:49:00.000000,2019-12-02 18:49:25.000000,2019-12-02 19:02:34.313486,2019-12-02 19:02:59.313486,2019-12-02 19:30:40.680854,2019-12-02 19:31:05.680854,2019-12-02 19:49:51.548203,Replace,2,43,40,0 days 00:00:25.000000000,0 days 00:13:34.313486000
17,2019-12-02 20:13:00.000000,2019-12-02 20:13:35.000000,2019-12-02 20:28:35.011174,2019-12-02 20:29:10.011174,2019-12-02 20:59:22.620830,2019-12-02 20:59:57.620830,2019-12-02 21:17:51.911195,Replace,2,43,40,0 days 00:00:35.000000000,0 days 00:15:35.011174000
18,2019-12-02 21:16:00.000000,2019-12-02 21:16:45.000000,2019-12-02 21:35:33.173995,2019-12-02 21:36:18.173995,2019-12-02 22:08:17.833086,2019-12-02 22:09:02.833086,2019-12-02 22:22:58.968477,Replace,2,43,40,0 days 00:00:45.000000000,0 days 00:19:33.173995000
19,2019-12-02 22:33:00.000000,2019-12-02 22:33:45.000000,2019-12-02 22:52:15.072634,2019-12-02 22:52:20.379150,,,,Onsite,2,43,40,0 days 00:00:45.000000000,0 days 00:18:35.379150000
0,2019-12-02 01:01:00.000000,2019-12-02 00:00:35.000000,2019-12-02 00:18:31.933846,2019-12-02 00:19:06.933846,2019-12-02 00:47:08.584660,2019-12-02 00:47:43.584660,2019-12-02 01:01:51.260638,Replace,3,43,40,-1 days +22:59:35.000000000,0 days 00:18:31.933846000
1,2019-12-02 01:06:00.000000,2019-12-02 01:06:45.000000,2019-12-02 01:23:32.064068,2019-12-02 01:23:39.837595,,,,Onsite,3,43,40,0 days 00:00:45.000000000,0 days 00:16:54.837595000
2,2019-12-02 02:23:00.000000,2019-12-02 02:23:35.000000,2019-12-02 02:41:44.682219,2019-12-02 02:41:49.112756,,,,Onsite,3,43,40,0 days 00:00:35.000000000,0 days 00:18:14.112756000
3,2019-12-02 03:33:00.000000,2019-12-02 03:33:45.000000,2019-12-02 03:49:23.179312,2019-12-02 03:49:41.660054,,,,Onsite,3,43,40,0 days 00:00:45.000000000,0 days 00:15:56.660054000
4,2019-12-02 04:52:00.000000,2019-12-02 04:52:25.000000,2019-12-02 05:09:33.231310,2019-12-02 05:09:58.231310,2019-12-02 05:36:20.926580,2019-12-02 05:36:45.926580,2019-12-02 05:57:22.027996,Replace,3,43,40,0 days 00:00:25.000000000,0 days 00:17:33.231310000
5,2019-12-02 06:12:00.000000,2019-12-02 06:12:55.000000,2019-12-02 06:31:49.521919,2019-12-02 06:31:56.359185,,,,Onsite,3,43,40,0 days 00:00:55.000000000,0 days 00:19:01.359185000
6,2019-12-02 07:16:00.000000,2019-12-02 07:16:45.000000,2019-12-02 07:35:19.575840,2019-12-02 07:36:04.575840,2019-12-02 08:11:38.586262,2019-12-02 08:12:23.586262,2019-12-02 08:27:34.592333,Replace,3,43,40,0 days 00:00:45.000000000,0 days 00:19:19.575840000
7,2019-12-02 08:25:00.000000,2019-12-02 08:25:45.000000,2019-12-02 08:46:10.014155,2019-12-02 08:46:55.014155,2019-12-02 09:14:42.655134,2019-12-02 09:15:27.655134,2019-12-02 09:30:48.231214,Replace,3,43,40,0 days 00:00:45.000000000,0 days 00:21:10.014155000
8,2019-12-02 09:34:00.000000,2019-12-02 09:34:55.000000,2019-12-02 09:54:41.997659,2019-12-02 09:55:36.997659,2019-12-02 10:23:09.628282,2019-12-02 10:24:04.628282,2019-12-02 10:43:00.370887,Replace,3,43,40,0 days 00:00:55.000000000,0 days 00:20:41.997659000
9,2019-12-02 10:36:00.000000,2019-12-02 10:36:45.000000,2019-12-02 10:55:43.886762,2019-12-02 10:56:28.886762,2019-12-02 11:29:19.836078,2019-12-02 11:30:04.836078,2019-12-02 11:46:45.791048,Replace,3,43,40,0 days 00:00:45.000000000,0 days 00:19:43.886762000
10,2019-12-02 11:44:00.000000,2019-12-02 11:44:45.000000,2019-12-02 11:58:38.931089,2019-12-02 11:59:00.756719,,,,Onsite,3,43,40,0 days 00:00:45.000000000,0 days 00:14:15.756719000
11,2019-12-02 12:41:00.000000,2019-12-02 12:41:45.000000,2019-12-02 12:54:01.525194,2019-12-02 12:54:46.525194,2019-12-02 13:17:15.385686,2019-12-02 13:18:00.385686,2019-12-02 13:33:59.538632,Replace,3,43,40,0 days 00:00:45.000000000,0 days 00:13:01.525194000
12,2019-12-02 13:37:00.000000,2019-12-02 13:37:45.000000,2019-12-02 13:50:59.965690,2019-12-02 13:51:44.965690,2019-12-02 14:17:52.913603,2019-12-02 14:18:37.913603,2019-12-02 14:37:43.231172,Replace,3,43,40,0 days 00:00:45.000000000,0 days 00:13:59.965690000
13,2019-12-02 14:42:00.000000,2019-12-02 14:42:30.000000,2019-12-02 14:59:01.272645,2019-12-02 14:59:31.272645,2019-12-02 15:44:14.457275,2019-12-02 15:44:44.457275,2019-12-02 16:01:05.756481,Replace,3,43,40,0 days 00:00:30.000000000,0 days 00:17:01.272645000
14,2019-12-02 15:43:00.000000,2019-12-02 15:43:50.000000,2019-12-02 16:01:02.307248,2019-12-02 16:01:52.307248,2019-12-02 16:32:36.782863,2019-12-02 16:33:26.782863,2019-12-02 16:55:20.176286,Replace,3,43,40,0 days 00:00:50.000000000,0 days 00:18:02.307248000
15,2019-12-02 16:51:00.000000,2019-12-02 16:51:35.000000,2019-12-02 17:09:26.709737,2019-12-02 17:09:34.435465,,,,Onsite,3,43,40,0 days 00:00:35.000000000,0 days 00:17:59.435465000
16,2019-12-02 17:57:00.000000,2019-12-02 17:57:35.000000,2019-12-02 18:10:59.559634,2019-12-02 18:11:34.559634,2019-12-02 18:39:02.749452,2019-12-02 18:39:37.749452,2019-12-02 18:52:39.605770,Replace,3,43,40,0 days 00:00:35.000000000,0 days 00:13:59.559634000
17,2019-12-02 19:02:00.000000,2019-12-02 19:02:30.000000,2019-12-02 19:17:02.187232,2019-12-02 19:17:32.187232,2019-12-02 19:47:54.921911,2019-12-02 19:48:24.921911,2019-12-02 20:08:31.893185,Replace,3,43,40,0 days 00:00:30.000000000,0 days 00:15:02.187232000
18,2019-12-02 20:14:00.000000,2019-12-02 20:14:35.000000,2019-12-02 20:27:41.538265,2019-12-02 20:28:16.538265,2019-12-02 20:57:29.462727,2019-12-02 20:58:04.462727,2019-12-02 21:16:12.660584,Replace,3,43,40,0 days 00:00:35.000000000,0 days 00:13:41.538265000
19,2019-12-02 21:50:00.000000,2019-12-02 21:50:45.000000,2019-12-02 22:07:05.048478,2019-12-02 22:07:50.048478,2019-12-02 22:43:55.893460,2019-12-02 22:44:40.893460,2019-12-02 22:59:26.545332,Replace,3,43,40,0 days 00:00:45.000000000,0 days 00:17:05.048478000
0,2019-12-02 01:08:00.000000,2019-12-02 00:00:25.000000,2019-12-02 00:17:20.408547,2019-12-02 00:17:40.938297,,,,Onsite,4,43,40,-1 days +22:52:25.000000000,0 days 00:17:15.938297000
1,2019-12-02 01:15:00.000000,2019-12-02 01:15:35.000000,2019-12-02 01:38:50.697050,2019-12-02 01:39:25.697050,2019-12-02 02:04:38.152658,2019-12-02 02:05:13.152658,2019-12-02 02:18:09.814497,Replace,4,43,40,0 days 00:00:35.000000000,0 days 00:23:50.697050000
2,2019-12-02 02:24:00.000000,2019-12-02 02:24:30.000000,2019-12-02 02:41:02.473356,2019-12-02 02:41:11.542358,,,,Onsite,4,43,40,0 days 00:00:30.000000000,0 days 00:16:41.542358000
3,2019-12-02 03:39:00.000000,2019-12-02 03:39:30.000000,2019-12-02 03:53:27.883069,2019-12-02 03:53:57.883069,2019-12-02 04:42:40.723308,2019-12-02 04:43:10.723308,2019-12-02 05:00:49.215989,Replace,4,43,40,0 days 00:00:30.000000000,0 days 00:14:27.883069000
4,2019-12-02 04:52:00.000000,2019-12-02 04:52:35.000000,2019-12-02 05:09:09.449572,2019-12-02 05:09:44.449572,2019-12-02 05:53:50.392160,2019-12-02 05:54:25.392160,2019-12-02 06:09:45.225978,Replace,4,43,40,0 days 00:00:35.000000000,0 days 00:17:09.449572000
5,2019-12-02 05:51:00.000000,2019-12-02 05:51:35.000000,2019-12-02 06:09:51.858361,2019-12-02 06:10:26.858361,2019-12-02 06:41:32.076533,2019-12-02 06:42:07.076533,2019-12-02 07:02:05.137867,Replace,4,43,40,0 days 00:00:35.000000000,0 days 00:18:51.858361000
6,2019-12-02 07:15:00.000000,2019-12-02 07:15:25.000000,2019-12-02 07:28:21.432640,2019-12-02 07:28:51.048204,,,,Onsite,4,43,40,0 days 00:00:25.000000000,0 days 00:13:26.048204000
7,2019-12-02 08:25:00.000000,2019-12-02 08:25:45.000000,2019-12-02 08:44:22.017661,2019-12-02 08:44:49.385663,,,,Onsite,4,43,40,0 days 00:00:45.000000000,0 days 00:19:04.385663000
8,2019-12-02 09:39:00.000000,2019-12-02 09:39:35.000000,2019-12-02 09:57:28.765635,2019-12-02 09:58:03.765635,2019-12-02 10:43:22.045524,2019-12-02 10:43:57.045524,2019-12-02 11:01:14.088406,Replace,4,43,40,0 days 00:00:35.000000000,0 days 00:18:28.765635000
9,2019-12-02 10:40:00.000000,2019-12-02 10:40:30.000000,2019-12-02 10:53:30.793288,2019-12-02 10:54:05.423580,,,,Onsite,4,43,40,0 days 00:00:30.000000000,0 days 00:13:35.423580000
10,2019-12-02 11:51:00.000000,2019-12-02 11:51:25.000000,2019-12-02 12:07:39.240835,2019-12-02 12:08:04.240835,2019-12-02 12:46:33.117467,2019-12-02 12:46:58.117467,2019-12-02 13:04:02.078276,Replace,4,43,40,0 days 00:00:25.000000000,0 days 00:16:39.240835000
11,2019-12-02 13:02:00.000000,2019-12-02 13:02:45.000000,2019-12-02 13:15:01.420480,2019-12-02 13:15:46.420480,2019-12-02 13:52:01.943175,2019-12-02 13:52:46.943175,2019-12-02 14:09:55.521815,Replace,4,43,40,0 days 00:00:45.000000000,0 days 00:13:01.420480000
12,2019-12-02 13:59:00.000000,2019-12-02 13:59:35.000000,2019-12-02 14:14:08.950433,2019-12-02 14:14:43.950433,2019-12-02 14:40:26.540153,2019-12-02 14:41:01.540153,2019-12-02 15:02:30.132214,Replace,4,43,40,0 days 00:00:35.000000000,0 days 00:15:08.950433000
13,2019-12-02 15:27:00.000000,2019-12-02 15:27:30.000000,2019-12-02 15:43:18.185691,2019-12-02 15:43:30.793658,,,,Onsite,4,43,40,0 days 00:00:30.000000000,0 days 00:16:00.793658000
14,2019-12-02 16:36:00.000000,2019-12-02 16:36:30.000000,2019-12-02 16:56:00.475646,2019-12-02 16:56:30.475646,2019-12-02 17:24:52.817899,2019-12-02 17:25:22.817899,2019-12-02 17:38:50.208476,Replace,4,43,40,0 days 00:00:30.000000000,0 days 00:20:00.475646000
15,2019-12-02 17:48:00.000000,2019-12-02 17:48:45.000000,2019-12-02 18:06:57.779414,2019-12-02 18:07:42.779414,2019-12-02 18:38:38.630791,2019-12-02 18:39:23.630791,2019-12-02 18:55:44.015321,Replace,4,43,40,0 days 00:00:45.000000000,0 days 00:18:57.779414000
16,2019-12-02 19:11:00.000000,2019-12-02 19:11:55.000000,2019-12-02 19:27:53.535605,2019-12-02 19:27:58.943928,,,,Onsite,4,43,40,0 days 00:00:55.000000000,0 days 00:16:03.943928000
17,2019-12-02 20:25:00.000000,2019-12-02 20:25:30.000000,2019-12-02 20:37:35.394053,2019-12-02 20:38:05.394053,2019-12-02 21:10:30.643539,2019-12-02 21:11:00.643539,2019-12-02 21:26:33.237503,Replace,4,43,40,0 days 00:00:30.000000000,0 days 00:12:35.394053000
18,2019-12-02 21:36:00.000000,2019-12-02 21:36:35.000000,2019-12-02 21:50:25.685440,2019-12-02 21:51:00.685440,2019-12-02 22:32:35.262503,2019-12-02 22:33:10.262503,2019-12-02 22:55:25.876979,Replace,4,43,40,0 days 00:00:35.000000000,0 days 00:14:25.685440000
0,2019-12-02 01:00:00.000000,2019-12-02 00:00:45.000000,2019-12-02 00:21:41.263158,2019-12-02 00:22:26.263158,2019-12-02 00:50:22.411276,2019-12-02 00:51:07.411276,2019-12-02 01:05:22.143847,Replace,5,43,40,-1 days +23:00:45.000000000,0 days 00:21:41.263158000
1,2019-12-02 01:15:00.000000,2019-12-02 01:15:45.000000,2019-12-02 01:29:04.372651,2019-12-02 01:29:49.372651,2019-12-02 02:19:34.309418,2019-12-02 02:20:19.309418,2019-12-02 02:37:35.902378,Replace,5,43,40,0 days 00:00:45.000000000,0 days 00:14:04.372651000
2,2019-12-02 02:27:00.000000,2019-12-02 02:27:25.000000,2019-12-02 02:47:01.950997,2019-12-02 02:47:26.950997,2019-12-02 03:12:32.825664,2019-12-02 03:12:57.825664,2019-12-02 03:27:13.178008,Replace,5,43,40,0 days 00:00:25.000000000,0 days 00:20:01.950997000
3,2019-12-02 03:49:00.000000,2019-12-02 03:49:45.000000,2019-12-02 04:06:34.368397,2019-12-02 04:07:19.368397,2019-12-02 04:50:29.234341,2019-12-02 04:51:14.234341,2019-12-02 05:12:56.152836,Replace,5,43,40,0 days 00:00:45.000000000,0 days 00:17:34.368397000
4,2019-12-02 05:06:00.000000,2019-12-02 05:06:35.000000,2019-12-02 05:18:52.521445,2019-12-02 05:19:06.073289,,,,Onsite,5,43,40,0 days 00:00:35.000000000,0 days 00:12:31.073289000
5,2019-12-02 06:22:00.000000,2019-12-02 06:22:55.000000,2019-12-02 06:35:35.328871,2019-12-02 06:36:30.328871,2019-12-02 07:10:05.734338,2019-12-02 07:11:00.734338,2019-12-02 07:28:12.394417,Replace,5,43,40,0 days 00:00:55.000000000,0 days 00:13:35.328871000
6,2019-12-02 07:24:00.000000,2019-12-02 07:24:55.000000,2019-12-02 07:36:48.469442,2019-12-02 07:37:01.945175,,,,Onsite,5,43,40,0 days 00:00:55.000000000,0 days 00:12:06.945175000
7,2019-12-02 08:39:00.000000,2019-12-02 08:39:25.000000,2019-12-02 08:55:34.981979,2019-12-02 08:55:59.981979,2019-12-02 09:31:08.270611,2019-12-02 09:31:33.270611,2019-12-02 09:48:43.182362,Replace,5,43,40,0 days 00:00:25.000000000,0 days 00:16:34.981979000
8,2019-12-02 09:50:00.000000,2019-12-02 09:50:45.000000,2019-12-02 10:05:35.558549,2019-12-02 10:06:20.558549,2019-12-02 10:44:48.068555,2019-12-02 10:45:33.068555,2019-12-02 11:03:12.641394,Replace,5,43,40,0 days 00:00:45.000000000,0 days 00:15:35.558549000
9,2019-12-02 11:07:00.000000,2019-12-02 11:07:45.000000,2019-12-02 11:24:06.818752,2019-12-02 11:24:12.860959,,,,Onsite,5,43,40,0 days 00:00:45.000000000,0 days 00:16:27.860959000
10,2019-12-02 12:25:00.000000,2019-12-02 12:25:30.000000,2019-12-02 12:42:14.097460,2019-12-02 12:42:44.097460,2019-12-02 13:11:31.563757,2019-12-02 13:12:01.563757,2019-12-02 13:23:18.184573,Replace,5,43,40,0 days 00:00:30.000000000,0 days 00:17:14.097460000
11,2019-12-02 13:34:00.000000,2019-12-02 13:34:25.000000,2019-12-02 13:54:53.169529,2019-12-02 13:55:18.169529,2019-12-02 14:41:38.752993,2019-12-02 14:42:03.752993,2019-12-02 14:54:48.993681,Replace,5,43,40,0 days 00:00:25.000000000,0 days 00:20:53.169529000
12,2019-12-02 14:52:00.000000,2019-12-02 14:52:35.000000,2019-12-02 15:09:27.896187,2019-12-02 15:10:02.896187,2019-12-02 15:57:22.673632,2019-12-02 15:57:57.673632,2019-12-02 16:15:19.413056,Replace,5,43,40,0 days 00:00:35.000000000,0 days 00:17:27.896187000
13,2019-12-02 16:11:00.000000,2019-12-02 16:11:35.000000,2019-12-02 16:30:13.063316,2019-12-02 16:30:48.063316,2019-12-02 16:55:50.345981,2019-12-02 16:56:25.345981,2019-12-02 17:15:13.025835,Replace,5,43,40,0 days 00:00:35.000000000,0 days 00:19:13.063316000
14,2019-12-02 17:13:00.000000,2019-12-02 17:13:30.000000,2019-12-02 17:31:48.634365,2019-12-02 17:32:18.634365,2019-12-02 18:02:55.973399,2019-12-02 18:03:25.973399,2019-12-02 18:16:24.088004,Replace,5,43,40,0 days 00:00:30.000000000,0 days 00:18:48.634365000
15,2019-12-02 18:14:00.000000,2019-12-02 18:14:55.000000,2019-12-02 18:34:38.118990,2019-12-02 18:35:33.118990,2019-12-02 19:04:19.582878,2019-12-02 19:05:14.582878,2019-12-02 19:20:15.806816,Replace,5,43,40,0 days 00:00:55.000000000,0 days 00:20:38.118990000
16,2019-12-02 19:02:00.000000,2019-12-02 19:02:35.000000,2019-12-02 19:17:05.213749,2019-12-02 19:17:40.213749,2019-12-02 19:48:39.919577,2019-12-02 19:49:14.919577,2019-12-02 20:04:33.422744,Replace,5,43,40,0 days 00:00:35.000000000,0 days 00:15:05.213749000
17,2019-12-02 20:18:00.000000,2019-12-02 20:18:55.000000,2019-12-02 20:32:10.920701,2019-12-02 20:33:05.920701,2019-12-02 21:09:01.809264,2019-12-02 21:09:56.809264,2019-12-02 21:31:33.899944,Replace,5,43,40,0 days 00:00:55.000000000,0 days 00:14:10.920701000
18,2019-12-02 21:19:00.000000,2019-12-02 21:19:25.000000,2019-12-02 21:38:10.699340,2019-12-02 21:38:19.585412,,,,Onsite,5,43,40,0 days 00:00:25.000000000,0 days 00:18:54.585412000
0,2019-12-02 01:15:00.000000,2019-12-02 00:00:35.000000,2019-12-02 00:16:24.683848,2019-12-02 00:16:59.683848,2019-12-02 00:41:01.931630,2019-12-02 00:41:36.931630,2019-12-02 00:57:20.888362,Replace,6,43,40,-1 days +22:45:35.000000000,0 days 00:16:24.683848000
1,2019-12-02 01:06:00.000000,2019-12-02 01:06:25.000000,2019-12-02 01:24:59.054784,2019-12-02 01:25:24.054784,2019-12-02 02:01:47.368104,2019-12-02 02:02:12.368104,2019-12-02 02:17:39.811351,Replace,6,43,40,0 days 00:00:25.000000000,0 days 00:18:59.054784000
2,2019-12-02 02:24:00.000000,2019-12-02 02:24:50.000000,2019-12-02 02:32:42.938650,2019-12-02 02:33:08.768448,,,,Onsite,6,43,40,0 days 00:00:50.000000000,0 days 00:08:18.768448000
3,2019-12-02 03:35:00.000000,2019-12-02 03:35:55.000000,2019-12-02 03:50:40.852859,2019-12-02 03:51:35.852859,2019-12-02 04:33:55.400748,2019-12-02 04:34:50.400748,2019-12-02 04:55:04.431407,Replace,6,43,40,0 days 00:00:55.000000000,0 days 00:15:40.852859000
4,2019-12-02 04:43:00.000000,2019-12-02 04:43:45.000000,2019-12-02 04:55:30.573620,2019-12-02 04:55:52.235446,,,,Onsite,6,43,40,0 days 00:00:45.000000000,0 days 00:12:07.235446000
5,2019-12-02 05:39:00.000000,2019-12-02 05:39:35.000000,2019-12-02 05:52:30.983210,2019-12-02 05:53:05.983210,2019-12-02 06:32:39.180164,2019-12-02 06:33:14.180164,2019-12-02 06:50:44.560287,Replace,6,43,40,0 days 00:00:35.000000000,0 days 00:13:30.983210000
6,2019-12-02 06:50:00.000000,2019-12-02 06:50:50.000000,2019-12-02 07:09:12.327082,2019-12-02 07:10:02.327082,2019-12-02 07:46:28.291396,2019-12-02 07:47:18.291396,2019-12-02 08:04:01.839437,Replace,6,43,40,0 days 00:00:50.000000000,0 days 00:19:12.327082000
7,2019-12-02 07:44:00.000000,2019-12-02 07:44:55.000000,2019-12-02 08:02:46.910463,2019-12-02 08:03:02.157091,,,,Onsite,6,43,40,0 days 00:00:55.000000000,0 days 00:18:07.157091000
8,2019-12-02 08:56:00.000000,2019-12-02 08:56:35.000000,2019-12-02 09:16:38.389459,2019-12-02 09:16:51.682800,,,,Onsite,6,43,40,0 days 00:00:35.000000000,0 days 00:20:16.682800000
9,2019-12-02 09:48:00.000000,2019-12-02 09:48:25.000000,2019-12-02 10:02:15.700199,2019-12-02 10:02:35.538668,,,,Onsite,6,43,40,0 days 00:00:25.000000000,0 days 00:14:10.538668000
10,2019-12-02 11:02:00.000000,2019-12-02 11:02:35.000000,2019-12-02 11:26:44.031948,2019-12-02 11:27:19.031948,2019-12-02 12:13:46.604840,2019-12-02 12:14:21.604840,2019-12-02 12:29:35.416710,Replace,6,43,40,0 days 00:00:35.000000000,0 days 00:24:44.031948000
11,2019-12-02 12:00:00.000000,2019-12-02 12:00:50.000000,2019-12-02 12:17:09.114585,2019-12-02 12:17:59.114585,2019-12-02 13:03:27.984927,2019-12-02 13:04:17.984927,2019-12-02 13:20:13.691017,Replace,6,43,40,0 days 00:00:50.000000000,0 days 00:17:09.114585000
12,2019-12-02 13:05:00.000000,2019-12-02 13:05:55.000000,2019-12-02 13:18:29.633970,2019-12-02 13:19:24.633970,2019-12-02 13:54:13.343948,2019-12-02 13:55:08.343948,2019-12-02 14:14:57.620579,Replace,6,43,40,0 days 00:00:55.000000000,0 days 00:13:29.633970000
13,2019-12-02 14:15:00.000000,2019-12-02 14:15:45.000000,2019-12-02 14:31:06.518221,2019-12-02 14:31:51.518221,2019-12-02 15:24:52.346984,2019-12-02 15:25:37.346984,2019-12-02 15:36:26.390801,Replace,6,43,40,0 days 00:00:45.000000000,0 days 00:16:06.518221000
14,2019-12-02 15:10:00.000000,2019-12-02 15:10:45.000000,2019-12-02 15:35:11.065035,2019-12-02 15:35:56.065035,2019-12-02 16:09:15.483732,2019-12-02 16:10:00.483732,2019-12-02 16:25:25.814122,Replace,6,43,40,0 days 00:00:45.000000000,0 days 00:25:11.065035000
15,2019-12-02 16:31:00.000000,2019-12-02 16:31:30.000000,2019-12-02 16:43:23.332473,2019-12-02 16:43:53.332473,2019-12-02 17:16:04.899131,2019-12-02 17:16:34.899131,2019-12-02 17:36:00.030657,Replace,6,43,40,0 days 00:00:30.000000000,0 days 00:12:23.332473000
16,2019-12-02 17:25:00.000000,2019-12-02 17:25:35.000000,2019-12-02 17:38:21.135103,2019-12-02 17:38:56.135103,2019-12-02 18:09:02.684187,2019-12-02 18:09:37.684187,2019-12-02 18:26:25.542987,Replace,6,43,40,0 days 00:00:35.000000000,0 days 00:13:21.135103000
17,2019-12-02 18:40:00.000000,2019-12-02 18:40:55.000000,2019-12-02 18:57:45.396450,2019-12-02 18:58:40.396450,2019-12-02 19:29:18.086526,2019-12-02 19:30:13.086526,2019-12-02 19:44:49.460361,Replace,6,43,40,0 days 00:00:55.000000000,0 days 00:17:45.396450000
18,2019-12-02 19:50:00.000000,2019-12-02 19:50:50.000000,2019-12-02 20:06:23.080337,2019-12-02 20:07:13.080337,2019-12-02 20:29:45.850682,2019-12-02 20:30:35.850682,2019-12-02 20:43:45.194448,Replace,6,43,40,0 days 00:00:50.000000000,0 days 00:16:23.080337000
19,2019-12-02 21:04:00.000000,2019-12-02 21:04:50.000000,2019-12-02 21:25:13.006995,2019-12-02 21:25:24.745790,,,,Onsite,6,43,40,0 days 00:00:50.000000000,0 days 00:20:34.745790000
20,2019-12-02 22:11:00.000000,2019-12-02 22:11:50.000000,2019-12-02 22:28:54.533112,2019-12-02 22:29:15.331973,,,,Onsite,6,43,40,0 days 00:00:50.000000000,0 days 00:17:25.331973000
0,2019-12-02 01:08:00.000000,2019-12-02 00:00:30.000000,2019-12-02 00:14:46.872854,2019-12-02 00:15:16.872854,2019-12-02 01:11:23.948167,2019-12-02 01:11:53.948167,2019-12-02 01:24:04.220688,Replace,7,43,40,-1 days +22:52:30.000000000,0 days 00:14:46.872854000
1,2019-12-02 01:18:00.000000,2019-12-02 01:18:45.000000,2019-12-02 01:33:10.280668,2019-12-02 01:33:55.280668,2019-12-02 02:12:36.683239,2019-12-02 02:13:21.683239,2019-12-02 02:31:06.231108,Replace,7,43,40,0 days 00:00:45.000000000,0 days 00:15:10.280668000
2,2019-12-02 02:25:00.000000,2019-12-02 02:25:55.000000,2019-12-02 02:40:01.228708,2019-12-02 02:40:19.526012,,,,Onsite,7,43,40,0 days 00:00:55.000000000,0 days 00:14:24.526012000
3,2019-12-02 03:25:00.000000,2019-12-02 03:25:45.000000,2019-12-02 03:34:38.471023,2019-12-02 03:34:45.194120,,,,Onsite,7,43,40,0 days 00:00:45.000000000,0 days 00:09:00.194120000
4,2019-12-02 04:44:00.000000,2019-12-02 04:44:25.000000,2019-12-02 04:59:03.574636,2019-12-02 04:59:28.574636,2019-12-02 05:26:35.841611,2019-12-02 05:27:00.841611,2019-12-02 05:39:24.442466,Replace,7,43,40,0 days 00:00:25.000000000,0 days 00:15:03.574636000
5,2019-12-02 06:06:00.000000,2019-12-02 06:06:35.000000,2019-12-02 06:25:28.251222,2019-12-02 06:25:53.216216,,,,Onsite,7,43,40,0 days 00:00:35.000000000,0 days 00:19:18.216216000
6,2019-12-02 07:06:00.000000,2019-12-02 07:06:55.000000,2019-12-02 07:22:27.423735,2019-12-02 07:22:44.943046,,,,Onsite,7,43,40,0 days 00:00:55.000000000,0 days 00:15:49.943046000
7,2019-12-02 08:21:00.000000,2019-12-02 08:21:55.000000,2019-12-02 08:41:05.357244,2019-12-02 08:42:00.357244,2019-12-02 09:23:07.098196,2019-12-02 09:24:02.098196,2019-12-02 09:38:12.381547,Replace,7,43,40,0 days 00:00:55.000000000,0 days 00:20:05.357244000
8,2019-12-02 09:33:00.000000,2019-12-02 09:33:30.000000,2019-12-02 09:51:23.957342,2019-12-02 09:51:53.957342,2019-12-02 10:33:04.937400,2019-12-02 10:33:34.937400,2019-12-02 10:48:10.579451,Replace,7,43,40,0 days 00:00:30.000000000,0 days 00:18:23.957342000
9,2019-12-02 10:45:00.000000,2019-12-02 10:45:35.000000,2019-12-02 11:02:01.646864,2019-12-02 11:02:36.646864,2019-12-02 11:33:58.863702,2019-12-02 11:34:33.863702,2019-12-02 11:53:56.891750,Replace,7,43,40,0 days 00:00:35.000000000,0 days 00:17:01.646864000
10,2019-12-02 11:51:00.000000,2019-12-02 11:51:25.000000,2019-12-02 12:13:22.864757,2019-12-02 12:13:47.864757,2019-12-02 12:59:59.035192,2019-12-02 13:00:24.035192,2019-12-02 13:15:51.091329,Replace,7,43,40,0 days 00:00:25.000000000,0 days 00:22:22.864757000
11,2019-12-02 13:04:00.000000,2019-12-02 13:04:55.000000,2019-12-02 13:20:13.034257,2019-12-02 13:20:19.051730,,,,Onsite,7,43,40,0 days 00:00:55.000000000,0 days 00:15:24.051730000
12,2019-12-02 14:00:00.000000,2019-12-02 14:00:45.000000,2019-12-02 14:15:04.387738,2019-12-02 14:15:49.387738,2019-12-02 14:59:15.084154,2019-12-02 15:00:00.084154,2019-12-02 15:20:19.763536,Replace,7,43,40,0 days 00:00:45.000000000,0 days 00:15:04.387738000
13,2019-12-02 15:11:00.000000,2019-12-02 15:11:25.000000,2019-12-02 15:24:00.608166,2019-12-02 15:24:25.608166,2019-12-02 16:02:09.279549,2019-12-02 16:02:34.279549,2019-12-02 16:20:12.509655,Replace,7,43,40,0 days 00:00:25.000000000,0 days 00:13:00.608166000
14,2019-12-02 16:29:00.000000,2019-12-02 16:29:55.000000,2019-12-02 16:49:16.187300,2019-12-02 16:50:11.187300,2019-12-02 17:31:33.834949,2019-12-02 17:32:28.834949,2019-12-02 17:53:12.074943,Replace,7,43,40,0 days 00:00:55.000000000,0 days 00:20:16.187300000
15,2019-12-02 17:47:00.000000,2019-12-02 17:47:45.000000,2019-12-02 18:05:38.922123,2019-12-02 18:06:23.922123,2019-12-02 18:57:23.855957,2019-12-02 18:58:08.855957,2019-12-02 19:15:14.511064,Replace,7,43,40,0 days 00:00:45.000000000,0 days 00:18:38.922123000
16,2019-12-02 19:06:00.000000,2019-12-02 19:06:50.000000,2019-12-02 19:25:18.095049,2019-12-02 19:26:08.095049,2019-12-02 19:55:03.205646,2019-12-02 19:55:53.205646,2019-12-02 20:11:09.173858,Replace,7,43,40,0 days 00:00:50.000000000,0 days 00:19:18.095049000
17,2019-12-02 20:23:00.000000,2019-12-02 20:23:45.000000,2019-12-02 20:41:30.023427,2019-12-02 20:41:50.052803,,,,Onsite,7,43,40,0 days 00:00:45.000000000,0 days 00:18:05.052803000
18,2019-12-02 21:45:00.000000,2019-12-02 21:45:50.000000,2019-12-02 21:56:45.272181,2019-12-02 21:57:35.272181,2019-12-02 22:22:59.594497,2019-12-02 22:23:49.594497,2019-12-02 22:36:21.217800,Replace,7,43,40,0 days 00:00:50.000000000,0 days 00:11:45.272181000
0,2019-12-02 01:15:00.000000,2019-12-02 00:00:35.000000,2019-12-02 00:15:16.290337,2019-12-02 00:15:51.290337,2019-12-02 00:55:33.759600,2019-12-02 00:56:08.759600,2019-12-02 01:14:20.303822,Replace,8,43,40,-1 days +22:45:35.000000000,0 days 00:15:16.290337000
1,2019-12-02 01:08:00.000000,2019-12-02 01:08:30.000000,2019-12-02 01:22:35.498356,2019-12-02 01:22:40.212503,,,,Onsite,8,43,40,0 days 00:00:30.000000000,0 days 00:14:10.212503000
2,2019-12-02 02:09:00.000000,2019-12-02 02:09:45.000000,2019-12-02 02:24:36.491142,2019-12-02 02:24:43.537220,,,,Onsite,8,43,40,0 days 00:00:45.000000000,0 days 00:14:58.537220000
3,2019-12-02 03:29:00.000000,2019-12-02 03:29:55.000000,2019-12-02 03:44:45.094451,2019-12-02 03:45:40.094451,2019-12-02 04:12:44.171610,2019-12-02 04:13:39.171610,2019-12-02 04:28:10.110113,Replace,8,43,40,0 days 00:00:55.000000000,0 days 00:15:45.094451000
4,2019-12-02 04:40:00.000000,2019-12-02 04:40:25.000000,2019-12-02 04:54:57.010780,2019-12-02 04:55:22.010780,2019-12-02 05:21:57.654438,2019-12-02 05:22:22.654438,2019-12-02 05:37:43.278400,Replace,8,43,40,0 days 00:00:25.000000000,0 days 00:14:57.010780000
5,2019-12-02 05:47:00.000000,2019-12-02 05:47:30.000000,2019-12-02 06:05:59.125300,2019-12-02 06:06:29.125300,2019-12-02 06:56:39.503843,2019-12-02 06:57:09.503843,2019-12-02 07:09:09.396959,Replace,8,43,40,0 days 00:00:30.000000000,0 days 00:18:59.125300000
6,2019-12-02 06:42:00.000000,2019-12-02 06:42:50.000000,2019-12-02 07:01:28.832415,2019-12-02 07:02:18.832415,2019-12-02 07:40:34.425157,2019-12-02 07:41:24.425157,2019-12-02 07:58:02.656652,Replace,8,43,40,0 days 00:00:50.000000000,0 days 00:19:28.832415000
7,2019-12-02 07:56:00.000000,2019-12-02 07:56:50.000000,2019-12-02 08:04:12.283228,2019-12-02 08:04:37.894246,,,,Onsite,8,43,40,0 days 00:00:50.000000000,0 days 00:07:47.894246000
8,2019-12-02 09:07:00.000000,2019-12-02 09:07:30.000000,2019-12-02 09:27:55.584712,2019-12-02 09:28:25.584712,2019-12-02 10:00:02.043788,2019-12-02 10:00:32.043788,2019-12-02 10:19:35.897717,Replace,8,43,40,0 days 00:00:30.000000000,0 days 00:20:55.584712000
9,2019-12-02 10:08:00.000000,2019-12-02 10:08:55.000000,2019-12-02 10:25:11.264616,2019-12-02 10:25:52.133041,,,,Onsite,8,43,40,0 days 00:00:55.000000000,0 days 00:16:57.133041000
10,2019-12-02 11:05:00.000000,2019-12-02 11:05:30.000000,2019-12-02 11:22:17.357164,2019-12-02 11:22:47.357164,2019-12-02 11:52:40.549806,2019-12-02 11:53:10.549806,2019-12-02 12:05:45.958863,Replace,8,43,40,0 days 00:00:30.000000000,0 days 00:17:17.357164000
11,2019-12-02 12:08:00.000000,2019-12-02 12:08:30.000000,2019-12-02 12:25:55.653974,2019-12-02 12:26:13.942650,,,,Onsite,8,43,40,0 days 00:00:30.000000000,0 days 00:17:43.942650000
12,2019-12-02 13:30:00.000000,2019-12-02 13:30:45.000000,2019-12-02 13:46:30.031017,2019-12-02 13:47:15.031017,2019-12-02 14:30:12.350171,2019-12-02 14:30:57.350171,2019-12-02 14:53:38.935596,Replace,8,43,40,0 days 00:00:45.000000000,0 days 00:16:30.031017000
13,2019-12-02 14:36:00.000000,2019-12-02 14:36:55.000000,2019-12-02 14:52:05.751089,2019-12-02 14:53:00.751089,2019-12-02 15:22:31.668793,2019-12-02 15:23:26.668793,2019-12-02 15:40:10.886349,Replace,8,43,40,0 days 00:00:55.000000000,0 days 00:16:05.751089000
14,2019-12-02 15:53:00.000000,2019-12-02 15:53:30.000000,2019-12-02 16:08:57.069316,2019-12-02 16:09:27.069316,2019-12-02 16:59:30.677966,2019-12-02 17:00:00.677966,2019-12-02 17:11:43.573938,Replace,8,43,40,0 days 00:00:30.000000000,0 days 00:15:57.069316000
15,2019-12-02 16:47:00.000000,2019-12-02 16:47:35.000000,2019-12-02 17:03:11.782490,2019-12-02 17:03:46.782490,2019-12-02 17:50:07.264275,2019-12-02 17:50:42.264275,2019-12-02 18:07:12.087556,Replace,8,43,40,0 days 00:00:35.000000000,0 days 00:16:11.782490000
16,2019-12-02 17:47:00.000000,2019-12-02 17:47:30.000000,2019-12-02 18:03:02.236302,2019-12-02 18:03:32.236302,2019-12-02 19:02:24.307039,2019-12-02 19:02:54.307039,2019-12-02 19:21:41.950057,Replace,8,43,40,0 days 00:00:30.000000000,0 days 00:16:02.236302000
17,2019-12-02 18:57:00.000000,2019-12-02 18:57:55.000000,2019-12-02 19:06:42.950741,2019-12-02 19:06:51.146742,,,,Onsite,8,43,40,0 days 00:00:55.000000000,0 days 00:08:56.146742000
18,2019-12-02 19:59:00.000000,2019-12-02 19:59:45.000000,2019-12-02 20:18:19.631806,2019-12-02 20:19:04.631806,2019-12-02 20:52:23.948982,2019-12-02 20:53:08.948982,2019-12-02 21:06:30.232365,Replace,8,43,40,0 days 00:00:45.000000000,0 days 00:19:19.631806000
19,2019-12-02 21:04:00.000000,2019-12-02 21:04:35.000000,2019-12-02 21:22:58.620461,2019-12-02 21:23:33.620461,2019-12-02 22:08:31.995280,2019-12-02 22:09:06.995280,2019-12-02 22:30:29.392789,Replace,8,43,40,0 days 00:00:35.000000000,0 days 00:18:58.620461000
0,2019-12-02 01:09:00.000000,2019-12-02 00:00:35.000000,2019-12-02 00:13:25.920898,2019-12-02 00:13:56.692742,,,,Onsite,9,43,40,-1 days +22:51:35.000000000,0 days 00:13:21.692742000
1,2019-12-02 00:58:00.000000,2019-12-02 00:58:25.000000,2019-12-02 01:17:21.686990,2019-12-02 01:17:46.686990,2019-12-02 01:44:21.973965,2019-12-02 01:44:46.973965,2019-12-02 01:55:57.524095,Replace,9,43,40,0 days 00:00:25.000000000,0 days 00:19:21.686990000
2,2019-12-02 02:08:00.000000,2019-12-02 02:08:45.000000,2019-12-02 02:26:38.610292,2019-12-02 02:27:23.610292,2019-12-02 02:59:37.366386,2019-12-02 03:00:22.366386,2019-12-02 03:20:18.076824,Replace,9,43,40,0 days 00:00:45.000000000,0 days 00:18:38.610292000
3,2019-12-02 03:11:00.000000,2019-12-02 03:11:35.000000,2019-12-02 03:28:17.615308,2019-12-02 03:28:52.615308,2019-12-02 04:27:22.968072,2019-12-02 04:27:57.968072,2019-12-02 04:41:43.390710,Replace,9,43,40,0 days 00:00:35.000000000,0 days 00:17:17.615308000
4,2019-12-02 04:18:00.000000,2019-12-02 04:18:45.000000,2019-12-02 04:36:42.362689,2019-12-02 04:36:56.826957,,,,Onsite,9,43,40,0 days 00:00:45.000000000,0 days 00:18:11.826957000
5,2019-12-02 05:29:00.000000,2019-12-02 05:29:45.000000,2019-12-02 05:41:17.050494,2019-12-02 05:42:02.050494,2019-12-02 06:09:33.331499,2019-12-02 06:10:18.331499,2019-12-02 06:26:29.632420,Replace,9,43,40,0 days 00:00:45.000000000,0 days 00:12:17.050494000
6,2019-12-02 06:34:00.000000,2019-12-02 06:34:45.000000,2019-12-02 06:48:25.361207,2019-12-02 06:49:10.361207,2019-12-02 07:24:39.959204,2019-12-02 07:25:24.959204,2019-12-02 07:42:11.972887,Replace,9,43,40,0 days 00:00:45.000000000,0 days 00:14:25.361207000
7,2019-12-02 07:59:00.000000,2019-12-02 07:59:45.000000,2019-12-02 08:16:17.850242,2019-12-02 08:17:02.850242,2019-12-02 08:43:17.974047,2019-12-02 08:44:02.974047,2019-12-02 09:04:42.838842,Replace,9,43,40,0 days 00:00:45.000000000,0 days 00:17:17.850242000
8,2019-12-02 09:06:00.000000,2019-12-02 09:06:35.000000,2019-12-02 09:20:09.888210,2019-12-02 09:20:44.888210,2019-12-02 10:16:45.383830,2019-12-02 10:17:20.383830,2019-12-02 10:29:21.848021,Replace,9,43,40,0 days 00:00:35.000000000,0 days 00:14:09.888210000
9,2019-12-02 10:18:00.000000,2019-12-02 10:18:25.000000,2019-12-02 10:30:59.791023,2019-12-02 10:31:03.710513,,,,Onsite,9,43,40,0 days 00:00:25.000000000,0 days 00:12:38.710513000
10,2019-12-02 11:23:00.000000,2019-12-02 11:23:45.000000,2019-12-02 11:42:02.303229,2019-12-02 11:42:47.303229,2019-12-02 12:21:49.208021,2019-12-02 12:22:34.208021,2019-12-02 12:38:18.023665,Replace,9,43,40,0 days 00:00:45.000000000,0 days 00:19:02.303229000
11,2019-12-02 12:48:00.000000,2019-12-02 12:48:25.000000,2019-12-02 13:07:46.182481,2019-12-02 13:08:11.182481,2019-12-02 13:59:05.618223,2019-12-02 13:59:30.618223,2019-12-02 14:21:37.976759,Replace,9,43,40,0 days 00:00:25.000000000,0 days 00:19:46.182481000
12,2019-12-02 13:51:00.000000,2019-12-02 13:51:45.000000,2019-12-02 14:08:30.896838,2019-12-02 14:08:36.842796,,,,Onsite,9,43,40,0 days 00:00:45.000000000,0 days 00:16:51.842796000
13,2019-12-02 15:07:00.000000,2019-12-02 15:07:45.000000,2019-12-02 15:21:52.721767,2019-12-02 15:22:08.903533,,,,Onsite,9,43,40,0 days 00:00:45.000000000,0 days 00:14:23.903533000
14,2019-12-02 16:19:00.000000,2019-12-02 16:19:50.000000,2019-12-02 16:38:52.902778,2019-12-02 16:39:42.902778,2019-12-02 17:05:43.120384,2019-12-02 17:06:33.120384,2019-12-02 17:28:36.408790,Replace,9,43,40,0 days 00:00:50.000000000,0 days 00:19:52.902778000
15,2019-12-02 17:40:00.000000,2019-12-02 17:40:50.000000,2019-12-02 17:55:26.311323,2019-12-02 17:56:16.311323,2019-12-02 18:28:34.783688,2019-12-02 18:29:24.783688,2019-12-02 18:44:49.975458,Replace,9,43,40,0 days 00:00:50.000000000,0 days 00:15:26.311323000
16,2019-12-02 18:40:00.000000,2019-12-02 18:40:35.000000,2019-12-02 18:57:32.583039,2019-12-02 18:58:07.583039,2019-12-02 19:36:50.984526,2019-12-02 19:37:25.984526,2019-12-02 19:50:50.659478,Replace,9,43,40,0 days 00:00:35.000000000,0 days 00:17:32.583039000
17,2019-12-02 19:48:00.000000,2019-12-02 19:48:35.000000,2019-12-02 20:03:52.322630,2019-12-02 20:04:04.097114,,,,Onsite,9,43,40,0 days 00:00:35.000000000,0 days 00:15:29.097114000
18,2019-12-02 20:54:00.000000,2019-12-02 20:54:45.000000,2019-12-02 21:15:18.093643,2019-12-02 21:16:03.093643,2019-12-02 21:54:48.062800,2019-12-02 21:55:33.062800,2019-12-02 22:15:56.477096,Replace,9,43,40,0 days 00:00:45.000000000,0 days 00:21:18.093643000
19,2019-12-02 22:08:00.000000,2019-12-02 22:08:25.000000,2019-12-02 22:21:16.283948,2019-12-02 22:21:25.546618,,,,Onsite,9,43,40,0 days 00:00:25.000000000,0 days 00:13:00.546618000
0,2019-12-02 01:11:00.000000,2019-12-02 00:00:45.000000,2019-12-02 00:20:59.212959,2019-12-02 00:21:14.502681,,,,Onsite,1,43,41,-1 days +22:49:45.000000000,0 days 00:20:29.502681000
1,2019-12-02 01:19:00.000000,2019-12-02 01:19:45.000000,2019-12-02 01:35:05.194659,2019-12-02 01:35:50.194659,2019-12-02 02:27:12.402210,2019-12-02 02:27:57.402210,2019-12-02 02:40:35.138967,Replace,1,43,41,0 days 00:00:45.000000000,0 days 00:16:05.194659000
2,2019-12-02 02:20:00.000000,2019-12-02 02:20:45.000000,2019-12-02 02:38:03.106024,2019-12-02 02:38:48.106024,2019-12-02 03:15:40.511975,2019-12-02 03:16:25.511975,2019-12-02 03:33:49.790151,Replace,1,43,41,0 days 00:00:45.000000000,0 days 00:18:03.106024000
3,2019-12-02 03:18:00.000000,2019-12-02 03:18:30.000000,2019-12-02 03:33:15.354747,2019-12-02 03:33:45.354747,2019-12-02 04:08:11.917426,2019-12-02 04:08:41.917426,2019-12-02 04:23:27.991265,Replace,1,43,41,0 days 00:00:30.000000000,0 days 00:15:15.354747000
4,2019-12-02 04:19:00.000000,2019-12-02 04:19:45.000000,2019-12-02 04:35:34.597822,2019-12-02 04:35:40.438603,,,,Onsite,1,43,41,0 days 00:00:45.000000000,0 days 00:15:55.438603000
5,2019-12-02 05:18:00.000000,2019-12-02 05:18:50.000000,2019-12-02 05:34:20.212712,2019-12-02 05:35:10.212712,2019-12-02 06:24:13.738448,2019-12-02 06:25:03.738448,2019-12-02 06:36:55.449084,Replace,1,43,41,0 days 00:00:50.000000000,0 days 00:16:20.212712000
6,2019-12-02 06:16:00.000000,2019-12-02 06:16:45.000000,2019-12-02 06:33:22.331395,2019-12-02 06:34:07.331395,2019-12-02 07:09:37.721877,2019-12-02 07:10:22.721877,2019-12-02 07:30:11.525095,Replace,1,43,41,0 days 00:00:45.000000000,0 days 00:17:22.331395000
7,2019-12-02 07:29:00.000000,2019-12-02 07:29:35.000000,2019-12-02 07:45:40.414107,2019-12-02 07:46:15.414107,2019-12-02 08:32:35.551970,2019-12-02 08:33:10.551970,2019-12-02 08:45:58.941166,Replace,1,43,41,0 days 00:00:35.000000000,0 days 00:16:40.414107000
8,2019-12-02 08:47:00.000000,2019-12-02 08:47:35.000000,2019-12-02 09:05:47.465733,2019-12-02 09:06:22.465733,2019-12-02 09:42:02.071384,2019-12-02 09:42:37.071384,2019-12-02 10:05:31.706855,Replace,1,43,41,0 days 00:00:35.000000000,0 days 00:18:47.465733000
9,2019-12-02 10:10:00.000000,2019-12-02 10:10:30.000000,2019-12-02 10:29:14.632968,2019-12-02 10:29:21.986600,,,,Onsite,1,43,41,0 days 00:00:30.000000000,0 days 00:18:51.986600000
10,2019-12-02 11:25:00.000000,2019-12-02 11:25:55.000000,2019-12-02 11:39:24.074551,2019-12-02 11:40:19.074551,2019-12-02 12:12:05.248891,2019-12-02 12:13:00.248891,2019-12-02 12:26:53.553524,Replace,1,43,41,0 days 00:00:55.000000000,0 days 00:14:24.074551000
11,2019-12-02 12:42:00.000000,2019-12-02 12:42:35.000000,2019-12-02 12:57:27.323068,2019-12-02 12:58:02.323068,2019-12-02 13:31:08.154241,2019-12-02 13:31:43.154241,2019-12-02 13:44:31.656701,Replace,1,43,41,0 days 00:00:35.000000000,0 days 00:15:27.323068000
12,2019-12-02 13:45:00.000000,2019-12-02 13:45:45.000000,2019-12-02 14:07:47.808199,2019-12-02 14:07:58.943786,,,,Onsite,1,43,41,0 days 00:00:45.000000000,0 days 00:22:13.943786000
13,2019-12-02 15:01:00.000000,2019-12-02 15:01:45.000000,2019-12-02 15:22:10.216191,2019-12-02 15:22:55.216191,2019-12-02 16:10:18.544893,2019-12-02 16:11:03.544893,2019-12-02 16:25:57.590948,Replace,1,43,41,0 days 00:00:45.000000000,0 days 00:21:10.216191000
14,2019-12-02 17:12:00.000000,2019-12-02 17:12:35.000000,2019-12-02 17:32:32.046912,2019-12-02 17:32:45.388126,,,,Onsite,1,43,41,0 days 00:00:35.000000000,0 days 00:20:10.388126000
15,2019-12-02 16:11:00.000000,2019-12-02 16:11:45.000000,2019-12-02 16:22:36.003181,2019-12-02 16:23:21.003181,2019-12-02 17:12:40.554560,2019-12-02 17:13:25.554560,2019-12-02 17:24:36.624813,Replace,1,43,41,0 days 00:00:45.000000000,0 days 00:11:36.003181000
16,2019-12-02 18:11:00.000000,2019-12-02 18:11:45.000000,2019-12-02 18:27:59.036116,2019-12-02 18:28:37.718231,,,,Onsite,1,43,41,0 days 00:00:45.000000000,0 days 00:16:52.718231000
17,2019-12-02 19:23:00.000000,2019-12-02 19:23:45.000000,2019-12-02 19:41:57.311324,2019-12-02 19:42:42.311324,2019-12-02 20:23:33.153011,2019-12-02 20:24:18.153011,2019-12-02 20:43:42.934518,Replace,1,43,41,0 days 00:00:45.000000000,0 days 00:18:57.311324000
18,2019-12-02 20:35:00.000000,2019-12-02 20:35:55.000000,2019-12-02 20:50:18.764896,2019-12-02 20:50:29.614710,,,,Onsite,1,43,41,0 days 00:00:55.000000000,0 days 00:14:34.614710000
19,2019-12-02 21:45:00.000000,2019-12-02 21:45:45.000000,2019-12-02 22:00:27.424939,2019-12-02 22:00:50.901771,,,,Onsite,1,43,41,0 days 00:00:45.000000000,0 days 00:15:05.901771000
0,2019-12-02 01:01:00.000000,2019-12-02 01:01:45.000000,2019-12-02 01:19:18.601843,2019-12-02 01:19:36.574262,,,,Onsite,2,43,41,0 days 00:00:45.000000000,0 days 00:17:51.574262000
1,2019-12-02 01:06:00.000000,2019-12-02 00:00:45.000000,2019-12-02 00:18:44.946261,2019-12-02 00:19:29.946261,2019-12-02 01:01:00.806725,2019-12-02 01:01:45.806725,2019-12-02 01:14:00.702710,Replace,2,43,41,-1 days +22:54:45.000000000,0 days 00:18:44.946261000
2,2019-12-02 01:58:00.000000,2019-12-02 01:58:45.000000,2019-12-02 02:12:29.646137,2019-12-02 02:12:44.352946,,,,Onsite,2,43,41,0 days 00:00:45.000000000,0 days 00:13:59.352946000
3,2019-12-02 03:10:00.000000,2019-12-02 03:10:25.000000,2019-12-02 03:21:20.887510,2019-12-02 03:21:45.887510,2019-12-02 03:50:45.664967,2019-12-02 03:51:10.664967,2019-12-02 04:04:26.482367,Replace,2,43,41,0 days 00:00:25.000000000,0 days 00:11:20.887510000
4,2019-12-02 04:26:00.000000,2019-12-02 04:26:25.000000,2019-12-02 04:45:30.943893,2019-12-02 04:45:55.943893,2019-12-02 05:16:21.289763,2019-12-02 05:16:46.289763,2019-12-02 05:32:16.201422,Replace,2,43,41,0 days 00:00:25.000000000,0 days 00:19:30.943893000
5,2019-12-02 05:47:00.000000,2019-12-02 05:47:35.000000,2019-12-02 06:02:50.747578,2019-12-02 06:03:25.747578,2019-12-02 06:52:00.480842,2019-12-02 06:52:35.480842,2019-12-02 07:06:17.021028,Replace,2,43,41,0 days 00:00:35.000000000,0 days 00:15:50.747578000
6,2019-12-02 06:48:00.000000,2019-12-02 06:48:30.000000,2019-12-02 07:07:09.774341,2019-12-02 07:07:22.249037,,,,Onsite,2,43,41,0 days 00:00:30.000000000,0 days 00:18:52.249037000
7,2019-12-02 07:53:00.000000,2019-12-02 07:53:50.000000,2019-12-02 08:08:34.210097,2019-12-02 08:09:24.210097,2019-12-02 08:44:45.410764,2019-12-02 08:45:35.410764,2019-12-02 09:00:57.078677,Replace,2,43,41,0 days 00:00:50.000000000,0 days 00:15:34.210097000
8,2019-12-02 09:14:00.000000,2019-12-02 09:14:25.000000,2019-12-02 09:31:26.355887,2019-12-02 09:31:51.355887,2019-12-02 10:14:00.531959,2019-12-02 10:14:25.531959,2019-12-02 10:33:27.951081,Replace,2,43,41,0 days 00:00:25.000000000,0 days 00:17:26.355887000
9,2019-12-02 10:21:00.000000,2019-12-02 10:21:45.000000,2019-12-02 10:33:33.091141,2019-12-02 10:34:18.091141,2019-12-02 11:04:12.364309,2019-12-02 11:04:57.364309,2019-12-02 11:23:32.488921,Replace,2,43,41,0 days 00:00:45.000000000,0 days 00:12:33.091141000
10,2019-12-02 11:34:00.000000,2019-12-02 11:34:30.000000,2019-12-02 11:48:27.652842,2019-12-02 11:48:57.652842,2019-12-02 12:27:40.272581,2019-12-02 12:28:10.272581,2019-12-02 12:41:52.248230,Replace,2,43,41,0 days 00:00:30.000000000,0 days 00:14:27.652842000
11,2019-12-02 12:54:00.000000,2019-12-02 12:54:35.000000,2019-12-02 13:10:11.994258,2019-12-02 13:10:17.284896,,,,Onsite,2,43,41,0 days 00:00:35.000000000,0 days 00:15:42.284896000
12,2019-12-02 14:00:00.000000,2019-12-02 14:00:25.000000,2019-12-02 14:15:10.628374,2019-12-02 14:15:35.628374,2019-12-02 14:56:32.116525,2019-12-02 14:56:57.116525,2019-12-02 15:08:39.182553,Replace,2,43,41,0 days 00:00:25.000000000,0 days 00:15:10.628374000
13,2019-12-02 15:13:00.000000,2019-12-02 15:13:45.000000,2019-12-02 15:33:39.191501,2019-12-02 15:33:52.985522,,,,Onsite,2,43,41,0 days 00:00:45.000000000,0 days 00:20:07.985522000
14,2019-12-02 16:33:00.000000,2019-12-02 16:33:35.000000,2019-12-02 16:52:58.820827,2019-12-02 16:53:33.820827,2019-12-02 17:41:20.630520,2019-12-02 17:41:55.630520,2019-12-02 18:01:10.913357,Replace,2,43,41,0 days 00:00:35.000000000,0 days 00:19:58.820827000
15,2019-12-02 17:39:00.000000,2019-12-02 17:39:50.000000,2019-12-02 17:49:32.490567,2019-12-02 17:50:22.490567,2019-12-02 18:43:05.106943,2019-12-02 18:43:55.106943,2019-12-02 18:59:51.889080,Replace,2,43,41,0 days 00:00:50.000000000,0 days 00:10:32.490567000
16,2019-12-02 18:52:00.000000,2019-12-02 18:52:35.000000,2019-12-02 19:06:25.550884,2019-12-02 19:07:00.550884,2019-12-02 19:49:29.672530,2019-12-02 19:50:04.672530,2019-12-02 20:03:06.580076,Replace,2,43,41,0 days 00:00:35.000000000,0 days 00:14:25.550884000
17,2019-12-02 20:02:00.000000,2019-12-02 20:02:45.000000,2019-12-02 20:21:59.984549,2019-12-02 20:22:09.542583,,,,Onsite,2,43,41,0 days 00:00:45.000000000,0 days 00:19:24.542583000
18,2019-12-02 21:15:00.000000,2019-12-02 21:15:45.000000,2019-12-02 21:31:56.194845,2019-12-02 21:32:41.194845,2019-12-02 22:14:08.180288,2019-12-02 22:14:53.180288,2019-12-02 22:31:16.399253,Replace,2,43,41,0 days 00:00:45.000000000,0 days 00:16:56.194845000
0,2019-12-02 01:07:00.000000,2019-12-02 00:00:45.000000,2019-12-02 00:17:56.508107,2019-12-02 00:18:41.508107,2019-12-02 01:01:28.673007,2019-12-02 01:02:13.673007,2019-12-02 01:16:41.300408,Replace,3,43,41,-1 days +22:53:45.000000000,0 days 00:17:56.508107000
1,2019-12-02 01:21:00.000000,2019-12-02 01:21:35.000000,2019-12-02 01:37:48.432498,2019-12-02 01:38:23.432498,2019-12-02 02:04:38.157027,2019-12-02 02:05:13.157027,2019-12-02 02:21:46.101536,Replace,3,43,41,0 days 00:00:35.000000000,0 days 00:16:48.432498000
2,2019-12-02 02:39:00.000000,2019-12-02 02:39:55.000000,2019-12-02 02:59:17.947742,2019-12-02 02:59:23.157827,,,,Onsite,3,43,41,0 days 00:00:55.000000000,0 days 00:19:28.157827000
3,2019-12-02 03:47:00.000000,2019-12-02 03:47:50.000000,2019-12-02 04:03:33.528642,2019-12-02 04:04:23.528642,2019-12-02 04:34:51.328364,2019-12-02 04:35:41.328364,2019-12-02 04:56:38.290540,Replace,3,43,41,0 days 00:00:50.000000000,0 days 00:16:33.528642000
4,2019-12-02 04:50:00.000000,2019-12-02 04:50:45.000000,2019-12-02 05:05:29.630509,2019-12-02 05:05:40.402217,,,,Onsite,3,43,41,0 days 00:00:45.000000000,0 days 00:14:55.402217000
5,2019-12-02 05:56:00.000000,2019-12-02 05:56:45.000000,2019-12-02 06:17:50.551872,2019-12-02 06:17:56.872637,,,,Onsite,3,43,41,0 days 00:00:45.000000000,0 days 00:21:11.872637000
6,2019-12-02 07:15:00.000000,2019-12-02 07:15:45.000000,2019-12-02 07:33:46.757757,2019-12-02 07:33:55.562322,,,,Onsite,3,43,41,0 days 00:00:45.000000000,0 days 00:18:10.562322000
7,2019-12-02 08:17:00.000000,2019-12-02 08:17:55.000000,2019-12-02 08:36:32.820851,2019-12-02 08:37:27.820851,2019-12-02 08:59:09.375682,2019-12-02 09:00:04.375682,2019-12-02 09:13:12.526632,Replace,3,43,41,0 days 00:00:55.000000000,0 days 00:19:32.820851000
8,2019-12-02 09:28:00.000000,2019-12-02 09:28:30.000000,2019-12-02 09:42:16.636703,2019-12-02 09:42:46.636703,2019-12-02 10:18:05.818462,2019-12-02 10:18:35.818462,2019-12-02 10:34:14.024343,Replace,3,43,41,0 days 00:00:30.000000000,0 days 00:14:16.636703000
9,2019-12-02 10:43:00.000000,2019-12-02 10:43:25.000000,2019-12-02 11:00:58.116057,2019-12-02 11:01:06.219584,,,,Onsite,3,43,41,0 days 00:00:25.000000000,0 days 00:17:41.219584000
10,2019-12-02 11:48:00.000000,2019-12-02 11:48:55.000000,2019-12-02 12:05:22.670349,2019-12-02 12:06:17.670349,2019-12-02 12:40:33.248013,2019-12-02 12:41:28.248013,2019-12-02 12:57:53.950770,Replace,3,43,41,0 days 00:00:55.000000000,0 days 00:17:22.670349000
11,2019-12-02 12:52:00.000000,2019-12-02 12:52:45.000000,2019-12-02 13:09:26.254793,2019-12-02 13:10:11.254793,2019-12-02 13:40:39.641817,2019-12-02 13:41:24.641817,2019-12-02 14:02:17.287953,Replace,3,43,41,0 days 00:00:45.000000000,0 days 00:17:26.254793000
12,2019-12-02 14:05:00.000000,2019-12-02 14:05:25.000000,2019-12-02 14:22:39.795252,2019-12-02 14:23:04.795252,2019-12-02 15:02:34.373317,2019-12-02 15:02:59.373317,2019-12-02 15:21:17.103999,Replace,3,43,41,0 days 00:00:25.000000000,0 days 00:17:39.795252000
13,2019-12-02 15:05:00.000000,2019-12-02 15:05:55.000000,2019-12-02 15:21:16.342013,2019-12-02 15:21:42.697698,,,,Onsite,3,43,41,0 days 00:00:55.000000000,0 days 00:15:47.697698000
14,2019-12-02 16:33:00.000000,2019-12-02 16:33:30.000000,2019-12-02 16:49:46.401411,2019-12-02 16:50:16.401411,2019-12-02 17:24:13.623996,2019-12-02 17:24:43.623996,2019-12-02 17:35:40.446994,Replace,3,43,41,0 days 00:00:30.000000000,0 days 00:16:46.401411000
15,2019-12-02 17:48:00.000000,2019-12-02 17:48:30.000000,2019-12-02 18:02:29.895672,2019-12-02 18:02:56.817219,,,,Onsite,3,43,41,0 days 00:00:30.000000000,0 days 00:14:26.817219000
16,2019-12-02 18:55:00.000000,2019-12-02 18:55:45.000000,2019-12-02 19:12:20.806464,2019-12-02 19:12:30.533027,,,,Onsite,3,43,41,0 days 00:00:45.000000000,0 days 00:16:45.533027000
17,2019-12-02 20:12:00.000000,2019-12-02 20:12:30.000000,2019-12-02 20:28:04.157048,2019-12-02 20:28:17.899786,,,,Onsite,3,43,41,0 days 00:00:30.000000000,0 days 00:15:47.899786000
18,2019-12-02 21:09:00.000000,2019-12-02 21:09:45.000000,2019-12-02 21:25:10.554669,2019-12-02 21:25:55.554669,2019-12-02 22:08:34.002112,2019-12-02 22:09:19.002112,2019-12-02 22:26:49.067221,Replace,3,43,41,0 days 00:00:45.000000000,0 days 00:16:10.554669000
0,2019-12-02 01:15:00.000000,2019-12-02 00:00:45.000000,2019-12-02 00:12:47.320044,2019-12-02 00:13:02.311707,,,,Onsite,4,43,41,-1 days +22:45:45.000000000,0 days 00:12:17.311707000
1,2019-12-02 01:24:00.000000,2019-12-02 01:24:35.000000,2019-12-02 01:38:31.310719,2019-12-02 01:38:51.442521,,,,Onsite,4,43,41,0 days 00:00:35.000000000,0 days 00:14:16.442521000
2,2019-12-02 02:34:00.000000,2019-12-02 02:34:35.000000,2019-12-02 02:49:16.934941,2019-12-02 02:49:31.204841,,,,Onsite,4,43,41,0 days 00:00:35.000000000,0 days 00:14:56.204841000
3,2019-12-02 03:46:00.000000,2019-12-02 03:46:45.000000,2019-12-02 04:03:59.002817,2019-12-02 04:04:44.002817,2019-12-02 04:39:35.429572,2019-12-02 04:40:20.429572,2019-12-02 04:58:21.636633,Replace,4,43,41,0 days 00:00:45.000000000,0 days 00:17:59.002817000
4,2019-12-02 05:06:00.000000,2019-12-02 05:06:55.000000,2019-12-02 05:20:20.258762,2019-12-02 05:21:15.258762,2019-12-02 05:47:49.907673,2019-12-02 05:48:44.907673,2019-12-02 06:04:54.420264,Replace,4,43,41,0 days 00:00:55.000000000,0 days 00:14:20.258762000
5,2019-12-02 06:09:00.000000,2019-12-02 06:09:50.000000,2019-12-02 06:26:29.125542,2019-12-02 06:26:49.476734,,,,Onsite,4,43,41,0 days 00:00:50.000000000,0 days 00:16:59.476734000
6,2019-12-02 07:19:00.000000,2019-12-02 07:19:45.000000,2019-12-02 07:34:47.519380,2019-12-02 07:35:14.341528,,,,Onsite,4,43,41,0 days 00:00:45.000000000,0 days 00:15:29.341528000
7,2019-12-02 08:28:00.000000,2019-12-02 08:28:50.000000,2019-12-02 08:41:14.778993,2019-12-02 08:41:24.395256,,,,Onsite,4,43,41,0 days 00:00:50.000000000,0 days 00:12:34.395256000
8,2019-12-02 09:54:00.000000,2019-12-02 09:54:45.000000,2019-12-02 10:09:05.669275,2019-12-02 10:09:17.025654,,,,Onsite,4,43,41,0 days 00:00:45.000000000,0 days 00:14:32.025654000
9,2019-12-02 11:00:00.000000,2019-12-02 11:00:35.000000,2019-12-02 11:13:39.605686,2019-12-02 11:13:54.331626,,,,Onsite,4,43,41,0 days 00:00:35.000000000,0 days 00:13:19.331626000
10,2019-12-02 12:26:00.000000,2019-12-02 12:26:55.000000,2019-12-02 12:44:15.564663,2019-12-02 12:45:10.564663,2019-12-02 13:18:50.318143,2019-12-02 13:19:45.318143,2019-12-02 13:43:01.451576,Replace,4,43,41,0 days 00:00:55.000000000,0 days 00:18:15.564663000
11,2019-12-02 13:39:00.000000,2019-12-02 13:39:55.000000,2019-12-02 13:55:48.960857,2019-12-02 13:56:05.673975,,,,Onsite,4,43,41,0 days 00:00:55.000000000,0 days 00:16:10.673975000
12,2019-12-02 14:50:00.000000,2019-12-02 14:50:25.000000,2019-12-02 15:08:34.442915,2019-12-02 15:08:59.442915,2019-12-02 15:41:54.806844,2019-12-02 15:42:19.806844,2019-12-02 15:53:09.562425,Replace,4,43,41,0 days 00:00:25.000000000,0 days 00:18:34.442915000
13,2019-12-02 16:02:00.000000,2019-12-02 16:02:50.000000,2019-12-02 16:17:41.054559,2019-12-02 16:18:31.054559,2019-12-02 16:52:53.322486,2019-12-02 16:53:43.322486,2019-12-02 17:09:57.391113,Replace,4,43,41,0 days 00:00:50.000000000,0 days 00:15:41.054559000
14,2019-12-02 17:02:00.000000,2019-12-02 17:02:35.000000,2019-12-02 17:23:05.184861,2019-12-02 17:23:40.184861,2019-12-02 17:56:14.546798,2019-12-02 17:56:49.546798,2019-12-02 18:12:42.666384,Replace,4,43,41,0 days 00:00:35.000000000,0 days 00:21:05.184861000
15,2019-12-02 18:09:00.000000,2019-12-02 18:09:35.000000,2019-12-02 18:25:46.168201,2019-12-02 18:26:21.168201,2019-12-02 19:03:36.290268,2019-12-02 19:04:11.290268,2019-12-02 19:18:12.572401,Replace,4,43,41,0 days 00:00:35.000000000,0 days 00:16:46.168201000
16,2019-12-02 19:12:00.000000,2019-12-02 19:12:45.000000,2019-12-02 19:24:30.321195,2019-12-02 19:25:15.321195,2019-12-02 20:11:33.089541,2019-12-02 20:12:18.089541,2019-12-02 20:32:30.899496,Replace,4,43,41,0 days 00:00:45.000000000,0 days 00:12:30.321195000
17,2019-12-02 20:25:00.000000,2019-12-02 20:25:25.000000,2019-12-02 20:45:20.593405,2019-12-02 20:45:50.139279,,,,Onsite,4,43,41,0 days 00:00:25.000000000,0 days 00:20:25.139279000
18,2019-12-02 21:40:00.000000,2019-12-02 21:40:25.000000,2019-12-02 21:54:58.397555,2019-12-02 21:55:06.571134,,,,Onsite,4,43,41,0 days 00:00:25.000000000,0 days 00:14:41.571134000
0,2019-12-02 01:20:00.000000,2019-12-02 00:00:35.000000,2019-12-02 00:19:40.077300,2019-12-02 00:19:53.525980,,,,Onsite,5,43,41,-1 days +22:40:35.000000000,0 days 00:19:18.525980000
1,2019-12-02 01:14:00.000000,2019-12-02 01:14:30.000000,2019-12-02 01:27:31.670634,2019-12-02 01:27:53.210367,,,,Onsite,5,43,41,0 days 00:00:30.000000000,0 days 00:13:23.210367000
2,2019-12-02 02:31:00.000000,2019-12-02 02:31:30.000000,2019-12-02 02:47:09.668893,2019-12-02 02:47:39.668893,2019-12-02 03:20:46.773106,2019-12-02 03:21:16.773106,2019-12-02 03:37:33.286826,Replace,5,43,41,0 days 00:00:30.000000000,0 days 00:16:09.668893000
3,2019-12-02 03:33:00.000000,2019-12-02 03:33:50.000000,2019-12-02 03:51:58.078182,2019-12-02 03:52:48.078182,2019-12-02 04:24:26.548100,2019-12-02 04:25:16.548100,2019-12-02 04:36:57.542650,Replace,5,43,41,0 days 00:00:50.000000000,0 days 00:18:58.078182000
4,2019-12-02 04:45:00.000000,2019-12-02 04:45:50.000000,2019-12-02 04:58:59.127843,2019-12-02 04:59:15.412954,,,,Onsite,5,43,41,0 days 00:00:50.000000000,0 days 00:13:25.412954000
5,2019-12-02 05:51:00.000000,2019-12-02 05:51:35.000000,2019-12-02 06:05:47.015251,2019-12-02 06:06:22.015251,2019-12-02 06:45:31.153806,2019-12-02 06:46:06.153806,2019-12-02 07:02:36.248794,Replace,5,43,41,0 days 00:00:35.000000000,0 days 00:14:47.015251000
6,2019-12-02 06:58:00.000000,2019-12-02 06:58:30.000000,2019-12-02 07:17:47.864545,2019-12-02 07:18:17.864545,2019-12-02 07:48:53.644307,2019-12-02 07:49:23.644307,2019-12-02 08:02:58.686003,Replace,5,43,41,0 days 00:00:30.000000000,0 days 00:19:47.864545000
7,2019-12-02 08:03:00.000000,2019-12-02 08:03:50.000000,2019-12-02 08:23:07.606793,2019-12-02 08:23:57.606793,2019-12-02 08:48:22.837838,2019-12-02 08:49:12.837838,2019-12-02 09:10:26.406224,Replace,5,43,41,0 days 00:00:50.000000000,0 days 00:20:07.606793000
8,2019-12-02 09:23:00.000000,2019-12-02 09:23:35.000000,2019-12-02 09:43:40.737134,2019-12-02 09:44:15.737134,2019-12-02 10:16:48.970140,2019-12-02 10:17:23.970140,2019-12-02 10:34:31.149862,Replace,5,43,41,0 days 00:00:35.000000000,0 days 00:20:40.737134000
9,2019-12-02 10:28:00.000000,2019-12-02 10:28:55.000000,2019-12-02 10:45:58.152003,2019-12-02 10:46:53.152003,2019-12-02 11:17:32.284773,2019-12-02 11:18:27.284773,2019-12-02 11:37:06.344233,Replace,5,43,41,0 days 00:00:55.000000000,0 days 00:17:58.152003000
10,2019-12-02 11:33:00.000000,2019-12-02 11:33:50.000000,2019-12-02 11:49:10.856085,2019-12-02 11:49:17.635855,,,,Onsite,5,43,41,0 days 00:00:50.000000000,0 days 00:15:27.635855000
11,2019-12-02 12:49:00.000000,2019-12-02 12:49:55.000000,2019-12-02 13:04:47.778415,2019-12-02 13:05:42.778415,2019-12-02 13:51:57.069549,2019-12-02 13:52:52.069549,2019-12-02 14:12:58.674222,Replace,5,43,41,0 days 00:00:55.000000000,0 days 00:15:47.778415000
12,2019-12-02 13:52:00.000000,2019-12-02 13:52:50.000000,2019-12-02 14:04:45.620942,2019-12-02 14:05:35.620942,2019-12-02 14:39:57.999895,2019-12-02 14:40:47.999895,2019-12-02 14:57:26.728959,Replace,5,43,41,0 days 00:00:50.000000000,0 days 00:12:45.620942000
13,2019-12-02 15:12:00.000000,2019-12-02 15:12:30.000000,2019-12-02 15:32:28.319646,2019-12-02 15:32:43.097077,,,,Onsite,5,43,41,0 days 00:00:30.000000000,0 days 00:20:13.097077000
14,2019-12-02 16:05:00.000000,2019-12-02 16:05:55.000000,2019-12-02 16:22:35.539640,2019-12-02 16:22:44.231284,,,,Onsite,5,43,41,0 days 00:00:55.000000000,0 days 00:16:49.231284000
15,2019-12-02 17:05:00.000000,2019-12-02 17:05:55.000000,2019-12-02 17:25:02.812190,2019-12-02 17:25:26.159669,,,,Onsite,5,43,41,0 days 00:00:55.000000000,0 days 00:19:31.159669000
16,2019-12-02 18:11:00.000000,2019-12-02 18:11:45.000000,2019-12-02 18:27:30.567299,2019-12-02 18:28:00.972315,,,,Onsite,5,43,41,0 days 00:00:45.000000000,0 days 00:16:15.972315000
17,2019-12-02 19:23:00.000000,2019-12-02 19:23:35.000000,2019-12-02 19:41:12.678863,2019-12-02 19:41:47.678863,2019-12-02 20:21:36.295166,2019-12-02 20:22:11.295166,2019-12-02 20:40:45.012092,Replace,5,43,41,0 days 00:00:35.000000000,0 days 00:18:12.678863000
18,2019-12-02 20:31:00.000000,2019-12-02 20:31:35.000000,2019-12-02 20:49:33.778579,2019-12-02 20:50:08.778579,2019-12-02 21:17:34.005140,2019-12-02 21:18:09.005140,2019-12-02 21:40:18.378717,Replace,5,43,41,0 days 00:00:35.000000000,0 days 00:18:33.778579000
19,2019-12-02 21:47:00.000000,2019-12-02 21:47:35.000000,2019-12-02 21:59:00.147937,2019-12-02 21:59:35.147937,2019-12-02 22:20:21.889778,2019-12-02 22:20:56.889778,2019-12-02 22:40:10.701735,Replace,5,43,41,0 days 00:00:35.000000000,0 days 00:12:00.147937000
0,2019-12-02 01:05:00.000000,2019-12-02 01:05:45.000000,2019-12-02 01:17:27.020066,2019-12-02 01:17:38.567063,,,,Onsite,6,43,41,0 days 00:00:45.000000000,0 days 00:11:53.567063000
1,2019-12-02 01:06:00.000000,2019-12-02 00:00:55.000000,2019-12-02 00:13:52.738939,2019-12-02 00:14:47.738939,2019-12-02 00:44:57.763392,2019-12-02 00:45:52.763392,2019-12-02 01:05:41.022185,Replace,6,43,41,-1 days +22:54:55.000000000,0 days 00:13:52.738939000
2,2019-12-02 02:10:00.000000,2019-12-02 02:10:45.000000,2019-12-02 02:25:32.534425,2019-12-02 02:26:07.145496,,,,Onsite,6,43,41,0 days 00:00:45.000000000,0 days 00:15:22.145496000
3,2019-12-02 03:11:00.000000,2019-12-02 03:11:45.000000,2019-12-02 03:29:52.692564,2019-12-02 03:30:37.692564,2019-12-02 04:01:49.037440,2019-12-02 04:02:34.037440,2019-12-02 04:16:36.353578,Replace,6,43,41,0 days 00:00:45.000000000,0 days 00:18:52.692564000
4,2019-12-02 04:07:00.000000,2019-12-02 04:07:25.000000,2019-12-02 04:25:46.640251,2019-12-02 04:26:11.640251,2019-12-02 04:57:42.876098,2019-12-02 04:58:07.876098,2019-12-02 05:09:42.270345,Replace,6,43,41,0 days 00:00:25.000000000,0 days 00:18:46.640251000
5,2019-12-02 05:13:00.000000,2019-12-02 05:13:50.000000,2019-12-02 05:29:46.944468,2019-12-02 05:30:36.944468,2019-12-02 06:24:04.088551,2019-12-02 06:24:54.088551,2019-12-02 06:37:44.568835,Replace,6,43,41,0 days 00:00:50.000000000,0 days 00:16:46.944468000
6,2019-12-02 06:19:00.000000,2019-12-02 06:19:50.000000,2019-12-02 06:38:59.972835,2019-12-02 06:39:18.720971,,,,Onsite,6,43,41,0 days 00:00:50.000000000,0 days 00:19:28.720971000
7,2019-12-02 07:13:00.000000,2019-12-02 07:13:30.000000,2019-12-02 07:25:53.786115,2019-12-02 07:26:23.786115,2019-12-02 07:59:53.949355,2019-12-02 08:00:23.949355,2019-12-02 08:14:35.330874,Replace,6,43,41,0 days 00:00:30.000000000,0 days 00:12:53.786115000
8,2019-12-02 08:44:00.000000,2019-12-02 08:44:35.000000,2019-12-02 08:58:14.230949,2019-12-02 08:58:34.934396,,,,Onsite,6,43,41,0 days 00:00:35.000000000,0 days 00:13:59.934396000
9,2019-12-02 10:10:00.000000,2019-12-02 10:10:30.000000,2019-12-02 10:24:53.079176,2019-12-02 10:25:23.079176,2019-12-02 10:48:34.839415,2019-12-02 10:49:04.839415,2019-12-02 11:11:27.423348,Replace,6,43,41,0 days 00:00:30.000000000,0 days 00:14:53.079176000
10,2019-12-02 11:13:00.000000,2019-12-02 11:13:25.000000,2019-12-02 11:29:05.849876,2019-12-02 11:29:19.515464,,,,Onsite,6,43,41,0 days 00:00:25.000000000,0 days 00:15:54.515464000
11,2019-12-02 12:19:00.000000,2019-12-02 12:19:45.000000,2019-12-02 12:35:56.712158,2019-12-02 12:36:41.712158,2019-12-02 13:33:35.303756,2019-12-02 13:34:20.303756,2019-12-02 13:54:09.934937,Replace,6,43,41,0 days 00:00:45.000000000,0 days 00:16:56.712158000
12,2019-12-02 13:33:00.000000,2019-12-02 13:33:35.000000,2019-12-02 13:45:56.273882,2019-12-02 13:46:31.273882,2019-12-02 14:21:32.855106,2019-12-02 14:22:07.855106,2019-12-02 14:40:55.427674,Replace,6,43,41,0 days 00:00:35.000000000,0 days 00:12:56.273882000
13,2019-12-02 14:39:00.000000,2019-12-02 14:39:25.000000,2019-12-02 15:00:15.368389,2019-12-02 15:00:22.192298,,,,Onsite,6,43,41,0 days 00:00:25.000000000,0 days 00:20:57.192298000
14,2019-12-02 15:36:00.000000,2019-12-02 15:36:35.000000,2019-12-02 15:51:28.577103,2019-12-02 15:52:03.577103,2019-12-02 16:27:18.255120,2019-12-02 16:27:53.255120,2019-12-02 16:42:53.576555,Replace,6,43,41,0 days 00:00:35.000000000,0 days 00:15:28.577103000
15,2019-12-02 16:36:00.000000,2019-12-02 16:36:25.000000,2019-12-02 16:49:20.982619,2019-12-02 16:49:45.982619,2019-12-02 17:23:37.674973,2019-12-02 17:24:02.674973,2019-12-02 17:35:55.009848,Replace,6,43,41,0 days 00:00:25.000000000,0 days 00:13:20.982619000
16,2019-12-02 17:52:00.000000,2019-12-02 17:52:35.000000,2019-12-02 18:10:57.803882,2019-12-02 18:11:16.093836,,,,Onsite,6,43,41,0 days 00:00:35.000000000,0 days 00:18:41.093836000
17,2019-12-02 18:48:00.000000,2019-12-02 18:48:45.000000,2019-12-02 19:01:44.252635,2019-12-02 19:02:29.252635,2019-12-02 19:36:40.119711,2019-12-02 19:37:25.119711,2019-12-02 19:55:42.337527,Replace,6,43,41,0 days 00:00:45.000000000,0 days 00:13:44.252635000
18,2019-12-02 19:47:00.000000,2019-12-02 19:47:30.000000,2019-12-02 20:00:12.688066,2019-12-02 20:00:37.400324,,,,Onsite,6,43,41,0 days 00:00:30.000000000,0 days 00:13:07.400324000
19,2019-12-02 20:46:00.000000,2019-12-02 20:46:50.000000,2019-12-02 21:00:12.224844,2019-12-02 21:01:02.224844,2019-12-02 21:35:00.235519,2019-12-02 21:35:50.235519,2019-12-02 21:51:15.114878,Replace,6,43,41,0 days 00:00:50.000000000,0 days 00:14:12.224844000
0,2019-12-02 01:08:00.000000,2019-12-02 00:00:25.000000,2019-12-02 00:13:54.108321,2019-12-02 00:14:19.108321,2019-12-02 00:45:01.020116,2019-12-02 00:45:26.020116,2019-12-02 01:01:42.698424,Replace,7,43,41,-1 days +22:52:25.000000000,0 days 00:13:54.108321000
1,2019-12-02 01:16:00.000000,2019-12-02 01:16:35.000000,2019-12-02 01:30:55.924393,2019-12-02 01:31:10.108566,,,,Onsite,7,43,41,0 days 00:00:35.000000000,0 days 00:14:35.108566000
2,2019-12-02 02:16:00.000000,2019-12-02 02:16:50.000000,2019-12-02 02:30:12.018290,2019-12-02 02:31:02.018290,2019-12-02 03:00:17.302769,2019-12-02 03:01:07.302769,2019-12-02 03:23:52.931428,Replace,7,43,41,0 days 00:00:50.000000000,0 days 00:14:12.018290000
3,2019-12-02 03:20:00.000000,2019-12-02 03:20:45.000000,2019-12-02 03:32:07.080632,2019-12-02 03:32:52.080632,2019-12-02 04:11:08.773045,2019-12-02 04:11:53.773045,2019-12-02 04:35:28.778451,Replace,7,43,41,0 days 00:00:45.000000000,0 days 00:12:07.080632000
4,2019-12-02 04:13:00.000000,2019-12-02 04:13:45.000000,2019-12-02 04:31:25.760223,2019-12-02 04:32:10.760223,2019-12-02 05:19:53.234736,2019-12-02 05:20:38.234736,2019-12-02 05:40:17.776723,Replace,7,43,41,0 days 00:00:45.000000000,0 days 00:18:25.760223000
5,2019-12-02 05:31:00.000000,2019-12-02 05:31:25.000000,2019-12-02 05:47:11.335577,2019-12-02 05:47:36.335577,2019-12-02 06:26:02.337106,2019-12-02 06:26:27.337106,2019-12-02 06:43:00.977426,Replace,7,43,41,0 days 00:00:25.000000000,0 days 00:16:11.335577000
6,2019-12-02 06:37:00.000000,2019-12-02 06:37:25.000000,2019-12-02 06:51:32.404308,2019-12-02 06:51:46.915347,,,,Onsite,7,43,41,0 days 00:00:25.000000000,0 days 00:14:21.915347000
7,2019-12-02 07:39:00.000000,2019-12-02 07:39:30.000000,2019-12-02 07:52:12.609950,2019-12-02 07:52:24.542267,,,,Onsite,7,43,41,0 days 00:00:30.000000000,0 days 00:12:54.542267000
8,2019-12-02 08:41:00.000000,2019-12-02 08:41:55.000000,2019-12-02 08:56:42.879347,2019-12-02 08:57:37.879347,2019-12-02 09:33:38.878792,2019-12-02 09:34:33.878792,2019-12-02 09:46:37.556075,Replace,7,43,41,0 days 00:00:55.000000000,0 days 00:15:42.879347000
9,2019-12-02 09:40:00.000000,2019-12-02 09:40:45.000000,2019-12-02 09:56:46.795780,2019-12-02 09:57:31.795780,2019-12-02 10:24:20.562384,2019-12-02 10:25:05.562384,2019-12-02 10:39:45.105208,Replace,7,43,41,0 days 00:00:45.000000000,0 days 00:16:46.795780000
10,2019-12-02 10:45:00.000000,2019-12-02 10:45:45.000000,2019-12-02 11:07:20.486240,2019-12-02 11:07:36.607205,,,,Onsite,7,43,41,0 days 00:00:45.000000000,0 days 00:21:51.607205000
11,2019-12-02 11:58:00.000000,2019-12-02 11:58:45.000000,2019-12-02 12:08:44.442382,2019-12-02 12:09:29.442382,2019-12-02 12:51:20.768053,2019-12-02 12:52:05.768053,2019-12-02 13:10:03.257960,Replace,7,43,41,0 days 00:00:45.000000000,0 days 00:10:44.442382000
12,2019-12-02 13:07:00.000000,2019-12-02 13:07:45.000000,2019-12-02 13:21:59.405158,2019-12-02 13:22:11.672483,,,,Onsite,7,43,41,0 days 00:00:45.000000000,0 days 00:14:26.672483000
13,2019-12-02 14:07:00.000000,2019-12-02 14:07:35.000000,2019-12-02 14:28:03.128947,2019-12-02 14:28:38.128947,2019-12-02 15:21:04.220760,2019-12-02 15:21:39.220760,2019-12-02 15:36:42.908464,Replace,7,43,41,0 days 00:00:35.000000000,0 days 00:21:03.128947000
14,2019-12-02 15:13:00.000000,2019-12-02 15:13:45.000000,2019-12-02 15:25:15.594968,2019-12-02 15:26:00.594968,2019-12-02 15:58:55.928073,2019-12-02 15:59:40.928073,2019-12-02 16:13:51.398019,Replace,7,43,41,0 days 00:00:45.000000000,0 days 00:12:15.594968000
15,2019-12-02 16:27:00.000000,2019-12-02 16:27:45.000000,2019-12-02 16:44:40.090056,2019-12-02 16:45:25.090056,2019-12-02 17:29:13.229400,2019-12-02 17:29:58.229400,2019-12-02 17:47:15.499067,Replace,7,43,41,0 days 00:00:45.000000000,0 days 00:17:40.090056000
16,2019-12-02 17:36:00.000000,2019-12-02 17:36:30.000000,2019-12-02 17:55:54.255249,2019-12-02 17:56:24.255249,2019-12-02 18:18:13.986765,2019-12-02 18:18:43.986765,2019-12-02 18:33:32.392113,Replace,7,43,41,0 days 00:00:30.000000000,0 days 00:19:54.255249000
17,2019-12-02 18:53:00.000000,2019-12-02 18:53:50.000000,2019-12-02 19:12:49.362119,2019-12-02 19:13:39.362119,2019-12-02 19:45:51.595977,2019-12-02 19:46:41.595977,2019-12-02 20:10:23.449576,Replace,7,43,41,0 days 00:00:50.000000000,0 days 00:19:49.362119000
18,2019-12-02 19:51:00.000000,2019-12-02 19:51:30.000000,2019-12-02 20:07:21.883209,2019-12-02 20:07:51.883209,2019-12-02 20:57:13.912710,2019-12-02 20:57:43.912710,2019-12-02 21:12:58.118281,Replace,7,43,41,0 days 00:00:30.000000000,0 days 00:16:21.883209000
19,2019-12-02 21:00:00.000000,2019-12-02 21:00:45.000000,2019-12-02 21:17:27.768337,2019-12-02 21:18:00.484236,,,,Onsite,7,43,41,0 days 00:00:45.000000000,0 days 00:17:15.484236000
0,2019-12-02 01:19:00.000000,2019-12-02 00:00:45.000000,2019-12-02 00:13:48.897669,2019-12-02 00:14:33.897669,2019-12-02 00:48:29.482462,2019-12-02 00:49:14.482462,2019-12-02 01:03:40.298346,Replace,8,43,41,-1 days +22:41:45.000000000,0 days 00:13:48.897669000
1,2019-12-02 01:18:00.000000,2019-12-02 01:18:35.000000,2019-12-02 01:32:00.627934,2019-12-02 01:32:19.079404,,,,Onsite,8,43,41,0 days 00:00:35.000000000,0 days 00:13:44.079404000
2,2019-12-02 02:23:00.000000,2019-12-02 02:23:30.000000,2019-12-02 02:44:22.013303,2019-12-02 02:44:52.013303,2019-12-02 03:13:34.387773,2019-12-02 03:14:04.387773,2019-12-02 03:29:00.189482,Replace,8,43,41,0 days 00:00:30.000000000,0 days 00:21:22.013303000
3,2019-12-02 03:45:00.000000,2019-12-02 03:45:30.000000,2019-12-02 04:02:26.763348,2019-12-02 04:02:36.763952,,,,Onsite,8,43,41,0 days 00:00:30.000000000,0 days 00:17:06.763952000
4,2019-12-02 04:57:00.000000,2019-12-02 04:57:35.000000,2019-12-02 05:11:40.701271,2019-12-02 05:12:15.701271,2019-12-02 05:41:33.710943,2019-12-02 05:42:08.710943,2019-12-02 06:04:35.593976,Replace,8,43,41,0 days 00:00:35.000000000,0 days 00:14:40.701271000
5,2019-12-02 06:05:00.000000,2019-12-02 06:05:25.000000,2019-12-02 06:25:50.295591,2019-12-02 06:26:15.295591,2019-12-02 07:07:46.435023,2019-12-02 07:08:11.435023,2019-12-02 07:27:38.926854,Replace,8,43,41,0 days 00:00:25.000000000,0 days 00:20:50.295591000
6,2019-12-02 07:06:00.000000,2019-12-02 07:06:35.000000,2019-12-02 07:20:25.766843,2019-12-02 07:21:00.766843,2019-12-02 08:00:06.634821,2019-12-02 08:00:41.634821,2019-12-02 08:19:08.335173,Replace,8,43,41,0 days 00:00:35.000000000,0 days 00:14:25.766843000
7,2019-12-02 08:12:00.000000,2019-12-02 08:12:55.000000,2019-12-02 08:31:31.023369,2019-12-02 08:32:26.023369,2019-12-02 09:08:50.837574,2019-12-02 09:09:45.837574,2019-12-02 09:22:04.103325,Replace,8,43,41,0 days 00:00:55.000000000,0 days 00:19:31.023369000
8,2019-12-02 09:24:00.000000,2019-12-02 09:24:35.000000,2019-12-02 09:43:26.853204,2019-12-02 09:43:49.046362,,,,Onsite,8,43,41,0 days 00:00:35.000000000,0 days 00:19:14.046362000
9,2019-12-02 10:26:00.000000,2019-12-02 10:26:35.000000,2019-12-02 10:44:03.429191,2019-12-02 10:44:38.429191,2019-12-02 11:35:10.480761,2019-12-02 11:35:45.480761,2019-12-02 11:52:07.336420,Replace,8,43,41,0 days 00:00:35.000000000,0 days 00:18:03.429191000
10,2019-12-02 11:27:00.000000,2019-12-02 11:27:45.000000,2019-12-02 11:42:49.023221,2019-12-02 11:43:34.023221,2019-12-02 12:41:47.379919,2019-12-02 12:42:32.379919,2019-12-02 13:01:53.806116,Replace,8,43,41,0 days 00:00:45.000000000,0 days 00:15:49.023221000
11,2019-12-02 12:56:00.000000,2019-12-02 12:56:45.000000,2019-12-02 13:10:27.683946,2019-12-02 13:11:12.683946,2019-12-02 13:48:59.906265,2019-12-02 13:49:44.906265,2019-12-02 14:09:33.736932,Replace,8,43,41,0 days 00:00:45.000000000,0 days 00:14:27.683946000
12,2019-12-02 14:07:00.000000,2019-12-02 14:07:35.000000,2019-12-02 14:24:20.808385,2019-12-02 14:24:30.293691,,,,Onsite,8,43,41,0 days 00:00:35.000000000,0 days 00:16:55.293691000
13,2019-12-02 15:21:00.000000,2019-12-02 15:21:35.000000,2019-12-02 15:31:49.696629,2019-12-02 15:32:24.696629,2019-12-02 16:11:52.271023,2019-12-02 16:12:27.271023,2019-12-02 16:30:56.998663,Replace,8,43,41,0 days 00:00:35.000000000,0 days 00:10:49.696629000
14,2019-12-02 16:33:00.000000,2019-12-02 16:33:25.000000,2019-12-02 16:46:52.018329,2019-12-02 16:47:17.018329,2019-12-02 17:25:55.582234,2019-12-02 17:26:20.582234,2019-12-02 17:43:41.684976,Replace,8,43,41,0 days 00:00:25.000000000,0 days 00:13:52.018329000
15,2019-12-02 17:34:00.000000,2019-12-02 17:34:45.000000,2019-12-02 17:47:01.135322,2019-12-02 17:47:16.156379,,,,Onsite,8,43,41,0 days 00:00:45.000000000,0 days 00:12:31.156379000
16,2019-12-02 18:45:00.000000,2019-12-02 18:45:30.000000,2019-12-02 19:07:31.701468,2019-12-02 19:08:01.701468,2019-12-02 19:53:35.356480,2019-12-02 19:54:05.356480,2019-12-02 20:15:46.137747,Replace,8,43,41,0 days 00:00:30.000000000,0 days 00:22:31.701468000
17,2019-12-02 19:49:00.000000,2019-12-02 19:49:45.000000,2019-12-02 20:07:18.279641,2019-12-02 20:07:33.673721,,,,Onsite,8,43,41,0 days 00:00:45.000000000,0 days 00:17:48.673721000
18,2019-12-02 21:11:00.000000,2019-12-02 21:11:45.000000,2019-12-02 21:32:44.405399,2019-12-02 21:32:52.769176,,,,Onsite,8,43,41,0 days 00:00:45.000000000,0 days 00:21:07.769176000
19,2019-12-02 22:13:00.000000,2019-12-02 22:13:50.000000,2019-12-02 22:28:54.495949,2019-12-02 22:29:10.959916,,,,Onsite,8,43,41,0 days 00:00:50.000000000,0 days 00:15:20.959916000
0,2019-12-02 01:10:00.000000,2019-12-02 01:10:50.000000,2019-12-02 01:23:50.049918,2019-12-02 01:23:58.748548,,,,Onsite,9,43,41,0 days 00:00:50.000000000,0 days 00:13:08.748548000
1,2019-12-02 01:13:00.000000,2019-12-02 00:00:30.000000,2019-12-02 00:12:29.650157,2019-12-02 00:12:59.650157,2019-12-02 00:55:28.274405,2019-12-02 00:55:58.274405,2019-12-02 01:10:16.507542,Replace,9,43,41,-1 days +22:47:30.000000000,0 days 00:12:29.650157000
2,2019-12-02 02:30:00.000000,2019-12-02 02:30:25.000000,2019-12-02 02:48:54.189896,2019-12-02 02:49:10.527391,,,,Onsite,9,43,41,0 days 00:00:25.000000000,0 days 00:18:45.527391000
3,2019-12-02 03:43:00.000000,2019-12-02 03:43:30.000000,2019-12-02 03:57:53.274558,2019-12-02 03:57:56.721794,,,,Onsite,9,43,41,0 days 00:00:30.000000000,0 days 00:14:26.721794000
4,2019-12-02 04:54:00.000000,2019-12-02 04:54:35.000000,2019-12-02 05:14:40.733045,2019-12-02 05:15:05.397826,,,,Onsite,9,43,41,0 days 00:00:35.000000000,0 days 00:20:30.397826000
5,2019-12-02 05:47:00.000000,2019-12-02 05:47:35.000000,2019-12-02 06:01:35.031813,2019-12-02 06:02:10.031813,2019-12-02 06:40:44.843318,2019-12-02 06:41:19.843318,2019-12-02 06:54:24.187554,Replace,9,43,41,0 days 00:00:35.000000000,0 days 00:14:35.031813000
6,2019-12-02 06:47:00.000000,2019-12-02 06:47:50.000000,2019-12-02 06:59:24.122834,2019-12-02 07:00:14.122834,2019-12-02 07:52:27.873246,2019-12-02 07:53:17.873246,2019-12-02 08:07:47.290455,Replace,9,43,41,0 days 00:00:50.000000000,0 days 00:12:24.122834000
7,2019-12-02 08:01:00.000000,2019-12-02 08:01:45.000000,2019-12-02 08:21:27.294322,2019-12-02 08:21:36.738485,,,,Onsite,9,43,41,0 days 00:00:45.000000000,0 days 00:19:51.738485000
8,2019-12-02 09:13:00.000000,2019-12-02 09:13:25.000000,2019-12-02 09:26:02.430136,2019-12-02 09:26:23.907936,,,,Onsite,9,43,41,0 days 00:00:25.000000000,0 days 00:12:58.907936000
9,2019-12-02 10:26:00.000000,2019-12-02 10:26:55.000000,2019-12-02 10:45:53.861253,2019-12-02 10:46:48.861253,2019-12-02 11:16:51.689130,2019-12-02 11:17:46.689130,2019-12-02 11:34:10.917694,Replace,9,43,41,0 days 00:00:55.000000000,0 days 00:19:53.861253000
10,2019-12-02 11:44:00.000000,2019-12-02 11:44:45.000000,2019-12-02 12:01:33.537267,2019-12-02 12:02:18.537267,2019-12-02 12:57:43.475407,2019-12-02 12:58:28.475407,2019-12-02 13:16:07.514257,Replace,9,43,41,0 days 00:00:45.000000000,0 days 00:17:33.537267000
11,2019-12-02 13:08:00.000000,2019-12-02 13:08:35.000000,2019-12-02 13:28:02.270357,2019-12-02 13:28:37.270357,2019-12-02 14:01:09.111306,2019-12-02 14:01:44.111306,2019-12-02 14:15:17.742047,Replace,9,43,41,0 days 00:00:35.000000000,0 days 00:20:02.270357000
12,2019-12-02 14:22:00.000000,2019-12-02 14:22:55.000000,2019-12-02 14:43:00.588381,2019-12-02 14:43:05.368798,,,,Onsite,9,43,41,0 days 00:00:55.000000000,0 days 00:20:10.368798000
13,2019-12-02 15:20:00.000000,2019-12-02 15:20:45.000000,2019-12-02 15:37:26.430655,2019-12-02 15:38:11.430655,2019-12-02 16:14:03.921904,2019-12-02 16:14:48.921904,2019-12-02 16:27:50.515013,Replace,9,43,41,0 days 00:00:45.000000000,0 days 00:17:26.430655000
14,2019-12-02 16:35:00.000000,2019-12-02 16:35:35.000000,2019-12-02 16:50:53.491049,2019-12-02 16:51:28.491049,2019-12-02 17:20:40.078185,2019-12-02 17:21:15.078185,2019-12-02 17:33:21.960671,Replace,9,43,41,0 days 00:00:35.000000000,0 days 00:15:53.491049000
15,2019-12-02 17:45:00.000000,2019-12-02 17:45:30.000000,2019-12-02 17:59:02.094656,2019-12-02 17:59:32.094656,2019-12-02 18:36:02.034424,2019-12-02 18:36:32.034424,2019-12-02 18:48:59.157409,Replace,9,43,41,0 days 00:00:30.000000000,0 days 00:14:02.094656000
16,2019-12-02 19:06:00.000000,2019-12-02 19:06:30.000000,2019-12-02 19:24:08.085715,2019-12-02 19:24:38.085715,2019-12-02 19:58:01.499547,2019-12-02 19:58:31.499547,2019-12-02 20:15:31.876019,Replace,9,43,41,0 days 00:00:30.000000000,0 days 00:18:08.085715000
17,2019-12-02 20:08:00.000000,2019-12-02 20:08:50.000000,2019-12-02 20:28:28.386145,2019-12-02 20:28:45.211618,,,,Onsite,9,43,41,0 days 00:00:50.000000000,0 days 00:19:55.211618000
18,2019-12-02 21:22:00.000000,2019-12-02 21:22:35.000000,2019-12-02 21:35:38.422039,2019-12-02 21:36:13.422039,2019-12-02 22:03:35.108025,2019-12-02 22:04:10.108025,2019-12-02 22:24:52.374893,Replace,9,43,41,0 days 00:00:35.000000000,0 days 00:13:38.422039000
0,2019-12-02 01:04:00.000000,2019-12-02 00:00:35.000000,2019-12-02 00:14:43.651366,2019-12-02 00:15:18.651366,2019-12-02 00:43:41.079269,2019-12-02 00:44:16.079269,2019-12-02 00:55:13.360377,Replace,1,43,42,-1 days +22:56:35.000000000,0 days 00:14:43.651366000
1,2019-12-02 01:12:00.000000,2019-12-02 01:12:45.000000,2019-12-02 01:29:07.642629,2019-12-02 01:29:52.642629,2019-12-02 02:00:54.808315,2019-12-02 02:01:39.808315,2019-12-02 02:16:48.537717,Replace,1,43,42,0 days 00:00:45.000000000,0 days 00:17:07.642629000
2,2019-12-02 02:26:00.000000,2019-12-02 02:26:50.000000,2019-12-02 02:47:17.315310,2019-12-02 02:48:07.315310,2019-12-02 03:29:25.751643,2019-12-02 03:30:15.751643,2019-12-02 03:51:52.896039,Replace,1,43,42,0 days 00:00:50.000000000,0 days 00:21:17.315310000
3,2019-12-02 03:35:00.000000,2019-12-02 03:35:25.000000,2019-12-02 03:53:21.835407,2019-12-02 03:53:46.835407,2019-12-02 04:30:13.584527,2019-12-02 04:30:38.584527,2019-12-02 04:42:15.370171,Replace,1,43,42,0 days 00:00:25.000000000,0 days 00:18:21.835407000
4,2019-12-02 04:48:00.000000,2019-12-02 04:48:45.000000,2019-12-02 05:03:35.227679,2019-12-02 05:04:20.227679,2019-12-02 05:35:28.653863,2019-12-02 05:36:13.653863,2019-12-02 05:52:09.969141,Replace,1,43,42,0 days 00:00:45.000000000,0 days 00:15:35.227679000
5,2019-12-02 06:03:00.000000,2019-12-02 06:03:35.000000,2019-12-02 06:21:07.486753,2019-12-02 06:21:42.486753,2019-12-02 07:01:52.714444,2019-12-02 07:02:27.714444,2019-12-02 07:15:50.765987,Replace,1,43,42,0 days 00:00:35.000000000,0 days 00:18:07.486753000
6,2019-12-02 07:12:00.000000,2019-12-02 07:12:45.000000,2019-12-02 07:25:51.916475,2019-12-02 07:26:36.916475,2019-12-02 08:20:16.967426,2019-12-02 08:21:01.967426,2019-12-02 08:42:41.725062,Replace,1,43,42,0 days 00:00:45.000000000,0 days 00:13:51.916475000
7,2019-12-02 08:23:00.000000,2019-12-02 08:23:35.000000,2019-12-02 08:43:31.140316,2019-12-02 08:43:45.516814,,,,Onsite,1,43,42,0 days 00:00:35.000000000,0 days 00:20:10.516814000
8,2019-12-02 09:22:00.000000,2019-12-02 09:22:50.000000,2019-12-02 09:40:13.843992,2019-12-02 09:41:03.843992,2019-12-02 10:22:14.844080,2019-12-02 10:23:04.844080,2019-12-02 10:43:15.552227,Replace,1,43,42,0 days 00:00:50.000000000,0 days 00:18:13.843992000
9,2019-12-02 10:38:00.000000,2019-12-02 10:38:45.000000,2019-12-02 10:55:36.667292,2019-12-02 10:55:50.982074,,,,Onsite,1,43,42,0 days 00:00:45.000000000,0 days 00:17:05.982074000
10,2019-12-02 11:30:00.000000,2019-12-02 11:30:35.000000,2019-12-02 11:51:03.314310,2019-12-02 11:51:38.314310,2019-12-02 12:18:04.093923,2019-12-02 12:18:39.093923,2019-12-02 12:34:40.869024,Replace,1,43,42,0 days 00:00:35.000000000,0 days 00:21:03.314310000
11,2019-12-02 12:42:00.000000,2019-12-02 12:42:55.000000,2019-12-02 12:58:40.454068,2019-12-02 12:59:14.835948,,,,Onsite,1,43,42,0 days 00:00:55.000000000,0 days 00:16:19.835948000
12,2019-12-02 13:52:00.000000,2019-12-02 13:52:50.000000,2019-12-02 14:09:56.783111,2019-12-02 14:10:46.783111,2019-12-02 15:02:43.663275,2019-12-02 15:03:33.663275,2019-12-02 15:17:28.048480,Replace,1,43,42,0 days 00:00:50.000000000,0 days 00:17:56.783111000
13,2019-12-02 14:54:00.000000,2019-12-02 14:54:25.000000,2019-12-02 15:09:39.847368,2019-12-02 15:09:43.276446,,,,Onsite,1,43,42,0 days 00:00:25.000000000,0 days 00:15:18.276446000
14,2019-12-02 16:03:00.000000,2019-12-02 16:03:55.000000,2019-12-02 16:18:36.944049,2019-12-02 16:19:31.944049,2019-12-02 16:43:19.648883,2019-12-02 16:44:14.648883,2019-12-02 16:59:07.048581,Replace,1,43,42,0 days 00:00:55.000000000,0 days 00:15:36.944049000
15,2019-12-02 17:14:00.000000,2019-12-02 17:14:30.000000,2019-12-02 17:35:34.015898,2019-12-02 17:36:04.015898,2019-12-02 18:14:54.253891,2019-12-02 18:15:24.253891,2019-12-02 18:32:43.258301,Replace,1,43,42,0 days 00:00:30.000000000,0 days 00:21:34.015898000
16,2019-12-02 18:25:00.000000,2019-12-02 18:25:25.000000,2019-12-02 18:39:09.768526,2019-12-02 18:39:14.025331,,,,Onsite,1,43,42,0 days 00:00:25.000000000,0 days 00:13:49.025331000
17,2019-12-02 19:35:00.000000,2019-12-02 19:35:45.000000,2019-12-02 19:54:54.526078,2019-12-02 19:55:39.526078,2019-12-02 20:31:28.746953,2019-12-02 20:32:13.746953,2019-12-02 20:50:29.665765,Replace,1,43,42,0 days 00:00:45.000000000,0 days 00:19:54.526078000
18,2019-12-02 20:29:00.000000,2019-12-02 20:29:25.000000,2019-12-02 20:48:55.612383,2019-12-02 20:49:10.729929,,,,Onsite,1,43,42,0 days 00:00:25.000000000,0 days 00:19:45.729929000
19,2019-12-02 21:30:00.000000,2019-12-02 21:30:35.000000,2019-12-02 21:45:47.044772,2019-12-02 21:46:22.044772,2019-12-02 22:16:48.811678,2019-12-02 22:17:23.811678,2019-12-02 22:33:09.503072,Replace,1,43,42,0 days 00:00:35.000000000,0 days 00:15:47.044772000
0,2019-12-02 01:00:00.000000,2019-12-02 00:00:55.000000,2019-12-02 00:17:12.209949,2019-12-02 00:18:07.209949,2019-12-02 00:45:46.549396,2019-12-02 00:46:41.549396,2019-12-02 01:06:10.331263,Replace,2,43,42,-1 days +23:00:55.000000000,0 days 00:17:12.209949000
1,2019-12-02 01:07:00.000000,2019-12-02 01:07:35.000000,2019-12-02 01:25:10.955359,2019-12-02 01:25:24.493987,,,,Onsite,2,43,42,0 days 00:00:35.000000000,0 days 00:17:49.493987000
2,2019-12-02 02:12:00.000000,2019-12-02 02:12:35.000000,2019-12-02 02:27:05.728549,2019-12-02 02:27:29.108522,,,,Onsite,2,43,42,0 days 00:00:35.000000000,0 days 00:14:54.108522000
3,2019-12-02 03:24:00.000000,2019-12-02 03:24:35.000000,2019-12-02 03:42:27.153134,2019-12-02 03:43:02.153134,2019-12-02 04:17:13.674544,2019-12-02 04:17:48.674544,2019-12-02 04:40:28.516850,Replace,2,43,42,0 days 00:00:35.000000000,0 days 00:18:27.153134000
4,2019-12-02 04:26:00.000000,2019-12-02 04:26:25.000000,2019-12-02 04:42:19.851252,2019-12-02 04:42:30.659490,,,,Onsite,2,43,42,0 days 00:00:25.000000000,0 days 00:16:05.659490000
5,2019-12-02 05:47:00.000000,2019-12-02 05:47:50.000000,2019-12-02 06:02:23.993550,2019-12-02 06:03:13.993550,2019-12-02 06:30:16.215665,2019-12-02 06:31:06.215665,2019-12-02 06:47:55.752580,Replace,2,43,42,0 days 00:00:50.000000000,0 days 00:15:23.993550000
6,2019-12-02 06:48:00.000000,2019-12-02 06:48:30.000000,2019-12-02 07:07:43.183165,2019-12-02 07:08:13.183165,2019-12-02 07:55:39.390641,2019-12-02 07:56:09.390641,2019-12-02 08:18:53.464182,Replace,2,43,42,0 days 00:00:30.000000000,0 days 00:19:43.183165000
7,2019-12-02 07:59:00.000000,2019-12-02 07:59:35.000000,2019-12-02 08:16:00.794100,2019-12-02 08:16:35.794100,2019-12-02 08:43:03.922917,2019-12-02 08:43:38.922917,2019-12-02 09:00:37.286080,Replace,2,43,42,0 days 00:00:35.000000000,0 days 00:17:00.794100000
8,2019-12-02 09:06:00.000000,2019-12-02 09:06:35.000000,2019-12-02 09:25:21.357702,2019-12-02 09:25:41.463313,,,,Onsite,2,43,42,0 days 00:00:35.000000000,0 days 00:19:06.463313000
9,2019-12-02 10:18:00.000000,2019-12-02 10:18:35.000000,2019-12-02 10:33:33.477306,2019-12-02 10:34:08.477306,2019-12-02 11:13:56.553299,2019-12-02 11:14:31.553299,2019-12-02 11:32:07.120914,Replace,2,43,42,0 days 00:00:35.000000000,0 days 00:15:33.477306000
10,2019-12-02 11:23:00.000000,2019-12-02 11:23:45.000000,2019-12-02 11:39:44.249688,2019-12-02 11:40:29.249688,2019-12-02 12:29:38.180695,2019-12-02 12:30:23.180695,2019-12-02 12:49:16.243763,Replace,2,43,42,0 days 00:00:45.000000000,0 days 00:16:44.249688000
11,2019-12-02 12:34:00.000000,2019-12-02 12:34:45.000000,2019-12-02 12:51:22.562165,2019-12-02 12:52:07.562165,2019-12-02 13:23:49.496423,2019-12-02 13:24:34.496423,2019-12-02 13:43:10.750172,Replace,2,43,42,0 days 00:00:45.000000000,0 days 00:17:22.562165000
12,2019-12-02 13:47:00.000000,2019-12-02 13:47:30.000000,2019-12-02 14:08:08.986361,2019-12-02 14:08:38.986361,2019-12-02 14:35:29.992721,2019-12-02 14:35:59.992721,2019-12-02 14:49:54.357452,Replace,2,43,42,0 days 00:00:30.000000000,0 days 00:21:08.986361000
13,2019-12-02 15:06:00.000000,2019-12-02 15:06:55.000000,2019-12-02 15:21:03.477675,2019-12-02 15:21:21.665355,,,,Onsite,2,43,42,0 days 00:00:55.000000000,0 days 00:14:26.665355000
14,2019-12-02 16:03:00.000000,2019-12-02 16:03:55.000000,2019-12-02 16:20:57.347375,2019-12-02 16:21:04.988781,,,,Onsite,2,43,42,0 days 00:00:55.000000000,0 days 00:17:09.988781000
15,2019-12-02 17:24:00.000000,2019-12-02 17:24:25.000000,2019-12-02 17:36:59.343275,2019-12-02 17:37:20.067680,,,,Onsite,2,43,42,0 days 00:00:25.000000000,0 days 00:12:55.067680000
16,2019-12-02 18:35:00.000000,2019-12-02 18:35:25.000000,2019-12-02 18:51:40.776939,2019-12-02 18:52:05.776939,2019-12-02 19:33:12.766574,2019-12-02 19:33:37.766574,2019-12-02 19:52:35.393983,Replace,2,43,42,0 days 00:00:25.000000000,0 days 00:16:40.776939000
17,2019-12-02 19:40:00.000000,2019-12-02 19:40:45.000000,2019-12-02 19:58:50.843132,2019-12-02 19:59:35.843132,2019-12-02 20:40:52.699666,2019-12-02 20:41:37.699666,2019-12-02 21:01:26.892973,Replace,2,43,42,0 days 00:00:45.000000000,0 days 00:18:50.843132000
18,2019-12-02 21:02:00.000000,2019-12-02 21:02:45.000000,2019-12-02 21:16:46.011731,2019-12-02 21:16:58.917633,,,,Onsite,2,43,42,0 days 00:00:45.000000000,0 days 00:14:13.917633000
19,2019-12-02 22:18:00.000000,2019-12-02 22:18:45.000000,2019-12-02 22:39:42.133471,2019-12-02 22:40:05.344261,,,,Onsite,2,43,42,0 days 00:00:45.000000000,0 days 00:21:20.344261000
0,2019-12-02 01:11:00.000000,2019-12-02 00:00:45.000000,2019-12-02 00:12:35.897922,2019-12-02 00:13:20.897922,2019-12-02 00:44:01.493774,2019-12-02 00:44:46.493774,2019-12-02 01:01:58.458492,Replace,3,43,42,-1 days +22:49:45.000000000,0 days 00:12:35.897922000
1,2019-12-02 01:05:00.000000,2019-12-02 01:05:35.000000,2019-12-02 01:25:30.616037,2019-12-02 01:26:05.616037,2019-12-02 01:49:37.977186,2019-12-02 01:50:12.977186,2019-12-02 02:07:29.697800,Replace,3,43,42,0 days 00:00:35.000000000,0 days 00:20:30.616037000
2,2019-12-02 02:22:00.000000,2019-12-02 02:22:45.000000,2019-12-02 02:42:52.251628,2019-12-02 02:43:37.251628,2019-12-02 03:16:56.827489,2019-12-02 03:17:41.827489,2019-12-02 03:38:38.980569,Replace,3,43,42,0 days 00:00:45.000000000,0 days 00:20:52.251628000
3,2019-12-02 03:48:00.000000,2019-12-02 03:48:50.000000,2019-12-02 04:08:04.334709,2019-12-02 04:08:54.334709,2019-12-02 04:54:52.456798,2019-12-02 04:55:42.456798,2019-12-02 05:09:25.557234,Replace,3,43,42,0 days 00:00:50.000000000,0 days 00:20:04.334709000
4,2019-12-02 04:49:00.000000,2019-12-02 04:49:35.000000,2019-12-02 05:05:03.094654,2019-12-02 05:05:10.498810,,,,Onsite,3,43,42,0 days 00:00:35.000000000,0 days 00:15:35.498810000
5,2019-12-02 06:21:00.000000,2019-12-02 06:21:55.000000,2019-12-02 06:39:25.384919,2019-12-02 06:40:20.384919,2019-12-02 07:13:58.150589,2019-12-02 07:14:53.150589,2019-12-02 07:27:06.080966,Replace,3,43,42,0 days 00:00:55.000000000,0 days 00:18:25.384919000
6,2019-12-02 07:34:00.000000,2019-12-02 07:34:30.000000,2019-12-02 07:54:34.518939,2019-12-02 07:55:01.039249,,,,Onsite,3,43,42,0 days 00:00:30.000000000,0 days 00:20:31.039249000
7,2019-12-02 08:38:00.000000,2019-12-02 08:38:35.000000,2019-12-02 08:53:30.330094,2019-12-02 08:53:49.147657,,,,Onsite,3,43,42,0 days 00:00:35.000000000,0 days 00:15:14.147657000
8,2019-12-02 09:48:00.000000,2019-12-02 09:48:45.000000,2019-12-02 10:05:02.901042,2019-12-02 10:05:47.901042,2019-12-02 10:58:49.413535,2019-12-02 10:59:34.413535,2019-12-02 11:13:58.722365,Replace,3,43,42,0 days 00:00:45.000000000,0 days 00:17:02.901042000
9,2019-12-02 10:56:00.000000,2019-12-02 10:56:35.000000,2019-12-02 11:13:36.133852,2019-12-02 11:14:11.133852,2019-12-02 11:38:38.556432,2019-12-02 11:39:13.556432,2019-12-02 12:00:22.055572,Replace,3,43,42,0 days 00:00:35.000000000,0 days 00:17:36.133852000
10,2019-12-02 12:04:00.000000,2019-12-02 12:04:45.000000,2019-12-02 12:24:24.676967,2019-12-02 12:25:09.676967,2019-12-02 13:12:38.064086,2019-12-02 13:13:23.064086,2019-12-02 13:28:58.725753,Replace,3,43,42,0 days 00:00:45.000000000,0 days 00:20:24.676967000
11,2019-12-02 13:21:00.000000,2019-12-02 13:21:45.000000,2019-12-02 13:36:22.774698,2019-12-02 13:36:38.333885,,,,Onsite,3,43,42,0 days 00:00:45.000000000,0 days 00:14:53.333885000
12,2019-12-02 14:30:00.000000,2019-12-02 14:30:45.000000,2019-12-02 14:49:01.700450,2019-12-02 14:49:09.759759,,,,Onsite,3,43,42,0 days 00:00:45.000000000,0 days 00:18:24.759759000
13,2019-12-02 15:33:00.000000,2019-12-02 15:33:30.000000,2019-12-02 15:50:42.509523,2019-12-02 15:51:12.509523,2019-12-02 16:25:18.106930,2019-12-02 16:25:48.106930,2019-12-02 16:36:54.043101,Replace,3,43,42,0 days 00:00:30.000000000,0 days 00:17:42.509523000
14,2019-12-02 16:57:00.000000,2019-12-02 16:57:35.000000,2019-12-02 17:12:39.917524,2019-12-02 17:12:46.233349,,,,Onsite,3,43,42,0 days 00:00:35.000000000,0 days 00:15:11.233349000
15,2019-12-02 17:58:00.000000,2019-12-02 17:58:25.000000,2019-12-02 18:15:24.113431,2019-12-02 18:15:49.113431,2019-12-02 18:56:29.425565,2019-12-02 18:56:54.425565,2019-12-02 19:07:41.072625,Replace,3,43,42,0 days 00:00:25.000000000,0 days 00:17:24.113431000
16,2019-12-02 19:01:00.000000,2019-12-02 19:01:45.000000,2019-12-02 19:20:20.902378,2019-12-02 19:21:05.902378,2019-12-02 20:06:42.946010,2019-12-02 20:07:27.946010,2019-12-02 20:20:30.404818,Replace,3,43,42,0 days 00:00:45.000000000,0 days 00:19:20.902378000
17,2019-12-02 20:17:00.000000,2019-12-02 20:17:25.000000,2019-12-02 20:32:54.330127,2019-12-02 20:33:03.628551,,,,Onsite,3,43,42,0 days 00:00:25.000000000,0 days 00:15:38.628551000
18,2019-12-02 21:37:00.000000,2019-12-02 21:37:45.000000,2019-12-02 21:54:10.978190,2019-12-02 21:54:55.978190,2019-12-02 22:37:25.074556,2019-12-02 22:38:10.074556,2019-12-02 22:54:13.504406,Replace,3,43,42,0 days 00:00:45.000000000,0 days 00:17:10.978190000
0,2019-12-02 00:59:00.000000,2019-12-02 00:00:45.000000,2019-12-02 00:19:00.304773,2019-12-02 00:19:45.304773,2019-12-02 00:51:30.357493,2019-12-02 00:52:15.357493,2019-12-02 01:07:02.996167,Replace,4,43,42,-1 days +23:01:45.000000000,0 days 00:19:00.304773000
1,2019-12-02 01:16:00.000000,2019-12-02 01:16:30.000000,2019-12-02 01:31:24.084407,2019-12-02 01:31:54.084407,2019-12-02 01:58:13.691560,2019-12-02 01:58:43.691560,2019-12-02 02:17:37.362950,Replace,4,43,42,0 days 00:00:30.000000000,0 days 00:15:24.084407000
2,2019-12-02 02:29:00.000000,2019-12-02 02:29:45.000000,2019-12-02 02:43:56.489369,2019-12-02 02:44:41.489369,2019-12-02 03:20:05.582676,2019-12-02 03:20:50.582676,2019-12-02 03:37:05.424993,Replace,4,43,42,0 days 00:00:45.000000000,0 days 00:14:56.489369000
3,2019-12-02 03:34:00.000000,2019-12-02 03:34:55.000000,2019-12-02 03:51:31.212913,2019-12-02 03:52:13.925577,,,,Onsite,4,43,42,0 days 00:00:55.000000000,0 days 00:17:18.925577000
4,2019-12-02 04:48:00.000000,2019-12-02 04:48:45.000000,2019-12-02 05:07:39.502110,2019-12-02 05:07:54.041491,,,,Onsite,4,43,42,0 days 00:00:45.000000000,0 days 00:19:09.041491000
5,2019-12-02 06:08:00.000000,2019-12-02 06:08:55.000000,2019-12-02 06:21:20.334115,2019-12-02 06:21:44.349835,,,,Onsite,4,43,42,0 days 00:00:55.000000000,0 days 00:12:49.349835000
6,2019-12-02 07:18:00.000000,2019-12-02 07:18:45.000000,2019-12-02 07:34:27.731820,2019-12-02 07:35:12.731820,2019-12-02 08:17:46.845125,2019-12-02 08:18:31.845125,2019-12-02 08:41:19.501325,Replace,4,43,42,0 days 00:00:45.000000000,0 days 00:16:27.731820000
7,2019-12-02 08:23:00.000000,2019-12-02 08:23:50.000000,2019-12-02 08:40:00.555987,2019-12-02 08:40:03.553358,,,,Onsite,4,43,42,0 days 00:00:50.000000000,0 days 00:16:13.553358000
8,2019-12-02 09:40:00.000000,2019-12-02 09:40:50.000000,2019-12-02 10:00:09.600231,2019-12-02 10:00:59.600231,2019-12-02 10:40:30.535658,2019-12-02 10:41:20.535658,2019-12-02 11:04:49.159665,Replace,4,43,42,0 days 00:00:50.000000000,0 days 00:20:09.600231000
9,2019-12-02 10:43:00.000000,2019-12-02 10:43:25.000000,2019-12-02 10:57:46.022089,2019-12-02 10:58:11.022089,2019-12-02 11:27:33.500721,2019-12-02 11:27:58.500721,2019-12-02 11:41:56.113680,Replace,4,43,42,0 days 00:00:25.000000000,0 days 00:14:46.022089000
10,2019-12-02 11:52:00.000000,2019-12-02 11:52:45.000000,2019-12-02 12:07:17.963124,2019-12-02 12:08:02.963124,2019-12-02 12:37:37.304619,2019-12-02 12:38:22.304619,2019-12-02 12:53:39.557338,Replace,4,43,42,0 days 00:00:45.000000000,0 days 00:15:17.963124000
11,2019-12-02 12:55:00.000000,2019-12-02 12:55:25.000000,2019-12-02 13:10:12.398159,2019-12-02 13:10:37.398159,2019-12-02 13:49:26.995143,2019-12-02 13:49:51.995143,2019-12-02 14:01:20.069961,Replace,4,43,42,0 days 00:00:25.000000000,0 days 00:15:12.398159000
12,2019-12-02 14:04:00.000000,2019-12-02 14:04:55.000000,2019-12-02 14:22:43.845419,2019-12-02 14:23:38.845419,2019-12-02 15:01:52.217844,2019-12-02 15:02:47.217844,2019-12-02 15:21:59.054598,Replace,4,43,42,0 days 00:00:55.000000000,0 days 00:18:43.845419000
13,2019-12-02 15:11:00.000000,2019-12-02 15:11:50.000000,2019-12-02 15:28:19.734661,2019-12-02 15:28:33.480664,,,,Onsite,4,43,42,0 days 00:00:50.000000000,0 days 00:16:43.480664000
14,2019-12-02 16:06:00.000000,2019-12-02 16:06:30.000000,2019-12-02 16:23:29.046680,2019-12-02 16:23:59.046680,2019-12-02 16:54:21.193638,2019-12-02 16:54:51.193638,2019-12-02 17:14:35.674794,Replace,4,43,42,0 days 00:00:30.000000000,0 days 00:17:29.046680000
15,2019-12-02 17:08:00.000000,2019-12-02 17:08:55.000000,2019-12-02 17:20:18.777102,2019-12-02 17:21:13.777102,2019-12-02 17:54:49.374481,2019-12-02 17:55:44.374481,2019-12-02 18:13:32.762251,Replace,4,43,42,0 days 00:00:55.000000000,0 days 00:12:18.777102000
16,2019-12-02 18:12:00.000000,2019-12-02 18:12:25.000000,2019-12-02 18:29:55.634954,2019-12-02 18:30:20.634954,2019-12-02 19:02:19.792429,2019-12-02 19:02:44.792429,2019-12-02 19:15:35.597388,Replace,4,43,42,0 days 00:00:25.000000000,0 days 00:17:55.634954000
17,2019-12-02 19:14:00.000000,2019-12-02 19:14:35.000000,2019-12-02 19:26:18.806410,2019-12-02 19:26:26.479901,,,,Onsite,4,43,42,0 days 00:00:35.000000000,0 days 00:11:51.479901000
18,2019-12-02 20:48:00.000000,2019-12-02 20:48:25.000000,2019-12-02 21:04:32.109351,2019-12-02 21:04:38.007274,,,,Onsite,4,43,42,0 days 00:00:25.000000000,0 days 00:16:13.007274000
19,2019-12-02 21:59:00.000000,2019-12-02 21:59:30.000000,2019-12-02 22:13:08.343635,2019-12-02 22:13:24.978828,,,,Onsite,4,43,42,0 days 00:00:30.000000000,0 days 00:13:54.978828000
0,2019-12-02 01:02:00.000000,2019-12-02 01:02:30.000000,2019-12-02 01:17:27.296373,2019-12-02 01:17:57.296373,2019-12-02 01:48:40.266617,2019-12-02 01:49:10.266617,2019-12-02 02:08:43.493177,Replace,5,43,42,0 days 00:00:30.000000000,0 days 00:15:27.296373000
1,2019-12-02 01:11:00.000000,2019-12-02 00:00:45.000000,2019-12-02 00:17:59.463379,2019-12-02 00:18:44.463379,2019-12-02 00:41:29.382342,2019-12-02 00:42:14.382342,2019-12-02 01:02:02.779217,Replace,5,43,42,-1 days +22:49:45.000000000,0 days 00:17:59.463379000
2,2019-12-02 02:14:00.000000,2019-12-02 02:14:30.000000,2019-12-02 02:32:18.701505,2019-12-02 02:32:48.701505,2019-12-02 03:03:17.354892,2019-12-02 03:03:47.354892,2019-12-02 03:19:12.776208,Replace,5,43,42,0 days 00:00:30.000000000,0 days 00:18:18.701505000
3,2019-12-02 03:09:00.000000,2019-12-02 03:09:45.000000,2019-12-02 03:26:48.932194,2019-12-02 03:27:33.932194,2019-12-02 04:17:27.682434,2019-12-02 04:18:12.682434,2019-12-02 04:36:03.063790,Replace,5,43,42,0 days 00:00:45.000000000,0 days 00:17:48.932194000
4,2019-12-02 04:33:00.000000,2019-12-02 04:33:50.000000,2019-12-02 04:47:16.298915,2019-12-02 04:47:31.083754,,,,Onsite,5,43,42,0 days 00:00:50.000000000,0 days 00:13:41.083754000
5,2019-12-02 05:40:00.000000,2019-12-02 05:40:45.000000,2019-12-02 05:54:52.044759,2019-12-02 05:55:37.044759,2019-12-02 06:28:09.930379,2019-12-02 06:28:54.930379,2019-12-02 06:45:28.632361,Replace,5,43,42,0 days 00:00:45.000000000,0 days 00:14:52.044759000
6,2019-12-02 06:52:00.000000,2019-12-02 06:52:25.000000,2019-12-02 07:09:42.248954,2019-12-02 07:09:57.775616,,,,Onsite,5,43,42,0 days 00:00:25.000000000,0 days 00:17:32.775616000
7,2019-12-02 07:55:00.000000,2019-12-02 07:55:50.000000,2019-12-02 08:14:07.210595,2019-12-02 08:14:57.210595,2019-12-02 08:51:50.453303,2019-12-02 08:52:40.453303,2019-12-02 09:07:02.422432,Replace,5,43,42,0 days 00:00:50.000000000,0 days 00:19:07.210595000
8,2019-12-02 09:02:00.000000,2019-12-02 09:02:45.000000,2019-12-02 09:17:53.149809,2019-12-02 09:18:38.149809,2019-12-02 09:55:31.472301,2019-12-02 09:56:16.472301,2019-12-02 10:11:13.271938,Replace,5,43,42,0 days 00:00:45.000000000,0 days 00:15:53.149809000
9,2019-12-02 10:04:00.000000,2019-12-02 10:04:45.000000,2019-12-02 10:22:54.769059,2019-12-02 10:23:21.925490,,,,Onsite,5,43,42,0 days 00:00:45.000000000,0 days 00:18:36.925490000
10,2019-12-02 10:56:00.000000,2019-12-02 10:56:45.000000,2019-12-02 11:11:58.048028,2019-12-02 11:12:12.909483,,,,Onsite,5,43,42,0 days 00:00:45.000000000,0 days 00:15:27.909483000
11,2019-12-02 12:00:00.000000,2019-12-02 12:00:25.000000,2019-12-02 12:21:04.337941,2019-12-02 12:21:12.705391,,,,Onsite,5,43,42,0 days 00:00:25.000000000,0 days 00:20:47.705391000
12,2019-12-02 13:14:00.000000,2019-12-02 13:14:45.000000,2019-12-02 13:31:49.843914,2019-12-02 13:32:34.843914,2019-12-02 14:20:11.751701,2019-12-02 14:20:56.751701,2019-12-02 14:35:17.773316,Replace,5,43,42,0 days 00:00:45.000000000,0 days 00:17:49.843914000
13,2019-12-02 14:30:00.000000,2019-12-02 14:30:25.000000,2019-12-02 14:45:11.480232,2019-12-02 14:45:23.612020,,,,Onsite,5,43,42,0 days 00:00:25.000000000,0 days 00:14:58.612020000
14,2019-12-02 15:48:00.000000,2019-12-02 15:48:25.000000,2019-12-02 16:03:25.825640,2019-12-02 16:03:50.825640,2019-12-02 16:31:30.224692,2019-12-02 16:31:55.224692,2019-12-02 16:47:40.661340,Replace,5,43,42,0 days 00:00:25.000000000,0 days 00:15:25.825640000
15,2019-12-02 17:04:00.000000,2019-12-02 17:04:55.000000,2019-12-02 17:19:24.737023,2019-12-02 17:19:28.575638,,,,Onsite,5,43,42,0 days 00:00:55.000000000,0 days 00:14:33.575638000
16,2019-12-02 18:23:00.000000,2019-12-02 18:23:35.000000,2019-12-02 18:35:59.758261,2019-12-02 18:36:34.758261,2019-12-02 19:21:20.497550,2019-12-02 19:21:55.497550,2019-12-02 19:36:51.154051,Replace,5,43,42,0 days 00:00:35.000000000,0 days 00:12:59.758261000
17,2019-12-02 19:29:00.000000,2019-12-02 19:29:45.000000,2019-12-02 19:47:05.788215,2019-12-02 19:47:50.788215,2019-12-02 20:12:15.162993,2019-12-02 20:13:00.162993,2019-12-02 20:36:38.242644,Replace,5,43,42,0 days 00:00:45.000000000,0 days 00:18:05.788215000
18,2019-12-02 20:27:00.000000,2019-12-02 20:27:55.000000,2019-12-02 20:44:21.963536,2019-12-02 20:45:16.963536,2019-12-02 21:19:26.018266,2019-12-02 21:20:21.018266,2019-12-02 21:36:02.247775,Replace,5,43,42,0 days 00:00:55.000000000,0 days 00:17:21.963536000
19,2019-12-02 21:35:00.000000,2019-12-02 21:35:45.000000,2019-12-02 21:46:24.849552,2019-12-02 21:46:47.174291,,,,Onsite,5,43,42,0 days 00:00:45.000000000,0 days 00:11:02.174291000
0,2019-12-02 00:55:00.000000,2019-12-02 00:00:35.000000,2019-12-02 00:18:24.148675,2019-12-02 00:18:45.554180,,,,Onsite,6,43,42,-1 days +23:05:35.000000000,0 days 00:18:10.554180000
1,2019-12-02 01:03:00.000000,2019-12-02 01:03:45.000000,2019-12-02 01:25:57.861555,2019-12-02 01:26:31.941731,,,,Onsite,6,43,42,0 days 00:00:45.000000000,0 days 00:22:46.941731000
2,2019-12-02 02:13:00.000000,2019-12-02 02:13:45.000000,2019-12-02 02:26:55.383093,2019-12-02 02:27:04.052165,,,,Onsite,6,43,42,0 days 00:00:45.000000000,0 days 00:13:19.052165000
3,2019-12-02 04:59:00.000000,2019-12-02 04:59:45.000000,2019-12-02 05:15:43.088093,2019-12-02 05:15:58.561396,,,,Onsite,6,43,42,0 days 00:00:45.000000000,0 days 00:16:13.561396000
4,2019-12-02 03:37:00.000000,2019-12-02 03:37:45.000000,2019-12-02 03:51:27.685801,2019-12-02 03:52:12.685801,2019-12-02 04:38:29.994998,2019-12-02 04:39:14.994998,2019-12-02 04:59:02.528720,Replace,6,43,42,0 days 00:00:45.000000000,0 days 00:14:27.685801000
5,2019-12-02 05:56:00.000000,2019-12-02 05:56:55.000000,2019-12-02 06:13:02.877024,2019-12-02 06:13:16.841401,,,,Onsite,6,43,42,0 days 00:00:55.000000000,0 days 00:16:21.841401000
6,2019-12-02 07:08:00.000000,2019-12-02 07:08:45.000000,2019-12-02 07:26:18.275056,2019-12-02 07:27:03.275056,2019-12-02 07:56:33.963594,2019-12-02 07:57:18.963594,2019-12-02 08:11:57.848196,Replace,6,43,42,0 days 00:00:45.000000000,0 days 00:18:18.275056000
7,2019-12-02 08:16:00.000000,2019-12-02 08:16:45.000000,2019-12-02 08:32:05.584845,2019-12-02 08:32:50.584845,2019-12-02 09:10:47.477473,2019-12-02 09:11:32.477473,2019-12-02 09:25:29.037628,Replace,6,43,42,0 days 00:00:45.000000000,0 days 00:16:05.584845000
8,2019-12-02 09:21:00.000000,2019-12-02 09:21:25.000000,2019-12-02 09:32:19.885359,2019-12-02 09:32:44.885359,2019-12-02 10:00:52.235772,2019-12-02 10:01:17.235772,2019-12-02 10:20:40.646472,Replace,6,43,42,0 days 00:00:25.000000000,0 days 00:11:19.885359000
9,2019-12-02 10:26:00.000000,2019-12-02 10:26:50.000000,2019-12-02 10:44:31.051171,2019-12-02 10:44:51.286845,,,,Onsite,6,43,42,0 days 00:00:50.000000000,0 days 00:18:01.286845000
10,2019-12-02 11:27:00.000000,2019-12-02 11:27:35.000000,2019-12-02 11:47:28.858538,2019-12-02 11:47:35.560120,,,,Onsite,6,43,42,0 days 00:00:35.000000000,0 days 00:20:00.560120000
11,2019-12-02 12:29:00.000000,2019-12-02 12:29:35.000000,2019-12-02 12:39:42.400023,2019-12-02 12:40:17.400023,2019-12-02 13:15:36.609437,2019-12-02 13:16:11.609437,2019-12-02 13:30:30.645075,Replace,6,43,42,0 days 00:00:35.000000000,0 days 00:10:42.400023000
12,2019-12-02 13:32:00.000000,2019-12-02 13:32:45.000000,2019-12-02 13:50:37.759573,2019-12-02 13:51:22.759573,2019-12-02 14:28:44.365307,2019-12-02 14:29:29.365307,2019-12-02 14:48:11.424765,Replace,6,43,42,0 days 00:00:45.000000000,0 days 00:18:37.759573000
13,2019-12-02 14:45:00.000000,2019-12-02 14:45:35.000000,2019-12-02 15:03:21.056675,2019-12-02 15:03:56.056675,2019-12-02 15:52:35.465806,2019-12-02 15:53:10.465806,2019-12-02 16:14:52.045326,Replace,6,43,42,0 days 00:00:35.000000000,0 days 00:18:21.056675000
14,2019-12-02 15:50:00.000000,2019-12-02 15:50:25.000000,2019-12-02 16:04:50.703059,2019-12-02 16:05:23.073732,,,,Onsite,6,43,42,0 days 00:00:25.000000000,0 days 00:14:58.073732000
15,2019-12-02 16:42:00.000000,2019-12-02 16:42:45.000000,2019-12-02 17:02:03.105980,2019-12-02 17:02:37.810442,,,,Onsite,6,43,42,0 days 00:00:45.000000000,0 days 00:19:52.810442000
16,2019-12-02 17:41:00.000000,2019-12-02 17:41:35.000000,2019-12-02 17:57:01.221495,2019-12-02 17:57:09.883452,,,,Onsite,6,43,42,0 days 00:00:35.000000000,0 days 00:15:34.883452000
17,2019-12-02 18:56:00.000000,2019-12-02 18:56:45.000000,2019-12-02 19:08:57.840266,2019-12-02 19:09:42.840266,2019-12-02 19:54:50.828495,2019-12-02 19:55:35.828495,2019-12-02 20:11:15.286884,Replace,6,43,42,0 days 00:00:45.000000000,0 days 00:12:57.840266000
18,2019-12-02 20:14:00.000000,2019-12-02 20:14:25.000000,2019-12-02 20:28:08.377120,2019-12-02 20:28:24.670414,,,,Onsite,6,43,42,0 days 00:00:25.000000000,0 days 00:13:59.670414000
19,2019-12-02 21:23:00.000000,2019-12-02 21:23:45.000000,2019-12-02 21:40:43.749225,2019-12-02 21:41:28.749225,2019-12-02 22:22:47.913603,2019-12-02 22:23:32.913603,2019-12-02 22:36:39.525678,Replace,6,43,42,0 days 00:00:45.000000000,0 days 00:17:43.749225000
0,2019-12-02 01:13:00.000000,2019-12-02 00:00:35.000000,2019-12-02 00:15:33.507982,2019-12-02 00:15:40.319129,,,,Onsite,7,43,42,-1 days +22:47:35.000000000,0 days 00:15:05.319129000
1,2019-12-02 00:54:00.000000,2019-12-02 00:54:55.000000,2019-12-02 01:16:32.019740,2019-12-02 01:16:39.792400,,,,Onsite,7,43,42,0 days 00:00:55.000000000,0 days 00:21:44.792400000
2,2019-12-02 01:57:00.000000,2019-12-02 01:57:45.000000,2019-12-02 02:11:45.983459,2019-12-02 02:12:30.983459,2019-12-02 02:58:39.795479,2019-12-02 02:59:24.795479,2019-12-02 03:14:24.947534,Replace,7,43,42,0 days 00:00:45.000000000,0 days 00:14:45.983459000
3,2019-12-02 03:01:00.000000,2019-12-02 03:01:35.000000,2019-12-02 03:17:04.789998,2019-12-02 03:17:39.789998,2019-12-02 03:59:38.515230,2019-12-02 04:00:13.515230,2019-12-02 04:16:15.847658,Replace,7,43,42,0 days 00:00:35.000000000,0 days 00:16:04.789998000
4,2019-12-02 04:13:00.000000,2019-12-02 04:13:35.000000,2019-12-02 04:33:59.424340,2019-12-02 04:34:09.550999,,,,Onsite,7,43,42,0 days 00:00:35.000000000,0 days 00:20:34.550999000
5,2019-12-02 05:27:00.000000,2019-12-02 05:27:55.000000,2019-12-02 05:44:46.616411,2019-12-02 05:44:59.323623,,,,Onsite,7,43,42,0 days 00:00:55.000000000,0 days 00:17:04.323623000
6,2019-12-02 06:41:00.000000,2019-12-02 06:41:45.000000,2019-12-02 06:54:55.872268,2019-12-02 06:55:40.872268,2019-12-02 07:36:45.669939,2019-12-02 07:37:30.669939,2019-12-02 07:57:52.487666,Replace,7,43,42,0 days 00:00:45.000000000,0 days 00:13:55.872268000
7,2019-12-02 07:52:00.000000,2019-12-02 07:52:55.000000,2019-12-02 08:13:46.234585,2019-12-02 08:13:58.344013,,,,Onsite,7,43,42,0 days 00:00:55.000000000,0 days 00:21:03.344013000
8,2019-12-02 08:52:00.000000,2019-12-02 08:52:35.000000,2019-12-02 09:09:55.020153,2019-12-02 09:10:30.020153,2019-12-02 09:46:42.206323,2019-12-02 09:47:17.206323,2019-12-02 10:03:19.254058,Replace,7,43,42,0 days 00:00:35.000000000,0 days 00:17:55.020153000
9,2019-12-02 10:10:00.000000,2019-12-02 10:10:55.000000,2019-12-02 10:27:11.810529,2019-12-02 10:27:24.835649,,,,Onsite,7,43,42,0 days 00:00:55.000000000,0 days 00:16:29.835649000
10,2019-12-02 11:16:00.000000,2019-12-02 11:16:45.000000,2019-12-02 11:31:59.036673,2019-12-02 11:32:44.036673,2019-12-02 12:00:56.203137,2019-12-02 12:01:41.203137,2019-12-02 12:17:50.645915,Replace,7,43,42,0 days 00:00:45.000000000,0 days 00:15:59.036673000
11,2019-12-02 12:11:00.000000,2019-12-02 12:11:45.000000,2019-12-02 12:27:02.547654,2019-12-02 12:27:11.038785,,,,Onsite,7,43,42,0 days 00:00:45.000000000,0 days 00:15:26.038785000
12,2019-12-02 13:08:00.000000,2019-12-02 13:08:50.000000,2019-12-02 13:21:26.871267,2019-12-02 13:21:42.290567,,,,Onsite,7,43,42,0 days 00:00:50.000000000,0 days 00:12:52.290567000
13,2019-12-02 14:23:00.000000,2019-12-02 14:23:25.000000,2019-12-02 14:43:04.931219,2019-12-02 14:43:33.943488,,,,Onsite,7,43,42,0 days 00:00:25.000000000,0 days 00:20:08.943488000
14,2019-12-02 15:34:00.000000,2019-12-02 15:34:45.000000,2019-12-02 15:51:54.650785,2019-12-02 15:52:08.451732,,,,Onsite,7,43,42,0 days 00:00:45.000000000,0 days 00:17:23.451732000
15,2019-12-02 16:33:00.000000,2019-12-02 16:33:35.000000,2019-12-02 16:48:59.876932,2019-12-02 16:49:08.589659,,,,Onsite,7,43,42,0 days 00:00:35.000000000,0 days 00:15:33.589659000
16,2019-12-02 17:42:00.000000,2019-12-02 17:42:55.000000,2019-12-02 17:59:30.530894,2019-12-02 17:59:49.636935,,,,Onsite,7,43,42,0 days 00:00:55.000000000,0 days 00:16:54.636935000
17,2019-12-02 18:42:00.000000,2019-12-02 18:42:45.000000,2019-12-02 18:58:32.826216,2019-12-02 18:58:45.155416,,,,Onsite,7,43,42,0 days 00:00:45.000000000,0 days 00:16:00.155416000
18,2019-12-02 20:36:00.000000,2019-12-02 20:36:55.000000,2019-12-02 20:51:33.601749,2019-12-02 20:52:28.601749,2019-12-02 21:41:39.138776,2019-12-02 21:42:34.138776,2019-12-02 22:01:57.802380,Replace,7,43,42,0 days 00:00:55.000000000,0 days 00:15:33.601749000
19,2019-12-02 21:43:00.000000,2019-12-02 21:43:45.000000,2019-12-02 21:58:35.238445,2019-12-02 21:59:20.238445,2019-12-02 22:39:35.208460,2019-12-02 22:40:20.208460,2019-12-02 22:50:40.088386,Replace,7,43,42,0 days 00:00:45.000000000,0 days 00:15:35.238445000
20,2019-12-02 19:34:00.000000,2019-12-02 19:34:35.000000,2019-12-02 19:52:30.788299,2019-12-02 19:53:05.788299,2019-12-02 20:36:30.176208,2019-12-02 20:37:05.176208,2019-12-02 20:51:08.974344,Replace,7,43,42,0 days 00:00:35.000000000,0 days 00:18:30.788299000
0,2019-12-02 00:57:00.000000,2019-12-02 00:00:35.000000,2019-12-02 00:15:00.674691,2019-12-02 00:15:35.674691,2019-12-02 00:56:18.001027,2019-12-02 00:56:53.001027,2019-12-02 01:11:54.747374,Replace,8,43,42,-1 days +23:03:35.000000000,0 days 00:15:00.674691000
1,2019-12-02 01:03:00.000000,2019-12-02 01:03:35.000000,2019-12-02 01:19:47.243788,2019-12-02 01:20:22.243788,2019-12-02 02:01:41.342157,2019-12-02 02:02:16.342157,2019-12-02 02:22:57.891371,Replace,8,43,42,0 days 00:00:35.000000000,0 days 00:16:47.243788000
2,2019-12-02 02:17:00.000000,2019-12-02 02:17:35.000000,2019-12-02 02:35:02.946351,2019-12-02 02:35:37.946351,2019-12-02 03:17:58.144166,2019-12-02 03:18:33.144166,2019-12-02 03:31:38.329927,Replace,8,43,42,0 days 00:00:35.000000000,0 days 00:18:02.946351000
3,2019-12-02 03:15:00.000000,2019-12-02 03:15:25.000000,2019-12-02 03:28:52.501868,2019-12-02 03:29:17.501868,2019-12-02 03:56:15.407740,2019-12-02 03:56:40.407740,2019-12-02 04:13:14.541871,Replace,8,43,42,0 days 00:00:25.000000000,0 days 00:13:52.501868000
4,2019-12-02 04:25:00.000000,2019-12-02 04:25:45.000000,2019-12-02 04:40:54.727627,2019-12-02 04:41:39.727627,2019-12-02 05:10:22.146577,2019-12-02 05:11:07.146577,2019-12-02 05:27:03.685323,Replace,8,43,42,0 days 00:00:45.000000000,0 days 00:15:54.727627000
5,2019-12-02 05:26:00.000000,2019-12-02 05:26:45.000000,2019-12-02 05:39:16.361604,2019-12-02 05:40:01.361604,2019-12-02 06:09:06.970814,2019-12-02 06:09:51.970814,2019-12-02 06:31:00.029241,Replace,8,43,42,0 days 00:00:45.000000000,0 days 00:13:16.361604000
6,2019-12-02 06:39:00.000000,2019-12-02 06:39:30.000000,2019-12-02 06:56:29.785185,2019-12-02 06:56:59.785185,2019-12-02 07:26:14.711709,2019-12-02 07:26:44.711709,2019-12-02 07:48:15.415722,Replace,8,43,42,0 days 00:00:30.000000000,0 days 00:17:29.785185000
7,2019-12-02 08:03:00.000000,2019-12-02 08:03:45.000000,2019-12-02 08:21:48.715014,2019-12-02 08:22:33.715014,2019-12-02 08:57:44.319682,2019-12-02 08:58:29.319682,2019-12-02 09:11:34.012718,Replace,8,43,42,0 days 00:00:45.000000000,0 days 00:18:48.715014000
8,2019-12-02 09:08:00.000000,2019-12-02 09:08:35.000000,2019-12-02 09:26:17.172973,2019-12-02 09:26:40.582405,,,,Onsite,8,43,42,0 days 00:00:35.000000000,0 days 00:18:05.582405000
9,2019-12-02 10:12:00.000000,2019-12-02 10:12:25.000000,2019-12-02 10:28:15.641787,2019-12-02 10:28:31.118606,,,,Onsite,8,43,42,0 days 00:00:25.000000000,0 days 00:16:06.118606000
10,2019-12-02 11:19:00.000000,2019-12-02 11:19:45.000000,2019-12-02 11:36:32.977603,2019-12-02 11:36:50.476792,,,,Onsite,8,43,42,0 days 00:00:45.000000000,0 days 00:17:05.476792000
11,2019-12-02 12:24:00.000000,2019-12-02 12:24:35.000000,2019-12-02 12:37:45.931303,2019-12-02 12:37:56.835662,,,,Onsite,8,43,42,0 days 00:00:35.000000000,0 days 00:13:21.835662000
12,2019-12-02 13:27:00.000000,2019-12-02 13:27:25.000000,2019-12-02 13:40:35.489326,2019-12-02 13:40:44.108169,,,,Onsite,8,43,42,0 days 00:00:25.000000000,0 days 00:13:19.108169000
13,2019-12-02 14:38:00.000000,2019-12-02 14:38:45.000000,2019-12-02 14:57:25.088566,2019-12-02 14:58:10.088566,2019-12-02 15:30:42.517410,2019-12-02 15:31:27.517410,2019-12-02 15:45:29.088490,Replace,8,43,42,0 days 00:00:45.000000000,0 days 00:19:25.088566000
14,2019-12-02 15:58:00.000000,2019-12-02 15:58:55.000000,2019-12-02 16:15:42.315919,2019-12-02 16:15:55.983027,,,,Onsite,8,43,42,0 days 00:00:55.000000000,0 days 00:17:00.983027000
15,2019-12-02 17:01:00.000000,2019-12-02 17:01:45.000000,2019-12-02 17:20:02.565613,2019-12-02 17:20:47.565613,2019-12-02 17:57:36.526967,2019-12-02 17:58:21.526967,2019-12-02 18:20:21.956796,Replace,8,43,42,0 days 00:00:45.000000000,0 days 00:19:02.565613000
16,2019-12-02 18:23:00.000000,2019-12-02 18:23:55.000000,2019-12-02 18:41:50.132615,2019-12-02 18:42:45.132615,2019-12-02 19:26:15.631690,2019-12-02 19:27:10.631690,2019-12-02 19:42:58.593573,Replace,8,43,42,0 days 00:00:55.000000000,0 days 00:18:50.132615000
17,2019-12-02 19:20:00.000000,2019-12-02 19:20:25.000000,2019-12-02 19:41:13.639689,2019-12-02 19:41:23.584254,,,,Onsite,8,43,42,0 days 00:00:25.000000000,0 days 00:20:58.584254000
18,2019-12-02 20:05:00.000000,2019-12-02 20:05:45.000000,2019-12-02 20:25:53.046196,2019-12-02 20:26:15.471814,,,,Onsite,8,43,42,0 days 00:00:45.000000000,0 days 00:20:30.471814000
19,2019-12-02 21:04:00.000000,2019-12-02 21:04:45.000000,2019-12-02 21:20:57.421170,2019-12-02 21:21:08.923598,,,,Onsite,8,43,42,0 days 00:00:45.000000000,0 days 00:16:23.923598000
0,2019-12-02 01:33:00.000000,2019-12-02 00:00:25.000000,2019-12-02 00:18:46.549471,2019-12-02 00:19:11.549471,2019-12-02 00:55:42.451441,2019-12-02 00:56:07.451441,2019-12-02 01:12:42.221012,Replace,9,43,42,-1 days +22:27:25.000000000,0 days 00:18:46.549471000
1,2019-12-02 01:13:00.000000,2019-12-02 01:13:35.000000,2019-12-02 01:23:55.311728,2019-12-02 01:24:01.534000,,,,Onsite,9,43,42,0 days 00:00:35.000000000,0 days 00:10:26.534000000
2,2019-12-02 02:12:00.000000,2019-12-02 02:12:35.000000,2019-12-02 02:23:42.486677,2019-12-02 02:24:17.486677,2019-12-02 02:59:02.488799,2019-12-02 02:59:37.488799,2019-12-02 03:17:40.526023,Replace,9,43,42,0 days 00:00:35.000000000,0 days 00:11:42.486677000
3,2019-12-02 03:12:00.000000,2019-12-02 03:12:45.000000,2019-12-02 03:26:17.579973,2019-12-02 03:26:31.519449,,,,Onsite,9,43,42,0 days 00:00:45.000000000,0 days 00:13:46.519449000
4,2019-12-02 04:20:00.000000,2019-12-02 04:20:45.000000,2019-12-02 04:34:54.370175,2019-12-02 04:35:39.370175,2019-12-02 05:11:16.509474,2019-12-02 05:12:01.509474,2019-12-02 05:27:20.094605,Replace,9,43,42,0 days 00:00:45.000000000,0 days 00:14:54.370175000
5,2019-12-02 05:24:00.000000,2019-12-02 05:24:45.000000,2019-12-02 05:45:25.780874,2019-12-02 05:46:10.780874,2019-12-02 06:36:50.169635,2019-12-02 06:37:35.169635,2019-12-02 06:50:31.023632,Replace,9,43,42,0 days 00:00:45.000000000,0 days 00:21:25.780874000
6,2019-12-02 06:48:00.000000,2019-12-02 06:48:45.000000,2019-12-02 06:59:46.838089,2019-12-02 07:00:31.838089,2019-12-02 07:55:35.931904,2019-12-02 07:56:20.931904,2019-12-02 08:07:02.906561,Replace,9,43,42,0 days 00:00:45.000000000,0 days 00:11:46.838089000
7,2019-12-02 07:58:00.000000,2019-12-02 07:58:45.000000,2019-12-02 08:16:58.497088,2019-12-02 08:17:43.497088,2019-12-02 08:53:58.465610,2019-12-02 08:54:43.465610,2019-12-02 09:09:47.762990,Replace,9,43,42,0 days 00:00:45.000000000,0 days 00:18:58.497088000
8,2019-12-02 09:00:00.000000,2019-12-02 09:00:45.000000,2019-12-02 09:25:30.893097,2019-12-02 09:25:40.879181,,,,Onsite,9,43,42,0 days 00:00:45.000000000,0 days 00:24:55.879181000
9,2019-12-02 10:02:00.000000,2019-12-02 10:02:45.000000,2019-12-02 10:25:07.314018,2019-12-02 10:25:52.314018,2019-12-02 10:52:52.619056,2019-12-02 10:53:37.619056,2019-12-02 11:14:04.877421,Replace,9,43,42,0 days 00:00:45.000000000,0 days 00:23:07.314018000
10,2019-12-02 11:10:00.000000,2019-12-02 11:10:45.000000,2019-12-02 11:25:47.972243,2019-12-02 11:26:32.972243,2019-12-02 11:53:15.117481,2019-12-02 11:54:00.117481,2019-12-02 12:09:48.448180,Replace,9,43,42,0 days 00:00:45.000000000,0 days 00:15:47.972243000
11,2019-12-02 12:25:00.000000,2019-12-02 12:25:30.000000,2019-12-02 12:42:21.955724,2019-12-02 12:42:51.955724,2019-12-02 13:21:29.198179,2019-12-02 13:21:59.198179,2019-12-02 13:37:02.803647,Replace,9,43,42,0 days 00:00:30.000000000,0 days 00:17:21.955724000
12,2019-12-02 13:35:00.000000,2019-12-02 13:35:50.000000,2019-12-02 13:51:36.332440,2019-12-02 13:51:41.864459,,,,Onsite,9,43,42,0 days 00:00:50.000000000,0 days 00:15:51.864459000
13,2019-12-02 14:43:00.000000,2019-12-02 14:43:35.000000,2019-12-02 14:58:48.390238,2019-12-02 14:59:33.647510,,,,Onsite,9,43,42,0 days 00:00:35.000000000,0 days 00:15:58.647510000
14,2019-12-02 15:43:00.000000,2019-12-02 15:43:35.000000,2019-12-02 15:58:54.498213,2019-12-02 15:59:29.498213,2019-12-02 16:44:11.177501,2019-12-02 16:44:46.177501,2019-12-02 17:00:04.842651,Replace,9,43,42,0 days 00:00:35.000000000,0 days 00:15:54.498213000
15,2019-12-02 16:50:00.000000,2019-12-02 16:50:55.000000,2019-12-02 17:09:55.471897,2019-12-02 17:10:06.894107,,,,Onsite,9,43,42,0 days 00:00:55.000000000,0 days 00:19:11.894107000
16,2019-12-02 17:54:00.000000,2019-12-02 17:54:25.000000,2019-12-02 18:12:34.647056,2019-12-02 18:12:39.288956,,,,Onsite,9,43,42,0 days 00:00:25.000000000,0 days 00:18:14.288956000
17,2019-12-02 18:58:00.000000,2019-12-02 18:58:35.000000,2019-12-02 19:13:11.027190,2019-12-02 19:13:14.595368,,,,Onsite,9,43,42,0 days 00:00:35.000000000,0 days 00:14:39.595368000
18,2019-12-02 20:10:00.000000,2019-12-02 20:10:55.000000,2019-12-02 20:28:43.402902,2019-12-02 20:28:59.619924,,,,Onsite,9,43,42,0 days 00:00:55.000000000,0 days 00:18:04.619924000
19,2019-12-02 21:16:00.000000,2019-12-02 21:16:45.000000,2019-12-02 21:31:55.492930,2019-12-02 21:32:40.492930,2019-12-02 22:02:47.483453,2019-12-02 22:03:32.483453,2019-12-02 22:18:48.667308,Replace,9,43,42,0 days 00:00:45.000000000,0 days 00:15:55.492930000
20,2019-12-02 22:21:00.000000,2019-12-02 22:21:25.000000,2019-12-02 22:37:59.476730,2019-12-02 22:38:33.469667,,,,Onsite,9,43,42,0 days 00:00:25.000000000,0 days 00:17:08.469667000
0,2019-12-02 01:25:00.000000,2019-12-02 00:00:55.000000,2019-12-02 00:17:06.251161,2019-12-02 00:18:01.251161,2019-12-02 00:55:50.401472,2019-12-02 00:56:45.401472,2019-12-02 01:11:12.396642,Replace,1,43,43,-1 days +22:35:55.000000000,0 days 00:17:06.251161000
1,2019-12-02 00:55:00.000000,2019-12-02 00:55:45.000000,2019-12-02 01:11:14.836175,2019-12-02 01:11:25.872101,,,,Onsite,1,43,43,0 days 00:00:45.000000000,0 days 00:15:40.872101000
2,2019-12-02 02:06:00.000000,2019-12-02 02:06:30.000000,2019-12-02 02:24:46.847495,2019-12-02 02:25:16.847495,2019-12-02 03:12:39.258296,2019-12-02 03:13:09.258296,2019-12-02 03:30:47.011898,Replace,1,43,43,0 days 00:00:30.000000000,0 days 00:18:46.847495000
3,2019-12-02 03:15:00.000000,2019-12-02 03:15:30.000000,2019-12-02 03:27:07.503033,2019-12-02 03:27:13.330774,,,,Onsite,1,43,43,0 days 00:00:30.000000000,0 days 00:11:43.330774000
4,2019-12-02 04:25:00.000000,2019-12-02 04:25:45.000000,2019-12-02 04:49:25.624269,2019-12-02 04:50:10.624269,2019-12-02 05:27:09.313357,2019-12-02 05:27:54.313357,2019-12-02 05:47:07.283465,Replace,1,43,43,0 days 00:00:45.000000000,0 days 00:24:25.624269000
5,2019-12-02 05:38:00.000000,2019-12-02 05:38:35.000000,2019-12-02 05:52:01.845174,2019-12-02 05:52:36.845174,2019-12-02 06:45:14.064501,2019-12-02 06:45:49.064501,2019-12-02 07:01:04.527575,Replace,1,43,43,0 days 00:00:35.000000000,0 days 00:14:01.845174000
6,2019-12-02 06:47:00.000000,2019-12-02 06:47:45.000000,2019-12-02 07:01:51.149085,2019-12-02 07:02:01.791398,,,,Onsite,1,43,43,0 days 00:00:45.000000000,0 days 00:14:16.791398000
7,2019-12-02 08:03:00.000000,2019-12-02 08:03:45.000000,2019-12-02 08:16:00.374537,2019-12-02 08:16:45.374537,2019-12-02 08:56:24.147369,2019-12-02 08:57:09.147369,2019-12-02 09:19:02.217428,Replace,1,43,43,0 days 00:00:45.000000000,0 days 00:13:00.374537000
8,2019-12-02 09:07:00.000000,2019-12-02 09:07:25.000000,2019-12-02 09:24:44.973146,2019-12-02 09:25:09.973146,2019-12-02 10:00:34.044891,2019-12-02 10:00:59.044891,2019-12-02 10:16:23.734854,Replace,1,43,43,0 days 00:00:25.000000000,0 days 00:17:44.973146000
9,2019-12-02 10:13:00.000000,2019-12-02 10:13:45.000000,2019-12-02 10:28:53.574232,2019-12-02 10:29:38.574232,2019-12-02 11:19:14.738163,2019-12-02 11:19:59.738163,2019-12-02 11:35:29.162593,Replace,1,43,43,0 days 00:00:45.000000000,0 days 00:15:53.574232000
10,2019-12-02 11:21:00.000000,2019-12-02 11:21:45.000000,2019-12-02 11:41:03.238369,2019-12-02 11:41:22.096011,,,,Onsite,1,43,43,0 days 00:00:45.000000000,0 days 00:19:37.096011000
11,2019-12-02 12:21:00.000000,2019-12-02 12:21:35.000000,2019-12-02 12:35:55.015607,2019-12-02 12:36:30.015607,2019-12-02 13:13:43.938673,2019-12-02 13:14:18.938673,2019-12-02 13:28:40.164965,Replace,1,43,43,0 days 00:00:35.000000000,0 days 00:14:55.015607000
12,2019-12-02 13:29:00.000000,2019-12-02 13:29:55.000000,2019-12-02 13:49:51.452056,2019-12-02 13:50:14.336791,,,,Onsite,1,43,43,0 days 00:00:55.000000000,0 days 00:20:19.336791000
13,2019-12-02 14:39:00.000000,2019-12-02 14:39:45.000000,2019-12-02 14:56:22.594677,2019-12-02 14:56:39.377868,,,,Onsite,1,43,43,0 days 00:00:45.000000000,0 days 00:16:54.377868000
14,2019-12-02 15:58:00.000000,2019-12-02 15:58:30.000000,2019-12-02 16:10:13.235219,2019-12-02 16:10:24.660364,,,,Onsite,1,43,43,0 days 00:00:30.000000000,0 days 00:11:54.660364000
15,2019-12-02 16:50:00.000000,2019-12-02 16:50:35.000000,2019-12-02 17:05:34.815068,2019-12-02 17:06:09.815068,2019-12-02 17:28:11.087526,2019-12-02 17:28:46.087526,2019-12-02 17:45:59.059032,Replace,1,43,43,0 days 00:00:35.000000000,0 days 00:15:34.815068000
16,2019-12-02 17:54:00.000000,2019-12-02 17:54:55.000000,2019-12-02 18:10:22.499228,2019-12-02 18:10:46.315343,,,,Onsite,1,43,43,0 days 00:00:55.000000000,0 days 00:15:51.315343000
17,2019-12-02 18:54:00.000000,2019-12-02 18:54:45.000000,2019-12-02 19:12:31.424570,2019-12-02 19:13:16.424570,2019-12-02 19:53:37.596849,2019-12-02 19:54:22.596849,2019-12-02 20:13:47.095161,Replace,1,43,43,0 days 00:00:45.000000000,0 days 00:18:31.424570000
18,2019-12-02 19:49:00.000000,2019-12-02 19:49:35.000000,2019-12-02 20:04:19.376669,2019-12-02 20:04:54.376669,2019-12-02 20:43:46.959668,2019-12-02 20:44:21.959668,2019-12-02 21:03:15.012068,Replace,1,43,43,0 days 00:00:35.000000000,0 days 00:15:19.376669000
19,2019-12-02 20:53:00.000000,2019-12-02 20:53:45.000000,2019-12-02 21:10:00.740867,2019-12-02 21:10:45.740867,2019-12-02 21:37:12.085895,2019-12-02 21:37:57.085895,2019-12-02 22:02:00.692466,Replace,1,43,43,0 days 00:00:45.000000000,0 days 00:17:00.740867000
20,2019-12-02 21:50:00.000000,2019-12-02 21:50:45.000000,2019-12-02 22:04:10.679785,2019-12-02 22:04:55.679785,2019-12-02 22:38:05.497606,2019-12-02 22:38:50.497606,2019-12-02 22:54:16.209980,Replace,1,43,43,0 days 00:00:45.000000000,0 days 00:14:10.679785000
0,2019-12-02 01:12:00.000000,2019-12-02 00:00:35.000000,2019-12-02 00:17:59.304917,2019-12-02 00:18:34.304917,2019-12-02 00:48:36.376814,2019-12-02 00:49:11.376814,2019-12-02 01:03:47.767146,Replace,2,43,43,-1 days +22:48:35.000000000,0 days 00:17:59.304917000
1,2019-12-02 01:03:00.000000,2019-12-02 01:03:35.000000,2019-12-02 01:22:03.055956,2019-12-02 01:22:16.863556,,,,Onsite,2,43,43,0 days 00:00:35.000000000,0 days 00:18:41.863556000
2,2019-12-02 02:04:00.000000,2019-12-02 02:04:35.000000,2019-12-02 02:18:29.345251,2019-12-02 02:19:07.190878,,,,Onsite,2,43,43,0 days 00:00:35.000000000,0 days 00:14:32.190878000
3,2019-12-02 02:55:00.000000,2019-12-02 02:55:55.000000,2019-12-02 03:15:15.627297,2019-12-02 03:16:10.627297,2019-12-02 03:52:36.658850,2019-12-02 03:53:31.658850,2019-12-02 04:14:01.513967,Replace,2,43,43,0 days 00:00:55.000000000,0 days 00:20:15.627297000
4,2019-12-02 03:54:00.000000,2019-12-02 03:54:45.000000,2019-12-02 04:11:54.051177,2019-12-02 04:12:02.798696,,,,Onsite,2,43,43,0 days 00:00:45.000000000,0 days 00:17:17.798696000
5,2019-12-02 05:01:00.000000,2019-12-02 05:01:35.000000,2019-12-02 05:17:24.885499,2019-12-02 05:17:59.885499,2019-12-02 05:51:49.741145,2019-12-02 05:52:24.741145,2019-12-02 06:11:26.006293,Replace,2,43,43,0 days 00:00:35.000000000,0 days 00:16:24.885499000
6,2019-12-02 06:15:00.000000,2019-12-02 06:15:35.000000,2019-12-02 06:26:27.583509,2019-12-02 06:26:33.829110,,,,Onsite,2,43,43,0 days 00:00:35.000000000,0 days 00:10:58.829110000
7,2019-12-02 07:27:00.000000,2019-12-02 07:27:30.000000,2019-12-02 07:38:24.789438,2019-12-02 07:38:54.789438,2019-12-02 08:17:40.487028,2019-12-02 08:18:10.487028,2019-12-02 08:37:54.402860,Replace,2,43,43,0 days 00:00:30.000000000,0 days 00:11:24.789438000
8,2019-12-02 08:31:00.000000,2019-12-02 08:31:25.000000,2019-12-02 08:49:25.196365,2019-12-02 08:49:50.196365,2019-12-02 09:44:07.845528,2019-12-02 09:44:32.845528,2019-12-02 09:57:34.695245,Replace,2,43,43,0 days 00:00:25.000000000,0 days 00:18:25.196365000
9,2019-12-02 09:41:00.000000,2019-12-02 09:41:30.000000,2019-12-02 09:57:49.253385,2019-12-02 09:57:59.512527,,,,Onsite,2,43,43,0 days 00:00:30.000000000,0 days 00:16:29.512527000
10,2019-12-02 10:35:00.000000,2019-12-02 10:35:30.000000,2019-12-02 10:50:06.723069,2019-12-02 10:50:36.723069,2019-12-02 11:14:33.510369,2019-12-02 11:15:03.510369,2019-12-02 11:35:06.956355,Replace,2,43,43,0 days 00:00:30.000000000,0 days 00:15:06.723069000
11,2019-12-02 11:31:00.000000,2019-12-02 11:31:45.000000,2019-12-02 11:49:57.555595,2019-12-02 11:50:13.681653,,,,Onsite,2,43,43,0 days 00:00:45.000000000,0 days 00:18:28.681653000
12,2019-12-02 12:36:00.000000,2019-12-02 12:36:35.000000,2019-12-02 12:53:05.477972,2019-12-02 12:53:20.372950,,,,Onsite,2,43,43,0 days 00:00:35.000000000,0 days 00:16:45.372950000
13,2019-12-02 13:45:00.000000,2019-12-02 13:45:35.000000,2019-12-02 14:05:01.368758,2019-12-02 14:05:08.704520,,,,Onsite,2,43,43,0 days 00:00:35.000000000,0 days 00:19:33.704520000
14,2019-12-02 14:46:00.000000,2019-12-02 14:46:55.000000,2019-12-02 15:07:45.105280,2019-12-02 15:07:50.657932,,,,Onsite,2,43,43,0 days 00:00:55.000000000,0 days 00:20:55.657932000
15,2019-12-02 15:41:00.000000,2019-12-02 15:41:30.000000,2019-12-02 15:51:54.626531,2019-12-02 15:52:24.626531,2019-12-02 16:27:14.026943,2019-12-02 16:27:44.026943,2019-12-02 16:41:33.296409,Replace,2,43,43,0 days 00:00:30.000000000,0 days 00:10:54.626531000
16,2019-12-02 16:41:00.000000,2019-12-02 16:41:25.000000,2019-12-02 16:58:05.513413,2019-12-02 16:58:14.505527,,,,Onsite,2,43,43,0 days 00:00:25.000000000,0 days 00:16:49.505527000
17,2019-12-02 17:44:00.000000,2019-12-02 17:44:55.000000,2019-12-02 17:59:06.113451,2019-12-02 18:00:01.113451,2019-12-02 18:46:43.599863,2019-12-02 18:47:38.599863,2019-12-02 19:03:46.614203,Replace,2,43,43,0 days 00:00:55.000000000,0 days 00:15:06.113451000
18,2019-12-02 18:58:00.000000,2019-12-02 18:58:30.000000,2019-12-02 19:16:08.973514,2019-12-02 19:16:26.851824,,,,Onsite,2,43,43,0 days 00:00:30.000000000,0 days 00:17:56.851824000
19,2019-12-02 20:22:00.000000,2019-12-02 20:22:45.000000,2019-12-02 20:36:24.509249,2019-12-02 20:37:09.509249,2019-12-02 21:24:04.877034,2019-12-02 21:24:49.877034,2019-12-02 21:39:03.186455,Replace,2,43,43,0 days 00:00:45.000000000,0 days 00:14:24.509249000
20,2019-12-02 21:27:00.000000,2019-12-02 21:27:50.000000,2019-12-02 21:39:33.349539,2019-12-02 21:39:44.380310,,,,Onsite,2,43,43,0 days 00:00:50.000000000,0 days 00:11:54.380310000
0,2019-12-02 01:13:00.000000,2019-12-02 00:00:45.000000,2019-12-02 00:16:27.718692,2019-12-02 00:17:12.718692,2019-12-02 00:47:35.797068,2019-12-02 00:48:20.797068,2019-12-02 01:07:31.100520,Replace,3,43,43,-1 days +22:47:45.000000000,0 days 00:16:27.718692000
1,2019-12-02 01:09:00.000000,2019-12-02 01:09:45.000000,2019-12-02 01:23:37.176710,2019-12-02 01:24:22.176710,2019-12-02 01:56:42.880875,2019-12-02 01:57:27.880875,2019-12-02 02:09:53.842204,Replace,3,43,43,0 days 00:00:45.000000000,0 days 00:14:37.176710000
2,2019-12-02 02:35:00.000000,2019-12-02 02:35:30.000000,2019-12-02 02:52:02.667266,2019-12-02 02:52:32.667266,2019-12-02 03:41:29.375617,2019-12-02 03:41:59.375617,2019-12-02 04:00:47.837866,Replace,3,43,43,0 days 00:00:30.000000000,0 days 00:17:02.667266000
3,2019-12-02 03:33:00.000000,2019-12-02 03:33:45.000000,2019-12-02 03:41:56.100932,2019-12-02 03:42:41.100932,2019-12-02 04:15:15.380917,2019-12-02 04:16:00.380917,2019-12-02 04:31:03.089273,Replace,3,43,43,0 days 00:00:45.000000000,0 days 00:08:56.100932000
4,2019-12-02 04:28:00.000000,2019-12-02 04:28:45.000000,2019-12-02 04:43:11.017711,2019-12-02 04:43:25.301264,,,,Onsite,3,43,43,0 days 00:00:45.000000000,0 days 00:14:40.301264000
5,2019-12-02 05:39:00.000000,2019-12-02 05:39:25.000000,2019-12-02 05:55:45.720255,2019-12-02 05:55:50.290387,,,,Onsite,3,43,43,0 days 00:00:25.000000000,0 days 00:16:25.290387000
6,2019-12-02 07:01:00.000000,2019-12-02 07:01:30.000000,2019-12-02 07:16:13.471154,2019-12-02 07:16:43.471154,2019-12-02 07:57:22.948896,2019-12-02 07:57:52.948896,2019-12-02 08:19:24.098641,Replace,3,43,43,0 days 00:00:30.000000000,0 days 00:15:13.471154000
7,2019-12-02 08:10:00.000000,2019-12-02 08:10:25.000000,2019-12-02 08:21:06.750239,2019-12-02 08:21:31.750239,2019-12-02 08:56:09.848158,2019-12-02 08:56:34.848158,2019-12-02 09:13:43.800258,Replace,3,43,43,0 days 00:00:25.000000000,0 days 00:11:06.750239000
8,2019-12-02 09:22:00.000000,2019-12-02 09:22:45.000000,2019-12-02 09:36:58.848888,2019-12-02 09:37:43.848888,2019-12-02 10:08:18.262367,2019-12-02 10:09:03.262367,2019-12-02 10:23:24.062583,Replace,3,43,43,0 days 00:00:45.000000000,0 days 00:14:58.848888000
9,2019-12-02 10:22:00.000000,2019-12-02 10:22:30.000000,2019-12-02 10:35:10.794111,2019-12-02 10:35:24.883901,,,,Onsite,3,43,43,0 days 00:00:30.000000000,0 days 00:12:54.883901000
10,2019-12-02 11:23:00.000000,2019-12-02 11:23:45.000000,2019-12-02 11:38:25.540977,2019-12-02 11:39:10.540977,2019-12-02 12:06:51.731831,2019-12-02 12:07:36.731831,2019-12-02 12:26:09.212076,Replace,3,43,43,0 days 00:00:45.000000000,0 days 00:15:25.540977000
11,2019-12-02 12:38:00.000000,2019-12-02 12:38:45.000000,2019-12-02 12:53:24.734996,2019-12-02 12:54:09.734996,2019-12-02 13:19:26.652604,2019-12-02 13:20:11.652604,2019-12-02 13:34:38.572185,Replace,3,43,43,0 days 00:00:45.000000000,0 days 00:15:24.734996000
12,2019-12-02 13:48:00.000000,2019-12-02 13:48:45.000000,2019-12-02 14:06:51.902952,2019-12-02 14:07:16.410407,,,,Onsite,3,43,43,0 days 00:00:45.000000000,0 days 00:18:31.410407000
13,2019-12-02 14:46:00.000000,2019-12-02 14:46:25.000000,2019-12-02 14:59:42.215952,2019-12-02 15:00:07.215952,2019-12-02 15:31:16.350038,2019-12-02 15:31:41.350038,2019-12-02 15:50:15.232619,Replace,3,43,43,0 days 00:00:25.000000000,0 days 00:13:42.215952000
14,2019-12-02 15:49:00.000000,2019-12-02 15:49:50.000000,2019-12-02 16:04:15.357668,2019-12-02 16:05:05.357668,2019-12-02 16:53:32.037389,2019-12-02 16:54:22.037389,2019-12-02 17:15:28.222750,Replace,3,43,43,0 days 00:00:50.000000000,0 days 00:15:15.357668000
15,2019-12-02 17:12:00.000000,2019-12-02 17:12:30.000000,2019-12-02 17:28:44.620573,2019-12-02 17:29:14.620573,2019-12-02 17:52:00.462307,2019-12-02 17:52:30.462307,2019-12-02 18:09:13.839588,Replace,3,43,43,0 days 00:00:30.000000000,0 days 00:16:44.620573000
16,2019-12-02 18:19:00.000000,2019-12-02 18:19:25.000000,2019-12-02 18:33:02.610430,2019-12-02 18:33:27.610430,2019-12-02 19:10:28.852630,2019-12-02 19:10:53.852630,2019-12-02 19:25:08.878971,Replace,3,43,43,0 days 00:00:25.000000000,0 days 00:14:02.610430000
17,2019-12-02 19:33:00.000000,2019-12-02 19:33:25.000000,2019-12-02 19:53:16.593769,2019-12-02 19:53:41.593769,2019-12-02 20:20:53.438084,2019-12-02 20:21:18.438084,2019-12-02 20:32:31.847030,Replace,3,43,43,0 days 00:00:25.000000000,0 days 00:20:16.593769000
18,2019-12-02 20:30:00.000000,2019-12-02 20:30:45.000000,2019-12-02 20:42:37.054463,2019-12-02 20:42:58.512741,,,,Onsite,3,43,43,0 days 00:00:45.000000000,0 days 00:12:13.512741000
19,2019-12-02 21:35:00.000000,2019-12-02 21:35:35.000000,2019-12-02 21:49:39.341663,2019-12-02 21:49:48.650885,,,,Onsite,3,43,43,0 days 00:00:35.000000000,0 days 00:14:13.650885000
0,2019-12-02 01:10:00.000000,2019-12-02 00:00:30.000000,2019-12-02 00:16:40.374729,2019-12-02 00:17:10.374729,2019-12-02 00:44:31.069907,2019-12-02 00:45:01.069907,2019-12-02 00:57:25.130787,Replace,4,43,43,-1 days +22:50:30.000000000,0 days 00:16:40.374729000
1,2019-12-02 01:04:00.000000,2019-12-02 01:04:35.000000,2019-12-02 01:18:59.865938,2019-12-02 01:19:14.420482,,,,Onsite,4,43,43,0 days 00:00:35.000000000,0 days 00:14:39.420482000
2,2019-12-02 02:19:00.000000,2019-12-02 02:19:45.000000,2019-12-02 02:33:36.270412,2019-12-02 02:33:52.879118,,,,Onsite,4,43,43,0 days 00:00:45.000000000,0 days 00:14:07.879118000
3,2019-12-02 03:12:00.000000,2019-12-02 03:12:50.000000,2019-12-02 03:24:51.704618,2019-12-02 03:25:10.876658,,,,Onsite,4,43,43,0 days 00:00:50.000000000,0 days 00:12:20.876658000
4,2019-12-02 04:14:00.000000,2019-12-02 04:14:55.000000,2019-12-02 04:27:11.394580,2019-12-02 04:27:19.369038,,,,Onsite,4,43,43,0 days 00:00:55.000000000,0 days 00:12:24.369038000
5,2019-12-02 05:23:00.000000,2019-12-02 05:23:50.000000,2019-12-02 05:38:41.550227,2019-12-02 05:39:11.945587,,,,Onsite,4,43,43,0 days 00:00:50.000000000,0 days 00:15:21.945587000
6,2019-12-02 06:29:00.000000,2019-12-02 06:29:35.000000,2019-12-02 06:46:47.482289,2019-12-02 06:47:22.482289,2019-12-02 07:13:01.151413,2019-12-02 07:13:36.151413,2019-12-02 07:36:53.096802,Replace,4,43,43,0 days 00:00:35.000000000,0 days 00:17:47.482289000
7,2019-12-02 07:31:00.000000,2019-12-02 07:31:50.000000,2019-12-02 07:48:51.277101,2019-12-02 07:49:41.277101,2019-12-02 08:16:40.263402,2019-12-02 08:17:30.263402,2019-12-02 08:29:18.221102,Replace,4,43,43,0 days 00:00:50.000000000,0 days 00:17:51.277101000
8,2019-12-02 08:43:00.000000,2019-12-02 08:43:45.000000,2019-12-02 08:59:06.418396,2019-12-02 08:59:20.959270,,,,Onsite,4,43,43,0 days 00:00:45.000000000,0 days 00:15:35.959270000
9,2019-12-02 09:42:00.000000,2019-12-02 09:42:35.000000,2019-12-02 09:58:30.440094,2019-12-02 09:59:05.440094,2019-12-02 10:50:05.749267,2019-12-02 10:50:40.749267,2019-12-02 11:07:20.151437,Replace,4,43,43,0 days 00:00:35.000000000,0 days 00:16:30.440094000
10,2019-12-02 10:43:00.000000,2019-12-02 10:43:35.000000,2019-12-02 10:57:14.166401,2019-12-02 10:57:57.525668,,,,Onsite,4,43,43,0 days 00:00:35.000000000,0 days 00:14:22.525668000
11,2019-12-02 11:49:00.000000,2019-12-02 11:49:35.000000,2019-12-02 12:04:06.170189,2019-12-02 12:04:12.696969,,,,Onsite,4,43,43,0 days 00:00:35.000000000,0 days 00:14:37.696969000
12,2019-12-02 13:13:00.000000,2019-12-02 13:13:55.000000,2019-12-02 13:29:44.431455,2019-12-02 13:30:12.166412,,,,Onsite,4,43,43,0 days 00:00:55.000000000,0 days 00:16:17.166412000
13,2019-12-02 14:19:00.000000,2019-12-02 14:19:45.000000,2019-12-02 14:38:45.318405,2019-12-02 14:39:30.318405,2019-12-02 15:18:33.626383,2019-12-02 15:19:18.626383,2019-12-02 15:34:33.390366,Replace,4,43,43,0 days 00:00:45.000000000,0 days 00:19:45.318405000
14,2019-12-02 15:20:00.000000,2019-12-02 15:20:25.000000,2019-12-02 15:36:38.768793,2019-12-02 15:37:03.768793,2019-12-02 15:59:42.252754,2019-12-02 16:00:07.252754,2019-12-02 16:12:32.515697,Replace,4,43,43,0 days 00:00:25.000000000,0 days 00:16:38.768793000
15,2019-12-02 16:22:00.000000,2019-12-02 16:22:25.000000,2019-12-02 16:37:37.470755,2019-12-02 16:38:02.470755,2019-12-02 17:17:23.006482,2019-12-02 17:17:48.006482,2019-12-02 17:34:04.795897,Replace,4,43,43,0 days 00:00:25.000000000,0 days 00:15:37.470755000
16,2019-12-02 17:28:00.000000,2019-12-02 17:28:45.000000,2019-12-02 17:47:55.762673,2019-12-02 17:48:40.762673,2019-12-02 18:25:04.178322,2019-12-02 18:25:49.178322,2019-12-02 18:38:48.912206,Replace,4,43,43,0 days 00:00:45.000000000,0 days 00:19:55.762673000
17,2019-12-02 18:46:00.000000,2019-12-02 18:46:35.000000,2019-12-02 19:00:20.757653,2019-12-02 19:00:30.664383,,,,Onsite,4,43,43,0 days 00:00:35.000000000,0 days 00:13:55.664383000
18,2019-12-02 19:57:00.000000,2019-12-02 19:57:35.000000,2019-12-02 20:12:42.595499,2019-12-02 20:13:17.595499,2019-12-02 20:49:29.401446,2019-12-02 20:50:04.401446,2019-12-02 21:02:40.043509,Replace,4,43,43,0 days 00:00:35.000000000,0 days 00:15:42.595499000
19,2019-12-02 21:11:00.000000,2019-12-02 21:11:35.000000,2019-12-02 21:28:02.716786,2019-12-02 21:28:37.716786,2019-12-02 22:06:07.934079,2019-12-02 22:06:42.934079,2019-12-02 22:21:47.098480,Replace,4,43,43,0 days 00:00:35.000000000,0 days 00:17:02.716786000
0,2019-12-02 01:12:00.000000,2019-12-02 00:00:35.000000,2019-12-02 00:17:04.604851,2019-12-02 00:17:39.604851,2019-12-02 00:54:58.774488,2019-12-02 00:55:33.774488,2019-12-02 01:13:31.160976,Replace,5,43,43,-1 days +22:48:35.000000000,0 days 00:17:04.604851000
1,2019-12-02 00:58:00.000000,2019-12-02 00:58:25.000000,2019-12-02 01:17:26.906990,2019-12-02 01:17:43.762816,,,,Onsite,5,43,43,0 days 00:00:25.000000000,0 days 00:19:18.762816000
2,2019-12-02 01:55:00.000000,2019-12-02 01:55:30.000000,2019-12-02 02:11:18.205439,2019-12-02 02:11:37.375920,,,,Onsite,5,43,43,0 days 00:00:30.000000000,0 days 00:16:07.375920000
3,2019-12-02 03:12:00.000000,2019-12-02 03:12:55.000000,2019-12-02 03:29:52.720409,2019-12-02 03:30:47.720409,2019-12-02 04:07:01.137682,2019-12-02 04:07:56.137682,2019-12-02 04:21:02.751533,Replace,5,43,43,0 days 00:00:55.000000000,0 days 00:17:52.720409000
4,2019-12-02 04:25:00.000000,2019-12-02 04:25:25.000000,2019-12-02 04:35:19.829899,2019-12-02 04:35:44.829899,2019-12-02 05:14:03.359162,2019-12-02 05:14:28.359162,2019-12-02 05:31:58.594383,Replace,5,43,43,0 days 00:00:25.000000000,0 days 00:10:19.829899000
5,2019-12-02 05:24:00.000000,2019-12-02 05:24:45.000000,2019-12-02 05:46:25.635035,2019-12-02 05:46:43.190464,,,,Onsite,5,43,43,0 days 00:00:45.000000000,0 days 00:21:58.190464000
6,2019-12-02 06:24:00.000000,2019-12-02 06:24:45.000000,2019-12-02 06:34:46.601598,2019-12-02 06:34:57.686038,,,,Onsite,5,43,43,0 days 00:00:45.000000000,0 days 00:10:12.686038000
7,2019-12-02 07:31:00.000000,2019-12-02 07:31:45.000000,2019-12-02 07:50:47.783105,2019-12-02 07:50:54.987993,,,,Onsite,5,43,43,0 days 00:00:45.000000000,0 days 00:19:09.987993000
8,2019-12-02 08:29:00.000000,2019-12-02 08:29:30.000000,2019-12-02 08:44:59.005884,2019-12-02 08:45:13.444925,,,,Onsite,5,43,43,0 days 00:00:30.000000000,0 days 00:15:43.444925000
9,2019-12-02 09:36:00.000000,2019-12-02 09:36:35.000000,2019-12-02 09:53:30.700635,2019-12-02 09:54:05.700635,2019-12-02 10:31:10.269330,2019-12-02 10:31:45.269330,2019-12-02 10:46:13.715685,Replace,5,43,43,0 days 00:00:35.000000000,0 days 00:17:30.700635000
10,2019-12-02 10:54:00.000000,2019-12-02 10:54:30.000000,2019-12-02 11:13:25.652905,2019-12-02 11:13:34.306343,,,,Onsite,5,43,43,0 days 00:00:30.000000000,0 days 00:19:04.306343000
11,2019-12-02 12:18:00.000000,2019-12-02 12:18:45.000000,2019-12-02 12:28:51.001140,2019-12-02 12:29:06.912624,,,,Onsite,5,43,43,0 days 00:00:45.000000000,0 days 00:10:21.912624000
12,2019-12-02 13:24:00.000000,2019-12-02 13:24:30.000000,2019-12-02 13:37:08.138934,2019-12-02 13:37:18.072485,,,,Onsite,5,43,43,0 days 00:00:30.000000000,0 days 00:12:48.072485000
13,2019-12-02 14:39:00.000000,2019-12-02 14:39:50.000000,2019-12-02 14:54:03.662542,2019-12-02 14:54:53.662542,2019-12-02 15:26:49.727108,2019-12-02 15:27:39.727108,2019-12-02 15:43:09.986501,Replace,5,43,43,0 days 00:00:50.000000000,0 days 00:15:03.662542000
14,2019-12-02 15:46:00.000000,2019-12-02 15:46:55.000000,2019-12-02 16:03:24.690450,2019-12-02 16:03:52.720417,,,,Onsite,5,43,43,0 days 00:00:55.000000000,0 days 00:16:57.720417000
15,2019-12-02 17:01:00.000000,2019-12-02 17:01:50.000000,2019-12-02 17:15:43.528546,2019-12-02 17:15:49.977092,,,,Onsite,5,43,43,0 days 00:00:50.000000000,0 days 00:13:59.977092000
16,2019-12-02 18:06:00.000000,2019-12-02 18:06:25.000000,2019-12-02 18:24:23.587163,2019-12-02 18:24:42.364881,,,,Onsite,5,43,43,0 days 00:00:25.000000000,0 days 00:18:17.364881000
17,2019-12-02 19:28:00.000000,2019-12-02 19:28:35.000000,2019-12-02 19:46:49.091169,2019-12-02 19:47:24.091169,2019-12-02 20:31:03.622536,2019-12-02 20:31:38.622536,2019-12-02 20:47:39.554713,Replace,5,43,43,0 days 00:00:35.000000000,0 days 00:18:49.091169000
18,2019-12-02 20:41:00.000000,2019-12-02 20:41:50.000000,2019-12-02 21:01:16.373171,2019-12-02 21:01:36.478847,,,,Onsite,5,43,43,0 days 00:00:50.000000000,0 days 00:19:46.478847000
0,2019-12-02 00:55:00.000000,2019-12-02 00:00:25.000000,2019-12-02 00:16:57.433475,2019-12-02 00:17:17.499035,,,,Onsite,6,43,43,-1 days +23:05:25.000000000,0 days 00:16:52.499035000
1,2019-12-02 01:13:00.000000,2019-12-02 01:13:55.000000,2019-12-02 01:28:46.508037,2019-12-02 01:28:54.980157,,,,Onsite,6,43,43,0 days 00:00:55.000000000,0 days 00:14:59.980157000
2,2019-12-02 02:12:00.000000,2019-12-02 02:12:55.000000,2019-12-02 02:28:09.811722,2019-12-02 02:29:04.811722,2019-12-02 03:02:36.307935,2019-12-02 03:03:31.307935,2019-12-02 03:24:08.729000,Replace,6,43,43,0 days 00:00:55.000000000,0 days 00:16:09.811722000
3,2019-12-02 03:20:00.000000,2019-12-02 03:20:55.000000,2019-12-02 03:36:59.097911,2019-12-02 03:37:18.189633,,,,Onsite,6,43,43,0 days 00:00:55.000000000,0 days 00:16:23.189633000
4,2019-12-02 04:23:00.000000,2019-12-02 04:23:35.000000,2019-12-02 04:40:30.877477,2019-12-02 04:40:34.645636,,,,Onsite,6,43,43,0 days 00:00:35.000000000,0 days 00:16:59.645636000
5,2019-12-02 05:28:00.000000,2019-12-02 05:28:45.000000,2019-12-02 05:42:31.319688,2019-12-02 05:42:50.471415,,,,Onsite,6,43,43,0 days 00:00:45.000000000,0 days 00:14:05.471415000
6,2019-12-02 06:58:00.000000,2019-12-02 06:58:30.000000,2019-12-02 07:14:47.262556,2019-12-02 07:15:12.721848,,,,Onsite,6,43,43,0 days 00:00:30.000000000,0 days 00:16:42.721848000
7,2019-12-02 08:08:00.000000,2019-12-02 08:08:25.000000,2019-12-02 08:28:48.184365,2019-12-02 08:28:56.029100,,,,Onsite,6,43,43,0 days 00:00:25.000000000,0 days 00:20:31.029100000
8,2019-12-02 09:13:00.000000,2019-12-02 09:13:25.000000,2019-12-02 09:29:03.788702,2019-12-02 09:29:28.788702,2019-12-02 10:01:05.844029,2019-12-02 10:01:30.844029,2019-12-02 10:14:23.569045,Replace,6,43,43,0 days 00:00:25.000000000,0 days 00:16:03.788702000
9,2019-12-02 10:32:00.000000,2019-12-02 10:32:55.000000,2019-12-02 10:47:51.561382,2019-12-02 10:48:00.127280,,,,Onsite,6,43,43,0 days 00:00:55.000000000,0 days 00:15:05.127280000
10,2019-12-02 11:45:00.000000,2019-12-02 11:45:50.000000,2019-12-02 12:03:52.654863,2019-12-02 12:04:42.654863,2019-12-02 12:39:07.554713,2019-12-02 12:39:57.554713,2019-12-02 12:58:02.781128,Replace,6,43,43,0 days 00:00:50.000000000,0 days 00:18:52.654863000
11,2019-12-02 12:56:00.000000,2019-12-02 12:56:35.000000,2019-12-02 13:13:57.743586,2019-12-02 13:14:32.743586,2019-12-02 13:47:41.568433,2019-12-02 13:48:16.568433,2019-12-02 14:01:16.401909,Replace,6,43,43,0 days 00:00:35.000000000,0 days 00:17:57.743586000
12,2019-12-02 14:14:00.000000,2019-12-02 14:14:45.000000,2019-12-02 14:26:54.097906,2019-12-02 14:27:11.684167,,,,Onsite,6,43,43,0 days 00:00:45.000000000,0 days 00:12:26.684167000
13,2019-12-02 15:38:00.000000,2019-12-02 15:38:35.000000,2019-12-02 15:50:17.382363,2019-12-02 15:50:52.382363,2019-12-02 16:32:24.445649,2019-12-02 16:32:59.445649,2019-12-02 16:51:25.003925,Replace,6,43,43,0 days 00:00:35.000000000,0 days 00:12:17.382363000
14,2019-12-02 16:50:00.000000,2019-12-02 16:50:45.000000,2019-12-02 17:06:56.873032,2019-12-02 17:07:11.002465,,,,Onsite,6,43,43,0 days 00:00:45.000000000,0 days 00:16:26.002465000
15,2019-12-02 17:50:00.000000,2019-12-02 17:50:35.000000,2019-12-02 18:08:12.718626,2019-12-02 18:08:19.543383,,,,Onsite,6,43,43,0 days 00:00:35.000000000,0 days 00:17:44.543383000
16,2019-12-02 18:52:00.000000,2019-12-02 18:52:45.000000,2019-12-02 19:10:18.836727,2019-12-02 19:11:03.836727,2019-12-02 19:38:59.676705,2019-12-02 19:39:44.676705,2019-12-02 19:59:40.905530,Replace,6,43,43,0 days 00:00:45.000000000,0 days 00:18:18.836727000
17,2019-12-02 20:10:00.000000,2019-12-02 20:10:45.000000,2019-12-02 20:22:12.262081,2019-12-02 20:22:18.950205,,,,Onsite,6,43,43,0 days 00:00:45.000000000,0 days 00:11:33.950205000
18,2019-12-02 21:13:00.000000,2019-12-02 21:13:25.000000,2019-12-02 21:26:40.618142,2019-12-02 21:27:01.443737,,,,Onsite,6,43,43,0 days 00:00:25.000000000,0 days 00:13:36.443737000
0,2019-12-02 00:54:00.000000,2019-12-02 00:00:25.000000,2019-12-02 00:17:45.874659,2019-12-02 00:18:10.874659,2019-12-02 00:45:11.305968,2019-12-02 00:45:36.305968,2019-12-02 01:02:23.600249,Replace,7,43,43,-1 days +23:06:25.000000000,0 days 00:17:45.874659000
1,2019-12-02 00:59:00.000000,2019-12-02 00:59:45.000000,2019-12-02 01:18:18.269270,2019-12-02 01:18:24.360970,,,,Onsite,7,43,43,0 days 00:00:45.000000000,0 days 00:18:39.360970000
2,2019-12-02 02:02:00.000000,2019-12-02 02:02:55.000000,2019-12-02 02:17:34.235556,2019-12-02 02:18:29.235556,2019-12-02 03:01:51.835613,2019-12-02 03:02:46.835613,2019-12-02 03:15:05.531926,Replace,7,43,43,0 days 00:00:55.000000000,0 days 00:15:34.235556000
3,2019-12-02 03:08:00.000000,2019-12-02 03:08:35.000000,2019-12-02 03:24:05.703280,2019-12-02 03:24:40.703280,2019-12-02 04:14:30.353167,2019-12-02 04:15:05.353167,2019-12-02 04:27:07.499901,Replace,7,43,43,0 days 00:00:35.000000000,0 days 00:16:05.703280000
4,2019-12-02 04:12:00.000000,2019-12-02 04:12:45.000000,2019-12-02 04:28:02.896958,2019-12-02 04:28:47.896958,2019-12-02 04:58:05.793361,2019-12-02 04:58:50.793361,2019-12-02 05:12:07.503250,Replace,7,43,43,0 days 00:00:45.000000000,0 days 00:16:02.896958000
5,2019-12-02 05:19:00.000000,2019-12-02 05:19:30.000000,2019-12-02 05:37:38.294465,2019-12-02 05:38:08.294465,2019-12-02 06:10:17.938583,2019-12-02 06:10:47.938583,2019-12-02 06:27:15.242127,Replace,7,43,43,0 days 00:00:30.000000000,0 days 00:18:38.294465000
6,2019-12-02 06:20:00.000000,2019-12-02 06:20:25.000000,2019-12-02 06:36:15.918951,2019-12-02 06:36:40.918951,2019-12-02 06:57:46.446391,2019-12-02 06:58:11.446391,2019-12-02 07:19:01.298450,Replace,7,43,43,0 days 00:00:25.000000000,0 days 00:16:15.918951000
7,2019-12-02 07:51:00.000000,2019-12-02 07:51:50.000000,2019-12-02 08:09:50.865734,2019-12-02 08:10:40.865734,2019-12-02 08:51:21.878406,2019-12-02 08:52:11.878406,2019-12-02 09:07:38.661369,Replace,7,43,43,0 days 00:00:50.000000000,0 days 00:18:50.865734000
8,2019-12-02 08:49:00.000000,2019-12-02 08:49:45.000000,2019-12-02 09:06:05.116258,2019-12-02 09:06:50.116258,2019-12-02 09:36:45.268110,2019-12-02 09:37:30.268110,2019-12-02 09:56:10.431174,Replace,7,43,43,0 days 00:00:45.000000000,0 days 00:17:05.116258000
9,2019-12-02 10:09:00.000000,2019-12-02 10:09:45.000000,2019-12-02 10:25:19.830029,2019-12-02 10:26:04.830029,2019-12-02 10:53:47.780257,2019-12-02 10:54:32.780257,2019-12-02 11:15:33.874457,Replace,7,43,43,0 days 00:00:45.000000000,0 days 00:16:19.830029000
10,2019-12-02 11:08:00.000000,2019-12-02 11:08:25.000000,2019-12-02 11:23:33.057995,2019-12-02 11:23:58.057995,2019-12-02 11:49:40.235985,2019-12-02 11:50:05.235985,2019-12-02 12:07:39.744962,Replace,7,43,43,0 days 00:00:25.000000000,0 days 00:15:33.057995000
11,2019-12-02 12:06:00.000000,2019-12-02 12:06:45.000000,2019-12-02 12:21:15.739543,2019-12-02 12:22:00.739543,2019-12-02 12:59:28.087426,2019-12-02 13:00:13.087426,2019-12-02 13:20:37.729148,Replace,7,43,43,0 days 00:00:45.000000000,0 days 00:15:15.739543000
12,2019-12-02 13:19:00.000000,2019-12-02 13:19:25.000000,2019-12-02 13:36:37.687482,2019-12-02 13:37:02.687482,2019-12-02 14:15:22.726794,2019-12-02 14:15:47.726794,2019-12-02 14:32:26.142858,Replace,7,43,43,0 days 00:00:25.000000000,0 days 00:17:37.687482000
13,2019-12-02 14:46:00.000000,2019-12-02 14:46:35.000000,2019-12-02 15:07:14.045478,2019-12-02 15:07:29.151821,,,,Onsite,7,43,43,0 days 00:00:35.000000000,0 days 00:20:54.151821000
14,2019-12-02 15:51:00.000000,2019-12-02 15:51:35.000000,2019-12-02 16:11:21.585289,2019-12-02 16:11:36.721821,,,,Onsite,7,43,43,0 days 00:00:35.000000000,0 days 00:20:01.721821000
15,2019-12-02 16:58:00.000000,2019-12-02 16:58:35.000000,2019-12-02 17:16:56.346445,2019-12-02 17:17:31.346445,2019-12-02 17:44:04.040182,2019-12-02 17:44:39.040182,2019-12-02 17:57:51.716118,Replace,7,43,43,0 days 00:00:35.000000000,0 days 00:18:56.346445000
16,2019-12-02 17:48:00.000000,2019-12-02 17:48:45.000000,2019-12-02 18:05:04.894406,2019-12-02 18:05:49.894406,2019-12-02 18:29:48.370589,2019-12-02 18:30:33.370589,2019-12-02 18:44:59.518076,Replace,7,43,43,0 days 00:00:45.000000000,0 days 00:17:04.894406000
17,2019-12-02 18:54:00.000000,2019-12-02 18:54:25.000000,2019-12-02 19:12:43.350520,2019-12-02 19:13:09.017500,,,,Onsite,7,43,43,0 days 00:00:25.000000000,0 days 00:18:44.017500000
18,2019-12-02 19:53:00.000000,2019-12-02 19:53:55.000000,2019-12-02 20:08:17.362697,2019-12-02 20:09:12.362697,2019-12-02 20:43:51.373760,2019-12-02 20:44:46.373760,2019-12-02 20:58:33.260528,Replace,7,43,43,0 days 00:00:55.000000000,0 days 00:15:17.362697000
19,2019-12-02 20:58:00.000000,2019-12-02 20:58:45.000000,2019-12-02 21:13:15.371043,2019-12-02 21:14:00.371043,2019-12-02 21:45:18.004823,2019-12-02 21:46:03.004823,2019-12-02 22:03:49.914835,Replace,7,43,43,0 days 00:00:45.000000000,0 days 00:15:15.371043000
20,2019-12-02 22:00:00.000000,2019-12-02 22:00:35.000000,2019-12-02 22:14:50.988951,2019-12-02 22:15:17.509239,,,,Onsite,7,43,43,0 days 00:00:35.000000000,0 days 00:14:42.509239000
0,2019-12-02 01:09:00.000000,2019-12-02 00:00:45.000000,2019-12-02 00:14:14.952559,2019-12-02 00:14:59.952559,2019-12-02 00:43:58.790098,2019-12-02 00:44:43.790098,2019-12-02 00:57:43.094571,Replace,8,43,43,-1 days +22:51:45.000000000,0 days 00:14:14.952559000
1,2019-12-02 01:12:00.000000,2019-12-02 01:12:50.000000,2019-12-02 01:31:24.612976,2019-12-02 01:32:14.612976,2019-12-02 02:02:40.561992,2019-12-02 02:03:30.561992,2019-12-02 02:22:38.731544,Replace,8,43,43,0 days 00:00:50.000000000,0 days 00:19:24.612976000
2,2019-12-02 02:05:00.000000,2019-12-02 02:05:35.000000,2019-12-02 02:24:01.491288,2019-12-02 02:24:36.491288,2019-12-02 03:02:34.974795,2019-12-02 03:03:09.974795,2019-12-02 03:19:14.984301,Replace,8,43,43,0 days 00:00:35.000000000,0 days 00:19:01.491288000
3,2019-12-02 03:04:00.000000,2019-12-02 03:04:45.000000,2019-12-02 03:21:41.373672,2019-12-02 03:21:45.283295,,,,Onsite,8,43,43,0 days 00:00:45.000000000,0 days 00:17:00.283295000
4,2019-12-02 04:04:00.000000,2019-12-02 04:04:45.000000,2019-12-02 04:15:23.300364,2019-12-02 04:15:37.144826,,,,Onsite,8,43,43,0 days 00:00:45.000000000,0 days 00:10:52.144826000
5,2019-12-02 05:13:00.000000,2019-12-02 05:13:35.000000,2019-12-02 05:34:06.948717,2019-12-02 05:34:41.948717,2019-12-02 06:24:53.859485,2019-12-02 06:25:28.859485,2019-12-02 06:42:17.856418,Replace,8,43,43,0 days 00:00:35.000000000,0 days 00:21:06.948717000
6,2019-12-02 06:24:00.000000,2019-12-02 06:24:35.000000,2019-12-02 06:40:38.637496,2019-12-02 06:40:56.041547,,,,Onsite,8,43,43,0 days 00:00:35.000000000,0 days 00:16:21.041547000
7,2019-12-02 07:44:00.000000,2019-12-02 07:44:35.000000,2019-12-02 07:57:05.438387,2019-12-02 07:57:40.438387,2019-12-02 08:40:47.979927,2019-12-02 08:41:22.979927,2019-12-02 08:56:13.042114,Replace,8,43,43,0 days 00:00:35.000000000,0 days 00:13:05.438387000
8,2019-12-02 08:40:00.000000,2019-12-02 08:40:45.000000,2019-12-02 08:57:39.332518,2019-12-02 08:58:24.332518,2019-12-02 09:54:46.279469,2019-12-02 09:55:31.279469,2019-12-02 10:11:07.796753,Replace,8,43,43,0 days 00:00:45.000000000,0 days 00:17:39.332518000
9,2019-12-02 09:46:00.000000,2019-12-02 09:46:25.000000,2019-12-02 10:01:18.489487,2019-12-02 10:01:43.489487,2019-12-02 10:32:36.463075,2019-12-02 10:33:01.463075,2019-12-02 10:53:36.849856,Replace,8,43,43,0 days 00:00:25.000000000,0 days 00:15:18.489487000
10,2019-12-02 10:55:00.000000,2019-12-02 10:55:25.000000,2019-12-02 11:15:38.996988,2019-12-02 11:16:03.996988,2019-12-02 12:02:13.817067,2019-12-02 12:02:38.817067,2019-12-02 12:25:18.668989,Replace,8,43,43,0 days 00:00:25.000000000,0 days 00:20:38.996988000
11,2019-12-02 12:00:00.000000,2019-12-02 12:00:55.000000,2019-12-02 12:14:52.972835,2019-12-02 12:15:47.972835,2019-12-02 12:46:24.244196,2019-12-02 12:47:19.244196,2019-12-02 13:00:53.242843,Replace,8,43,43,0 days 00:00:55.000000000,0 days 00:14:52.972835000
12,2019-12-02 12:58:00.000000,2019-12-02 12:58:25.000000,2019-12-02 13:14:38.814981,2019-12-02 13:15:03.814981,2019-12-02 13:43:31.367674,2019-12-02 13:43:56.367674,2019-12-02 14:02:05.793502,Replace,8,43,43,0 days 00:00:25.000000000,0 days 00:16:38.814981000
13,2019-12-02 14:04:00.000000,2019-12-02 14:04:45.000000,2019-12-02 14:21:14.895448,2019-12-02 14:21:59.895448,2019-12-02 15:07:58.678648,2019-12-02 15:08:43.678648,2019-12-02 15:26:37.840419,Replace,8,43,43,0 days 00:00:45.000000000,0 days 00:17:14.895448000
14,2019-12-02 15:25:00.000000,2019-12-02 15:25:35.000000,2019-12-02 15:39:42.263437,2019-12-02 15:40:01.596775,,,,Onsite,8,43,43,0 days 00:00:35.000000000,0 days 00:14:26.596775000
15,2019-12-02 16:54:00.000000,2019-12-02 16:54:45.000000,2019-12-02 17:15:58.693049,2019-12-02 17:16:43.693049,2019-12-02 17:54:33.934087,2019-12-02 17:55:18.934087,2019-12-02 18:11:22.170661,Replace,8,43,43,0 days 00:00:45.000000000,0 days 00:21:58.693049000
16,2019-12-02 18:16:00.000000,2019-12-02 18:16:30.000000,2019-12-02 18:27:31.914221,2019-12-02 18:28:01.914221,2019-12-02 19:03:39.283229,2019-12-02 19:04:09.283229,2019-12-02 19:24:20.444326,Replace,8,43,43,0 days 00:00:30.000000000,0 days 00:11:31.914221000
17,2019-12-02 19:32:00.000000,2019-12-02 19:32:45.000000,2019-12-02 19:44:56.527611,2019-12-02 19:45:41.527611,2019-12-02 20:24:16.932935,2019-12-02 20:25:01.932935,2019-12-02 20:40:38.787642,Replace,8,43,43,0 days 00:00:45.000000000,0 days 00:12:56.527611000
18,2019-12-02 20:46:00.000000,2019-12-02 20:46:55.000000,2019-12-02 21:00:07.703922,2019-12-02 21:01:02.703922,2019-12-02 21:39:00.561937,2019-12-02 21:39:55.561937,2019-12-02 22:01:53.866205,Replace,8,43,43,0 days 00:00:55.000000000,0 days 00:14:07.703922000
19,2019-12-02 22:15:00.000000,2019-12-02 22:15:50.000000,2019-12-02 22:34:54.533576,2019-12-02 22:35:13.500159,,,,Onsite,8,43,43,0 days 00:00:50.000000000,0 days 00:19:23.500159000
0,2019-12-02 01:16:00.000000,2019-12-02 00:00:30.000000,2019-12-02 00:13:16.146608,2019-12-02 00:13:21.571985,,,,Onsite,9,43,43,-1 days +22:44:30.000000000,0 days 00:12:51.571985000
1,2019-12-02 01:07:00.000000,2019-12-02 01:07:30.000000,2019-12-02 01:22:46.910927,2019-12-02 01:23:16.910927,2019-12-02 01:52:56.533624,2019-12-02 01:53:26.533624,2019-12-02 02:04:48.555905,Replace,9,43,43,0 days 00:00:30.000000000,0 days 00:15:46.910927000
2,2019-12-02 02:08:00.000000,2019-12-02 02:08:55.000000,2019-12-02 02:25:38.514119,2019-12-02 02:26:00.173315,,,,Onsite,9,43,43,0 days 00:00:55.000000000,0 days 00:17:05.173315000
3,2019-12-02 03:08:00.000000,2019-12-02 03:08:35.000000,2019-12-02 03:24:00.542513,2019-12-02 03:24:35.542513,2019-12-02 03:49:40.491901,2019-12-02 03:50:15.491901,2019-12-02 04:04:06.594879,Replace,9,43,43,0 days 00:00:35.000000000,0 days 00:16:00.542513000
4,2019-12-02 04:26:00.000000,2019-12-02 04:26:45.000000,2019-12-02 04:42:58.190671,2019-12-02 04:43:18.716753,,,,Onsite,9,43,43,0 days 00:00:45.000000000,0 days 00:16:33.716753000
5,2019-12-02 05:35:00.000000,2019-12-02 05:35:35.000000,2019-12-02 05:46:04.497304,2019-12-02 05:46:09.808201,,,,Onsite,9,43,43,0 days 00:00:35.000000000,0 days 00:10:34.808201000
6,2019-12-02 06:31:00.000000,2019-12-02 06:31:45.000000,2019-12-02 06:45:48.468737,2019-12-02 06:46:33.468737,2019-12-02 07:14:34.152407,2019-12-02 07:15:19.152407,2019-12-02 07:32:48.216285,Replace,9,43,43,0 days 00:00:45.000000000,0 days 00:14:48.468737000
7,2019-12-02 07:51:00.000000,2019-12-02 07:51:35.000000,2019-12-02 08:07:40.774543,2019-12-02 08:08:15.774543,2019-12-02 08:53:28.358373,2019-12-02 08:54:03.358373,2019-12-02 09:09:30.512934,Replace,9,43,43,0 days 00:00:35.000000000,0 days 00:16:40.774543000
8,2019-12-02 08:56:00.000000,2019-12-02 08:56:55.000000,2019-12-02 09:13:18.830697,2019-12-02 09:13:25.926090,,,,Onsite,9,43,43,0 days 00:00:55.000000000,0 days 00:16:30.926090000
9,2019-12-02 10:02:00.000000,2019-12-02 10:02:30.000000,2019-12-02 10:21:54.657795,2019-12-02 10:22:24.657795,2019-12-02 11:11:35.188710,2019-12-02 11:12:05.188710,2019-12-02 11:30:17.903069,Replace,9,43,43,0 days 00:00:30.000000000,0 days 00:19:54.657795000
10,2019-12-02 11:21:00.000000,2019-12-02 11:21:45.000000,2019-12-02 11:37:06.710254,2019-12-02 11:37:51.710254,2019-12-02 12:22:02.138953,2019-12-02 12:22:47.138953,2019-12-02 12:37:52.057963,Replace,9,43,43,0 days 00:00:45.000000000,0 days 00:16:06.710254000
11,2019-12-02 12:37:00.000000,2019-12-02 12:37:45.000000,2019-12-02 12:52:12.368875,2019-12-02 12:52:57.368875,2019-12-02 13:25:24.232927,2019-12-02 13:26:09.232927,2019-12-02 13:42:43.674386,Replace,9,43,43,0 days 00:00:45.000000000,0 days 00:15:12.368875000
12,2019-12-02 13:51:00.000000,2019-12-02 13:51:50.000000,2019-12-02 14:07:21.758176,2019-12-02 14:07:24.235549,,,,Onsite,9,43,43,0 days 00:00:50.000000000,0 days 00:15:34.235549000
13,2019-12-02 15:03:00.000000,2019-12-02 15:03:50.000000,2019-12-02 15:25:06.351856,2019-12-02 15:25:56.351856,2019-12-02 15:54:52.968677,2019-12-02 15:55:42.968677,2019-12-02 16:14:50.588431,Replace,9,43,43,0 days 00:00:50.000000000,0 days 00:22:06.351856000
14,2019-12-02 16:11:00.000000,2019-12-02 16:11:50.000000,2019-12-02 16:21:02.011067,2019-12-02 16:21:52.011067,2019-12-02 16:57:01.278197,2019-12-02 16:57:51.278197,2019-12-02 17:12:48.235123,Replace,9,43,43,0 days 00:00:50.000000000,0 days 00:10:02.011067000
15,2019-12-02 17:08:00.000000,2019-12-02 17:08:50.000000,2019-12-02 17:23:57.664351,2019-12-02 17:24:05.147952,,,,Onsite,9,43,43,0 days 00:00:50.000000000,0 days 00:15:15.147952000
16,2019-12-02 18:28:00.000000,2019-12-02 18:28:45.000000,2019-12-02 18:43:41.470139,2019-12-02 18:43:57.334727,,,,Onsite,9,43,43,0 days 00:00:45.000000000,0 days 00:15:12.334727000
17,2019-12-02 19:34:00.000000,2019-12-02 19:34:50.000000,2019-12-02 19:47:51.681648,2019-12-02 19:47:59.820048,,,,Onsite,9,43,43,0 days 00:00:50.000000000,0 days 00:13:09.820048000
18,2019-12-02 20:28:00.000000,2019-12-02 20:28:30.000000,2019-12-02 20:43:59.751015,2019-12-02 20:44:28.718447,,,,Onsite,9,43,43,0 days 00:00:30.000000000,0 days 00:15:58.718447000
19,2019-12-02 21:40:00.000000,2019-12-02 21:40:45.000000,2019-12-02 21:54:53.417714,2019-12-02 21:55:38.417714,2019-12-02 22:22:47.988798,2019-12-02 22:23:32.988798,2019-12-02 22:38:33.680648,Replace,9,43,43,0 days 00:00:45.000000000,0 days 00:14:53.417714000
0,2019-12-02 01:07:00.000000,2019-12-02 00:00:55.000000,2019-12-02 00:20:06.517317,2019-12-02 00:20:11.803154,,,,Onsite,1,43,44,-1 days +22:53:55.000000000,0 days 00:19:16.803154000
1,2019-12-02 01:10:00.000000,2019-12-02 01:10:25.000000,2019-12-02 01:25:57.366863,2019-12-02 01:26:22.366863,2019-12-02 02:15:12.268046,2019-12-02 02:15:37.268046,2019-12-02 02:31:03.186313,Replace,1,43,44,0 days 00:00:25.000000000,0 days 00:15:57.366863000
2,2019-12-02 02:03:00.000000,2019-12-02 02:03:30.000000,2019-12-02 02:22:18.679560,2019-12-02 02:22:48.679560,2019-12-02 02:52:53.968653,2019-12-02 02:53:23.968653,2019-12-02 03:17:02.536821,Replace,1,43,44,0 days 00:00:30.000000000,0 days 00:19:18.679560000
3,2019-12-02 03:14:00.000000,2019-12-02 03:14:45.000000,2019-12-02 03:32:56.746008,2019-12-02 03:33:41.746008,2019-12-02 04:22:07.182988,2019-12-02 04:22:52.182988,2019-12-02 04:39:00.539862,Replace,1,43,44,0 days 00:00:45.000000000,0 days 00:18:56.746008000
4,2019-12-02 04:38:00.000000,2019-12-02 04:38:35.000000,2019-12-02 04:54:02.661918,2019-12-02 04:54:05.381965,,,,Onsite,1,43,44,0 days 00:00:35.000000000,0 days 00:15:30.381965000
5,2019-12-02 05:42:00.000000,2019-12-02 05:42:25.000000,2019-12-02 06:02:51.386668,2019-12-02 06:03:16.386668,2019-12-02 06:35:16.664387,2019-12-02 06:35:41.664387,2019-12-02 06:57:43.731875,Replace,1,43,44,0 days 00:00:25.000000000,0 days 00:20:51.386668000
6,2019-12-02 06:42:00.000000,2019-12-02 06:42:50.000000,2019-12-02 07:01:33.690804,2019-12-02 07:01:58.340653,,,,Onsite,1,43,44,0 days 00:00:50.000000000,0 days 00:19:08.340653000
7,2019-12-02 07:42:00.000000,2019-12-02 07:42:55.000000,2019-12-02 07:54:49.307092,2019-12-02 07:55:44.307092,2019-12-02 08:32:13.794254,2019-12-02 08:33:08.794254,2019-12-02 08:52:50.426919,Replace,1,43,44,0 days 00:00:55.000000000,0 days 00:12:49.307092000
8,2019-12-02 08:49:00.000000,2019-12-02 08:49:35.000000,2019-12-02 09:06:24.920646,2019-12-02 09:06:59.920646,2019-12-02 09:58:49.191402,2019-12-02 09:59:24.191402,2019-12-02 10:12:03.287366,Replace,1,43,44,0 days 00:00:35.000000000,0 days 00:17:24.920646000
9,2019-12-02 09:44:00.000000,2019-12-02 09:44:25.000000,2019-12-02 09:55:41.572435,2019-12-02 09:56:06.572435,2019-12-02 10:31:35.148896,2019-12-02 10:32:00.148896,2019-12-02 10:50:45.835544,Replace,1,43,44,0 days 00:00:25.000000000,0 days 00:11:41.572435000
10,2019-12-02 11:02:00.000000,2019-12-02 11:02:45.000000,2019-12-02 11:19:15.761651,2019-12-02 11:19:45.765046,,,,Onsite,1,43,44,0 days 00:00:45.000000000,0 days 00:17:00.765046000
11,2019-12-02 11:56:00.000000,2019-12-02 11:56:55.000000,2019-12-02 12:13:44.742531,2019-12-02 12:14:39.742531,2019-12-02 12:56:05.585879,2019-12-02 12:57:00.585879,2019-12-02 13:16:31.261009,Replace,1,43,44,0 days 00:00:55.000000000,0 days 00:17:44.742531000
12,2019-12-02 12:54:00.000000,2019-12-02 12:54:45.000000,2019-12-02 13:09:53.255283,2019-12-02 13:10:38.255283,2019-12-02 13:39:21.465736,2019-12-02 13:40:06.465736,2019-12-02 13:57:57.470902,Replace,1,43,44,0 days 00:00:45.000000000,0 days 00:15:53.255283000
13,2019-12-02 14:13:00.000000,2019-12-02 14:13:45.000000,2019-12-02 14:27:12.285401,2019-12-02 14:27:21.002131,,,,Onsite,1,43,44,0 days 00:00:45.000000000,0 days 00:13:36.002131000
14,2019-12-02 15:41:00.000000,2019-12-02 15:41:25.000000,2019-12-02 16:03:06.132358,2019-12-02 16:03:14.025777,,,,Onsite,1,43,44,0 days 00:00:25.000000000,0 days 00:21:49.025777000
15,2019-12-02 16:43:00.000000,2019-12-02 16:43:35.000000,2019-12-02 16:55:51.594311,2019-12-02 16:56:26.594311,2019-12-02 17:32:10.788335,2019-12-02 17:32:45.788335,2019-12-02 17:48:06.780779,Replace,1,43,44,0 days 00:00:35.000000000,0 days 00:12:51.594311000
16,2019-12-02 17:52:00.000000,2019-12-02 17:52:45.000000,2019-12-02 18:06:46.393735,2019-12-02 18:07:31.393735,2019-12-02 18:35:06.878148,2019-12-02 18:35:51.878148,2019-12-02 18:48:53.696016,Replace,1,43,44,0 days 00:00:45.000000000,0 days 00:14:46.393735000
17,2019-12-02 19:06:00.000000,2019-12-02 19:06:55.000000,2019-12-02 19:27:51.245588,2019-12-02 19:27:57.978958,,,,Onsite,1,43,44,0 days 00:00:55.000000000,0 days 00:21:02.978958000
18,2019-12-02 20:04:00.000000,2019-12-02 20:04:50.000000,2019-12-02 20:18:08.460087,2019-12-02 20:18:58.460087,2019-12-02 20:55:53.623528,2019-12-02 20:56:43.623528,2019-12-02 21:12:59.214056,Replace,1,43,44,0 days 00:00:50.000000000,0 days 00:14:08.460087000
19,2019-12-02 21:20:00.000000,2019-12-02 21:20:35.000000,2019-12-02 21:33:51.178790,2019-12-02 21:34:04.452614,,,,Onsite,1,43,44,0 days 00:00:35.000000000,0 days 00:13:29.452614000
0,2019-12-02 01:09:00.000000,2019-12-02 00:00:45.000000,2019-12-02 00:18:48.460042,2019-12-02 00:18:53.031212,,,,Onsite,2,43,44,-1 days +22:51:45.000000000,0 days 00:18:08.031212000
1,2019-12-02 01:03:00.000000,2019-12-02 01:03:55.000000,2019-12-02 01:22:19.224318,2019-12-02 01:23:14.224318,2019-12-02 01:55:32.700439,2019-12-02 01:56:27.700439,2019-12-02 02:18:21.939087,Replace,2,43,44,0 days 00:00:55.000000000,0 days 00:19:19.224318000
2,2019-12-02 02:12:00.000000,2019-12-02 02:12:45.000000,2019-12-02 02:30:37.128007,2019-12-02 02:31:22.128007,2019-12-02 03:03:37.811948,2019-12-02 03:04:22.811948,2019-12-02 03:17:24.249081,Replace,2,43,44,0 days 00:00:45.000000000,0 days 00:18:37.128007000
3,2019-12-02 03:14:00.000000,2019-12-02 03:14:45.000000,2019-12-02 03:21:31.097860,2019-12-02 03:21:42.853033,,,,Onsite,2,43,44,0 days 00:00:45.000000000,0 days 00:06:57.853033000
4,2019-12-02 04:21:00.000000,2019-12-02 04:21:45.000000,2019-12-02 04:36:46.491408,2019-12-02 04:37:31.491408,2019-12-02 05:17:25.790758,2019-12-02 05:18:10.790758,2019-12-02 05:34:36.258090,Replace,2,43,44,0 days 00:00:45.000000000,0 days 00:15:46.491408000
5,2019-12-02 05:26:00.000000,2019-12-02 05:26:25.000000,2019-12-02 05:43:26.328476,2019-12-02 05:43:51.328476,2019-12-02 06:18:54.578325,2019-12-02 06:19:19.578325,2019-12-02 06:35:11.619518,Replace,2,43,44,0 days 00:00:25.000000000,0 days 00:17:26.328476000
6,2019-12-02 07:39:00.000000,2019-12-02 07:39:55.000000,2019-12-02 07:57:05.855599,2019-12-02 07:58:00.855599,2019-12-02 08:44:08.173513,2019-12-02 08:45:03.173513,2019-12-02 08:56:45.069310,Replace,2,43,44,0 days 00:00:55.000000000,0 days 00:18:05.855599000
7,2019-12-02 06:39:00.000000,2019-12-02 06:39:55.000000,2019-12-02 06:56:29.014486,2019-12-02 06:57:24.014486,2019-12-02 07:23:57.513901,2019-12-02 07:24:52.513901,2019-12-02 07:39:26.209717,Replace,2,43,44,0 days 00:00:55.000000000,0 days 00:17:29.014486000
8,2019-12-02 09:00:00.000000,2019-12-02 09:00:30.000000,2019-12-02 09:15:31.836391,2019-12-02 09:15:51.139492,,,,Onsite,2,43,44,0 days 00:00:30.000000000,0 days 00:15:21.139492000
9,2019-12-02 10:08:00.000000,2019-12-02 10:08:45.000000,2019-12-02 10:26:28.840587,2019-12-02 10:27:13.840587,2019-12-02 10:54:13.807986,2019-12-02 10:54:58.807986,2019-12-02 11:17:34.510238,Replace,2,43,44,0 days 00:00:45.000000000,0 days 00:18:28.840587000
10,2019-12-02 11:12:00.000000,2019-12-02 11:12:35.000000,2019-12-02 11:31:36.283684,2019-12-02 11:32:11.283684,2019-12-02 11:59:00.433605,2019-12-02 11:59:35.433605,2019-12-02 12:16:46.724730,Replace,2,43,44,0 days 00:00:35.000000000,0 days 00:19:36.283684000
11,2019-12-02 12:22:00.000000,2019-12-02 12:22:35.000000,2019-12-02 12:42:00.084214,2019-12-02 12:42:12.277061,,,,Onsite,2,43,44,0 days 00:00:35.000000000,0 days 00:19:37.277061000
12,2019-12-02 14:31:00.000000,2019-12-02 14:31:25.000000,2019-12-02 14:47:20.034993,2019-12-02 14:47:30.488139,,,,Onsite,2,43,44,0 days 00:00:25.000000000,0 days 00:16:05.488139000
13,2019-12-02 13:22:00.000000,2019-12-02 13:22:55.000000,2019-12-02 13:35:36.254269,2019-12-02 13:36:31.254269,2019-12-02 14:11:05.971641,2019-12-02 14:12:00.971641,2019-12-02 14:31:00.251935,Replace,2,43,44,0 days 00:00:55.000000000,0 days 00:13:36.254269000
14,2019-12-02 15:38:00.000000,2019-12-02 15:38:55.000000,2019-12-02 15:51:51.202016,2019-12-02 15:52:17.014687,,,,Onsite,2,43,44,0 days 00:00:55.000000000,0 days 00:13:22.014687000
15,2019-12-02 16:41:00.000000,2019-12-02 16:41:45.000000,2019-12-02 16:54:44.727756,2019-12-02 16:55:29.727756,2019-12-02 17:19:01.691358,2019-12-02 17:19:46.691358,2019-12-02 17:31:41.758450,Replace,2,43,44,0 days 00:00:45.000000000,0 days 00:13:44.727756000
16,2019-12-02 17:44:00.000000,2019-12-02 17:44:55.000000,2019-12-02 18:00:21.077353,2019-12-02 18:00:37.967422,,,,Onsite,2,43,44,0 days 00:00:55.000000000,0 days 00:15:42.967422000
17,2019-12-02 18:54:00.000000,2019-12-02 18:54:45.000000,2019-12-02 19:10:12.502566,2019-12-02 19:10:57.502566,2019-12-02 19:41:46.660687,2019-12-02 19:42:31.660687,2019-12-02 19:57:00.855911,Replace,2,43,44,0 days 00:00:45.000000000,0 days 00:16:12.502566000
18,2019-12-02 20:17:00.000000,2019-12-02 20:17:45.000000,2019-12-02 20:41:03.718238,2019-12-02 20:41:48.718238,2019-12-02 21:13:35.589381,2019-12-02 21:14:20.589381,2019-12-02 21:39:08.704282,Replace,2,43,44,0 days 00:00:45.000000000,0 days 00:24:03.718238000
19,2019-12-02 21:22:00.000000,2019-12-02 21:22:35.000000,2019-12-02 21:38:09.646297,2019-12-02 21:38:44.646297,2019-12-02 22:06:36.551464,2019-12-02 22:07:11.551464,2019-12-02 22:20:34.977724,Replace,2,43,44,0 days 00:00:35.000000000,0 days 00:16:09.646297000
0,2019-12-02 01:03:00.000000,2019-12-02 00:00:25.000000,2019-12-02 00:19:30.027610,2019-12-02 00:19:39.412018,,,,Onsite,3,43,44,-1 days +22:57:25.000000000,0 days 00:19:14.412018000
1,2019-12-02 01:17:00.000000,2019-12-02 01:17:45.000000,2019-12-02 01:32:22.598576,2019-12-02 01:32:43.065489,,,,Onsite,3,43,44,0 days 00:00:45.000000000,0 days 00:14:58.065489000
2,2019-12-02 02:26:00.000000,2019-12-02 02:26:45.000000,2019-12-02 02:43:04.382132,2019-12-02 02:43:49.382132,2019-12-02 03:26:34.665840,2019-12-02 03:27:19.665840,2019-12-02 03:43:26.575684,Replace,3,43,44,0 days 00:00:45.000000000,0 days 00:17:04.382132000
3,2019-12-02 03:30:00.000000,2019-12-02 03:30:45.000000,2019-12-02 03:42:39.715202,2019-12-02 03:42:52.633067,,,,Onsite,3,43,44,0 days 00:00:45.000000000,0 days 00:12:07.633067000
4,2019-12-02 04:37:00.000000,2019-12-02 04:37:35.000000,2019-12-02 04:50:05.678147,2019-12-02 04:50:40.678147,2019-12-02 05:34:45.367951,2019-12-02 05:35:20.367951,2019-12-02 05:49:25.109210,Replace,3,43,44,0 days 00:00:35.000000000,0 days 00:13:05.678147000
5,2019-12-02 05:54:00.000000,2019-12-02 05:54:55.000000,2019-12-02 06:09:24.647102,2019-12-02 06:09:30.967889,,,,Onsite,3,43,44,0 days 00:00:55.000000000,0 days 00:14:35.967889000
6,2019-12-02 07:00:00.000000,2019-12-02 07:00:45.000000,2019-12-02 07:23:49.518717,2019-12-02 07:24:34.518717,2019-12-02 07:58:49.947951,2019-12-02 07:59:34.947951,2019-12-02 08:15:07.662492,Replace,3,43,44,0 days 00:00:45.000000000,0 days 00:23:49.518717000
7,2019-12-02 08:10:00.000000,2019-12-02 08:10:45.000000,2019-12-02 08:28:02.072554,2019-12-02 08:28:11.028104,,,,Onsite,3,43,44,0 days 00:00:45.000000000,0 days 00:17:26.028104000
8,2019-12-02 09:11:00.000000,2019-12-02 09:11:55.000000,2019-12-02 09:30:04.403574,2019-12-02 09:30:14.192751,,,,Onsite,3,43,44,0 days 00:00:55.000000000,0 days 00:18:19.192751000
9,2019-12-02 10:17:00.000000,2019-12-02 10:17:55.000000,2019-12-02 10:33:37.360666,2019-12-02 10:34:32.360666,2019-12-02 11:03:22.467314,2019-12-02 11:04:17.467314,2019-12-02 11:27:56.584639,Replace,3,43,44,0 days 00:00:55.000000000,0 days 00:16:37.360666000
10,2019-12-02 11:37:00.000000,2019-12-02 11:37:45.000000,2019-12-02 11:54:54.708356,2019-12-02 11:55:39.708356,2019-12-02 12:42:54.361511,2019-12-02 12:43:39.361511,2019-12-02 12:57:26.904898,Replace,3,43,44,0 days 00:00:45.000000000,0 days 00:17:54.708356000
11,2019-12-02 12:44:00.000000,2019-12-02 12:44:50.000000,2019-12-02 13:00:41.751363,2019-12-02 13:01:31.751363,2019-12-02 13:38:38.921268,2019-12-02 13:39:28.921268,2019-12-02 13:52:45.540737,Replace,3,43,44,0 days 00:00:50.000000000,0 days 00:16:41.751363000
12,2019-12-02 13:43:00.000000,2019-12-02 13:43:45.000000,2019-12-02 14:04:44.655699,2019-12-02 14:04:55.167940,,,,Onsite,3,43,44,0 days 00:00:45.000000000,0 days 00:21:10.167940000
13,2019-12-02 14:45:00.000000,2019-12-02 14:45:45.000000,2019-12-02 15:04:06.628314,2019-12-02 15:04:51.628314,2019-12-02 15:43:13.437955,2019-12-02 15:43:58.437955,2019-12-02 15:57:04.477101,Replace,3,43,44,0 days 00:00:45.000000000,0 days 00:19:06.628314000
14,2019-12-02 15:59:00.000000,2019-12-02 15:59:55.000000,2019-12-02 16:16:19.814340,2019-12-02 16:16:36.419065,,,,Onsite,3,43,44,0 days 00:00:55.000000000,0 days 00:16:41.419065000
15,2019-12-02 17:18:00.000000,2019-12-02 17:18:30.000000,2019-12-02 17:39:43.168103,2019-12-02 17:40:13.168103,2019-12-02 18:14:29.370184,2019-12-02 18:14:59.370184,2019-12-02 18:30:33.858335,Replace,3,43,44,0 days 00:00:30.000000000,0 days 00:21:43.168103000
16,2019-12-02 18:48:00.000000,2019-12-02 18:48:50.000000,2019-12-02 19:05:12.042574,2019-12-02 19:06:02.042574,2019-12-02 19:51:02.664312,2019-12-02 19:51:52.664312,2019-12-02 20:09:06.949430,Replace,3,43,44,0 days 00:00:50.000000000,0 days 00:17:12.042574000
17,2019-12-02 19:46:00.000000,2019-12-02 19:46:50.000000,2019-12-02 20:01:52.630813,2019-12-02 20:02:42.630813,2019-12-02 20:44:06.253642,2019-12-02 20:44:56.253642,2019-12-02 21:01:37.093641,Replace,3,43,44,0 days 00:00:50.000000000,0 days 00:15:52.630813000
18,2019-12-02 20:51:00.000000,2019-12-02 20:51:55.000000,2019-12-02 21:10:11.534647,2019-12-02 21:11:06.534647,2019-12-02 21:55:20.007576,2019-12-02 21:56:15.007576,2019-12-02 22:09:44.128412,Replace,3,43,44,0 days 00:00:55.000000000,0 days 00:19:11.534647000
0,2019-12-02 01:13:00.000000,2019-12-02 00:00:45.000000,2019-12-02 00:15:11.049534,2019-12-02 00:15:56.049534,2019-12-02 00:52:26.486559,2019-12-02 00:53:11.486559,2019-12-02 01:13:54.277062,Replace,4,43,44,-1 days +22:47:45.000000000,0 days 00:15:11.049534000
1,2019-12-02 01:10:00.000000,2019-12-02 01:10:25.000000,2019-12-02 01:26:24.672363,2019-12-02 01:26:49.672363,2019-12-02 02:01:55.293385,2019-12-02 02:02:20.293385,2019-12-02 02:18:54.973638,Replace,4,43,44,0 days 00:00:25.000000000,0 days 00:16:24.672363000
2,2019-12-02 02:34:00.000000,2019-12-02 02:34:30.000000,2019-12-02 02:51:13.410244,2019-12-02 02:51:43.410244,2019-12-02 03:31:10.806208,2019-12-02 03:31:40.806208,2019-12-02 03:48:12.383535,Replace,4,43,44,0 days 00:00:30.000000000,0 days 00:17:13.410244000
3,2019-12-02 03:51:00.000000,2019-12-02 03:51:45.000000,2019-12-02 04:01:47.187579,2019-12-02 04:02:32.187579,2019-12-02 04:46:15.282784,2019-12-02 04:47:00.282784,2019-12-02 05:06:38.867261,Replace,4,43,44,0 days 00:00:45.000000000,0 days 00:10:47.187579000
4,2019-12-02 05:05:00.000000,2019-12-02 05:05:55.000000,2019-12-02 05:22:29.297512,2019-12-02 05:23:24.297512,2019-12-02 05:51:47.767486,2019-12-02 05:52:42.767486,2019-12-02 06:14:40.341588,Replace,4,43,44,0 days 00:00:55.000000000,0 days 00:17:29.297512000
5,2019-12-02 06:07:00.000000,2019-12-02 06:07:50.000000,2019-12-02 06:24:17.816103,2019-12-02 06:25:07.816103,2019-12-02 07:07:14.261523,2019-12-02 07:08:04.261523,2019-12-02 07:31:40.151215,Replace,4,43,44,0 days 00:00:50.000000000,0 days 00:17:17.816103000
6,2019-12-02 07:27:00.000000,2019-12-02 07:27:55.000000,2019-12-02 07:46:20.723723,2019-12-02 07:47:15.723723,2019-12-02 08:12:53.430413,2019-12-02 08:13:48.430413,2019-12-02 08:28:32.475125,Replace,4,43,44,0 days 00:00:55.000000000,0 days 00:19:20.723723000
7,2019-12-02 08:47:00.000000,2019-12-02 08:47:45.000000,2019-12-02 09:04:45.651197,2019-12-02 09:05:01.558415,,,,Onsite,4,43,44,0 days 00:00:45.000000000,0 days 00:17:16.558415000
8,2019-12-02 09:52:00.000000,2019-12-02 09:52:55.000000,2019-12-02 10:09:32.551426,2019-12-02 10:09:40.942119,,,,Onsite,4,43,44,0 days 00:00:55.000000000,0 days 00:16:45.942119000
9,2019-12-02 10:54:00.000000,2019-12-02 10:54:35.000000,2019-12-02 11:11:55.484203,2019-12-02 11:12:30.484203,2019-12-02 11:41:42.211415,2019-12-02 11:42:17.211415,2019-12-02 12:03:14.589302,Replace,4,43,44,0 days 00:00:35.000000000,0 days 00:17:55.484203000
10,2019-12-02 12:19:00.000000,2019-12-02 12:19:35.000000,2019-12-02 12:29:39.478896,2019-12-02 12:29:44.829756,,,,Onsite,4,43,44,0 days 00:00:35.000000000,0 days 00:10:09.829756000
11,2019-12-02 13:28:00.000000,2019-12-02 13:28:45.000000,2019-12-02 13:40:11.098656,2019-12-02 13:40:56.098656,2019-12-02 14:27:39.522962,2019-12-02 14:28:24.522962,2019-12-02 14:43:05.673448,Replace,4,43,44,0 days 00:00:45.000000000,0 days 00:12:11.098656000
12,2019-12-02 14:33:00.000000,2019-12-02 14:33:45.000000,2019-12-02 14:55:06.241123,2019-12-02 14:55:10.280845,,,,Onsite,4,43,44,0 days 00:00:45.000000000,0 days 00:21:25.280845000
13,2019-12-02 16:08:00.000000,2019-12-02 16:08:45.000000,2019-12-02 16:25:58.753617,2019-12-02 16:26:30.096566,,,,Onsite,4,43,44,0 days 00:00:45.000000000,0 days 00:17:45.096566000
14,2019-12-02 15:25:00.000000,2019-12-02 15:25:30.000000,2019-12-02 15:35:55.371699,2019-12-02 15:36:25.371699,2019-12-02 16:08:24.817758,2019-12-02 16:08:54.817758,2019-12-02 16:24:57.589250,Replace,4,43,44,0 days 00:00:30.000000000,0 days 00:10:55.371699000
15,2019-12-02 17:10:00.000000,2019-12-02 17:10:25.000000,2019-12-02 17:27:14.951238,2019-12-02 17:27:42.603039,,,,Onsite,4,43,44,0 days 00:00:25.000000000,0 days 00:17:17.603039000
16,2019-12-02 18:16:00.000000,2019-12-02 18:16:30.000000,2019-12-02 18:35:43.866910,2019-12-02 18:36:13.866910,2019-12-02 19:06:18.077958,2019-12-02 19:06:48.077958,2019-12-02 19:22:04.088568,Replace,4,43,44,0 days 00:00:30.000000000,0 days 00:19:43.866910000
17,2019-12-02 19:35:00.000000,2019-12-02 19:35:25.000000,2019-12-02 19:50:05.697518,2019-12-02 19:50:30.697518,2019-12-02 20:38:35.646925,2019-12-02 20:39:00.646925,2019-12-02 20:57:57.566637,Replace,4,43,44,0 days 00:00:25.000000000,0 days 00:15:05.697518000
18,2019-12-02 20:40:00.000000,2019-12-02 20:40:30.000000,2019-12-02 20:57:04.833261,2019-12-02 20:57:34.833261,2019-12-02 21:33:02.171001,2019-12-02 21:33:32.171001,2019-12-02 21:46:14.457071,Replace,4,43,44,0 days 00:00:30.000000000,0 days 00:17:04.833261000
19,2019-12-02 21:39:00.000000,2019-12-02 21:39:45.000000,2019-12-02 21:53:51.551673,2019-12-02 21:54:36.551673,2019-12-02 22:26:17.875062,2019-12-02 22:27:02.875062,2019-12-02 22:44:19.936558,Replace,4,43,44,0 days 00:00:45.000000000,0 days 00:14:51.551673000
0,2019-12-02 01:06:00.000000,2019-12-02 00:00:30.000000,2019-12-02 00:13:25.386594,2019-12-02 00:13:42.946335,,,,Onsite,5,43,44,-1 days +22:54:30.000000000,0 days 00:13:12.946335000
1,2019-12-02 01:14:00.000000,2019-12-02 01:14:50.000000,2019-12-02 01:31:55.765699,2019-12-02 01:32:45.765699,2019-12-02 02:22:25.621397,2019-12-02 02:23:15.621397,2019-12-02 02:42:47.347332,Replace,5,43,44,0 days 00:00:50.000000000,0 days 00:17:55.765699000
2,2019-12-02 02:26:00.000000,2019-12-02 02:26:45.000000,2019-12-02 02:38:53.863772,2019-12-02 02:39:00.359054,,,,Onsite,5,43,44,0 days 00:00:45.000000000,0 days 00:12:15.359054000
3,2019-12-02 03:26:00.000000,2019-12-02 03:26:30.000000,2019-12-02 03:43:27.020510,2019-12-02 03:43:29.043539,,,,Onsite,5,43,44,0 days 00:00:30.000000000,0 days 00:16:59.043539000
4,2019-12-02 04:31:00.000000,2019-12-02 04:31:35.000000,2019-12-02 04:47:25.306374,2019-12-02 04:48:00.306374,2019-12-02 05:32:52.755202,2019-12-02 05:33:27.755202,2019-12-02 05:50:38.796650,Replace,5,43,44,0 days 00:00:35.000000000,0 days 00:16:25.306374000
5,2019-12-02 05:42:00.000000,2019-12-02 05:42:30.000000,2019-12-02 05:58:46.175173,2019-12-02 05:59:16.175173,2019-12-02 06:33:08.677472,2019-12-02 06:33:38.677472,2019-12-02 06:48:49.555501,Replace,5,43,44,0 days 00:00:30.000000000,0 days 00:16:46.175173000
6,2019-12-02 06:49:00.000000,2019-12-02 06:49:50.000000,2019-12-02 07:02:53.010367,2019-12-02 07:03:10.381214,,,,Onsite,5,43,44,0 days 00:00:50.000000000,0 days 00:13:20.381214000
7,2019-12-02 08:01:00.000000,2019-12-02 08:01:35.000000,2019-12-02 08:16:14.345724,2019-12-02 08:16:28.574265,,,,Onsite,5,43,44,0 days 00:00:35.000000000,0 days 00:14:53.574265000
8,2019-12-02 09:06:00.000000,2019-12-02 09:06:55.000000,2019-12-02 09:27:07.076253,2019-12-02 09:28:02.076253,2019-12-02 10:03:33.678657,2019-12-02 10:04:28.678657,2019-12-02 10:16:45.539661,Replace,5,43,44,0 days 00:00:55.000000000,0 days 00:21:07.076253000
9,2019-12-02 10:15:00.000000,2019-12-02 10:15:50.000000,2019-12-02 10:29:52.185608,2019-12-02 10:30:42.185608,2019-12-02 11:00:57.831024,2019-12-02 11:01:47.831024,2019-12-02 11:21:39.441629,Replace,5,43,44,0 days 00:00:50.000000000,0 days 00:14:52.185608000
10,2019-12-02 11:11:00.000000,2019-12-02 11:11:35.000000,2019-12-02 11:29:10.478808,2019-12-02 11:29:45.478808,2019-12-02 12:11:28.449517,2019-12-02 12:12:03.449517,2019-12-02 12:28:22.901759,Replace,5,43,44,0 days 00:00:35.000000000,0 days 00:18:10.478808000
11,2019-12-02 12:42:00.000000,2019-12-02 12:42:35.000000,2019-12-02 12:59:49.562958,2019-12-02 13:00:24.562958,2019-12-02 13:39:16.117938,2019-12-02 13:39:51.117938,2019-12-02 13:57:41.820866,Replace,5,43,44,0 days 00:00:35.000000000,0 days 00:17:49.562958000
12,2019-12-02 13:55:00.000000,2019-12-02 13:55:35.000000,2019-12-02 14:17:47.026561,2019-12-02 14:18:22.026561,2019-12-02 14:42:54.422490,2019-12-02 14:43:29.422490,2019-12-02 14:57:07.923128,Replace,5,43,44,0 days 00:00:35.000000000,0 days 00:22:47.026561000
13,2019-12-02 14:53:00.000000,2019-12-02 14:53:25.000000,2019-12-02 15:12:35.384426,2019-12-02 15:13:00.384426,2019-12-02 15:49:12.069681,2019-12-02 15:49:37.069681,2019-12-02 16:02:10.827770,Replace,5,43,44,0 days 00:00:25.000000000,0 days 00:19:35.384426000
14,2019-12-02 16:05:00.000000,2019-12-02 16:05:35.000000,2019-12-02 16:17:19.955537,2019-12-02 16:17:54.955537,2019-12-02 17:06:27.763805,2019-12-02 17:07:02.763805,2019-12-02 17:19:45.339576,Replace,5,43,44,0 days 00:00:35.000000000,0 days 00:12:19.955537000
15,2019-12-02 17:16:00.000000,2019-12-02 17:16:45.000000,2019-12-02 17:33:43.424595,2019-12-02 17:34:28.424595,2019-12-02 18:12:34.916025,2019-12-02 18:13:19.916025,2019-12-02 18:27:40.096859,Replace,5,43,44,0 days 00:00:45.000000000,0 days 00:17:43.424595000
16,2019-12-02 18:17:00.000000,2019-12-02 18:17:45.000000,2019-12-02 18:35:37.002928,2019-12-02 18:35:47.276820,,,,Onsite,5,43,44,0 days 00:00:45.000000000,0 days 00:18:02.276820000
17,2019-12-02 20:53:00.000000,2019-12-02 20:53:45.000000,2019-12-02 21:08:20.131573,2019-12-02 21:09:05.131573,2019-12-02 21:39:31.735247,2019-12-02 21:40:16.735247,2019-12-02 22:00:46.572067,Replace,5,43,44,0 days 00:00:45.000000000,0 days 00:15:20.131573000
18,2019-12-02 19:40:00.000000,2019-12-02 19:40:35.000000,2019-12-02 20:00:07.439134,2019-12-02 20:00:42.439134,2019-12-02 20:34:05.912947,2019-12-02 20:34:40.912947,2019-12-02 20:53:09.832305,Replace,5,43,44,0 days 00:00:35.000000000,0 days 00:20:07.439134000
0,2019-12-02 01:06:00.000000,2019-12-02 00:00:50.000000,2019-12-02 00:15:26.726905,2019-12-02 00:15:43.087295,,,,Onsite,6,43,44,-1 days +22:54:50.000000000,0 days 00:14:53.087295000
1,2019-12-02 00:57:00.000000,2019-12-02 00:57:50.000000,2019-12-02 01:13:29.394556,2019-12-02 01:13:35.700777,,,,Onsite,6,43,44,0 days 00:00:50.000000000,0 days 00:15:45.700777000
2,2019-12-02 02:03:00.000000,2019-12-02 02:03:55.000000,2019-12-02 02:19:37.538417,2019-12-02 02:20:32.538417,2019-12-02 03:06:59.759225,2019-12-02 03:07:54.759225,2019-12-02 03:22:10.154222,Replace,6,43,44,0 days 00:00:55.000000000,0 days 00:16:37.538417000
3,2019-12-02 03:18:00.000000,2019-12-02 03:18:45.000000,2019-12-02 03:37:15.002881,2019-12-02 03:38:00.002881,2019-12-02 04:26:59.001024,2019-12-02 04:27:44.001024,2019-12-02 04:43:15.581818,Replace,6,43,44,0 days 00:00:45.000000000,0 days 00:19:15.002881000
4,2019-12-02 04:27:00.000000,2019-12-02 04:27:30.000000,2019-12-02 04:43:07.332211,2019-12-02 04:43:37.332211,2019-12-02 05:12:10.061451,2019-12-02 05:12:40.061451,2019-12-02 05:31:34.878582,Replace,6,43,44,0 days 00:00:30.000000000,0 days 00:16:07.332211000
5,2019-12-02 05:50:00.000000,2019-12-02 05:50:45.000000,2019-12-02 06:07:13.188074,2019-12-02 06:07:28.361921,,,,Onsite,6,43,44,0 days 00:00:45.000000000,0 days 00:16:43.361921000
6,2019-12-02 06:52:00.000000,2019-12-02 06:52:45.000000,2019-12-02 07:09:40.795455,2019-12-02 07:10:25.795455,2019-12-02 07:39:11.777507,2019-12-02 07:39:56.777507,2019-12-02 07:54:20.496490,Replace,6,43,44,0 days 00:00:45.000000000,0 days 00:17:40.795455000
7,2019-12-02 08:18:00.000000,2019-12-02 08:18:30.000000,2019-12-02 08:40:34.508168,2019-12-02 08:41:04.508168,2019-12-02 09:12:16.029183,2019-12-02 09:12:46.029183,2019-12-02 09:27:47.120179,Replace,6,43,44,0 days 00:00:30.000000000,0 days 00:22:34.508168000
8,2019-12-02 09:17:00.000000,2019-12-02 09:17:35.000000,2019-12-02 09:35:37.284996,2019-12-02 09:36:05.157241,,,,Onsite,6,43,44,0 days 00:00:35.000000000,0 days 00:18:30.157241000
9,2019-12-02 10:15:00.000000,2019-12-02 10:15:45.000000,2019-12-02 10:37:30.160593,2019-12-02 10:37:32.298558,,,,Onsite,6,43,44,0 days 00:00:45.000000000,0 days 00:21:47.298558000
10,2019-12-02 11:27:00.000000,2019-12-02 11:27:35.000000,2019-12-02 11:41:53.707262,2019-12-02 11:42:28.707262,2019-12-02 12:10:17.436407,2019-12-02 12:10:52.436407,2019-12-02 12:27:27.074196,Replace,6,43,44,0 days 00:00:35.000000000,0 days 00:14:53.707262000
11,2019-12-02 12:30:00.000000,2019-12-02 12:30:50.000000,2019-12-02 12:47:20.699739,2019-12-02 12:48:10.699739,2019-12-02 13:21:01.515756,2019-12-02 13:21:51.515756,2019-12-02 13:39:50.382405,Replace,6,43,44,0 days 00:00:50.000000000,0 days 00:17:20.699739000
12,2019-12-02 13:23:00.000000,2019-12-02 13:23:45.000000,2019-12-02 13:33:30.140022,2019-12-02 13:33:48.115704,,,,Onsite,6,43,44,0 days 00:00:45.000000000,0 days 00:10:03.115704000
13,2019-12-02 14:25:00.000000,2019-12-02 14:25:30.000000,2019-12-02 14:40:35.768824,2019-12-02 14:40:40.167107,,,,Onsite,6,43,44,0 days 00:00:30.000000000,0 days 00:15:10.167107000
14,2019-12-02 15:39:00.000000,2019-12-02 15:39:35.000000,2019-12-02 15:54:27.072734,2019-12-02 15:55:02.072734,2019-12-02 16:28:58.751324,2019-12-02 16:29:33.751324,2019-12-02 16:42:23.876214,Replace,6,43,44,0 days 00:00:35.000000000,0 days 00:15:27.072734000
15,2019-12-02 17:05:00.000000,2019-12-02 17:05:30.000000,2019-12-02 17:14:31.134055,2019-12-02 17:14:45.646041,,,,Onsite,6,43,44,0 days 00:00:30.000000000,0 days 00:09:15.646041000
16,2019-12-02 18:29:00.000000,2019-12-02 18:29:45.000000,2019-12-02 18:46:16.604915,2019-12-02 18:46:41.544131,,,,Onsite,6,43,44,0 days 00:00:45.000000000,0 days 00:16:56.544131000
17,2019-12-02 19:28:00.000000,2019-12-02 19:28:45.000000,2019-12-02 19:41:39.614258,2019-12-02 19:41:51.670060,,,,Onsite,6,43,44,0 days 00:00:45.000000000,0 days 00:13:06.670060000
18,2019-12-02 20:37:00.000000,2019-12-02 20:37:45.000000,2019-12-02 20:52:25.046416,2019-12-02 20:52:33.888712,,,,Onsite,6,43,44,0 days 00:00:45.000000000,0 days 00:14:48.888712000
19,2019-12-02 21:44:00.000000,2019-12-02 21:44:55.000000,2019-12-02 22:06:13.328332,2019-12-02 22:07:08.328332,2019-12-02 22:34:28.685912,2019-12-02 22:35:23.685912,2019-12-02 22:56:31.183724,Replace,6,43,44,0 days 00:00:55.000000000,0 days 00:22:13.328332000
0,2019-12-02 01:00:00.000000,2019-12-02 00:00:55.000000,2019-12-02 00:15:23.252447,2019-12-02 00:15:30.803782,,,,Onsite,7,43,44,-1 days +23:00:55.000000000,0 days 00:14:35.803782000
1,2019-12-02 01:15:00.000000,2019-12-02 01:15:45.000000,2019-12-02 01:35:38.040174,2019-12-02 01:36:23.040174,2019-12-02 02:17:54.157991,2019-12-02 02:18:39.157991,2019-12-02 02:41:02.790279,Replace,7,43,44,0 days 00:00:45.000000000,0 days 00:20:38.040174000
2,2019-12-02 02:32:00.000000,2019-12-02 02:32:25.000000,2019-12-02 02:50:34.740098,2019-12-02 02:50:59.740098,2019-12-02 03:17:23.201503,2019-12-02 03:17:48.201503,2019-12-02 03:33:08.953881,Replace,7,43,44,0 days 00:00:25.000000000,0 days 00:18:34.740098000
3,2019-12-02 03:49:00.000000,2019-12-02 03:49:45.000000,2019-12-02 04:09:45.846478,2019-12-02 04:10:30.846478,2019-12-02 05:07:26.434479,2019-12-02 05:08:11.434479,2019-12-02 05:24:32.166897,Replace,7,43,44,0 days 00:00:45.000000000,0 days 00:20:45.846478000
4,2019-12-02 05:04:00.000000,2019-12-02 05:04:50.000000,2019-12-02 05:19:40.436462,2019-12-02 05:19:52.186186,,,,Onsite,7,43,44,0 days 00:00:50.000000000,0 days 00:15:02.186186000
5,2019-12-02 06:16:00.000000,2019-12-02 06:16:45.000000,2019-12-02 06:34:39.567232,2019-12-02 06:34:55.140014,,,,Onsite,7,43,44,0 days 00:00:45.000000000,0 days 00:18:10.140014000
6,2019-12-02 07:34:00.000000,2019-12-02 07:34:50.000000,2019-12-02 07:51:51.693397,2019-12-02 07:52:16.162984,,,,Onsite,7,43,44,0 days 00:00:50.000000000,0 days 00:17:26.162984000
7,2019-12-02 08:25:00.000000,2019-12-02 08:25:50.000000,2019-12-02 08:45:02.087992,2019-12-02 08:45:52.087992,2019-12-02 09:18:42.528402,2019-12-02 09:19:32.528402,2019-12-02 09:33:34.893169,Replace,7,43,44,0 days 00:00:50.000000000,0 days 00:20:02.087992000
8,2019-12-02 09:44:00.000000,2019-12-02 09:44:55.000000,2019-12-02 10:06:27.522760,2019-12-02 10:07:22.522760,2019-12-02 10:35:32.016232,2019-12-02 10:36:27.016232,2019-12-02 10:47:39.411593,Replace,7,43,44,0 days 00:00:55.000000000,0 days 00:22:27.522760000
9,2019-12-02 10:51:00.000000,2019-12-02 10:51:50.000000,2019-12-02 11:03:56.353231,2019-12-02 11:04:46.353231,2019-12-02 11:42:51.951893,2019-12-02 11:43:41.951893,2019-12-02 12:01:25.426287,Replace,7,43,44,0 days 00:00:50.000000000,0 days 00:12:56.353231000
10,2019-12-02 12:04:00.000000,2019-12-02 12:04:55.000000,2019-12-02 12:18:40.681633,2019-12-02 12:19:35.681633,2019-12-02 13:01:52.477882,2019-12-02 13:02:47.477882,2019-12-02 13:23:29.647880,Replace,7,43,44,0 days 00:00:55.000000000,0 days 00:14:40.681633000
11,2019-12-02 13:24:00.000000,2019-12-02 13:24:35.000000,2019-12-02 13:37:02.076808,2019-12-02 13:37:37.076808,2019-12-02 14:04:01.941617,2019-12-02 14:04:36.941617,2019-12-02 14:23:33.336445,Replace,7,43,44,0 days 00:00:35.000000000,0 days 00:13:02.076808000
12,2019-12-02 14:44:00.000000,2019-12-02 14:44:30.000000,2019-12-02 15:00:12.337163,2019-12-02 15:00:42.337163,2019-12-02 15:28:46.416785,2019-12-02 15:29:16.416785,2019-12-02 15:41:58.956124,Replace,7,43,44,0 days 00:00:30.000000000,0 days 00:16:12.337163000
13,2019-12-02 15:41:00.000000,2019-12-02 15:41:35.000000,2019-12-02 16:01:32.892165,2019-12-02 16:02:07.892165,2019-12-02 16:42:44.198215,2019-12-02 16:43:19.198215,2019-12-02 16:57:28.246919,Replace,7,43,44,0 days 00:00:35.000000000,0 days 00:20:32.892165000
14,2019-12-02 16:51:00.000000,2019-12-02 16:51:25.000000,2019-12-02 17:01:43.545336,2019-12-02 17:01:48.093761,,,,Onsite,7,43,44,0 days 00:00:25.000000000,0 days 00:10:23.093761000
15,2019-12-02 18:00:00.000000,2019-12-02 18:00:45.000000,2019-12-02 18:14:24.483903,2019-12-02 18:15:09.483903,2019-12-02 18:46:27.999206,2019-12-02 18:47:12.999206,2019-12-02 19:04:33.839958,Replace,7,43,44,0 days 00:00:45.000000000,0 days 00:14:24.483903000
16,2019-12-02 19:15:00.000000,2019-12-02 19:15:55.000000,2019-12-02 19:30:27.073450,2019-12-02 19:31:22.073450,2019-12-02 20:03:01.290584,2019-12-02 20:03:56.290584,2019-12-02 20:20:00.514233,Replace,7,43,44,0 days 00:00:55.000000000,0 days 00:15:27.073450000
17,2019-12-02 20:05:00.000000,2019-12-02 20:05:50.000000,2019-12-02 20:23:54.034829,2019-12-02 20:24:44.034829,2019-12-02 20:54:18.164660,2019-12-02 20:55:08.164660,2019-12-02 21:13:18.002128,Replace,7,43,44,0 days 00:00:50.000000000,0 days 00:18:54.034829000
18,2019-12-02 21:16:00.000000,2019-12-02 21:16:35.000000,2019-12-02 21:31:28.847658,2019-12-02 21:31:42.666555,,,,Onsite,7,43,44,0 days 00:00:35.000000000,0 days 00:15:07.666555000
0,2019-12-02 01:26:00.000000,2019-12-02 00:00:45.000000,2019-12-02 00:21:40.467585,2019-12-02 00:22:25.467585,2019-12-02 01:00:00.305762,2019-12-02 01:00:45.305762,2019-12-02 01:17:09.096546,Replace,8,43,44,-1 days +22:34:45.000000000,0 days 00:21:40.467585000
1,2019-12-02 01:08:00.000000,2019-12-02 01:08:30.000000,2019-12-02 01:19:40.492933,2019-12-02 01:20:04.209505,,,,Onsite,8,43,44,0 days 00:00:30.000000000,0 days 00:11:34.209505000
2,2019-12-02 02:07:00.000000,2019-12-02 02:07:35.000000,2019-12-02 02:20:10.558891,2019-12-02 02:20:45.558891,2019-12-02 03:02:40.505454,2019-12-02 03:03:15.505454,2019-12-02 03:21:25.040148,Replace,8,43,44,0 days 00:00:35.000000000,0 days 00:13:10.558891000
3,2019-12-02 03:32:00.000000,2019-12-02 03:32:45.000000,2019-12-02 03:49:36.383249,2019-12-02 03:49:46.058722,,,,Onsite,8,43,44,0 days 00:00:45.000000000,0 days 00:17:01.058722000
4,2019-12-02 04:47:00.000000,2019-12-02 04:47:25.000000,2019-12-02 05:05:44.531401,2019-12-02 05:06:05.300372,,,,Onsite,8,43,44,0 days 00:00:25.000000000,0 days 00:18:40.300372000
5,2019-12-02 06:03:00.000000,2019-12-02 06:03:45.000000,2019-12-02 06:21:30.229099,2019-12-02 06:22:15.229099,2019-12-02 06:45:21.563858,2019-12-02 06:46:06.563858,2019-12-02 07:03:22.810874,Replace,8,43,44,0 days 00:00:45.000000000,0 days 00:18:30.229099000
6,2019-12-02 07:05:00.000000,2019-12-02 07:05:30.000000,2019-12-02 07:22:42.245096,2019-12-02 07:23:12.245096,2019-12-02 07:49:36.144351,2019-12-02 07:50:06.144351,2019-12-02 08:04:26.593952,Replace,8,43,44,0 days 00:00:30.000000000,0 days 00:17:42.245096000
7,2019-12-02 08:20:00.000000,2019-12-02 08:20:30.000000,2019-12-02 08:38:29.311066,2019-12-02 08:38:59.311066,2019-12-02 09:11:06.998043,2019-12-02 09:11:36.998043,2019-12-02 09:25:48.845376,Replace,8,43,44,0 days 00:00:30.000000000,0 days 00:18:29.311066000
8,2019-12-02 09:35:00.000000,2019-12-02 09:35:25.000000,2019-12-02 09:57:14.155881,2019-12-02 09:57:25.808228,,,,Onsite,8,43,44,0 days 00:00:25.000000000,0 days 00:22:00.808228000
9,2019-12-02 10:55:00.000000,2019-12-02 10:55:50.000000,2019-12-02 11:08:11.121525,2019-12-02 11:08:14.583923,,,,Onsite,8,43,44,0 days 00:00:50.000000000,0 days 00:12:24.583923000
10,2019-12-02 11:55:00.000000,2019-12-02 11:55:25.000000,2019-12-02 12:06:07.708374,2019-12-02 12:06:13.568292,,,,Onsite,8,43,44,0 days 00:00:25.000000000,0 days 00:10:48.568292000
11,2019-12-02 13:08:00.000000,2019-12-02 13:08:45.000000,2019-12-02 13:23:29.925314,2019-12-02 13:23:42.609821,,,,Onsite,8,43,44,0 days 00:00:45.000000000,0 days 00:14:57.609821000
12,2019-12-02 14:16:00.000000,2019-12-02 14:16:35.000000,2019-12-02 14:31:33.936708,2019-12-02 14:31:49.594527,,,,Onsite,8,43,44,0 days 00:00:35.000000000,0 days 00:15:14.594527000
13,2019-12-02 15:15:00.000000,2019-12-02 15:15:50.000000,2019-12-02 15:34:17.816988,2019-12-02 15:34:32.856556,,,,Onsite,8,43,44,0 days 00:00:50.000000000,0 days 00:18:42.856556000
14,2019-12-02 16:19:00.000000,2019-12-02 16:19:45.000000,2019-12-02 16:33:02.781054,2019-12-02 16:33:19.650875,,,,Onsite,8,43,44,0 days 00:00:45.000000000,0 days 00:13:34.650875000
15,2019-12-02 17:45:00.000000,2019-12-02 17:45:30.000000,2019-12-02 17:59:11.166783,2019-12-02 17:59:41.166783,2019-12-02 18:35:41.482504,2019-12-02 18:36:11.482504,2019-12-02 18:49:21.681015,Replace,8,43,44,0 days 00:00:30.000000000,0 days 00:14:11.166783000
16,2019-12-02 18:53:00.000000,2019-12-02 18:53:25.000000,2019-12-02 19:10:52.452604,2019-12-02 19:10:54.570797,,,,Onsite,8,43,44,0 days 00:00:25.000000000,0 days 00:17:29.570797000
17,2019-12-02 20:02:00.000000,2019-12-02 20:02:35.000000,2019-12-02 20:21:41.842595,2019-12-02 20:22:19.696714,,,,Onsite,8,43,44,0 days 00:00:35.000000000,0 days 00:19:44.696714000
18,2019-12-02 21:11:00.000000,2019-12-02 21:11:45.000000,2019-12-02 21:26:29.800313,2019-12-02 21:27:14.800313,2019-12-02 21:56:05.286199,2019-12-02 21:56:50.286199,2019-12-02 22:17:31.241943,Replace,8,43,44,0 days 00:00:45.000000000,0 days 00:15:29.800313000
0,2019-12-02 01:27:00.000000,2019-12-02 00:00:25.000000,2019-12-02 00:15:24.874984,2019-12-02 00:15:49.874984,2019-12-02 00:52:55.829388,2019-12-02 00:53:20.829388,2019-12-02 01:05:24.495329,Replace,9,43,44,-1 days +22:33:25.000000000,0 days 00:15:24.874984000
1,2019-12-02 01:13:00.000000,2019-12-02 01:13:45.000000,2019-12-02 01:32:48.720230,2019-12-02 01:33:10.387694,,,,Onsite,9,43,44,0 days 00:00:45.000000000,0 days 00:19:25.387694000
2,2019-12-02 02:17:00.000000,2019-12-02 02:17:30.000000,2019-12-02 02:30:23.614645,2019-12-02 02:30:33.080529,,,,Onsite,9,43,44,0 days 00:00:30.000000000,0 days 00:13:03.080529000
3,2019-12-02 03:36:00.000000,2019-12-02 03:36:45.000000,2019-12-02 03:52:11.059903,2019-12-02 03:52:25.001821,,,,Onsite,9,43,44,0 days 00:00:45.000000000,0 days 00:15:40.001821000
4,2019-12-02 05:06:00.000000,2019-12-02 05:06:50.000000,2019-12-02 05:18:11.527606,2019-12-02 05:19:01.527606,2019-12-02 06:06:57.079322,2019-12-02 06:07:47.079322,2019-12-02 06:21:28.233457,Replace,9,43,44,0 days 00:00:50.000000000,0 days 00:12:11.527606000
5,2019-12-02 06:01:00.000000,2019-12-02 06:01:35.000000,2019-12-02 06:19:18.548200,2019-12-02 06:19:23.891595,,,,Onsite,9,43,44,0 days 00:00:35.000000000,0 days 00:17:48.891595000
6,2019-12-02 07:08:00.000000,2019-12-02 07:08:55.000000,2019-12-02 07:28:42.999161,2019-12-02 07:28:57.793711,,,,Onsite,9,43,44,0 days 00:00:55.000000000,0 days 00:20:02.793711000
7,2019-12-02 08:07:00.000000,2019-12-02 08:07:45.000000,2019-12-02 08:22:19.880210,2019-12-02 08:23:04.880210,2019-12-02 08:58:28.007586,2019-12-02 08:59:13.007586,2019-12-02 09:14:03.896855,Replace,9,43,44,0 days 00:00:45.000000000,0 days 00:15:19.880210000
8,2019-12-02 09:06:00.000000,2019-12-02 09:06:35.000000,2019-12-02 09:21:41.063228,2019-12-02 09:22:16.063228,2019-12-02 09:52:18.905061,2019-12-02 09:52:53.905061,2019-12-02 10:06:08.728796,Replace,9,43,44,0 days 00:00:35.000000000,0 days 00:15:41.063228000
9,2019-12-02 10:05:00.000000,2019-12-02 10:05:25.000000,2019-12-02 10:24:05.515146,2019-12-02 10:24:22.310523,,,,Onsite,9,43,44,0 days 00:00:25.000000000,0 days 00:18:57.310523000
10,2019-12-02 11:14:00.000000,2019-12-02 11:14:45.000000,2019-12-02 11:31:44.289870,2019-12-02 11:31:51.558668,,,,Onsite,9,43,44,0 days 00:00:45.000000000,0 days 00:17:06.558668000
11,2019-12-02 12:20:00.000000,2019-12-02 12:20:45.000000,2019-12-02 12:36:05.725708,2019-12-02 12:36:50.725708,2019-12-02 13:08:13.347273,2019-12-02 13:08:58.347273,2019-12-02 13:26:35.249834,Replace,9,43,44,0 days 00:00:45.000000000,0 days 00:16:05.725708000
12,2019-12-02 13:35:00.000000,2019-12-02 13:35:50.000000,2019-12-02 13:51:56.162031,2019-12-02 13:52:46.162031,2019-12-02 14:22:52.802533,2019-12-02 14:23:42.802533,2019-12-02 14:45:00.454183,Replace,9,43,44,0 days 00:00:50.000000000,0 days 00:16:56.162031000
13,2019-12-02 14:38:00.000000,2019-12-02 14:38:30.000000,2019-12-02 14:54:53.546858,2019-12-02 14:55:00.653502,,,,Onsite,9,43,44,0 days 00:00:30.000000000,0 days 00:16:30.653502000
14,2019-12-02 16:04:00.000000,2019-12-02 16:04:35.000000,2019-12-02 16:23:04.061196,2019-12-02 16:23:39.061196,2019-12-02 17:11:00.577645,2019-12-02 17:11:35.577645,2019-12-02 17:25:07.982460,Replace,9,43,44,0 days 00:00:35.000000000,0 days 00:19:04.061196000
15,2019-12-02 17:04:00.000000,2019-12-02 17:04:35.000000,2019-12-02 17:25:08.564730,2019-12-02 17:25:43.564730,2019-12-02 17:54:46.474004,2019-12-02 17:55:21.474004,2019-12-02 18:11:28.389781,Replace,9,43,44,0 days 00:00:35.000000000,0 days 00:21:08.564730000
16,2019-12-02 18:12:00.000000,2019-12-02 18:12:35.000000,2019-12-02 18:27:35.917262,2019-12-02 18:27:55.316359,,,,Onsite,9,43,44,0 days 00:00:35.000000000,0 days 00:15:20.316359000
17,2019-12-02 19:12:00.000000,2019-12-02 19:12:35.000000,2019-12-02 19:27:57.533852,2019-12-02 19:28:32.533852,2019-12-02 20:02:14.231386,2019-12-02 20:02:49.231386,2019-12-02 20:16:12.261161,Replace,9,43,44,0 days 00:00:35.000000000,0 days 00:15:57.533852000
18,2019-12-02 20:19:00.000000,2019-12-02 20:19:30.000000,2019-12-02 20:36:03.266674,2019-12-02 20:36:07.056747,,,,Onsite,9,43,44,0 days 00:00:30.000000000,0 days 00:16:37.056747000
19,2019-12-02 21:09:00.000000,2019-12-02 21:09:45.000000,2019-12-02 21:26:43.046310,2019-12-02 21:26:55.232069,,,,Onsite,9,43,44,0 days 00:00:45.000000000,0 days 00:17:10.232069000
0,2019-12-02 01:01:00.000000,2019-12-02 00:00:30.000000,2019-12-02 00:21:51.068033,2019-12-02 00:22:21.068033,2019-12-02 00:49:13.766430,2019-12-02 00:49:43.766430,2019-12-02 01:02:00.681324,Replace,1,43,45,-1 days +22:59:30.000000000,0 days 00:21:51.068033000
1,2019-12-02 01:14:00.000000,2019-12-02 01:14:50.000000,2019-12-02 01:25:15.111150,2019-12-02 01:26:05.111150,2019-12-02 02:01:29.881403,2019-12-02 02:02:19.881403,2019-12-02 02:16:21.263927,Replace,1,43,45,0 days 00:00:50.000000000,0 days 00:11:15.111150000
2,2019-12-02 02:09:00.000000,2019-12-02 02:09:30.000000,2019-12-02 02:24:27.318727,2019-12-02 02:24:57.318727,2019-12-02 02:49:59.575213,2019-12-02 02:50:29.575213,2019-12-02 03:04:08.290258,Replace,1,43,45,0 days 00:00:30.000000000,0 days 00:15:27.318727000
3,2019-12-02 03:07:00.000000,2019-12-02 03:07:30.000000,2019-12-02 03:22:00.018597,2019-12-02 03:22:30.018597,2019-12-02 03:53:12.727274,2019-12-02 03:53:42.727274,2019-12-02 04:15:30.085225,Replace,1,43,45,0 days 00:00:30.000000000,0 days 00:15:00.018597000
4,2019-12-02 04:13:00.000000,2019-12-02 04:13:45.000000,2019-12-02 04:32:40.410129,2019-12-02 04:33:02.854620,,,,Onsite,1,43,45,0 days 00:00:45.000000000,0 days 00:19:17.854620000
5,2019-12-02 05:15:00.000000,2019-12-02 05:15:25.000000,2019-12-02 05:27:24.972684,2019-12-02 05:28:05.512973,,,,Onsite,1,43,45,0 days 00:00:25.000000000,0 days 00:12:40.512973000
6,2019-12-02 06:21:00.000000,2019-12-02 06:21:45.000000,2019-12-02 06:39:28.351345,2019-12-02 06:39:58.698848,,,,Onsite,1,43,45,0 days 00:00:45.000000000,0 days 00:18:13.698848000
7,2019-12-02 07:19:00.000000,2019-12-02 07:19:45.000000,2019-12-02 07:35:23.525991,2019-12-02 07:35:41.256542,,,,Onsite,1,43,45,0 days 00:00:45.000000000,0 days 00:15:56.256542000
8,2019-12-02 08:46:00.000000,2019-12-02 08:46:45.000000,2019-12-02 09:05:56.267349,2019-12-02 09:06:41.267349,2019-12-02 09:45:54.473953,2019-12-02 09:46:39.473953,2019-12-02 10:04:34.185831,Replace,1,43,45,0 days 00:00:45.000000000,0 days 00:19:56.267349000
9,2019-12-02 10:03:00.000000,2019-12-02 10:03:25.000000,2019-12-02 10:17:31.803502,2019-12-02 10:17:56.803502,2019-12-02 11:01:18.834912,2019-12-02 11:01:43.834912,2019-12-02 11:22:09.002949,Replace,1,43,45,0 days 00:00:25.000000000,0 days 00:14:31.803502000
10,2019-12-02 11:20:00.000000,2019-12-02 11:20:25.000000,2019-12-02 11:37:10.759153,2019-12-02 11:37:27.011364,,,,Onsite,1,43,45,0 days 00:00:25.000000000,0 days 00:17:02.011364000
11,2019-12-02 12:27:00.000000,2019-12-02 12:27:35.000000,2019-12-02 12:43:35.550103,2019-12-02 12:44:10.550103,2019-12-02 13:28:08.020050,2019-12-02 13:28:43.020050,2019-12-02 13:48:44.699285,Replace,1,43,45,0 days 00:00:35.000000000,0 days 00:16:35.550103000
12,2019-12-02 13:32:00.000000,2019-12-02 13:32:45.000000,2019-12-02 13:49:23.443912,2019-12-02 13:49:35.956922,,,,Onsite,1,43,45,0 days 00:00:45.000000000,0 days 00:16:50.956922000
13,2019-12-02 14:34:00.000000,2019-12-02 14:34:55.000000,2019-12-02 14:54:13.327909,2019-12-02 14:54:33.733341,,,,Onsite,1,43,45,0 days 00:00:55.000000000,0 days 00:19:38.733341000
14,2019-12-02 15:41:00.000000,2019-12-02 15:41:30.000000,2019-12-02 16:00:29.692922,2019-12-02 16:00:59.692922,2019-12-02 16:41:36.897846,2019-12-02 16:42:06.897846,2019-12-02 16:57:29.317537,Replace,1,43,45,0 days 00:00:30.000000000,0 days 00:19:29.692922000
15,2019-12-02 16:47:00.000000,2019-12-02 16:47:25.000000,2019-12-02 17:08:17.789734,2019-12-02 17:08:44.571293,,,,Onsite,1,43,45,0 days 00:00:25.000000000,0 days 00:21:19.571293000
16,2019-12-02 17:58:00.000000,2019-12-02 17:58:25.000000,2019-12-02 18:11:16.396116,2019-12-02 18:11:32.845272,,,,Onsite,1,43,45,0 days 00:00:25.000000000,0 days 00:13:07.845272000
17,2019-12-02 19:08:00.000000,2019-12-02 19:08:45.000000,2019-12-02 19:29:39.570632,2019-12-02 19:30:24.570632,2019-12-02 20:01:04.889480,2019-12-02 20:01:49.889480,2019-12-02 20:18:57.758260,Replace,1,43,45,0 days 00:00:45.000000000,0 days 00:21:39.570632000
18,2019-12-02 20:11:00.000000,2019-12-02 20:11:30.000000,2019-12-02 20:30:10.445557,2019-12-02 20:30:40.445557,2019-12-02 21:10:27.231005,2019-12-02 21:10:57.231005,2019-12-02 21:24:02.331161,Replace,1,43,45,0 days 00:00:30.000000000,0 days 00:19:10.445557000
19,2019-12-02 21:30:00.000000,2019-12-02 21:30:45.000000,2019-12-02 21:49:27.844671,2019-12-02 21:50:12.844671,2019-12-02 22:20:03.037790,2019-12-02 22:20:48.037790,2019-12-02 22:37:34.156042,Replace,1,43,45,0 days 00:00:45.000000000,0 days 00:19:27.844671000
20,2019-12-02 22:31:00.000000,2019-12-02 22:31:45.000000,2019-12-02 22:44:40.476277,2019-12-02 22:44:48.016432,,,,Onsite,1,43,45,0 days 00:00:45.000000000,0 days 00:13:03.016432000
0,2019-12-02 01:03:00.000000,2019-12-02 00:00:45.000000,2019-12-02 00:15:38.115527,2019-12-02 00:15:53.102851,,,,Onsite,2,43,45,-1 days +22:57:45.000000000,0 days 00:15:08.102851000
1,2019-12-02 01:11:00.000000,2019-12-02 01:11:55.000000,2019-12-02 01:26:19.220043,2019-12-02 01:26:32.208609,,,,Onsite,2,43,45,0 days 00:00:55.000000000,0 days 00:14:37.208609000
2,2019-12-02 02:10:00.000000,2019-12-02 02:10:35.000000,2019-12-02 02:26:01.467941,2019-12-02 02:26:36.467941,2019-12-02 02:54:38.569726,2019-12-02 02:55:13.569726,2019-12-02 03:08:19.267863,Replace,2,43,45,0 days 00:00:35.000000000,0 days 00:16:01.467941000
3,2019-12-02 03:23:00.000000,2019-12-02 03:23:30.000000,2019-12-02 03:37:43.347311,2019-12-02 03:38:09.130653,,,,Onsite,2,43,45,0 days 00:00:30.000000000,0 days 00:14:39.130653000
4,2019-12-02 04:26:00.000000,2019-12-02 04:26:45.000000,2019-12-02 04:46:30.219142,2019-12-02 04:46:45.163879,,,,Onsite,2,43,45,0 days 00:00:45.000000000,0 days 00:20:00.163879000
5,2019-12-02 05:30:00.000000,2019-12-02 05:30:45.000000,2019-12-02 05:48:15.511641,2019-12-02 05:49:00.511641,2019-12-02 06:20:15.820717,2019-12-02 06:21:00.820717,2019-12-02 06:33:43.288730,Replace,2,43,45,0 days 00:00:45.000000000,0 days 00:18:15.511641000
6,2019-12-02 06:29:00.000000,2019-12-02 06:29:30.000000,2019-12-02 06:40:31.125594,2019-12-02 06:41:01.125594,2019-12-02 07:07:01.009541,2019-12-02 07:07:31.009541,2019-12-02 07:23:45.410405,Replace,2,43,45,0 days 00:00:30.000000000,0 days 00:11:31.125594000
7,2019-12-02 07:24:00.000000,2019-12-02 07:24:45.000000,2019-12-02 07:37:52.812579,2019-12-02 07:38:37.812579,2019-12-02 08:23:41.232327,2019-12-02 08:24:26.232327,2019-12-02 08:40:30.657322,Replace,2,43,45,0 days 00:00:45.000000000,0 days 00:13:52.812579000
8,2019-12-02 08:42:00.000000,2019-12-02 08:42:45.000000,2019-12-02 08:59:31.619293,2019-12-02 09:00:16.619293,2019-12-02 09:28:55.644138,2019-12-02 09:29:40.644138,2019-12-02 09:53:28.271668,Replace,2,43,45,0 days 00:00:45.000000000,0 days 00:17:31.619293000
9,2019-12-02 10:05:00.000000,2019-12-02 10:05:50.000000,2019-12-02 10:26:09.339154,2019-12-02 10:26:59.339154,2019-12-02 11:14:30.490116,2019-12-02 11:15:20.490116,2019-12-02 11:27:43.566415,Replace,2,43,45,0 days 00:00:50.000000000,0 days 00:21:09.339154000
10,2019-12-02 11:27:00.000000,2019-12-02 11:27:45.000000,2019-12-02 11:42:38.314498,2019-12-02 11:43:23.314498,2019-12-02 12:29:06.056893,2019-12-02 12:29:51.056893,2019-12-02 12:52:26.272119,Replace,2,43,45,0 days 00:00:45.000000000,0 days 00:15:38.314498000
11,2019-12-02 12:39:00.000000,2019-12-02 12:39:50.000000,2019-12-02 12:57:35.113685,2019-12-02 12:58:25.113685,2019-12-02 13:37:03.558427,2019-12-02 13:37:53.558427,2019-12-02 13:58:30.167389,Replace,2,43,45,0 days 00:00:50.000000000,0 days 00:18:35.113685000
12,2019-12-02 13:45:00.000000,2019-12-02 13:45:30.000000,2019-12-02 13:58:02.625687,2019-12-02 13:58:12.783152,,,,Onsite,2,43,45,0 days 00:00:30.000000000,0 days 00:12:42.783152000
13,2019-12-02 14:57:00.000000,2019-12-02 14:57:25.000000,2019-12-02 15:11:05.362615,2019-12-02 15:11:28.038397,,,,Onsite,2,43,45,0 days 00:00:25.000000000,0 days 00:14:03.038397000
14,2019-12-02 15:43:00.000000,2019-12-02 15:43:30.000000,2019-12-02 16:03:13.809359,2019-12-02 16:03:27.085790,,,,Onsite,2,43,45,0 days 00:00:30.000000000,0 days 00:19:57.085790000
15,2019-12-02 16:54:00.000000,2019-12-02 16:54:55.000000,2019-12-02 17:11:18.870106,2019-12-02 17:12:13.870106,2019-12-02 17:56:00.097882,2019-12-02 17:56:55.097882,2019-12-02 18:10:24.531759,Replace,2,43,45,0 days 00:00:55.000000000,0 days 00:17:18.870106000
16,2019-12-02 18:20:00.000000,2019-12-02 18:20:45.000000,2019-12-02 18:32:57.288186,2019-12-02 18:33:42.288186,2019-12-02 19:11:02.751453,2019-12-02 19:11:47.751453,2019-12-02 19:27:08.166010,Replace,2,43,45,0 days 00:00:45.000000000,0 days 00:12:57.288186000
17,2019-12-02 19:32:00.000000,2019-12-02 19:32:45.000000,2019-12-02 19:46:18.567092,2019-12-02 19:47:03.567092,2019-12-02 20:27:36.945663,2019-12-02 20:28:21.945663,2019-12-02 20:47:18.895135,Replace,2,43,45,0 days 00:00:45.000000000,0 days 00:14:18.567092000
18,2019-12-02 20:23:00.000000,2019-12-02 20:23:45.000000,2019-12-02 20:43:29.083916,2019-12-02 20:44:14.083916,2019-12-02 21:10:04.843064,2019-12-02 21:10:49.843064,2019-12-02 21:27:04.015119,Replace,2,43,45,0 days 00:00:45.000000000,0 days 00:20:29.083916000
19,2019-12-02 21:25:00.000000,2019-12-02 21:25:45.000000,2019-12-02 21:36:41.439940,2019-12-02 21:36:50.240875,,,,Onsite,2,43,45,0 days 00:00:45.000000000,0 days 00:11:05.240875000
20,2019-12-02 22:24:00.000000,2019-12-02 22:24:25.000000,2019-12-02 22:37:55.266747,2019-12-02 22:38:16.351352,,,,Onsite,2,43,45,0 days 00:00:25.000000000,0 days 00:13:51.351352000
0,2019-12-02 01:08:00.000000,2019-12-02 00:00:45.000000,2019-12-02 00:16:23.809762,2019-12-02 00:16:45.652022,,,,Onsite,3,43,45,-1 days +22:52:45.000000000,0 days 00:16:00.652022000
1,2019-12-02 01:02:00.000000,2019-12-02 01:02:35.000000,2019-12-02 01:17:44.808851,2019-12-02 01:18:19.808851,2019-12-02 02:01:57.471616,2019-12-02 02:02:32.471616,2019-12-02 02:16:49.438754,Replace,3,43,45,0 days 00:00:35.000000000,0 days 00:15:44.808851000
2,2019-12-02 02:13:00.000000,2019-12-02 02:13:45.000000,2019-12-02 02:31:13.188257,2019-12-02 02:31:58.188257,2019-12-02 02:54:56.144327,2019-12-02 02:55:41.144327,2019-12-02 03:14:30.304101,Replace,3,43,45,0 days 00:00:45.000000000,0 days 00:18:13.188257000
3,2019-12-02 03:18:00.000000,2019-12-02 03:18:35.000000,2019-12-02 03:37:51.863666,2019-12-02 03:38:26.863666,2019-12-02 04:09:27.784130,2019-12-02 04:10:02.784130,2019-12-02 04:23:45.004405,Replace,3,43,45,0 days 00:00:35.000000000,0 days 00:19:51.863666000
4,2019-12-02 04:18:00.000000,2019-12-02 04:18:55.000000,2019-12-02 04:37:36.884999,2019-12-02 04:38:31.884999,2019-12-02 05:01:24.960405,2019-12-02 05:02:19.960405,2019-12-02 05:18:23.273250,Replace,3,43,45,0 days 00:00:55.000000000,0 days 00:19:36.884999000
5,2019-12-02 05:11:00.000000,2019-12-02 05:11:35.000000,2019-12-02 05:28:30.845298,2019-12-02 05:28:34.622711,,,,Onsite,3,43,45,0 days 00:00:35.000000000,0 days 00:16:59.622711000
6,2019-12-02 06:16:00.000000,2019-12-02 06:16:55.000000,2019-12-02 06:32:41.499370,2019-12-02 06:33:36.499370,2019-12-02 07:17:46.214170,2019-12-02 07:18:41.214170,2019-12-02 07:30:58.718600,Replace,3,43,45,0 days 00:00:55.000000000,0 days 00:16:41.499370000
7,2019-12-02 07:34:00.000000,2019-12-02 07:34:45.000000,2019-12-02 07:50:19.263774,2019-12-02 07:50:31.651825,,,,Onsite,3,43,45,0 days 00:00:45.000000000,0 days 00:15:46.651825000
8,2019-12-02 08:34:00.000000,2019-12-02 08:34:45.000000,2019-12-02 08:51:25.970632,2019-12-02 08:52:10.970632,2019-12-02 09:25:55.376213,2019-12-02 09:26:40.376213,2019-12-02 09:39:43.781500,Replace,3,43,45,0 days 00:00:45.000000000,0 days 00:17:25.970632000
9,2019-12-02 09:28:00.000000,2019-12-02 09:28:30.000000,2019-12-02 09:42:59.554623,2019-12-02 09:43:07.803543,,,,Onsite,3,43,45,0 days 00:00:30.000000000,0 days 00:14:37.803543000
10,2019-12-02 10:45:00.000000,2019-12-02 10:45:45.000000,2019-12-02 11:06:45.623296,2019-12-02 11:07:30.623296,2019-12-02 11:48:01.187655,2019-12-02 11:48:46.187655,2019-12-02 12:07:57.015619,Replace,3,43,45,0 days 00:00:45.000000000,0 days 00:21:45.623296000
11,2019-12-02 11:50:00.000000,2019-12-02 11:50:30.000000,2019-12-02 12:08:18.841936,2019-12-02 12:08:48.841936,2019-12-02 12:45:07.800577,2019-12-02 12:45:37.800577,2019-12-02 13:02:15.967096,Replace,3,43,45,0 days 00:00:30.000000000,0 days 00:18:18.841936000
12,2019-12-02 12:51:00.000000,2019-12-02 12:51:45.000000,2019-12-02 13:09:57.729107,2019-12-02 13:10:42.729107,2019-12-02 14:01:52.542427,2019-12-02 14:02:37.542427,2019-12-02 14:18:41.888338,Replace,3,43,45,0 days 00:00:45.000000000,0 days 00:18:57.729107000
13,2019-12-02 13:48:00.000000,2019-12-02 13:48:25.000000,2019-12-02 14:01:18.455270,2019-12-02 14:01:43.455270,2019-12-02 14:28:38.409742,2019-12-02 14:29:03.409742,2019-12-02 14:43:09.865897,Replace,3,43,45,0 days 00:00:25.000000000,0 days 00:13:18.455270000
14,2019-12-02 15:00:00.000000,2019-12-02 15:00:35.000000,2019-12-02 15:15:06.925645,2019-12-02 15:15:41.925645,2019-12-02 16:14:05.167223,2019-12-02 16:14:40.167223,2019-12-02 16:36:59.551786,Replace,3,43,45,0 days 00:00:35.000000000,0 days 00:15:06.925645000
15,2019-12-02 16:16:00.000000,2019-12-02 16:16:45.000000,2019-12-02 16:33:05.605236,2019-12-02 16:33:24.272907,,,,Onsite,3,43,45,0 days 00:00:45.000000000,0 days 00:16:39.272907000
16,2019-12-02 17:42:00.000000,2019-12-02 17:42:45.000000,2019-12-02 18:01:41.499815,2019-12-02 18:02:26.499815,2019-12-02 18:57:38.570804,2019-12-02 18:58:23.570804,2019-12-02 19:11:00.347350,Replace,3,43,45,0 days 00:00:45.000000000,0 days 00:19:41.499815000
17,2019-12-02 18:55:00.000000,2019-12-02 18:55:30.000000,2019-12-02 19:11:52.095964,2019-12-02 19:12:22.095964,2019-12-02 19:56:12.568959,2019-12-02 19:56:42.568959,2019-12-02 20:20:59.443090,Replace,3,43,45,0 days 00:00:30.000000000,0 days 00:16:52.095964000
18,2019-12-02 20:09:00.000000,2019-12-02 20:09:55.000000,2019-12-02 20:26:19.162895,2019-12-02 20:27:14.162895,2019-12-02 20:58:10.299875,2019-12-02 20:59:05.299875,2019-12-02 21:16:05.178068,Replace,3,43,45,0 days 00:00:55.000000000,0 days 00:17:19.162895000
19,2019-12-02 21:28:00.000000,2019-12-02 21:28:30.000000,2019-12-02 21:45:44.097615,2019-12-02 21:45:50.777726,,,,Onsite,3,43,45,0 days 00:00:30.000000000,0 days 00:17:20.777726000
0,2019-12-02 00:51:00.000000,2019-12-02 00:00:35.000000,2019-12-02 00:19:30.692800,2019-12-02 00:20:05.692800,2019-12-02 00:49:02.097323,2019-12-02 00:49:37.097323,2019-12-02 01:09:27.740360,Replace,4,43,45,-1 days +23:09:35.000000000,0 days 00:19:30.692800000
1,2019-12-02 01:12:00.000000,2019-12-02 01:12:35.000000,2019-12-02 01:32:26.775044,2019-12-02 01:33:01.775044,2019-12-02 02:06:58.204250,2019-12-02 02:07:33.204250,2019-12-02 02:23:56.206913,Replace,4,43,45,0 days 00:00:35.000000000,0 days 00:20:26.775044000
2,2019-12-02 02:26:00.000000,2019-12-02 02:26:30.000000,2019-12-02 02:42:40.871154,2019-12-02 02:42:55.921359,,,,Onsite,4,43,45,0 days 00:00:30.000000000,0 days 00:16:25.921359000
3,2019-12-02 03:28:00.000000,2019-12-02 03:28:25.000000,2019-12-02 03:42:40.194368,2019-12-02 03:43:05.194368,2019-12-02 04:21:20.111546,2019-12-02 04:21:45.111546,2019-12-02 04:40:12.399714,Replace,4,43,45,0 days 00:00:25.000000000,0 days 00:14:40.194368000
4,2019-12-02 04:28:00.000000,2019-12-02 04:28:50.000000,2019-12-02 04:46:05.063462,2019-12-02 04:46:32.457633,,,,Onsite,4,43,45,0 days 00:00:50.000000000,0 days 00:17:42.457633000
5,2019-12-02 06:29:00.000000,2019-12-02 06:29:30.000000,2019-12-02 06:50:42.988506,2019-12-02 06:51:12.988506,2019-12-02 07:30:05.214767,2019-12-02 07:30:35.214767,2019-12-02 07:44:00.664347,Replace,4,43,45,0 days 00:00:30.000000000,0 days 00:21:42.988506000
6,2019-12-02 07:42:00.000000,2019-12-02 07:42:50.000000,2019-12-02 07:55:49.292831,2019-12-02 07:56:39.292831,2019-12-02 08:31:14.173146,2019-12-02 08:32:04.173146,2019-12-02 08:45:28.656243,Replace,4,43,45,0 days 00:00:50.000000000,0 days 00:13:49.292831000
7,2019-12-02 05:26:00.000000,2019-12-02 05:26:45.000000,2019-12-02 05:44:57.362917,2019-12-02 05:45:42.362917,2019-12-02 06:29:14.123806,2019-12-02 06:29:59.123806,2019-12-02 06:46:50.179774,Replace,4,43,45,0 days 00:00:45.000000000,0 days 00:18:57.362917000
8,2019-12-02 08:49:00.000000,2019-12-02 08:49:35.000000,2019-12-02 09:09:56.120644,2019-12-02 09:10:14.182286,,,,Onsite,4,43,45,0 days 00:00:35.000000000,0 days 00:20:39.182286000
9,2019-12-02 09:51:00.000000,2019-12-02 09:51:35.000000,2019-12-02 10:06:50.474099,2019-12-02 10:07:12.552182,,,,Onsite,4,43,45,0 days 00:00:35.000000000,0 days 00:15:37.552182000
10,2019-12-02 11:58:00.000000,2019-12-02 11:58:45.000000,2019-12-02 12:15:45.951271,2019-12-02 12:16:30.951271,2019-12-02 12:41:40.238900,2019-12-02 12:42:25.238900,2019-12-02 12:58:25.182114,Replace,4,43,45,0 days 00:00:45.000000000,0 days 00:17:45.951271000
11,2019-12-02 10:51:00.000000,2019-12-02 10:51:30.000000,2019-12-02 11:07:17.451697,2019-12-02 11:07:47.451697,2019-12-02 11:41:37.003523,2019-12-02 11:42:07.003523,2019-12-02 11:58:10.266993,Replace,4,43,45,0 days 00:00:30.000000000,0 days 00:16:17.451697000
12,2019-12-02 13:13:00.000000,2019-12-02 13:13:45.000000,2019-12-02 13:28:26.423514,2019-12-02 13:29:11.423514,2019-12-02 14:12:26.594657,2019-12-02 14:13:11.594657,2019-12-02 14:28:28.778212,Replace,4,43,45,0 days 00:00:45.000000000,0 days 00:15:26.423514000
13,2019-12-02 14:20:00.000000,2019-12-02 14:20:30.000000,2019-12-02 14:41:17.169916,2019-12-02 14:41:22.174189,,,,Onsite,4,43,45,0 days 00:00:30.000000000,0 days 00:20:52.174189000
14,2019-12-02 15:23:00.000000,2019-12-02 15:23:35.000000,2019-12-02 15:43:09.587034,2019-12-02 15:43:44.587034,2019-12-02 16:12:36.924394,2019-12-02 16:13:11.924394,2019-12-02 16:28:29.539937,Replace,4,43,45,0 days 00:00:35.000000000,0 days 00:20:09.587034000
15,2019-12-02 16:41:00.000000,2019-12-02 16:41:35.000000,2019-12-02 16:58:12.113254,2019-12-02 16:58:24.668179,,,,Onsite,4,43,45,0 days 00:00:35.000000000,0 days 00:16:49.668179000
16,2019-12-02 17:40:00.000000,2019-12-02 17:40:35.000000,2019-12-02 17:52:49.642830,2019-12-02 17:53:24.642830,2019-12-02 18:42:03.276498,2019-12-02 18:42:38.276498,2019-12-02 18:57:24.304499,Replace,4,43,45,0 days 00:00:35.000000000,0 days 00:12:49.642830000
17,2019-12-02 18:47:00.000000,2019-12-02 18:47:30.000000,2019-12-02 19:02:02.317748,2019-12-02 19:02:32.317748,2019-12-02 19:45:17.022037,2019-12-02 19:45:47.022037,2019-12-02 20:07:42.627231,Replace,4,43,45,0 days 00:00:30.000000000,0 days 00:15:02.317748000
18,2019-12-02 19:56:00.000000,2019-12-02 19:56:55.000000,2019-12-02 20:12:11.305973,2019-12-02 20:12:31.458808,,,,Onsite,4,43,45,0 days 00:00:55.000000000,0 days 00:15:36.458808000
19,2019-12-02 22:09:00.000000,2019-12-02 22:09:25.000000,2019-12-02 22:27:52.765578,2019-12-02 22:28:04.806379,,,,Onsite,4,43,45,0 days 00:00:25.000000000,0 days 00:18:39.806379000
20,2019-12-02 21:05:00.000000,2019-12-02 21:05:45.000000,2019-12-02 21:20:40.531053,2019-12-02 21:21:25.531053,2019-12-02 22:08:38.910962,2019-12-02 22:09:23.910962,2019-12-02 22:22:12.214482,Replace,4,43,45,0 days 00:00:45.000000000,0 days 00:15:40.531053000
0,2019-12-02 01:06:00.000000,2019-12-02 00:00:45.000000,2019-12-02 00:21:59.320398,2019-12-02 00:22:44.320398,2019-12-02 00:52:49.458723,2019-12-02 00:53:34.458723,2019-12-02 01:05:43.057612,Replace,5,43,45,-1 days +22:54:45.000000000,0 days 00:21:59.320398000
1,2019-12-02 01:04:00.000000,2019-12-02 01:04:30.000000,2019-12-02 01:23:23.139912,2019-12-02 01:23:37.950055,,,,Onsite,5,43,45,0 days 00:00:30.000000000,0 days 00:19:07.950055000
2,2019-12-02 02:13:00.000000,2019-12-02 02:13:45.000000,2019-12-02 02:29:50.641129,2019-12-02 02:29:54.350555,,,,Onsite,5,43,45,0 days 00:00:45.000000000,0 days 00:16:09.350555000
3,2019-12-02 03:19:00.000000,2019-12-02 03:19:30.000000,2019-12-02 03:37:15.672878,2019-12-02 03:37:45.672878,2019-12-02 04:18:32.146123,2019-12-02 04:19:02.146123,2019-12-02 04:31:55.309636,Replace,5,43,45,0 days 00:00:30.000000000,0 days 00:18:15.672878000
4,2019-12-02 04:15:00.000000,2019-12-02 04:15:45.000000,2019-12-02 04:30:10.559783,2019-12-02 04:30:55.559783,2019-12-02 05:20:34.486637,2019-12-02 05:21:19.486637,2019-12-02 05:44:34.048994,Replace,5,43,45,0 days 00:00:45.000000000,0 days 00:15:10.559783000
5,2019-12-02 05:28:00.000000,2019-12-02 05:28:30.000000,2019-12-02 05:51:38.228118,2019-12-02 05:51:54.819645,,,,Onsite,5,43,45,0 days 00:00:30.000000000,0 days 00:23:24.819645000
6,2019-12-02 06:35:00.000000,2019-12-02 06:35:50.000000,2019-12-02 06:52:16.254733,2019-12-02 06:53:06.254733,2019-12-02 07:49:13.363432,2019-12-02 07:50:03.363432,2019-12-02 08:10:07.537129,Replace,5,43,45,0 days 00:00:50.000000000,0 days 00:17:16.254733000
7,2019-12-02 07:45:00.000000,2019-12-02 07:45:30.000000,2019-12-02 07:56:08.393962,2019-12-02 07:56:38.393962,2019-12-02 08:47:12.995948,2019-12-02 08:47:42.995948,2019-12-02 09:06:37.299842,Replace,5,43,45,0 days 00:00:30.000000000,0 days 00:11:08.393962000
8,2019-12-02 08:54:00.000000,2019-12-02 08:54:45.000000,2019-12-02 09:11:22.534931,2019-12-02 09:11:32.953138,,,,Onsite,5,43,45,0 days 00:00:45.000000000,0 days 00:16:47.953138000
9,2019-12-02 09:56:00.000000,2019-12-02 09:56:30.000000,2019-12-02 10:11:43.447844,2019-12-02 10:12:13.447844,2019-12-02 10:53:24.630706,2019-12-02 10:53:54.630706,2019-12-02 11:08:11.232566,Replace,5,43,45,0 days 00:00:30.000000000,0 days 00:15:43.447844000
10,2019-12-02 11:08:00.000000,2019-12-02 11:08:45.000000,2019-12-02 11:23:38.583932,2019-12-02 11:24:23.583932,2019-12-02 12:06:38.411795,2019-12-02 12:07:23.411795,2019-12-02 12:22:49.511523,Replace,5,43,45,0 days 00:00:45.000000000,0 days 00:15:38.583932000
11,2019-12-02 12:11:00.000000,2019-12-02 12:11:30.000000,2019-12-02 12:31:50.617750,2019-12-02 12:32:20.617750,2019-12-02 13:15:38.980645,2019-12-02 13:16:08.980645,2019-12-02 13:33:45.742686,Replace,5,43,45,0 days 00:00:30.000000000,0 days 00:20:50.617750000
12,2019-12-02 13:14:00.000000,2019-12-02 13:14:35.000000,2019-12-02 13:27:26.456207,2019-12-02 13:28:01.456207,2019-12-02 14:03:42.479868,2019-12-02 14:04:17.479868,2019-12-02 14:21:36.388200,Replace,5,43,45,0 days 00:00:35.000000000,0 days 00:13:26.456207000
13,2019-12-02 14:11:00.000000,2019-12-02 14:11:25.000000,2019-12-02 14:31:24.793904,2019-12-02 14:31:40.761144,,,,Onsite,5,43,45,0 days 00:00:25.000000000,0 days 00:20:15.761144000
14,2019-12-02 15:01:00.000000,2019-12-02 15:01:45.000000,2019-12-02 15:14:51.509140,2019-12-02 15:15:36.509140,2019-12-02 15:43:20.509165,2019-12-02 15:44:05.509165,2019-12-02 15:57:44.141691,Replace,5,43,45,0 days 00:00:45.000000000,0 days 00:13:51.509140000
15,2019-12-02 16:14:00.000000,2019-12-02 16:14:25.000000,2019-12-02 16:36:53.720906,2019-12-02 16:37:05.284273,,,,Onsite,5,43,45,0 days 00:00:25.000000000,0 days 00:22:40.284273000
16,2019-12-02 17:14:00.000000,2019-12-02 17:14:45.000000,2019-12-02 17:30:26.940566,2019-12-02 17:31:11.940566,2019-12-02 18:03:52.856713,2019-12-02 18:04:37.856713,2019-12-02 18:19:53.523772,Replace,5,43,45,0 days 00:00:45.000000000,0 days 00:16:26.940566000
17,2019-12-02 18:34:00.000000,2019-12-02 18:34:25.000000,2019-12-02 18:47:01.521017,2019-12-02 18:47:26.521017,2019-12-02 19:32:59.373445,2019-12-02 19:33:24.373445,2019-12-02 19:46:32.471933,Replace,5,43,45,0 days 00:00:25.000000000,0 days 00:13:01.521017000
18,2019-12-02 19:42:00.000000,2019-12-02 19:42:45.000000,2019-12-02 19:50:13.806291,2019-12-02 19:50:33.030482,,,,Onsite,5,43,45,0 days 00:00:45.000000000,0 days 00:07:48.030482000
19,2019-12-02 20:53:00.000000,2019-12-02 20:53:25.000000,2019-12-02 21:07:36.836182,2019-12-02 21:07:57.024770,,,,Onsite,5,43,45,0 days 00:00:25.000000000,0 days 00:14:32.024770000
0,2019-12-02 01:03:00.000000,2019-12-02 00:00:35.000000,2019-12-02 00:14:20.214881,2019-12-02 00:14:43.850986,,,,Onsite,6,43,45,-1 days +22:57:35.000000000,0 days 00:14:08.850986000
1,2019-12-02 01:16:00.000000,2019-12-02 01:16:35.000000,2019-12-02 01:32:11.199617,2019-12-02 01:32:46.199617,2019-12-02 02:24:56.297729,2019-12-02 02:25:31.297729,2019-12-02 02:41:07.818180,Replace,6,43,45,0 days 00:00:35.000000000,0 days 00:16:11.199617000
2,2019-12-02 02:24:00.000000,2019-12-02 02:24:45.000000,2019-12-02 02:44:30.552497,2019-12-02 02:44:57.896564,,,,Onsite,6,43,45,0 days 00:00:45.000000000,0 days 00:20:12.896564000
3,2019-12-02 03:28:00.000000,2019-12-02 03:28:45.000000,2019-12-02 03:44:59.339515,2019-12-02 03:45:44.339515,2019-12-02 04:17:44.075151,2019-12-02 04:18:29.075151,2019-12-02 04:31:37.643612,Replace,6,43,45,0 days 00:00:45.000000000,0 days 00:16:59.339515000
4,2019-12-02 04:44:00.000000,2019-12-02 04:44:45.000000,2019-12-02 04:57:41.947603,2019-12-02 04:57:53.334042,,,,Onsite,6,43,45,0 days 00:00:45.000000000,0 days 00:13:08.334042000
5,2019-12-02 05:56:00.000000,2019-12-02 05:56:45.000000,2019-12-02 06:13:41.562005,2019-12-02 06:13:44.826982,,,,Onsite,6,43,45,0 days 00:00:45.000000000,0 days 00:16:59.826982000
6,2019-12-02 07:03:00.000000,2019-12-02 07:03:45.000000,2019-12-02 07:19:42.859540,2019-12-02 07:19:48.429552,,,,Onsite,6,43,45,0 days 00:00:45.000000000,0 days 00:16:03.429552000
7,2019-12-02 08:08:00.000000,2019-12-02 08:08:55.000000,2019-12-02 08:21:21.562304,2019-12-02 08:22:16.562304,2019-12-02 09:10:42.314480,2019-12-02 09:11:37.314480,2019-12-02 09:26:19.873034,Replace,6,43,45,0 days 00:00:55.000000000,0 days 00:13:21.562304000
8,2019-12-02 09:07:00.000000,2019-12-02 09:07:45.000000,2019-12-02 09:23:04.024195,2019-12-02 09:23:49.024195,2019-12-02 10:00:48.254661,2019-12-02 10:01:33.254661,2019-12-02 10:15:12.127385,Replace,6,43,45,0 days 00:00:45.000000000,0 days 00:16:04.024195000
9,2019-12-02 10:11:00.000000,2019-12-02 10:11:35.000000,2019-12-02 10:26:49.421723,2019-12-02 10:27:11.945452,,,,Onsite,6,43,45,0 days 00:00:35.000000000,0 days 00:15:36.945452000
10,2019-12-02 11:20:00.000000,2019-12-02 11:20:35.000000,2019-12-02 11:37:46.845962,2019-12-02 11:38:21.845962,2019-12-02 12:35:58.735529,2019-12-02 12:36:33.735529,2019-12-02 12:54:48.571712,Replace,6,43,45,0 days 00:00:35.000000000,0 days 00:17:46.845962000
11,2019-12-02 12:41:00.000000,2019-12-02 12:41:55.000000,2019-12-02 12:58:14.058311,2019-12-02 12:58:35.162656,,,,Onsite,6,43,45,0 days 00:00:55.000000000,0 days 00:16:40.162656000
12,2019-12-02 13:57:00.000000,2019-12-02 13:57:30.000000,2019-12-02 14:18:10.432015,2019-12-02 14:18:31.548173,,,,Onsite,6,43,45,0 days 00:00:30.000000000,0 days 00:21:01.548173000
13,2019-12-02 15:13:00.000000,2019-12-02 15:13:35.000000,2019-12-02 15:27:09.452284,2019-12-02 15:27:44.452284,2019-12-02 15:54:36.945555,2019-12-02 15:55:11.945555,2019-12-02 16:15:00.020802,Replace,6,43,45,0 days 00:00:35.000000000,0 days 00:14:09.452284000
14,2019-12-02 16:28:00.000000,2019-12-02 16:28:35.000000,2019-12-02 16:43:45.943290,2019-12-02 16:43:49.740920,,,,Onsite,6,43,45,0 days 00:00:35.000000000,0 days 00:15:14.740920000
15,2019-12-02 17:29:00.000000,2019-12-02 17:29:30.000000,2019-12-02 17:43:29.735229,2019-12-02 17:43:59.735229,2019-12-02 18:20:41.442236,2019-12-02 18:21:11.442236,2019-12-02 18:43:12.864194,Replace,6,43,45,0 days 00:00:30.000000000,0 days 00:14:29.735229000
16,2019-12-02 18:36:00.000000,2019-12-02 18:36:45.000000,2019-12-02 18:53:01.912849,2019-12-02 18:53:46.912849,2019-12-02 19:34:00.092783,2019-12-02 19:34:45.092783,2019-12-02 19:52:22.500195,Replace,6,43,45,0 days 00:00:45.000000000,0 days 00:17:01.912849000
17,2019-12-02 19:36:00.000000,2019-12-02 19:36:55.000000,2019-12-02 19:50:57.107130,2019-12-02 19:51:08.289737,,,,Onsite,6,43,45,0 days 00:00:55.000000000,0 days 00:14:13.289737000
18,2019-12-02 20:28:00.000000,2019-12-02 20:28:45.000000,2019-12-02 20:41:25.118789,2019-12-02 20:42:10.118789,2019-12-02 21:17:18.376463,2019-12-02 21:18:03.376463,2019-12-02 21:32:45.020045,Replace,6,43,45,0 days 00:00:45.000000000,0 days 00:13:25.118789000
19,2019-12-02 21:26:00.000000,2019-12-02 21:26:25.000000,2019-12-02 21:38:14.370431,2019-12-02 21:38:20.588032,,,,Onsite,6,43,45,0 days 00:00:25.000000000,0 days 00:11:55.588032000
0,2019-12-02 01:11:00.000000,2019-12-02 00:00:30.000000,2019-12-02 00:16:47.618704,2019-12-02 00:17:18.290440,,,,Onsite,7,43,45,-1 days +22:49:30.000000000,0 days 00:16:48.290440000
1,2019-12-02 01:14:00.000000,2019-12-02 01:14:45.000000,2019-12-02 01:29:57.562083,2019-12-02 01:30:10.594332,,,,Onsite,7,43,45,0 days 00:00:45.000000000,0 days 00:15:25.594332000
2,2019-12-02 02:23:00.000000,2019-12-02 02:23:45.000000,2019-12-02 02:34:00.929946,2019-12-02 02:34:45.929946,2019-12-02 03:15:36.025500,2019-12-02 03:16:21.025500,2019-12-02 03:32:22.004924,Replace,7,43,45,0 days 00:00:45.000000000,0 days 00:11:00.929946000
3,2019-12-02 03:27:00.000000,2019-12-02 03:27:35.000000,2019-12-02 03:46:31.285543,2019-12-02 03:46:36.308817,,,,Onsite,7,43,45,0 days 00:00:35.000000000,0 days 00:19:01.308817000
4,2019-12-02 04:42:00.000000,2019-12-02 04:42:30.000000,2019-12-02 04:56:38.833430,2019-12-02 04:56:49.994728,,,,Onsite,7,43,45,0 days 00:00:30.000000000,0 days 00:14:19.994728000
5,2019-12-02 05:57:00.000000,2019-12-02 05:57:35.000000,2019-12-02 06:17:24.079501,2019-12-02 06:17:57.783528,,,,Onsite,7,43,45,0 days 00:00:35.000000000,0 days 00:20:22.783528000
6,2019-12-02 06:57:00.000000,2019-12-02 06:57:45.000000,2019-12-02 07:11:10.901266,2019-12-02 07:11:55.901266,2019-12-02 07:46:10.121602,2019-12-02 07:46:55.121602,2019-12-02 08:05:46.923722,Replace,7,43,45,0 days 00:00:45.000000000,0 days 00:14:10.901266000
7,2019-12-02 09:03:00.000000,2019-12-02 09:03:55.000000,2019-12-02 09:20:06.146782,2019-12-02 09:20:27.313047,,,,Onsite,7,43,45,0 days 00:00:55.000000000,0 days 00:16:32.313047000
8,2019-12-02 07:55:00.000000,2019-12-02 07:55:55.000000,2019-12-02 08:11:07.426029,2019-12-02 08:12:02.426029,2019-12-02 08:50:09.900597,2019-12-02 08:51:04.900597,2019-12-02 09:03:38.763621,Replace,7,43,45,0 days 00:00:55.000000000,0 days 00:16:07.426029000
9,2019-12-02 10:27:00.000000,2019-12-02 10:27:50.000000,2019-12-02 10:46:33.673644,2019-12-02 10:47:23.673644,2019-12-02 11:34:35.886165,2019-12-02 11:35:25.886165,2019-12-02 11:56:29.780893,Replace,7,43,45,0 days 00:00:50.000000000,0 days 00:19:33.673644000
10,2019-12-02 11:31:00.000000,2019-12-02 11:31:25.000000,2019-12-02 11:48:17.747328,2019-12-02 11:48:45.210923,,,,Onsite,7,43,45,0 days 00:00:25.000000000,0 days 00:17:20.210923000
11,2019-12-02 12:32:00.000000,2019-12-02 12:32:45.000000,2019-12-02 12:47:08.389576,2019-12-02 12:47:53.389576,2019-12-02 13:34:33.153662,2019-12-02 13:35:18.153662,2019-12-02 13:50:23.421759,Replace,7,43,45,0 days 00:00:45.000000000,0 days 00:15:08.389576000
12,2019-12-02 13:43:00.000000,2019-12-02 13:43:45.000000,2019-12-02 13:58:36.782528,2019-12-02 13:58:52.076696,,,,Onsite,7,43,45,0 days 00:00:45.000000000,0 days 00:15:07.076696000
13,2019-12-02 14:56:00.000000,2019-12-02 14:56:55.000000,2019-12-02 15:21:26.864926,2019-12-02 15:22:21.864926,2019-12-02 16:00:36.646401,2019-12-02 16:01:31.646401,2019-12-02 16:18:36.937698,Replace,7,43,45,0 days 00:00:55.000000000,0 days 00:25:26.864926000
14,2019-12-02 16:01:00.000000,2019-12-02 16:01:30.000000,2019-12-02 16:17:19.563933,2019-12-02 16:17:44.765037,,,,Onsite,7,43,45,0 days 00:00:30.000000000,0 days 00:16:14.765037000
15,2019-12-02 17:26:00.000000,2019-12-02 17:26:45.000000,2019-12-02 17:42:38.832488,2019-12-02 17:43:23.832488,2019-12-02 18:19:56.872876,2019-12-02 18:20:41.872876,2019-12-02 18:36:19.435399,Replace,7,43,45,0 days 00:00:45.000000000,0 days 00:16:38.832488000
16,2019-12-02 18:32:00.000000,2019-12-02 18:32:45.000000,2019-12-02 18:47:33.784700,2019-12-02 18:47:36.083064,,,,Onsite,7,43,45,0 days 00:00:45.000000000,0 days 00:14:51.083064000
17,2019-12-02 19:46:00.000000,2019-12-02 19:46:35.000000,2019-12-02 20:03:40.110633,2019-12-02 20:04:06.068050,,,,Onsite,7,43,45,0 days 00:00:35.000000000,0 days 00:17:31.068050000
18,2019-12-02 21:01:00.000000,2019-12-02 21:01:55.000000,2019-12-02 21:15:18.009852,2019-12-02 21:16:13.009852,2019-12-02 22:08:47.959110,2019-12-02 22:09:42.959110,2019-12-02 22:21:16.441500,Replace,7,43,45,0 days 00:00:55.000000000,0 days 00:14:18.009852000
0,2019-12-02 01:08:00.000000,2019-12-02 00:00:35.000000,2019-12-02 00:19:24.037428,2019-12-02 00:19:59.037428,2019-12-02 01:02:42.098216,2019-12-02 01:03:17.098216,2019-12-02 01:16:03.045575,Replace,8,43,45,-1 days +22:52:35.000000000,0 days 00:19:24.037428000
1,2019-12-02 00:59:00.000000,2019-12-02 00:59:45.000000,2019-12-02 01:14:11.523500,2019-12-02 01:14:34.777755,,,,Onsite,8,43,45,0 days 00:00:45.000000000,0 days 00:14:49.777755000
2,2019-12-02 02:11:00.000000,2019-12-02 02:11:55.000000,2019-12-02 02:30:44.009869,2019-12-02 02:31:39.009869,2019-12-02 03:01:13.871989,2019-12-02 03:02:08.871989,2019-12-02 03:15:19.916867,Replace,8,43,45,0 days 00:00:55.000000000,0 days 00:19:44.009869000
3,2019-12-02 03:18:00.000000,2019-12-02 03:18:45.000000,2019-12-02 03:32:40.541151,2019-12-02 03:33:25.541151,2019-12-02 04:05:12.917896,2019-12-02 04:05:57.917896,2019-12-02 04:21:06.121926,Replace,8,43,45,0 days 00:00:45.000000000,0 days 00:14:40.541151000
4,2019-12-02 04:33:00.000000,2019-12-02 04:33:35.000000,2019-12-02 04:50:41.017186,2019-12-02 04:51:16.017186,2019-12-02 05:15:57.414566,2019-12-02 05:16:32.414566,2019-12-02 05:37:04.172509,Replace,8,43,45,0 days 00:00:35.000000000,0 days 00:17:41.017186000
5,2019-12-02 05:43:00.000000,2019-12-02 05:43:45.000000,2019-12-02 06:02:30.832618,2019-12-02 06:03:15.832618,2019-12-02 06:36:53.213413,2019-12-02 06:37:38.213413,2019-12-02 06:59:45.513845,Replace,8,43,45,0 days 00:00:45.000000000,0 days 00:19:30.832618000
6,2019-12-02 07:08:00.000000,2019-12-02 07:08:55.000000,2019-12-02 07:26:44.828234,2019-12-02 07:26:58.740889,,,,Onsite,8,43,45,0 days 00:00:55.000000000,0 days 00:18:03.740889000
7,2019-12-02 08:26:00.000000,2019-12-02 08:26:35.000000,2019-12-02 08:41:21.750505,2019-12-02 08:41:56.750505,2019-12-02 09:10:01.217558,2019-12-02 09:10:36.217558,2019-12-02 09:27:14.555153,Replace,8,43,45,0 days 00:00:35.000000000,0 days 00:15:21.750505000
8,2019-12-02 09:32:00.000000,2019-12-02 09:32:50.000000,2019-12-02 09:49:43.283538,2019-12-02 09:50:33.283538,2019-12-02 10:16:18.206683,2019-12-02 10:17:08.206683,2019-12-02 10:34:11.309788,Replace,8,43,45,0 days 00:00:50.000000000,0 days 00:17:43.283538000
9,2019-12-02 10:39:00.000000,2019-12-02 10:39:45.000000,2019-12-02 10:54:10.443485,2019-12-02 10:54:55.443485,2019-12-02 11:31:12.960117,2019-12-02 11:31:57.960117,2019-12-02 11:44:32.862167,Replace,8,43,45,0 days 00:00:45.000000000,0 days 00:15:10.443485000
10,2019-12-02 11:50:00.000000,2019-12-02 11:50:45.000000,2019-12-02 12:07:30.210250,2019-12-02 12:07:46.792944,,,,Onsite,8,43,45,0 days 00:00:45.000000000,0 days 00:17:01.792944000
11,2019-12-02 12:53:00.000000,2019-12-02 12:53:50.000000,2019-12-02 13:09:59.176541,2019-12-02 13:10:49.176541,2019-12-02 14:00:49.819617,2019-12-02 14:01:39.819617,2019-12-02 14:14:29.873798,Replace,8,43,45,0 days 00:00:50.000000000,0 days 00:16:59.176541000
12,2019-12-02 13:55:00.000000,2019-12-02 13:55:35.000000,2019-12-02 14:14:55.867118,2019-12-02 14:15:30.867118,2019-12-02 14:54:31.787656,2019-12-02 14:55:06.787656,2019-12-02 15:06:39.156084,Replace,8,43,45,0 days 00:00:35.000000000,0 days 00:19:55.867118000
13,2019-12-02 15:02:00.000000,2019-12-02 15:02:35.000000,2019-12-02 15:18:02.257125,2019-12-02 15:18:37.257125,2019-12-02 16:02:29.078344,2019-12-02 16:03:04.078344,2019-12-02 16:23:04.650615,Replace,8,43,45,0 days 00:00:35.000000000,0 days 00:16:02.257125000
14,2019-12-02 16:07:00.000000,2019-12-02 16:07:55.000000,2019-12-02 16:23:08.060717,2019-12-02 16:23:20.867088,,,,Onsite,8,43,45,0 days 00:00:55.000000000,0 days 00:15:25.867088000
15,2019-12-02 17:06:00.000000,2019-12-02 17:06:45.000000,2019-12-02 17:21:20.431372,2019-12-02 17:22:05.431372,2019-12-02 18:17:23.521886,2019-12-02 18:18:08.521886,2019-12-02 18:34:20.974278,Replace,8,43,45,0 days 00:00:45.000000000,0 days 00:15:20.431372000
16,2019-12-02 18:25:00.000000,2019-12-02 18:25:35.000000,2019-12-02 18:41:37.403656,2019-12-02 18:42:12.403656,2019-12-02 19:25:46.979111,2019-12-02 19:26:21.979111,2019-12-02 19:47:34.635358,Replace,8,43,45,0 days 00:00:35.000000000,0 days 00:16:37.403656000
17,2019-12-02 19:29:00.000000,2019-12-02 19:29:35.000000,2019-12-02 19:48:43.553897,2019-12-02 19:49:18.553897,2019-12-02 20:15:42.381306,2019-12-02 20:16:17.381306,2019-12-02 20:31:35.439599,Replace,8,43,45,0 days 00:00:35.000000000,0 days 00:19:43.553897000
18,2019-12-02 20:18:00.000000,2019-12-02 20:18:45.000000,2019-12-02 20:38:03.428494,2019-12-02 20:38:48.428494,2019-12-02 21:11:31.617701,2019-12-02 21:12:16.617701,2019-12-02 21:32:07.133960,Replace,8,43,45,0 days 00:00:45.000000000,0 days 00:20:03.428494000
19,2019-12-02 21:21:00.000000,2019-12-02 21:21:30.000000,2019-12-02 21:31:56.948712,2019-12-02 21:32:26.948712,2019-12-02 21:59:52.095626,2019-12-02 22:00:22.095626,2019-12-02 22:19:13.037499,Replace,8,43,45,0 days 00:00:30.000000000,0 days 00:10:56.948712000
20,2019-12-02 22:31:00.000000,2019-12-02 22:31:35.000000,2019-12-02 22:45:36.035845,2019-12-02 22:45:50.022573,,,,Onsite,8,43,45,0 days 00:00:35.000000000,0 days 00:14:15.022573000
0,2019-12-02 00:59:00.000000,2019-12-02 00:00:35.000000,2019-12-02 00:13:56.934041,2019-12-02 00:14:31.934041,2019-12-02 00:37:28.024113,2019-12-02 00:38:03.024113,2019-12-02 01:00:37.179229,Replace,9,43,45,-1 days +23:01:35.000000000,0 days 00:13:56.934041000
1,2019-12-02 01:01:00.000000,2019-12-02 01:01:30.000000,2019-12-02 01:21:01.085705,2019-12-02 01:21:31.085705,2019-12-02 02:03:28.548072,2019-12-02 02:03:58.548072,2019-12-02 02:15:48.883866,Replace,9,43,45,0 days 00:00:30.000000000,0 days 00:20:01.085705000
2,2019-12-02 01:58:00.000000,2019-12-02 01:58:25.000000,2019-12-02 02:15:00.407212,2019-12-02 02:15:25.407212,2019-12-02 02:48:32.066435,2019-12-02 02:48:57.066435,2019-12-02 03:07:23.658334,Replace,9,43,45,0 days 00:00:25.000000000,0 days 00:17:00.407212000
3,2019-12-02 03:18:00.000000,2019-12-02 03:18:30.000000,2019-12-02 03:37:14.974965,2019-12-02 03:37:44.974965,2019-12-02 04:10:53.286492,2019-12-02 04:11:23.286492,2019-12-02 04:28:08.603891,Replace,9,43,45,0 days 00:00:30.000000000,0 days 00:19:14.974965000
4,2019-12-02 04:39:00.000000,2019-12-02 04:39:45.000000,2019-12-02 04:55:00.923502,2019-12-02 04:55:45.923502,2019-12-02 05:26:05.569122,2019-12-02 05:26:50.569122,2019-12-02 05:44:28.107401,Replace,9,43,45,0 days 00:00:45.000000000,0 days 00:16:00.923502000
5,2019-12-02 05:40:00.000000,2019-12-02 05:40:50.000000,2019-12-02 05:55:53.063356,2019-12-02 05:56:43.063356,2019-12-02 06:43:12.548606,2019-12-02 06:44:02.548606,2019-12-02 07:01:35.314425,Replace,9,43,45,0 days 00:00:50.000000000,0 days 00:15:53.063356000
6,2019-12-02 06:46:00.000000,2019-12-02 06:46:50.000000,2019-12-02 07:03:05.928055,2019-12-02 07:03:55.928055,2019-12-02 07:41:09.006636,2019-12-02 07:41:59.006636,2019-12-02 08:01:29.110329,Replace,9,43,45,0 days 00:00:50.000000000,0 days 00:17:05.928055000
7,2019-12-02 08:03:00.000000,2019-12-02 08:03:50.000000,2019-12-02 08:22:16.033071,2019-12-02 08:22:31.216253,,,,Onsite,9,43,45,0 days 00:00:50.000000000,0 days 00:18:41.216253000
8,2019-12-02 08:56:00.000000,2019-12-02 08:56:35.000000,2019-12-02 09:18:59.380308,2019-12-02 09:19:34.380308,2019-12-02 09:45:50.832826,2019-12-02 09:46:25.832826,2019-12-02 10:00:17.081535,Replace,9,43,45,0 days 00:00:35.000000000,0 days 00:22:59.380308000
9,2019-12-02 10:06:00.000000,2019-12-02 10:06:50.000000,2019-12-02 10:24:33.392760,2019-12-02 10:24:50.245903,,,,Onsite,9,43,45,0 days 00:00:50.000000000,0 days 00:18:00.245903000
10,2019-12-02 10:57:00.000000,2019-12-02 10:57:35.000000,2019-12-02 11:11:34.271330,2019-12-02 11:12:09.271330,2019-12-02 11:33:44.506599,2019-12-02 11:34:19.506599,2019-12-02 11:53:15.598483,Replace,9,43,45,0 days 00:00:35.000000000,0 days 00:14:34.271330000
11,2019-12-02 11:50:00.000000,2019-12-02 11:50:45.000000,2019-12-02 12:03:37.030783,2019-12-02 12:04:22.030783,2019-12-02 12:32:03.079957,2019-12-02 12:32:48.079957,2019-12-02 12:50:07.754454,Replace,9,43,45,0 days 00:00:45.000000000,0 days 00:13:37.030783000
12,2019-12-02 13:07:00.000000,2019-12-02 13:07:45.000000,2019-12-02 13:22:44.832893,2019-12-02 13:23:08.139865,,,,Onsite,9,43,45,0 days 00:00:45.000000000,0 days 00:15:23.139865000
13,2019-12-02 14:32:00.000000,2019-12-02 14:32:50.000000,2019-12-02 14:49:05.757757,2019-12-02 14:49:14.211654,,,,Onsite,9,43,45,0 days 00:00:50.000000000,0 days 00:16:24.211654000
14,2019-12-02 15:28:00.000000,2019-12-02 15:28:25.000000,2019-12-02 15:45:23.584060,2019-12-02 15:45:48.584060,2019-12-02 16:15:57.339262,2019-12-02 16:16:22.339262,2019-12-02 16:33:42.587244,Replace,9,43,45,0 days 00:00:25.000000000,0 days 00:17:23.584060000
15,2019-12-02 16:45:00.000000,2019-12-02 16:45:45.000000,2019-12-02 16:58:47.169199,2019-12-02 16:59:32.169199,2019-12-02 17:30:03.534933,2019-12-02 17:30:48.534933,2019-12-02 17:43:30.638931,Replace,9,43,45,0 days 00:00:45.000000000,0 days 00:13:47.169199000
16,2019-12-02 18:08:00.000000,2019-12-02 18:08:55.000000,2019-12-02 18:27:53.617210,2019-12-02 18:28:48.617210,2019-12-02 19:12:03.437124,2019-12-02 19:12:58.437124,2019-12-02 19:25:29.055166,Replace,9,43,45,0 days 00:00:55.000000000,0 days 00:19:53.617210000
17,2019-12-02 19:16:00.000000,2019-12-02 19:16:55.000000,2019-12-02 19:31:03.925218,2019-12-02 19:31:19.840470,,,,Onsite,9,43,45,0 days 00:00:55.000000000,0 days 00:14:24.840470000
18,2019-12-02 20:15:00.000000,2019-12-02 20:15:45.000000,2019-12-02 20:28:22.775739,2019-12-02 20:29:07.775739,2019-12-02 21:22:40.983209,2019-12-02 21:23:25.983209,2019-12-02 21:35:59.028835,Replace,9,43,45,0 days 00:00:45.000000000,0 days 00:13:22.775739000
19,2019-12-02 21:36:00.000000,2019-12-02 21:36:55.000000,2019-12-02 21:52:52.162269,2019-12-02 21:53:47.162269,2019-12-02 22:19:35.797132,2019-12-02 22:20:30.797132,2019-12-02 22:35:31.505136,Replace,9,43,45,0 days 00:00:55.000000000,0 days 00:16:52.162269000
0,2019-12-02 01:11:00.000000,2019-12-02 00:00:45.000000,2019-12-02 00:22:05.806138,2019-12-02 00:22:50.806138,2019-12-02 00:56:10.084841,2019-12-02 00:56:55.084841,2019-12-02 01:16:00.260237,Replace,1,43,46,-1 days +22:49:45.000000000,0 days 00:22:05.806138000
1,2019-12-02 00:57:00.000000,2019-12-02 00:57:25.000000,2019-12-02 01:16:34.873059,2019-12-02 01:16:49.437187,,,,Onsite,1,43,46,0 days 00:00:25.000000000,0 days 00:19:24.437187000
2,2019-12-02 02:14:00.000000,2019-12-02 02:14:45.000000,2019-12-02 02:30:56.237611,2019-12-02 02:31:20.478415,,,,Onsite,1,43,46,0 days 00:00:45.000000000,0 days 00:16:35.478415000
3,2019-12-02 03:23:00.000000,2019-12-02 03:23:50.000000,2019-12-02 03:33:03.629884,2019-12-02 03:33:53.629884,2019-12-02 04:28:12.147829,2019-12-02 04:29:02.147829,2019-12-02 04:45:19.096837,Replace,1,43,46,0 days 00:00:50.000000000,0 days 00:10:03.629884000
4,2019-12-02 04:27:00.000000,2019-12-02 04:27:25.000000,2019-12-02 04:50:58.032097,2019-12-02 04:51:16.752911,,,,Onsite,1,43,46,0 days 00:00:25.000000000,0 days 00:23:51.752911000
5,2019-12-02 05:29:00.000000,2019-12-02 05:29:50.000000,2019-12-02 05:49:30.734224,2019-12-02 05:50:20.734224,2019-12-02 06:14:41.122011,2019-12-02 06:15:31.122011,2019-12-02 06:29:29.948986,Replace,1,43,46,0 days 00:00:50.000000000,0 days 00:20:30.734224000
6,2019-12-02 07:04:00.000000,2019-12-02 07:04:45.000000,2019-12-02 07:20:22.695175,2019-12-02 07:21:07.695175,2019-12-02 07:47:06.861843,2019-12-02 07:47:51.861843,2019-12-02 08:10:18.666871,Replace,1,43,46,0 days 00:00:45.000000000,0 days 00:16:22.695175000
7,2019-12-02 08:12:00.000000,2019-12-02 08:12:25.000000,2019-12-02 08:30:09.963918,2019-12-02 08:30:34.963918,2019-12-02 09:22:48.300305,2019-12-02 09:23:13.300305,2019-12-02 09:35:05.430605,Replace,1,43,46,0 days 00:00:25.000000000,0 days 00:18:09.963918000
8,2019-12-02 09:17:00.000000,2019-12-02 09:17:45.000000,2019-12-02 09:30:43.742463,2019-12-02 09:31:28.742463,2019-12-02 10:21:46.987750,2019-12-02 10:22:31.987750,2019-12-02 10:33:27.440740,Replace,1,43,46,0 days 00:00:45.000000000,0 days 00:13:43.742463000
9,2019-12-02 10:14:00.000000,2019-12-02 10:14:55.000000,2019-12-02 10:29:43.655699,2019-12-02 10:30:38.655699,2019-12-02 10:53:37.511890,2019-12-02 10:54:32.511890,2019-12-02 11:09:47.009251,Replace,1,43,46,0 days 00:00:55.000000000,0 days 00:15:43.655699000
10,2019-12-02 11:32:00.000000,2019-12-02 11:32:50.000000,2019-12-02 11:48:24.996389,2019-12-02 11:48:39.416955,,,,Onsite,1,43,46,0 days 00:00:50.000000000,0 days 00:15:49.416955000
11,2019-12-02 12:41:00.000000,2019-12-02 12:41:30.000000,2019-12-02 12:56:37.620141,2019-12-02 12:57:07.620141,2019-12-02 13:33:53.660766,2019-12-02 13:34:23.660766,2019-12-02 13:48:25.989513,Replace,1,43,46,0 days 00:00:30.000000000,0 days 00:15:37.620141000
12,2019-12-02 13:59:00.000000,2019-12-02 13:59:50.000000,2019-12-02 14:15:38.527004,2019-12-02 14:15:53.307715,,,,Onsite,1,43,46,0 days 00:00:50.000000000,0 days 00:16:03.307715000
13,2019-12-02 15:04:00.000000,2019-12-02 15:04:35.000000,2019-12-02 15:22:17.183972,2019-12-02 15:22:27.241758,,,,Onsite,1,43,46,0 days 00:00:35.000000000,0 days 00:17:52.241758000
14,2019-12-02 16:04:00.000000,2019-12-02 16:04:25.000000,2019-12-02 16:19:34.812029,2019-12-02 16:20:06.119466,,,,Onsite,1,43,46,0 days 00:00:25.000000000,0 days 00:15:41.119466000
15,2019-12-02 17:14:00.000000,2019-12-02 17:14:45.000000,2019-12-02 17:29:54.629593,2019-12-02 17:30:39.629593,2019-12-02 18:12:22.537809,2019-12-02 18:13:07.537809,2019-12-02 18:28:20.901760,Replace,1,43,46,0 days 00:00:45.000000000,0 days 00:15:54.629593000
16,2019-12-02 18:22:00.000000,2019-12-02 18:22:25.000000,2019-12-02 18:33:14.545962,2019-12-02 18:33:39.545962,2019-12-02 19:00:23.022799,2019-12-02 19:00:48.022799,2019-12-02 19:19:27.224593,Replace,1,43,46,0 days 00:00:25.000000000,0 days 00:11:14.545962000
17,2019-12-02 19:23:00.000000,2019-12-02 19:23:25.000000,2019-12-02 19:42:33.003341,2019-12-02 19:42:58.003341,2019-12-02 20:28:59.228658,2019-12-02 20:29:24.228658,2019-12-02 20:44:13.463093,Replace,1,43,46,0 days 00:00:25.000000000,0 days 00:19:33.003341000
18,2019-12-02 20:47:00.000000,2019-12-02 20:47:50.000000,2019-12-02 21:04:24.828611,2019-12-02 21:05:14.828611,2019-12-02 21:38:43.933382,2019-12-02 21:39:33.933382,2019-12-02 21:58:47.471979,Replace,1,43,46,0 days 00:00:50.000000000,0 days 00:17:24.828611000
0,2019-12-02 01:09:00.000000,2019-12-02 00:00:50.000000,2019-12-02 00:16:53.195746,2019-12-02 00:17:43.195746,2019-12-02 00:44:20.653221,2019-12-02 00:45:10.653221,2019-12-02 01:03:04.031112,Replace,2,43,46,-1 days +22:51:50.000000000,0 days 00:16:53.195746000
1,2019-12-02 01:08:00.000000,2019-12-02 01:08:30.000000,2019-12-02 01:21:26.192237,2019-12-02 01:21:56.192237,2019-12-02 01:49:50.499696,2019-12-02 01:50:20.499696,2019-12-02 02:02:14.934766,Replace,2,43,46,0 days 00:00:30.000000000,0 days 00:13:26.192237000
2,2019-12-02 02:21:00.000000,2019-12-02 02:21:30.000000,2019-12-02 02:39:36.022266,2019-12-02 02:40:06.022266,2019-12-02 03:05:35.072365,2019-12-02 03:06:05.072365,2019-12-02 03:22:17.346211,Replace,2,43,46,0 days 00:00:30.000000000,0 days 00:18:36.022266000
3,2019-12-02 03:24:00.000000,2019-12-02 03:24:45.000000,2019-12-02 03:40:08.924087,2019-12-02 03:40:37.322418,,,,Onsite,2,43,46,0 days 00:00:45.000000000,0 days 00:15:52.322418000
4,2019-12-02 04:23:00.000000,2019-12-02 04:23:45.000000,2019-12-02 04:39:45.396739,2019-12-02 04:40:30.396739,2019-12-02 05:11:18.128254,2019-12-02 05:12:03.128254,2019-12-02 05:29:41.863355,Replace,2,43,46,0 days 00:00:45.000000000,0 days 00:16:45.396739000
5,2019-12-02 05:36:00.000000,2019-12-02 05:36:50.000000,2019-12-02 05:52:23.774527,2019-12-02 05:52:43.787733,,,,Onsite,2,43,46,0 days 00:00:50.000000000,0 days 00:15:53.787733000
6,2019-12-02 06:47:00.000000,2019-12-02 06:47:50.000000,2019-12-02 07:05:37.856296,2019-12-02 07:06:27.856296,2019-12-02 07:32:01.667842,2019-12-02 07:32:51.667842,2019-12-02 07:53:56.824649,Replace,2,43,46,0 days 00:00:50.000000000,0 days 00:18:37.856296000
7,2019-12-02 07:54:00.000000,2019-12-02 07:54:25.000000,2019-12-02 08:12:00.543946,2019-12-02 08:12:19.589995,,,,Onsite,2,43,46,0 days 00:00:25.000000000,0 days 00:17:54.589995000
8,2019-12-02 10:17:00.000000,2019-12-02 10:17:35.000000,2019-12-02 10:30:24.368258,2019-12-02 10:30:59.368258,2019-12-02 10:57:17.361135,2019-12-02 10:57:52.361135,2019-12-02 11:09:21.245453,Replace,2,43,46,0 days 00:00:35.000000000,0 days 00:13:24.368258000
9,2019-12-02 09:09:00.000000,2019-12-02 09:09:50.000000,2019-12-02 09:25:27.989284,2019-12-02 09:26:17.989284,2019-12-02 10:17:17.194920,2019-12-02 10:18:07.194920,2019-12-02 10:35:37.298762,Replace,2,43,46,0 days 00:00:50.000000000,0 days 00:16:27.989284000
10,2019-12-02 11:24:00.000000,2019-12-02 11:24:25.000000,2019-12-02 11:38:51.489895,2019-12-02 11:39:07.964740,,,,Onsite,2,43,46,0 days 00:00:25.000000000,0 days 00:14:42.964740000
11,2019-12-02 12:30:00.000000,2019-12-02 12:30:25.000000,2019-12-02 12:48:49.490816,2019-12-02 12:49:14.490816,2019-12-02 13:19:55.250325,2019-12-02 13:20:20.250325,2019-12-02 13:39:30.371130,Replace,2,43,46,0 days 00:00:25.000000000,0 days 00:18:49.490816000
12,2019-12-02 13:33:00.000000,2019-12-02 13:33:55.000000,2019-12-02 13:46:17.561758,2019-12-02 13:47:12.561758,2019-12-02 14:32:58.834336,2019-12-02 14:33:53.834336,2019-12-02 14:48:11.025607,Replace,2,43,46,0 days 00:00:55.000000000,0 days 00:13:17.561758000
13,2019-12-02 15:45:00.000000,2019-12-02 15:45:55.000000,2019-12-02 16:02:53.635459,2019-12-02 16:03:12.338264,,,,Onsite,2,43,46,0 days 00:00:55.000000000,0 days 00:17:17.338264000
14,2019-12-02 14:41:00.000000,2019-12-02 14:41:45.000000,2019-12-02 14:56:15.359998,2019-12-02 14:57:00.359998,2019-12-02 15:29:02.963339,2019-12-02 15:29:47.963339,2019-12-02 15:45:28.892252,Replace,2,43,46,0 days 00:00:45.000000000,0 days 00:15:15.359998000
15,2019-12-02 16:58:00.000000,2019-12-02 16:58:45.000000,2019-12-02 17:18:57.157286,2019-12-02 17:19:42.157286,2019-12-02 17:50:39.372694,2019-12-02 17:51:24.372694,2019-12-02 18:14:55.053403,Replace,2,43,46,0 days 00:00:45.000000000,0 days 00:20:57.157286000
16,2019-12-02 17:58:00.000000,2019-12-02 17:58:45.000000,2019-12-02 18:15:04.487157,2019-12-02 18:15:14.493869,,,,Onsite,2,43,46,0 days 00:00:45.000000000,0 days 00:16:29.493869000
17,2019-12-02 19:11:00.000000,2019-12-02 19:11:25.000000,2019-12-02 19:29:02.044818,2019-12-02 19:29:10.403915,,,,Onsite,2,43,46,0 days 00:00:25.000000000,0 days 00:17:45.403915000
18,2019-12-02 20:20:00.000000,2019-12-02 20:20:30.000000,2019-12-02 20:39:50.726802,2019-12-02 20:39:52.945255,,,,Onsite,2,43,46,0 days 00:00:30.000000000,0 days 00:19:22.945255000
19,2019-12-02 21:33:00.000000,2019-12-02 21:33:30.000000,2019-12-02 21:49:57.981704,2019-12-02 21:50:15.494399,,,,Onsite,2,43,46,0 days 00:00:30.000000000,0 days 00:16:45.494399000
0,2019-12-02 01:05:00.000000,2019-12-02 00:00:45.000000,2019-12-02 00:17:16.079821,2019-12-02 00:18:01.079821,2019-12-02 00:51:56.915882,2019-12-02 00:52:41.915882,2019-12-02 01:13:13.367319,Replace,3,43,46,-1 days +22:55:45.000000000,0 days 00:17:16.079821000
1,2019-12-02 01:01:00.000000,2019-12-02 01:01:50.000000,2019-12-02 01:19:09.719045,2019-12-02 01:19:59.719045,2019-12-02 01:48:04.923436,2019-12-02 01:48:54.923436,2019-12-02 02:06:20.787520,Replace,3,43,46,0 days 00:00:50.000000000,0 days 00:18:09.719045000
2,2019-12-02 02:10:00.000000,2019-12-02 02:10:25.000000,2019-12-02 02:27:08.375904,2019-12-02 02:27:33.375904,2019-12-02 03:19:14.932291,2019-12-02 03:19:39.932291,2019-12-02 03:37:57.798736,Replace,3,43,46,0 days 00:00:25.000000000,0 days 00:17:08.375904000
3,2019-12-02 03:13:00.000000,2019-12-02 03:13:45.000000,2019-12-02 03:25:02.224025,2019-12-02 03:25:13.091114,,,,Onsite,3,43,46,0 days 00:00:45.000000000,0 days 00:11:28.091114000
4,2019-12-02 04:15:00.000000,2019-12-02 04:15:45.000000,2019-12-02 04:32:21.841725,2019-12-02 04:33:06.841725,2019-12-02 05:18:41.546028,2019-12-02 05:19:26.546028,2019-12-02 05:42:13.065429,Replace,3,43,46,0 days 00:00:45.000000000,0 days 00:17:21.841725000
5,2019-12-02 05:17:00.000000,2019-12-02 05:17:35.000000,2019-12-02 05:38:09.415431,2019-12-02 05:38:44.415431,2019-12-02 06:13:41.981645,2019-12-02 06:14:16.981645,2019-12-02 06:28:06.615081,Replace,3,43,46,0 days 00:00:35.000000000,0 days 00:21:09.415431000
6,2019-12-02 07:26:00.000000,2019-12-02 07:26:30.000000,2019-12-02 07:44:45.310993,2019-12-02 07:45:15.462373,,,,Onsite,3,43,46,0 days 00:00:30.000000000,0 days 00:18:45.462373000
7,2019-12-02 06:14:00.000000,2019-12-02 06:14:55.000000,2019-12-02 06:31:50.626983,2019-12-02 06:32:45.626983,2019-12-02 07:14:02.415511,2019-12-02 07:14:57.415511,2019-12-02 07:38:33.850254,Replace,3,43,46,0 days 00:00:55.000000000,0 days 00:17:50.626983000
8,2019-12-02 08:46:00.000000,2019-12-02 08:46:25.000000,2019-12-02 09:01:42.480504,2019-12-02 09:01:51.243470,,,,Onsite,3,43,46,0 days 00:00:25.000000000,0 days 00:15:26.243470000
9,2019-12-02 09:53:00.000000,2019-12-02 09:53:35.000000,2019-12-02 10:09:00.854706,2019-12-02 10:09:35.854706,2019-12-02 10:38:36.692126,2019-12-02 10:39:11.692126,2019-12-02 10:54:14.067329,Replace,3,43,46,0 days 00:00:35.000000000,0 days 00:16:00.854706000
10,2019-12-02 10:46:00.000000,2019-12-02 10:46:45.000000,2019-12-02 10:59:44.178303,2019-12-02 11:00:04.275927,,,,Onsite,3,43,46,0 days 00:00:45.000000000,0 days 00:13:19.275927000
11,2019-12-02 11:50:00.000000,2019-12-02 11:50:45.000000,2019-12-02 12:10:11.391448,2019-12-02 12:10:22.684345,,,,Onsite,3,43,46,0 days 00:00:45.000000000,0 days 00:19:37.684345000
12,2019-12-02 12:55:00.000000,2019-12-02 12:55:45.000000,2019-12-02 13:10:55.839282,2019-12-02 13:11:40.839282,2019-12-02 13:48:18.540476,2019-12-02 13:49:03.540476,2019-12-02 14:04:14.847848,Replace,3,43,46,0 days 00:00:45.000000000,0 days 00:15:55.839282000
13,2019-12-02 14:17:00.000000,2019-12-02 14:17:55.000000,2019-12-02 14:35:34.012669,2019-12-02 14:36:29.012669,2019-12-02 15:11:27.819881,2019-12-02 15:12:22.819881,2019-12-02 15:35:58.226041,Replace,3,43,46,0 days 00:00:55.000000000,0 days 00:18:34.012669000
14,2019-12-02 15:17:00.000000,2019-12-02 15:17:45.000000,2019-12-02 15:33:16.032251,2019-12-02 15:33:33.936762,,,,Onsite,3,43,46,0 days 00:00:45.000000000,0 days 00:15:48.936762000
15,2019-12-02 16:23:00.000000,2019-12-02 16:23:35.000000,2019-12-02 16:38:34.645163,2019-12-02 16:39:09.645163,2019-12-02 17:10:44.703162,2019-12-02 17:11:19.703162,2019-12-02 17:25:21.895053,Replace,3,43,46,0 days 00:00:35.000000000,0 days 00:15:34.645163000
16,2019-12-02 17:41:00.000000,2019-12-02 17:41:35.000000,2019-12-02 17:56:31.812496,2019-12-02 17:57:06.812496,2019-12-02 18:36:58.654733,2019-12-02 18:37:33.654733,2019-12-02 18:54:52.424936,Replace,3,43,46,0 days 00:00:35.000000000,0 days 00:15:31.812496000
17,2019-12-02 18:49:00.000000,2019-12-02 18:49:45.000000,2019-12-02 19:07:44.330412,2019-12-02 19:08:29.330412,2019-12-02 19:51:52.281399,2019-12-02 19:52:37.281399,2019-12-02 20:09:03.663717,Replace,3,43,46,0 days 00:00:45.000000000,0 days 00:18:44.330412000
18,2019-12-02 19:54:00.000000,2019-12-02 19:54:45.000000,2019-12-02 20:07:20.543770,2019-12-02 20:07:24.815547,,,,Onsite,3,43,46,0 days 00:00:45.000000000,0 days 00:12:39.815547000
19,2019-12-02 21:05:00.000000,2019-12-02 21:05:45.000000,2019-12-02 21:26:54.634038,2019-12-02 21:26:58.232797,,,,Onsite,3,43,46,0 days 00:00:45.000000000,0 days 00:21:13.232797000
0,2019-12-02 01:24:00.000000,2019-12-02 00:00:35.000000,2019-12-02 00:14:33.556362,2019-12-02 00:14:40.541682,,,,Onsite,4,43,46,-1 days +22:36:35.000000000,0 days 00:14:05.541682000
1,2019-12-02 00:46:00.000000,2019-12-02 00:46:45.000000,2019-12-02 01:06:00.901097,2019-12-02 01:06:45.901097,2019-12-02 01:47:55.269538,2019-12-02 01:48:40.269538,2019-12-02 02:07:18.409515,Replace,4,43,46,0 days 00:00:45.000000000,0 days 00:20:00.901097000
2,2019-12-02 01:48:00.000000,2019-12-02 01:48:35.000000,2019-12-02 02:05:36.812980,2019-12-02 02:06:11.812980,2019-12-02 02:34:23.711194,2019-12-02 02:34:58.711194,2019-12-02 02:46:40.945613,Replace,4,43,46,0 days 00:00:35.000000000,0 days 00:17:36.812980000
3,2019-12-02 03:03:00.000000,2019-12-02 03:03:50.000000,2019-12-02 03:23:22.695980,2019-12-02 03:23:41.080194,,,,Onsite,4,43,46,0 days 00:00:50.000000000,0 days 00:19:51.080194000
4,2019-12-02 04:08:00.000000,2019-12-02 04:08:55.000000,2019-12-02 04:31:22.149136,2019-12-02 04:32:17.149136,2019-12-02 05:13:19.452377,2019-12-02 05:14:14.452377,2019-12-02 05:27:40.598391,Replace,4,43,46,0 days 00:00:55.000000000,0 days 00:23:22.149136000
5,2019-12-02 05:04:00.000000,2019-12-02 05:04:45.000000,2019-12-02 05:18:36.826670,2019-12-02 05:19:21.826670,2019-12-02 05:51:13.805567,2019-12-02 05:51:58.805567,2019-12-02 06:09:17.811188,Replace,4,43,46,0 days 00:00:45.000000000,0 days 00:14:36.826670000
6,2019-12-02 05:54:00.000000,2019-12-02 05:54:30.000000,2019-12-02 06:12:11.527035,2019-12-02 06:12:20.903327,,,,Onsite,4,43,46,0 days 00:00:30.000000000,0 days 00:17:50.903327000
7,2019-12-02 07:25:00.000000,2019-12-02 07:25:30.000000,2019-12-02 07:44:27.559007,2019-12-02 07:44:29.304665,,,,Onsite,4,43,46,0 days 00:00:30.000000000,0 days 00:18:59.304665000
8,2019-12-02 08:29:00.000000,2019-12-02 08:29:35.000000,2019-12-02 08:49:21.083558,2019-12-02 08:49:56.083558,2019-12-02 09:20:05.598785,2019-12-02 09:20:40.598785,2019-12-02 09:42:37.082708,Replace,4,43,46,0 days 00:00:35.000000000,0 days 00:20:21.083558000
9,2019-12-02 09:30:00.000000,2019-12-02 09:30:30.000000,2019-12-02 09:50:54.438034,2019-12-02 09:51:24.438034,2019-12-02 10:20:23.240598,2019-12-02 10:20:53.240598,2019-12-02 10:36:43.977375,Replace,4,43,46,0 days 00:00:30.000000000,0 days 00:20:54.438034000
10,2019-12-02 10:37:00.000000,2019-12-02 10:37:35.000000,2019-12-02 10:55:15.985913,2019-12-02 10:55:40.900543,,,,Onsite,4,43,46,0 days 00:00:35.000000000,0 days 00:18:05.900543000
11,2019-12-02 11:39:00.000000,2019-12-02 11:39:55.000000,2019-12-02 11:53:54.334823,2019-12-02 11:54:26.377237,,,,Onsite,4,43,46,0 days 00:00:55.000000000,0 days 00:14:31.377237000
12,2019-12-02 12:53:00.000000,2019-12-02 12:53:45.000000,2019-12-02 13:05:46.832213,2019-12-02 13:05:58.794626,,,,Onsite,4,43,46,0 days 00:00:45.000000000,0 days 00:12:13.794626000
13,2019-12-02 13:49:00.000000,2019-12-02 13:49:50.000000,2019-12-02 14:04:54.137306,2019-12-02 14:05:44.137306,2019-12-02 14:50:30.666566,2019-12-02 14:51:20.666566,2019-12-02 15:09:47.160758,Replace,4,43,46,0 days 00:00:50.000000000,0 days 00:15:54.137306000
14,2019-12-02 15:05:00.000000,2019-12-02 15:05:45.000000,2019-12-02 15:21:07.590149,2019-12-02 15:21:23.961451,,,,Onsite,4,43,46,0 days 00:00:45.000000000,0 days 00:15:38.961451000
15,2019-12-02 16:23:00.000000,2019-12-02 16:23:45.000000,2019-12-02 16:43:46.698332,2019-12-02 16:44:31.698332,2019-12-02 17:24:58.342980,2019-12-02 17:25:43.342980,2019-12-02 17:40:47.025623,Replace,4,43,46,0 days 00:00:45.000000000,0 days 00:20:46.698332000
16,2019-12-02 17:29:00.000000,2019-12-02 17:29:45.000000,2019-12-02 17:47:05.776314,2019-12-02 17:47:50.776314,2019-12-02 18:36:03.490625,2019-12-02 18:36:48.490625,2019-12-02 18:52:57.212410,Replace,4,43,46,0 days 00:00:45.000000000,0 days 00:18:05.776314000
17,2019-12-02 18:34:00.000000,2019-12-02 18:34:45.000000,2019-12-02 18:56:43.631355,2019-12-02 18:56:55.799156,,,,Onsite,4,43,46,0 days 00:00:45.000000000,0 days 00:22:10.799156000
18,2019-12-02 19:52:00.000000,2019-12-02 19:52:50.000000,2019-12-02 20:09:16.190316,2019-12-02 20:09:38.976881,,,,Onsite,4,43,46,0 days 00:00:50.000000000,0 days 00:16:48.976881000
19,2019-12-02 20:56:00.000000,2019-12-02 20:56:45.000000,2019-12-02 21:13:00.588128,2019-12-02 21:13:14.896551,,,,Onsite,4,43,46,0 days 00:00:45.000000000,0 days 00:16:29.896551000
0,2019-12-02 00:56:00.000000,2019-12-02 00:00:35.000000,2019-12-02 00:09:51.726879,2019-12-02 00:10:26.726879,2019-12-02 00:52:51.495956,2019-12-02 00:53:26.495956,2019-12-02 01:12:18.623168,Replace,5,43,46,-1 days +23:04:35.000000000,0 days 00:09:51.726879000
1,2019-12-02 01:02:00.000000,2019-12-02 01:02:45.000000,2019-12-02 01:19:48.734500,2019-12-02 01:19:53.814203,,,,Onsite,5,43,46,0 days 00:00:45.000000000,0 days 00:17:08.814203000
2,2019-12-02 03:26:00.000000,2019-12-02 03:26:55.000000,2019-12-02 03:42:22.526863,2019-12-02 03:43:17.526863,2019-12-02 04:27:19.453231,2019-12-02 04:28:14.453231,2019-12-02 04:41:59.962475,Replace,5,43,46,0 days 00:00:55.000000000,0 days 00:16:22.526863000
3,2019-12-02 02:10:00.000000,2019-12-02 02:10:55.000000,2019-12-02 02:31:30.169491,2019-12-02 02:32:25.169491,2019-12-02 03:25:17.550977,2019-12-02 03:26:12.550977,2019-12-02 03:48:20.382043,Replace,5,43,46,0 days 00:00:55.000000000,0 days 00:21:30.169491000
4,2019-12-02 04:46:00.000000,2019-12-02 04:46:45.000000,2019-12-02 05:04:15.066333,2019-12-02 05:05:00.066333,2019-12-02 05:41:48.827248,2019-12-02 05:42:33.827248,2019-12-02 06:01:50.378423,Replace,5,43,46,0 days 00:00:45.000000000,0 days 00:18:15.066333000
5,2019-12-02 06:05:00.000000,2019-12-02 06:05:30.000000,2019-12-02 06:21:06.669038,2019-12-02 06:21:14.952170,,,,Onsite,5,43,46,0 days 00:00:30.000000000,0 days 00:15:44.952170000
6,2019-12-02 07:06:00.000000,2019-12-02 07:06:35.000000,2019-12-02 07:25:32.223176,2019-12-02 07:25:44.593872,,,,Onsite,5,43,46,0 days 00:00:35.000000000,0 days 00:19:09.593872000
7,2019-12-02 08:14:00.000000,2019-12-02 08:14:25.000000,2019-12-02 08:34:57.731186,2019-12-02 08:35:22.731186,2019-12-02 09:15:48.728281,2019-12-02 09:16:13.728281,2019-12-02 09:32:35.664520,Replace,5,43,46,0 days 00:00:25.000000000,0 days 00:20:57.731186000
8,2019-12-02 09:33:00.000000,2019-12-02 09:33:35.000000,2019-12-02 09:54:01.331881,2019-12-02 09:54:10.580455,,,,Onsite,5,43,46,0 days 00:00:35.000000000,0 days 00:20:35.580455000
9,2019-12-02 10:33:00.000000,2019-12-02 10:33:50.000000,2019-12-02 10:50:24.673244,2019-12-02 10:51:14.673244,2019-12-02 11:47:57.885834,2019-12-02 11:48:47.885834,2019-12-02 12:07:26.069593,Replace,5,43,46,0 days 00:00:50.000000000,0 days 00:17:24.673244000
10,2019-12-02 11:36:00.000000,2019-12-02 11:36:25.000000,2019-12-02 11:50:55.549133,2019-12-02 11:51:27.374403,,,,Onsite,5,43,46,0 days 00:00:25.000000000,0 days 00:15:02.374403000
11,2019-12-02 12:32:00.000000,2019-12-02 12:32:35.000000,2019-12-02 12:51:55.123392,2019-12-02 12:52:19.991320,,,,Onsite,5,43,46,0 days 00:00:35.000000000,0 days 00:19:44.991320000
12,2019-12-02 13:32:00.000000,2019-12-02 13:32:45.000000,2019-12-02 13:49:59.983711,2019-12-02 13:50:44.983711,2019-12-02 14:38:28.595830,2019-12-02 14:39:13.595830,2019-12-02 14:51:58.520439,Replace,5,43,46,0 days 00:00:45.000000000,0 days 00:17:59.983711000
13,2019-12-02 14:36:00.000000,2019-12-02 14:36:55.000000,2019-12-02 14:58:59.199397,2019-12-02 14:59:14.553634,,,,Onsite,5,43,46,0 days 00:00:55.000000000,0 days 00:22:19.553634000
14,2019-12-02 15:51:00.000000,2019-12-02 15:51:30.000000,2019-12-02 16:04:53.262477,2019-12-02 16:05:00.305771,,,,Onsite,5,43,46,0 days 00:00:30.000000000,0 days 00:13:30.305771000
15,2019-12-02 16:52:00.000000,2019-12-02 16:52:55.000000,2019-12-02 17:06:43.883871,2019-12-02 17:06:52.132457,,,,Onsite,5,43,46,0 days 00:00:55.000000000,0 days 00:13:57.132457000
16,2019-12-02 17:50:00.000000,2019-12-02 17:50:45.000000,2019-12-02 18:05:44.765214,2019-12-02 18:05:46.560413,,,,Onsite,5,43,46,0 days 00:00:45.000000000,0 days 00:15:01.560413000
17,2019-12-02 18:58:00.000000,2019-12-02 18:58:30.000000,2019-12-02 19:16:08.421328,2019-12-02 19:16:38.421328,2019-12-02 20:07:57.138314,2019-12-02 20:08:27.138314,2019-12-02 20:19:35.184591,Replace,5,43,46,0 days 00:00:30.000000000,0 days 00:18:08.421328000
18,2019-12-02 20:04:00.000000,2019-12-02 20:04:55.000000,2019-12-02 20:17:33.804404,2019-12-02 20:18:07.656423,,,,Onsite,5,43,46,0 days 00:00:55.000000000,0 days 00:13:12.656423000
0,2019-12-02 01:05:00.000000,2019-12-02 00:00:45.000000,2019-12-02 00:18:28.019611,2019-12-02 00:19:13.019611,2019-12-02 01:09:08.600308,2019-12-02 01:09:53.600308,2019-12-02 01:23:06.432786,Replace,6,43,46,-1 days +22:55:45.000000000,0 days 00:18:28.019611000
1,2019-12-02 01:10:00.000000,2019-12-02 01:10:35.000000,2019-12-02 01:26:23.576205,2019-12-02 01:26:58.576205,2019-12-02 01:53:25.497923,2019-12-02 01:54:00.497923,2019-12-02 02:11:15.639169,Replace,6,43,46,0 days 00:00:35.000000000,0 days 00:16:23.576205000
2,2019-12-02 02:10:00.000000,2019-12-02 02:10:30.000000,2019-12-02 02:31:00.658464,2019-12-02 02:31:30.658464,2019-12-02 03:09:14.838418,2019-12-02 03:09:44.838418,2019-12-02 03:26:24.445166,Replace,6,43,46,0 days 00:00:30.000000000,0 days 00:21:00.658464000
3,2019-12-02 03:19:00.000000,2019-12-02 03:19:55.000000,2019-12-02 03:36:25.295274,2019-12-02 03:36:31.541955,,,,Onsite,6,43,46,0 days 00:00:55.000000000,0 days 00:16:36.541955000
4,2019-12-02 04:29:00.000000,2019-12-02 04:29:25.000000,2019-12-02 04:45:56.632045,2019-12-02 04:46:18.282119,,,,Onsite,6,43,46,0 days 00:00:25.000000000,0 days 00:16:53.282119000
5,2019-12-02 05:36:00.000000,2019-12-02 05:36:45.000000,2019-12-02 05:50:00.862648,2019-12-02 05:50:45.862648,2019-12-02 06:38:51.899587,2019-12-02 06:39:36.899587,2019-12-02 06:59:14.727110,Replace,6,43,46,0 days 00:00:45.000000000,0 days 00:14:00.862648000
6,2019-12-02 06:32:00.000000,2019-12-02 06:32:25.000000,2019-12-02 06:47:28.591252,2019-12-02 06:47:53.591252,2019-12-02 07:27:24.263733,2019-12-02 07:27:49.263733,2019-12-02 07:44:20.328130,Replace,6,43,46,0 days 00:00:25.000000000,0 days 00:15:28.591252000
7,2019-12-02 07:19:00.000000,2019-12-02 07:19:55.000000,2019-12-02 07:33:51.880702,2019-12-02 07:34:46.880702,2019-12-02 08:23:04.444445,2019-12-02 08:23:59.444445,2019-12-02 08:45:57.904365,Replace,6,43,46,0 days 00:00:55.000000000,0 days 00:14:51.880702000
8,2019-12-02 08:29:00.000000,2019-12-02 08:29:50.000000,2019-12-02 08:45:04.229685,2019-12-02 08:45:54.229685,2019-12-02 09:17:50.356346,2019-12-02 09:18:40.356346,2019-12-02 09:30:46.354025,Replace,6,43,46,0 days 00:00:50.000000000,0 days 00:16:04.229685000
9,2019-12-02 10:55:00.000000,2019-12-02 10:55:35.000000,2019-12-02 11:09:36.882992,2019-12-02 11:10:11.882992,2019-12-02 11:48:49.654067,2019-12-02 11:49:24.654067,2019-12-02 12:06:52.965268,Replace,6,43,46,0 days 00:00:35.000000000,0 days 00:14:36.882992000
10,2019-12-02 11:56:00.000000,2019-12-02 11:56:45.000000,2019-12-02 12:11:33.797752,2019-12-02 12:11:46.442609,,,,Onsite,6,43,46,0 days 00:00:45.000000000,0 days 00:15:01.442609000
11,2019-12-02 09:44:00.000000,2019-12-02 09:44:35.000000,2019-12-02 10:02:26.655692,2019-12-02 10:03:01.655692,2019-12-02 10:55:09.756419,2019-12-02 10:55:44.756419,2019-12-02 11:08:37.638329,Replace,6,43,46,0 days 00:00:35.000000000,0 days 00:18:26.655692000
12,2019-12-02 13:14:00.000000,2019-12-02 13:14:45.000000,2019-12-02 13:29:17.265635,2019-12-02 13:29:36.159819,,,,Onsite,6,43,46,0 days 00:00:45.000000000,0 days 00:14:51.159819000
13,2019-12-02 14:20:00.000000,2019-12-02 14:20:35.000000,2019-12-02 14:38:33.270317,2019-12-02 14:39:13.751901,,,,Onsite,6,43,46,0 days 00:00:35.000000000,0 days 00:18:38.751901000
14,2019-12-02 15:41:00.000000,2019-12-02 15:41:45.000000,2019-12-02 16:02:17.515498,2019-12-02 16:02:33.861460,,,,Onsite,6,43,46,0 days 00:00:45.000000000,0 days 00:20:48.861460000
15,2019-12-02 16:56:00.000000,2019-12-02 16:56:35.000000,2019-12-02 17:09:59.603953,2019-12-02 17:10:34.603953,2019-12-02 17:43:52.618296,2019-12-02 17:44:27.618296,2019-12-02 18:02:16.735861,Replace,6,43,46,0 days 00:00:35.000000000,0 days 00:13:59.603953000
16,2019-12-02 18:04:00.000000,2019-12-02 18:04:45.000000,2019-12-02 18:24:03.152241,2019-12-02 18:24:48.152241,2019-12-02 18:58:01.214381,2019-12-02 18:58:46.214381,2019-12-02 19:14:14.642965,Replace,6,43,46,0 days 00:00:45.000000000,0 days 00:20:03.152241000
17,2019-12-02 19:16:00.000000,2019-12-02 19:16:25.000000,2019-12-02 19:30:31.287401,2019-12-02 19:30:35.096715,,,,Onsite,6,43,46,0 days 00:00:25.000000000,0 days 00:14:10.096715000
18,2019-12-02 20:30:00.000000,2019-12-02 20:30:45.000000,2019-12-02 20:49:13.235996,2019-12-02 20:49:58.235996,2019-12-02 21:28:22.539381,2019-12-02 21:29:07.539381,2019-12-02 21:45:07.113990,Replace,6,43,46,0 days 00:00:45.000000000,0 days 00:19:13.235996000
19,2019-12-02 21:37:00.000000,2019-12-02 21:37:35.000000,2019-12-02 21:56:47.799613,2019-12-02 21:57:00.786997,,,,Onsite,6,43,46,0 days 00:00:35.000000000,0 days 00:19:25.786997000
0,2019-12-02 01:07:00.000000,2019-12-02 00:00:45.000000,2019-12-02 00:16:18.496171,2019-12-02 00:16:45.495518,,,,Onsite,7,43,46,-1 days +22:53:45.000000000,0 days 00:16:00.495518000
1,2019-12-02 01:06:00.000000,2019-12-02 01:06:55.000000,2019-12-02 01:25:27.230621,2019-12-02 01:26:22.230621,2019-12-02 02:01:05.083685,2019-12-02 02:02:00.083685,2019-12-02 02:17:39.297410,Replace,7,43,46,0 days 00:00:55.000000000,0 days 00:19:27.230621000
2,2019-12-02 02:13:00.000000,2019-12-02 02:13:30.000000,2019-12-02 02:24:08.854585,2019-12-02 02:24:38.854585,2019-12-02 02:58:51.098280,2019-12-02 02:59:21.098280,2019-12-02 03:17:06.845442,Replace,7,43,46,0 days 00:00:30.000000000,0 days 00:11:08.854585000
3,2019-12-02 03:06:00.000000,2019-12-02 03:06:30.000000,2019-12-02 03:25:43.923710,2019-12-02 03:25:46.934829,,,,Onsite,7,43,46,0 days 00:00:30.000000000,0 days 00:19:16.934829000
4,2019-12-02 04:14:00.000000,2019-12-02 04:14:45.000000,2019-12-02 04:30:05.347580,2019-12-02 04:30:50.347580,2019-12-02 05:04:54.673041,2019-12-02 05:05:39.673041,2019-12-02 05:20:42.420653,Replace,7,43,46,0 days 00:00:45.000000000,0 days 00:16:05.347580000
5,2019-12-02 05:27:00.000000,2019-12-02 05:27:45.000000,2019-12-02 05:42:15.078937,2019-12-02 05:43:02.145693,,,,Onsite,7,43,46,0 days 00:00:45.000000000,0 days 00:15:17.145693000
6,2019-12-02 06:38:00.000000,2019-12-02 06:38:45.000000,2019-12-02 06:55:27.919750,2019-12-02 06:56:12.919750,2019-12-02 07:26:15.761953,2019-12-02 07:27:00.761953,2019-12-02 07:48:09.965064,Replace,7,43,46,0 days 00:00:45.000000000,0 days 00:17:27.919750000
7,2019-12-02 07:38:00.000000,2019-12-02 07:38:50.000000,2019-12-02 07:53:01.016757,2019-12-02 07:53:23.817318,,,,Onsite,7,43,46,0 days 00:00:50.000000000,0 days 00:14:33.817318000
8,2019-12-02 08:53:00.000000,2019-12-02 08:53:30.000000,2019-12-02 09:10:55.577708,2019-12-02 09:11:25.577708,2019-12-02 09:40:31.945627,2019-12-02 09:41:01.945627,2019-12-02 10:02:13.760617,Replace,7,43,46,0 days 00:00:30.000000000,0 days 00:17:55.577708000
9,2019-12-02 10:12:00.000000,2019-12-02 10:12:25.000000,2019-12-02 10:31:30.103361,2019-12-02 10:31:39.978818,,,,Onsite,7,43,46,0 days 00:00:25.000000000,0 days 00:19:14.978818000
10,2019-12-02 11:19:00.000000,2019-12-02 11:19:30.000000,2019-12-02 11:37:51.154133,2019-12-02 11:38:21.154133,2019-12-02 12:28:29.494877,2019-12-02 12:28:59.494877,2019-12-02 12:40:32.164813,Replace,7,43,46,0 days 00:00:30.000000000,0 days 00:18:51.154133000
11,2019-12-02 12:36:00.000000,2019-12-02 12:36:50.000000,2019-12-02 12:54:51.706424,2019-12-02 12:55:41.706424,2019-12-02 13:21:10.496349,2019-12-02 13:22:00.496349,2019-12-02 13:40:50.433684,Replace,7,43,46,0 days 00:00:50.000000000,0 days 00:18:51.706424000
12,2019-12-02 13:34:00.000000,2019-12-02 13:34:35.000000,2019-12-02 13:50:39.433987,2019-12-02 13:51:14.433987,2019-12-02 14:13:35.925767,2019-12-02 14:14:10.925767,2019-12-02 14:34:04.639163,Replace,7,43,46,0 days 00:00:35.000000000,0 days 00:16:39.433987000
13,2019-12-02 15:02:00.000000,2019-12-02 15:02:30.000000,2019-12-02 15:19:14.732223,2019-12-02 15:19:44.732223,2019-12-02 15:57:43.778888,2019-12-02 15:58:13.778888,2019-12-02 16:11:40.731060,Replace,7,43,46,0 days 00:00:30.000000000,0 days 00:17:14.732223000
14,2019-12-02 16:06:00.000000,2019-12-02 16:06:50.000000,2019-12-02 16:21:20.231002,2019-12-02 16:22:10.231002,2019-12-02 16:52:10.596383,2019-12-02 16:53:00.596383,2019-12-02 17:10:37.530511,Replace,7,43,46,0 days 00:00:50.000000000,0 days 00:15:20.231002000
15,2019-12-02 17:16:00.000000,2019-12-02 17:16:25.000000,2019-12-02 17:33:21.494569,2019-12-02 17:33:46.198215,,,,Onsite,7,43,46,0 days 00:00:25.000000000,0 days 00:17:21.198215000
16,2019-12-02 18:42:00.000000,2019-12-02 18:42:35.000000,2019-12-02 19:01:31.622443,2019-12-02 19:02:06.622443,2019-12-02 19:32:07.933091,2019-12-02 19:32:42.933091,2019-12-02 19:46:24.932127,Replace,7,43,46,0 days 00:00:35.000000000,0 days 00:19:31.622443000
17,2019-12-02 19:54:00.000000,2019-12-02 19:54:55.000000,2019-12-02 20:11:27.643912,2019-12-02 20:12:22.643912,2019-12-02 20:50:02.521318,2019-12-02 20:50:57.521318,2019-12-02 21:03:12.408139,Replace,7,43,46,0 days 00:00:55.000000000,0 days 00:17:27.643912000
18,2019-12-02 21:01:00.000000,2019-12-02 21:01:45.000000,2019-12-02 21:24:04.588742,2019-12-02 21:24:10.239522,,,,Onsite,7,43,46,0 days 00:00:45.000000000,0 days 00:22:25.239522000
0,2019-12-02 01:01:00.000000,2019-12-02 00:00:45.000000,2019-12-02 00:14:12.767924,2019-12-02 00:14:26.942578,,,,Onsite,8,43,46,-1 days +22:59:45.000000000,0 days 00:13:41.942578000
1,2019-12-02 01:02:00.000000,2019-12-02 01:02:45.000000,2019-12-02 01:15:31.294054,2019-12-02 01:15:35.421179,,,,Onsite,8,43,46,0 days 00:00:45.000000000,0 days 00:12:50.421179000
2,2019-12-02 01:55:00.000000,2019-12-02 01:55:35.000000,2019-12-02 02:14:41.937717,2019-12-02 02:15:08.193629,,,,Onsite,8,43,46,0 days 00:00:35.000000000,0 days 00:19:33.193629000
3,2019-12-02 02:55:00.000000,2019-12-02 02:55:45.000000,2019-12-02 03:12:11.834952,2019-12-02 03:12:56.834952,2019-12-02 03:43:05.439938,2019-12-02 03:43:50.439938,2019-12-02 04:02:43.681029,Replace,8,43,46,0 days 00:00:45.000000000,0 days 00:17:11.834952000
4,2019-12-02 03:47:00.000000,2019-12-02 03:47:35.000000,2019-12-02 04:04:54.966334,2019-12-02 04:05:26.958243,,,,Onsite,8,43,46,0 days 00:00:35.000000000,0 days 00:17:51.958243000
5,2019-12-02 04:53:00.000000,2019-12-02 04:53:55.000000,2019-12-02 05:13:51.763551,2019-12-02 05:14:46.763551,2019-12-02 05:53:23.237741,2019-12-02 05:54:18.237741,2019-12-02 06:07:49.644214,Replace,8,43,46,0 days 00:00:55.000000000,0 days 00:20:51.763551000
6,2019-12-02 06:13:00.000000,2019-12-02 06:13:25.000000,2019-12-02 06:33:09.285075,2019-12-02 06:33:34.285075,2019-12-02 07:06:48.287630,2019-12-02 07:07:13.287630,2019-12-02 07:18:32.452341,Replace,8,43,46,0 days 00:00:25.000000000,0 days 00:20:09.285075000
7,2019-12-02 07:27:00.000000,2019-12-02 07:27:45.000000,2019-12-02 07:40:26.371753,2019-12-02 07:41:11.371753,2019-12-02 08:12:43.678970,2019-12-02 08:13:28.678970,2019-12-02 08:24:49.464183,Replace,8,43,46,0 days 00:00:45.000000000,0 days 00:13:26.371753000
8,2019-12-02 08:40:00.000000,2019-12-02 08:40:45.000000,2019-12-02 08:58:11.444100,2019-12-02 08:58:56.444100,2019-12-02 09:46:16.928868,2019-12-02 09:47:01.928868,2019-12-02 10:01:28.325778,Replace,8,43,46,0 days 00:00:45.000000000,0 days 00:18:11.444100000
9,2019-12-02 09:50:00.000000,2019-12-02 09:50:45.000000,2019-12-02 10:06:46.484409,2019-12-02 10:07:04.115310,,,,Onsite,8,43,46,0 days 00:00:45.000000000,0 days 00:16:19.115310000
10,2019-12-02 10:57:00.000000,2019-12-02 10:57:45.000000,2019-12-02 11:15:46.177770,2019-12-02 11:16:05.399117,,,,Onsite,8,43,46,0 days 00:00:45.000000000,0 days 00:18:20.399117000
11,2019-12-02 12:08:00.000000,2019-12-02 12:08:35.000000,2019-12-02 12:25:50.469307,2019-12-02 12:26:25.469307,2019-12-02 12:59:07.653615,2019-12-02 12:59:42.653615,2019-12-02 13:19:48.302039,Replace,8,43,46,0 days 00:00:35.000000000,0 days 00:17:50.469307000
12,2019-12-02 13:17:00.000000,2019-12-02 13:17:45.000000,2019-12-02 13:34:23.031345,2019-12-02 13:35:08.031345,2019-12-02 14:06:20.047700,2019-12-02 14:07:05.047700,2019-12-02 14:28:53.030011,Replace,8,43,46,0 days 00:00:45.000000000,0 days 00:17:23.031345000
13,2019-12-02 14:16:00.000000,2019-12-02 14:16:45.000000,2019-12-02 14:36:39.291276,2019-12-02 14:37:24.291276,2019-12-02 15:10:37.041407,2019-12-02 15:11:22.041407,2019-12-02 15:26:16.798805,Replace,8,43,46,0 days 00:00:45.000000000,0 days 00:20:39.291276000
14,2019-12-02 16:22:00.000000,2019-12-02 16:22:35.000000,2019-12-02 16:34:04.796391,2019-12-02 16:34:13.748703,,,,Onsite,8,43,46,0 days 00:00:35.000000000,0 days 00:11:38.748703000
15,2019-12-02 15:22:00.000000,2019-12-02 15:22:25.000000,2019-12-02 15:37:39.661868,2019-12-02 15:38:04.661868,2019-12-02 16:22:10.692845,2019-12-02 16:22:35.692845,2019-12-02 16:37:15.427710,Replace,8,43,46,0 days 00:00:25.000000000,0 days 00:15:39.661868000
16,2019-12-02 17:25:00.000000,2019-12-02 17:25:45.000000,2019-12-02 17:37:31.562213,2019-12-02 17:38:16.562213,2019-12-02 18:26:12.887059,2019-12-02 18:26:57.887059,2019-12-02 18:47:39.010747,Replace,8,43,46,0 days 00:00:45.000000000,0 days 00:12:31.562213000
17,2019-12-02 18:20:00.000000,2019-12-02 18:20:45.000000,2019-12-02 18:36:37.439265,2019-12-02 18:36:58.728029,,,,Onsite,8,43,46,0 days 00:00:45.000000000,0 days 00:16:13.728029000
18,2019-12-02 19:30:00.000000,2019-12-02 19:30:25.000000,2019-12-02 19:47:46.120282,2019-12-02 19:47:56.994216,,,,Onsite,8,43,46,0 days 00:00:25.000000000,0 days 00:17:31.994216000
19,2019-12-02 20:44:00.000000,2019-12-02 20:44:30.000000,2019-12-02 21:02:15.238834,2019-12-02 21:02:45.238834,2019-12-02 21:31:01.747298,2019-12-02 21:31:31.747298,2019-12-02 21:43:17.782742,Replace,8,43,46,0 days 00:00:30.000000000,0 days 00:18:15.238834000
20,2019-12-02 21:48:00.000000,2019-12-02 21:48:35.000000,2019-12-02 22:03:49.174783,2019-12-02 22:04:05.860837,,,,Onsite,8,43,46,0 days 00:00:35.000000000,0 days 00:15:30.860837000
0,2019-12-02 01:10:00.000000,2019-12-02 00:00:35.000000,2019-12-02 00:17:21.526898,2019-12-02 00:17:56.526898,2019-12-02 01:01:21.789626,2019-12-02 01:01:56.789626,2019-12-02 01:23:17.572756,Replace,9,43,46,-1 days +22:50:35.000000000,0 days 00:17:21.526898000
1,2019-12-02 01:22:00.000000,2019-12-02 01:22:35.000000,2019-12-02 01:39:30.030253,2019-12-02 01:40:05.030253,2019-12-02 02:16:44.474253,2019-12-02 02:17:19.474253,2019-12-02 02:30:21.743075,Replace,9,43,46,0 days 00:00:35.000000000,0 days 00:17:30.030253000
2,2019-12-02 02:21:00.000000,2019-12-02 02:21:45.000000,2019-12-02 02:40:46.335671,2019-12-02 02:40:52.728625,,,,Onsite,9,43,46,0 days 00:00:45.000000000,0 days 00:19:07.728625000
3,2019-12-02 03:39:00.000000,2019-12-02 03:39:25.000000,2019-12-02 03:59:27.684028,2019-12-02 03:59:52.684028,2019-12-02 04:34:56.853652,2019-12-02 04:35:21.853652,2019-12-02 04:52:27.938617,Replace,9,43,46,0 days 00:00:25.000000000,0 days 00:20:27.684028000
4,2019-12-02 04:46:00.000000,2019-12-02 04:46:35.000000,2019-12-02 05:00:05.124388,2019-12-02 05:00:11.485991,,,,Onsite,9,43,46,0 days 00:00:35.000000000,0 days 00:13:36.485991000
5,2019-12-02 05:57:00.000000,2019-12-02 05:57:55.000000,2019-12-02 06:15:05.911345,2019-12-02 06:15:29.036775,,,,Onsite,9,43,46,0 days 00:00:55.000000000,0 days 00:17:34.036775000
6,2019-12-02 06:56:00.000000,2019-12-02 06:56:55.000000,2019-12-02 07:12:16.287536,2019-12-02 07:12:42.647455,,,,Onsite,9,43,46,0 days 00:00:55.000000000,0 days 00:15:47.647455000
7,2019-12-02 08:02:00.000000,2019-12-02 08:02:30.000000,2019-12-02 08:18:19.528777,2019-12-02 08:18:49.528777,2019-12-02 09:07:51.796768,2019-12-02 09:08:21.796768,2019-12-02 09:23:39.803874,Replace,9,43,46,0 days 00:00:30.000000000,0 days 00:16:19.528777000
8,2019-12-02 09:09:00.000000,2019-12-02 09:09:35.000000,2019-12-02 09:25:19.075994,2019-12-02 09:25:54.075994,2019-12-02 09:53:08.042799,2019-12-02 09:53:43.042799,2019-12-02 10:14:27.264780,Replace,9,43,46,0 days 00:00:35.000000000,0 days 00:16:19.075994000
9,2019-12-02 10:21:00.000000,2019-12-02 10:21:45.000000,2019-12-02 10:39:15.694304,2019-12-02 10:39:39.461155,,,,Onsite,9,43,46,0 days 00:00:45.000000000,0 days 00:17:54.461155000
10,2019-12-02 11:39:00.000000,2019-12-02 11:39:45.000000,2019-12-02 11:57:38.089920,2019-12-02 11:57:57.089982,,,,Onsite,9,43,46,0 days 00:00:45.000000000,0 days 00:18:12.089982000
11,2019-12-02 12:49:00.000000,2019-12-02 12:49:45.000000,2019-12-02 13:00:24.694608,2019-12-02 13:01:09.694608,2019-12-02 13:36:29.833969,2019-12-02 13:37:14.833969,2019-12-02 13:56:12.756900,Replace,9,43,46,0 days 00:00:45.000000000,0 days 00:11:24.694608000
12,2019-12-02 14:06:00.000000,2019-12-02 14:06:25.000000,2019-12-02 14:21:36.473191,2019-12-02 14:21:45.835431,,,,Onsite,9,43,46,0 days 00:00:25.000000000,0 days 00:15:20.835431000
13,2019-12-02 15:13:00.000000,2019-12-02 15:13:45.000000,2019-12-02 15:34:37.426754,2019-12-02 15:35:22.426754,2019-12-02 16:09:46.974522,2019-12-02 16:10:31.974522,2019-12-02 16:21:48.433327,Replace,9,43,46,0 days 00:00:45.000000000,0 days 00:21:37.426754000
14,2019-12-02 16:24:00.000000,2019-12-02 16:24:55.000000,2019-12-02 16:43:56.655043,2019-12-02 16:44:51.655043,2019-12-02 17:28:31.087081,2019-12-02 17:29:26.087081,2019-12-02 17:47:23.772150,Replace,9,43,46,0 days 00:00:55.000000000,0 days 00:19:56.655043000
15,2019-12-02 17:45:00.000000,2019-12-02 17:45:45.000000,2019-12-02 18:03:19.250489,2019-12-02 18:04:04.250489,2019-12-02 18:45:26.228736,2019-12-02 18:46:11.228736,2019-12-02 18:58:05.539132,Replace,9,43,46,0 days 00:00:45.000000000,0 days 00:18:19.250489000
16,2019-12-02 18:47:00.000000,2019-12-02 18:47:35.000000,2019-12-02 19:01:59.878521,2019-12-02 19:02:34.878521,2019-12-02 19:43:42.373794,2019-12-02 19:44:17.373794,2019-12-02 20:07:27.727332,Replace,9,43,46,0 days 00:00:35.000000000,0 days 00:14:59.878521000
17,2019-12-02 19:58:00.000000,2019-12-02 19:58:45.000000,2019-12-02 20:13:41.269671,2019-12-02 20:14:26.269671,2019-12-02 20:58:32.078128,2019-12-02 20:59:17.078128,2019-12-02 21:11:07.899135,Replace,9,43,46,0 days 00:00:45.000000000,0 days 00:15:41.269671000
18,2019-12-02 21:00:00.000000,2019-12-02 21:00:35.000000,2019-12-02 21:17:21.048905,2019-12-02 21:17:56.048905,2019-12-02 21:57:55.714534,2019-12-02 21:58:30.714534,2019-12-02 22:19:14.179678,Replace,9,43,46,0 days 00:00:35.000000000,0 days 00:17:21.048905000
0,2019-12-02 01:11:00.000000,2019-12-02 00:00:45.000000,2019-12-02 00:14:46.195696,2019-12-02 00:15:10.676617,,,,Onsite,1,43,47,-1 days +22:49:45.000000000,0 days 00:14:25.676617000
1,2019-12-02 01:08:00.000000,2019-12-02 01:08:50.000000,2019-12-02 01:25:13.014411,2019-12-02 01:25:34.524344,,,,Onsite,1,43,47,0 days 00:00:50.000000000,0 days 00:16:44.524344000
2,2019-12-02 02:18:00.000000,2019-12-02 02:18:55.000000,2019-12-02 02:32:12.123978,2019-12-02 02:33:07.123978,2019-12-02 03:18:03.323834,2019-12-02 03:18:58.323834,2019-12-02 03:34:46.849329,Replace,1,43,47,0 days 00:00:55.000000000,0 days 00:14:12.123978000
3,2019-12-02 03:41:00.000000,2019-12-02 03:41:50.000000,2019-12-02 03:59:59.059407,2019-12-02 04:00:31.559104,,,,Onsite,1,43,47,0 days 00:00:50.000000000,0 days 00:18:41.559104000
4,2019-12-02 04:50:00.000000,2019-12-02 04:50:30.000000,2019-12-02 05:05:58.455522,2019-12-02 05:06:08.455734,,,,Onsite,1,43,47,0 days 00:00:30.000000000,0 days 00:15:38.455734000
5,2019-12-02 05:55:00.000000,2019-12-02 05:55:45.000000,2019-12-02 06:13:01.980449,2019-12-02 06:13:16.783009,,,,Onsite,1,43,47,0 days 00:00:45.000000000,0 days 00:17:31.783009000
6,2019-12-02 06:57:00.000000,2019-12-02 06:57:35.000000,2019-12-02 07:18:22.455075,2019-12-02 07:18:57.455075,2019-12-02 08:08:02.115179,2019-12-02 08:08:37.115179,2019-12-02 08:29:16.909424,Replace,1,43,47,0 days 00:00:35.000000000,0 days 00:21:22.455075000
7,2019-12-02 08:04:00.000000,2019-12-02 08:04:45.000000,2019-12-02 08:19:19.801006,2019-12-02 08:19:27.486626,,,,Onsite,1,43,47,0 days 00:00:45.000000000,0 days 00:14:42.486626000
8,2019-12-02 09:08:00.000000,2019-12-02 09:08:45.000000,2019-12-02 09:17:13.412228,2019-12-02 09:17:58.412228,2019-12-02 10:03:35.075633,2019-12-02 10:04:20.075633,2019-12-02 10:26:10.300259,Replace,1,43,47,0 days 00:00:45.000000000,0 days 00:09:13.412228000
9,2019-12-02 10:22:00.000000,2019-12-02 10:22:25.000000,2019-12-02 10:38:29.082533,2019-12-02 10:38:54.082533,2019-12-02 11:02:14.019356,2019-12-02 11:02:39.019356,2019-12-02 11:20:15.966315,Replace,1,43,47,0 days 00:00:25.000000000,0 days 00:16:29.082533000
10,2019-12-02 11:32:00.000000,2019-12-02 11:32:45.000000,2019-12-02 11:46:27.907306,2019-12-02 11:46:42.445489,,,,Onsite,1,43,47,0 days 00:00:45.000000000,0 days 00:13:57.445489000
11,2019-12-02 12:45:00.000000,2019-12-02 12:45:35.000000,2019-12-02 13:04:53.118691,2019-12-02 13:05:28.118691,2019-12-02 13:45:07.602673,2019-12-02 13:45:42.602673,2019-12-02 14:00:40.547147,Replace,1,43,47,0 days 00:00:35.000000000,0 days 00:19:53.118691000
12,2019-12-02 13:44:00.000000,2019-12-02 13:44:45.000000,2019-12-02 13:58:54.782530,2019-12-02 13:59:08.405854,,,,Onsite,1,43,47,0 days 00:00:45.000000000,0 days 00:14:23.405854000
13,2019-12-02 14:51:00.000000,2019-12-02 14:51:30.000000,2019-12-02 15:05:57.217110,2019-12-02 15:06:27.217110,2019-12-02 15:51:25.788783,2019-12-02 15:51:55.788783,2019-12-02 16:03:27.245149,Replace,1,43,47,0 days 00:00:30.000000000,0 days 00:14:57.217110000
14,2019-12-02 16:01:00.000000,2019-12-02 16:01:35.000000,2019-12-02 16:16:02.603015,2019-12-02 16:16:37.603015,2019-12-02 16:59:33.807343,2019-12-02 17:00:08.807343,2019-12-02 17:12:51.760288,Replace,1,43,47,0 days 00:00:35.000000000,0 days 00:15:02.603015000
15,2019-12-02 17:09:00.000000,2019-12-02 17:09:55.000000,2019-12-02 17:26:26.612275,2019-12-02 17:27:21.612275,2019-12-02 18:18:35.603960,2019-12-02 18:19:30.603960,2019-12-02 18:36:21.418150,Replace,1,43,47,0 days 00:00:55.000000000,0 days 00:17:26.612275000
16,2019-12-02 18:30:00.000000,2019-12-02 18:30:35.000000,2019-12-02 18:45:17.010896,2019-12-02 18:45:52.010896,2019-12-02 19:15:14.856640,2019-12-02 19:15:49.856640,2019-12-02 19:29:48.224812,Replace,1,43,47,0 days 00:00:35.000000000,0 days 00:15:17.010896000
17,2019-12-02 19:42:00.000000,2019-12-02 19:42:50.000000,2019-12-02 20:01:23.811654,2019-12-02 20:02:13.811654,2019-12-02 20:46:52.413759,2019-12-02 20:47:42.413759,2019-12-02 21:04:37.896875,Replace,1,43,47,0 days 00:00:50.000000000,0 days 00:19:23.811654000
18,2019-12-02 20:42:00.000000,2019-12-02 20:42:45.000000,2019-12-02 21:00:37.022595,2019-12-02 21:00:55.289309,,,,Onsite,1,43,47,0 days 00:00:45.000000000,0 days 00:18:10.289309000
19,2019-12-02 21:41:00.000000,2019-12-02 21:41:25.000000,2019-12-02 22:00:35.756768,2019-12-02 22:01:00.111793,,,,Onsite,1,43,47,0 days 00:00:25.000000000,0 days 00:19:35.111793000
0,2019-12-02 01:20:00.000000,2019-12-02 00:00:35.000000,2019-12-02 00:15:25.133369,2019-12-02 00:15:55.545196,,,,Onsite,2,43,47,-1 days +22:40:35.000000000,0 days 00:15:20.545196000
1,2019-12-02 01:12:00.000000,2019-12-02 01:12:45.000000,2019-12-02 01:27:28.453877,2019-12-02 01:27:33.264885,,,,Onsite,2,43,47,0 days 00:00:45.000000000,0 days 00:14:48.264885000
2,2019-12-02 02:10:00.000000,2019-12-02 02:10:50.000000,2019-12-02 02:26:28.528737,2019-12-02 02:27:18.528737,2019-12-02 02:59:55.224623,2019-12-02 03:00:45.224623,2019-12-02 03:16:07.729212,Replace,2,43,47,0 days 00:00:50.000000000,0 days 00:16:28.528737000
3,2019-12-02 03:05:00.000000,2019-12-02 03:05:45.000000,2019-12-02 03:21:01.927107,2019-12-02 03:21:46.927107,2019-12-02 04:08:38.766899,2019-12-02 04:09:23.766899,2019-12-02 04:28:27.586890,Replace,2,43,47,0 days 00:00:45.000000000,0 days 00:16:01.927107000
4,2019-12-02 04:16:00.000000,2019-12-02 04:16:45.000000,2019-12-02 04:33:31.827912,2019-12-02 04:34:16.827912,2019-12-02 04:59:33.024454,2019-12-02 05:00:18.024454,2019-12-02 05:23:46.393054,Replace,2,43,47,0 days 00:00:45.000000000,0 days 00:17:31.827912000
5,2019-12-02 05:21:00.000000,2019-12-02 05:21:30.000000,2019-12-02 05:38:51.302973,2019-12-02 05:39:14.377951,,,,Onsite,2,43,47,0 days 00:00:30.000000000,0 days 00:17:44.377951000
6,2019-12-02 06:21:00.000000,2019-12-02 06:21:25.000000,2019-12-02 06:36:53.104802,2019-12-02 06:37:18.104802,2019-12-02 07:25:15.296535,2019-12-02 07:25:40.296535,2019-12-02 07:41:10.007394,Replace,2,43,47,0 days 00:00:25.000000000,0 days 00:15:53.104802000
7,2019-12-02 07:35:00.000000,2019-12-02 07:35:50.000000,2019-12-02 07:48:07.600513,2019-12-02 07:48:57.600513,2019-12-02 08:19:26.041685,2019-12-02 08:20:16.041685,2019-12-02 08:38:34.636437,Replace,2,43,47,0 days 00:00:50.000000000,0 days 00:13:07.600513000
8,2019-12-02 08:42:00.000000,2019-12-02 08:42:45.000000,2019-12-02 09:01:33.765248,2019-12-02 09:01:48.504545,,,,Onsite,2,43,47,0 days 00:00:45.000000000,0 days 00:19:03.504545000
9,2019-12-02 10:00:00.000000,2019-12-02 10:00:55.000000,2019-12-02 10:15:23.861113,2019-12-02 10:15:52.937930,,,,Onsite,2,43,47,0 days 00:00:55.000000000,0 days 00:14:57.937930000
10,2019-12-02 11:06:00.000000,2019-12-02 11:06:55.000000,2019-12-02 11:23:41.038689,2019-12-02 11:23:47.090049,,,,Onsite,2,43,47,0 days 00:00:55.000000000,0 days 00:16:52.090049000
11,2019-12-02 12:08:00.000000,2019-12-02 12:08:45.000000,2019-12-02 12:23:28.110387,2019-12-02 12:24:13.110387,2019-12-02 12:57:56.377772,2019-12-02 12:58:41.377772,2019-12-02 13:18:36.083263,Replace,2,43,47,0 days 00:00:45.000000000,0 days 00:15:28.110387000
12,2019-12-02 13:14:00.000000,2019-12-02 13:14:50.000000,2019-12-02 13:31:00.180564,2019-12-02 13:31:40.045263,,,,Onsite,2,43,47,0 days 00:00:50.000000000,0 days 00:16:50.045263000
13,2019-12-02 14:30:00.000000,2019-12-02 14:30:35.000000,2019-12-02 14:47:34.911438,2019-12-02 14:48:09.911438,2019-12-02 15:18:02.612044,2019-12-02 15:18:37.612044,2019-12-02 15:31:03.600767,Replace,2,43,47,0 days 00:00:35.000000000,0 days 00:17:34.911438000
14,2019-12-02 15:47:00.000000,2019-12-02 15:47:35.000000,2019-12-02 15:58:55.639655,2019-12-02 15:59:30.639655,2019-12-02 16:37:29.562647,2019-12-02 16:38:04.562647,2019-12-02 16:50:32.710405,Replace,2,43,47,0 days 00:00:35.000000000,0 days 00:11:55.639655000
15,2019-12-02 16:49:00.000000,2019-12-02 16:49:35.000000,2019-12-02 17:01:16.963822,2019-12-02 17:01:51.963822,2019-12-02 17:47:14.964261,2019-12-02 17:47:49.964261,2019-12-02 18:01:30.490116,Replace,2,43,47,0 days 00:00:35.000000000,0 days 00:12:16.963822000
16,2019-12-02 17:54:00.000000,2019-12-02 17:54:35.000000,2019-12-02 18:06:53.575531,2019-12-02 18:07:09.811876,,,,Onsite,2,43,47,0 days 00:00:35.000000000,0 days 00:12:34.811876000
17,2019-12-02 18:52:00.000000,2019-12-02 18:52:45.000000,2019-12-02 19:10:38.368888,2019-12-02 19:11:08.891298,,,,Onsite,2,43,47,0 days 00:00:45.000000000,0 days 00:18:23.891298000
18,2019-12-02 19:51:00.000000,2019-12-02 19:51:35.000000,2019-12-02 19:57:25.583096,2019-12-02 19:57:46.039182,,,,Onsite,2,43,47,0 days 00:00:35.000000000,0 days 00:06:11.039182000
19,2019-12-02 20:52:00.000000,2019-12-02 20:52:25.000000,2019-12-02 21:07:55.544048,2019-12-02 21:08:10.514148,,,,Onsite,2,43,47,0 days 00:00:25.000000000,0 days 00:15:45.514148000
20,2019-12-02 22:00:00.000000,2019-12-02 22:00:50.000000,2019-12-02 22:15:30.535872,2019-12-02 22:15:37.161733,,,,Onsite,2,43,47,0 days 00:00:50.000000000,0 days 00:14:47.161733000
0,2019-12-02 01:18:00.000000,2019-12-02 00:00:35.000000,2019-12-02 00:22:52.476691,2019-12-02 00:23:15.402010,,,,Onsite,3,43,47,-1 days +22:42:35.000000000,0 days 00:22:40.402010000
1,2019-12-02 01:07:00.000000,2019-12-02 01:07:45.000000,2019-12-02 01:25:59.323158,2019-12-02 01:26:17.667466,,,,Onsite,3,43,47,0 days 00:00:45.000000000,0 days 00:18:32.667466000
2,2019-12-02 02:05:00.000000,2019-12-02 02:05:35.000000,2019-12-02 02:23:05.816870,2019-12-02 02:23:11.097811,,,,Onsite,3,43,47,0 days 00:00:35.000000000,0 days 00:17:36.097811000
3,2019-12-02 03:16:00.000000,2019-12-02 03:16:25.000000,2019-12-02 03:35:02.775833,2019-12-02 03:35:27.775833,2019-12-02 04:25:43.798750,2019-12-02 04:26:08.798750,2019-12-02 04:42:25.288425,Replace,3,43,47,0 days 00:00:25.000000000,0 days 00:19:02.775833000
4,2019-12-02 04:18:00.000000,2019-12-02 04:18:35.000000,2019-12-02 04:38:35.516581,2019-12-02 04:39:10.516581,2019-12-02 05:19:35.965828,2019-12-02 05:20:10.965828,2019-12-02 05:36:37.803534,Replace,3,43,47,0 days 00:00:35.000000000,0 days 00:20:35.516581000
5,2019-12-02 05:24:00.000000,2019-12-02 05:24:30.000000,2019-12-02 05:44:57.791254,2019-12-02 05:45:27.791254,2019-12-02 06:13:55.782299,2019-12-02 06:14:25.782299,2019-12-02 06:27:05.022147,Replace,3,43,47,0 days 00:00:30.000000000,0 days 00:20:57.791254000
6,2019-12-02 06:38:00.000000,2019-12-02 06:38:25.000000,2019-12-02 06:49:18.888187,2019-12-02 06:49:27.481939,,,,Onsite,3,43,47,0 days 00:00:25.000000000,0 days 00:11:02.481939000
7,2019-12-02 07:52:00.000000,2019-12-02 07:52:30.000000,2019-12-02 08:09:26.571210,2019-12-02 08:09:56.571210,2019-12-02 08:54:46.305160,2019-12-02 08:55:16.305160,2019-12-02 09:10:53.370300,Replace,3,43,47,0 days 00:00:30.000000000,0 days 00:17:26.571210000
8,2019-12-02 08:54:00.000000,2019-12-02 08:54:45.000000,2019-12-02 09:08:10.330909,2019-12-02 09:08:55.330909,2019-12-02 09:42:09.713908,2019-12-02 09:42:54.713908,2019-12-02 09:56:39.886830,Replace,3,43,47,0 days 00:00:45.000000000,0 days 00:14:10.330909000
9,2019-12-02 10:11:00.000000,2019-12-02 10:11:45.000000,2019-12-02 10:26:25.488318,2019-12-02 10:27:10.488318,2019-12-02 10:53:46.209668,2019-12-02 10:54:31.209668,2019-12-02 11:10:55.595714,Replace,3,43,47,0 days 00:00:45.000000000,0 days 00:15:25.488318000
10,2019-12-02 11:03:00.000000,2019-12-02 11:03:45.000000,2019-12-02 11:20:37.345506,2019-12-02 11:21:22.345506,2019-12-02 11:44:35.062969,2019-12-02 11:45:20.062969,2019-12-02 11:57:30.256021,Replace,3,43,47,0 days 00:00:45.000000000,0 days 00:17:37.345506000
11,2019-12-02 13:08:00.000000,2019-12-02 13:08:45.000000,2019-12-02 13:27:22.085366,2019-12-02 13:27:41.267743,,,,Onsite,3,43,47,0 days 00:00:45.000000000,0 days 00:18:56.267743000
12,2019-12-02 12:02:00.000000,2019-12-02 12:02:45.000000,2019-12-02 12:20:47.930020,2019-12-02 12:21:32.930020,2019-12-02 13:07:22.273848,2019-12-02 13:08:07.273848,2019-12-02 13:24:04.733729,Replace,3,43,47,0 days 00:00:45.000000000,0 days 00:18:47.930020000
13,2019-12-02 14:13:00.000000,2019-12-02 14:13:25.000000,2019-12-02 14:33:02.824528,2019-12-02 14:33:14.994159,,,,Onsite,3,43,47,0 days 00:00:25.000000000,0 days 00:19:49.994159000
14,2019-12-02 15:09:00.000000,2019-12-02 15:09:25.000000,2019-12-02 15:24:05.278400,2019-12-02 15:24:16.043266,,,,Onsite,3,43,47,0 days 00:00:25.000000000,0 days 00:14:51.043266000
15,2019-12-02 16:27:00.000000,2019-12-02 16:27:50.000000,2019-12-02 16:44:02.410704,2019-12-02 16:44:14.672071,,,,Onsite,3,43,47,0 days 00:00:50.000000000,0 days 00:16:24.672071000
16,2019-12-02 17:41:00.000000,2019-12-02 17:41:45.000000,2019-12-02 17:57:57.972748,2019-12-02 17:58:13.973305,,,,Onsite,3,43,47,0 days 00:00:45.000000000,0 days 00:16:28.973305000
17,2019-12-02 18:40:00.000000,2019-12-02 18:40:25.000000,2019-12-02 18:54:30.636062,2019-12-02 18:54:55.636062,2019-12-02 19:25:07.092110,2019-12-02 19:25:32.092110,2019-12-02 19:40:24.770173,Replace,3,43,47,0 days 00:00:25.000000000,0 days 00:14:30.636062000
18,2019-12-02 19:52:00.000000,2019-12-02 19:52:45.000000,2019-12-02 20:06:00.534873,2019-12-02 20:06:45.534873,2019-12-02 20:50:17.366663,2019-12-02 20:51:02.366663,2019-12-02 21:06:03.620443,Replace,3,43,47,0 days 00:00:45.000000000,0 days 00:14:00.534873000
19,2019-12-02 20:53:00.000000,2019-12-02 20:53:55.000000,2019-12-02 21:10:46.250967,2019-12-02 21:11:41.250967,2019-12-02 21:47:33.311002,2019-12-02 21:48:28.311002,2019-12-02 22:03:38.150208,Replace,3,43,47,0 days 00:00:55.000000000,0 days 00:17:46.250967000
0,2019-12-02 00:59:00.000000,2019-12-02 00:00:50.000000,2019-12-02 00:20:54.414484,2019-12-02 00:21:44.414484,2019-12-02 01:01:13.000349,2019-12-02 01:02:03.000349,2019-12-02 01:23:11.636428,Replace,4,43,47,-1 days +23:01:50.000000000,0 days 00:20:54.414484000
1,2019-12-02 01:07:00.000000,2019-12-02 01:07:45.000000,2019-12-02 01:23:39.809036,2019-12-02 01:23:52.674264,,,,Onsite,4,43,47,0 days 00:00:45.000000000,0 days 00:16:07.674264000
2,2019-12-02 02:11:00.000000,2019-12-02 02:11:50.000000,2019-12-02 02:26:53.727269,2019-12-02 02:27:43.727269,2019-12-02 02:59:42.951712,2019-12-02 03:00:32.951712,2019-12-02 03:17:37.320658,Replace,4,43,47,0 days 00:00:50.000000000,0 days 00:15:53.727269000
3,2019-12-02 03:21:00.000000,2019-12-02 03:21:50.000000,2019-12-02 03:41:21.682999,2019-12-02 03:41:30.784900,,,,Onsite,4,43,47,0 days 00:00:50.000000000,0 days 00:19:40.784900000
4,2019-12-02 04:23:00.000000,2019-12-02 04:23:50.000000,2019-12-02 04:40:00.791857,2019-12-02 04:40:50.791857,2019-12-02 05:25:03.137267,2019-12-02 05:25:53.137267,2019-12-02 05:42:12.328111,Replace,4,43,47,0 days 00:00:50.000000000,0 days 00:17:00.791857000
5,2019-12-02 05:27:00.000000,2019-12-02 05:27:30.000000,2019-12-02 05:43:09.232692,2019-12-02 05:43:39.232692,2019-12-02 06:18:52.238373,2019-12-02 06:19:22.238373,2019-12-02 06:33:09.518061,Replace,4,43,47,0 days 00:00:30.000000000,0 days 00:16:09.232692000
6,2019-12-02 06:40:00.000000,2019-12-02 06:40:35.000000,2019-12-02 06:50:31.566878,2019-12-02 06:51:06.566878,2019-12-02 07:28:14.750007,2019-12-02 07:28:49.750007,2019-12-02 07:42:43.658739,Replace,4,43,47,0 days 00:00:35.000000000,0 days 00:10:31.566878000
7,2019-12-02 07:52:00.000000,2019-12-02 07:52:45.000000,2019-12-02 08:03:11.537134,2019-12-02 08:03:56.537134,2019-12-02 08:43:50.669940,2019-12-02 08:44:35.669940,2019-12-02 09:03:39.838753,Replace,4,43,47,0 days 00:00:45.000000000,0 days 00:11:11.537134000
8,2019-12-02 09:03:00.000000,2019-12-02 09:03:25.000000,2019-12-02 09:19:23.188294,2019-12-02 09:19:30.449794,,,,Onsite,4,43,47,0 days 00:00:25.000000000,0 days 00:16:05.449794000
9,2019-12-02 10:17:00.000000,2019-12-02 10:17:55.000000,2019-12-02 10:30:30.566936,2019-12-02 10:30:43.710140,,,,Onsite,4,43,47,0 days 00:00:55.000000000,0 days 00:12:48.710140000
10,2019-12-02 11:17:00.000000,2019-12-02 11:17:35.000000,2019-12-02 11:35:28.169036,2019-12-02 11:35:49.175413,,,,Onsite,4,43,47,0 days 00:00:35.000000000,0 days 00:18:14.175413000
11,2019-12-02 12:28:00.000000,2019-12-02 12:28:50.000000,2019-12-02 12:47:09.134133,2019-12-02 12:47:24.832426,,,,Onsite,4,43,47,0 days 00:00:50.000000000,0 days 00:18:34.832426000
12,2019-12-02 13:38:00.000000,2019-12-02 13:38:45.000000,2019-12-02 14:00:33.706162,2019-12-02 14:00:56.320795,,,,Onsite,4,43,47,0 days 00:00:45.000000000,0 days 00:22:11.320795000
13,2019-12-02 14:43:00.000000,2019-12-02 14:43:30.000000,2019-12-02 15:02:00.279037,2019-12-02 15:02:30.279037,2019-12-02 15:30:58.881518,2019-12-02 15:31:28.881518,2019-12-02 15:53:28.085307,Replace,4,43,47,0 days 00:00:30.000000000,0 days 00:19:00.279037000
14,2019-12-02 15:41:00.000000,2019-12-02 15:41:55.000000,2019-12-02 15:59:47.649810,2019-12-02 16:00:42.649810,2019-12-02 16:28:56.314061,2019-12-02 16:29:51.314061,2019-12-02 16:44:12.797002,Replace,4,43,47,0 days 00:00:55.000000000,0 days 00:18:47.649810000
15,2019-12-02 16:35:00.000000,2019-12-02 16:35:25.000000,2019-12-02 16:52:56.960950,2019-12-02 16:53:21.960950,2019-12-02 17:29:33.115697,2019-12-02 17:29:58.115697,2019-12-02 17:45:16.351124,Replace,4,43,47,0 days 00:00:25.000000000,0 days 00:17:56.960950000
16,2019-12-02 17:35:00.000000,2019-12-02 17:35:45.000000,2019-12-02 17:53:24.067853,2019-12-02 17:54:09.067853,2019-12-02 18:37:09.160512,2019-12-02 18:37:54.160512,2019-12-02 18:58:23.946141,Replace,4,43,47,0 days 00:00:45.000000000,0 days 00:18:24.067853000
17,2019-12-02 18:28:00.000000,2019-12-02 18:28:35.000000,2019-12-02 18:45:28.384129,2019-12-02 18:45:42.941068,,,,Onsite,4,43,47,0 days 00:00:35.000000000,0 days 00:17:07.941068000
18,2019-12-02 19:26:00.000000,2019-12-02 19:26:30.000000,2019-12-02 19:47:28.727236,2019-12-02 19:47:58.727236,2019-12-02 20:31:16.646580,2019-12-02 20:31:46.646580,2019-12-02 20:45:37.931420,Replace,4,43,47,0 days 00:00:30.000000000,0 days 00:21:28.727236000
19,2019-12-02 20:37:00.000000,2019-12-02 20:37:55.000000,2019-12-02 20:50:44.071700,2019-12-02 20:51:39.071700,2019-12-02 21:33:28.693178,2019-12-02 21:34:23.693178,2019-12-02 21:46:49.985497,Replace,4,43,47,0 days 00:00:55.000000000,0 days 00:13:44.071700000
0,2019-12-02 00:59:00.000000,2019-12-02 00:00:25.000000,2019-12-02 00:14:00.308703,2019-12-02 00:14:25.308703,2019-12-02 01:02:37.584706,2019-12-02 01:03:02.584706,2019-12-02 01:21:14.442827,Replace,5,43,47,-1 days +23:01:25.000000000,0 days 00:14:00.308703000
1,2019-12-02 00:58:00.000000,2019-12-02 00:58:55.000000,2019-12-02 01:18:40.376034,2019-12-02 01:19:35.376034,2019-12-02 01:42:27.278355,2019-12-02 01:43:22.278355,2019-12-02 01:57:46.938364,Replace,5,43,47,0 days 00:00:55.000000000,0 days 00:20:40.376034000
2,2019-12-02 01:58:00.000000,2019-12-02 01:58:45.000000,2019-12-02 02:14:40.867630,2019-12-02 02:15:25.867630,2019-12-02 03:10:22.265164,2019-12-02 03:11:07.265164,2019-12-02 03:27:00.676504,Replace,5,43,47,0 days 00:00:45.000000000,0 days 00:16:40.867630000
3,2019-12-02 03:02:00.000000,2019-12-02 03:02:35.000000,2019-12-02 03:19:14.016909,2019-12-02 03:19:49.016909,2019-12-02 04:09:15.999264,2019-12-02 04:09:50.999264,2019-12-02 04:27:41.786538,Replace,5,43,47,0 days 00:00:35.000000000,0 days 00:17:14.016909000
4,2019-12-02 04:15:00.000000,2019-12-02 04:15:50.000000,2019-12-02 04:26:19.745168,2019-12-02 04:26:53.687066,,,,Onsite,5,43,47,0 days 00:00:50.000000000,0 days 00:11:03.687066000
5,2019-12-02 05:25:00.000000,2019-12-02 05:25:45.000000,2019-12-02 05:40:04.100096,2019-12-02 05:40:16.725294,,,,Onsite,5,43,47,0 days 00:00:45.000000000,0 days 00:14:31.725294000
6,2019-12-02 06:33:00.000000,2019-12-02 06:33:45.000000,2019-12-02 06:47:49.467859,2019-12-02 06:48:10.598199,,,,Onsite,5,43,47,0 days 00:00:45.000000000,0 days 00:14:25.598199000
7,2019-12-02 07:25:00.000000,2019-12-02 07:25:30.000000,2019-12-02 07:36:49.485135,2019-12-02 07:37:09.492790,,,,Onsite,5,43,47,0 days 00:00:30.000000000,0 days 00:11:39.492790000
8,2019-12-02 08:37:00.000000,2019-12-02 08:37:45.000000,2019-12-02 08:52:09.700729,2019-12-02 08:52:54.700729,2019-12-02 09:32:32.031061,2019-12-02 09:33:17.031061,2019-12-02 09:45:59.691509,Replace,5,43,47,0 days 00:00:45.000000000,0 days 00:15:09.700729000
9,2019-12-02 09:46:00.000000,2019-12-02 09:46:45.000000,2019-12-02 09:59:04.560611,2019-12-02 09:59:25.137995,,,,Onsite,5,43,47,0 days 00:00:45.000000000,0 days 00:12:40.137995000
10,2019-12-02 10:52:00.000000,2019-12-02 10:52:45.000000,2019-12-02 11:12:58.997081,2019-12-02 11:13:43.997081,2019-12-02 11:37:55.272823,2019-12-02 11:38:40.272823,2019-12-02 11:55:29.032221,Replace,5,43,47,0 days 00:00:45.000000000,0 days 00:20:58.997081000
11,2019-12-02 12:05:00.000000,2019-12-02 12:05:45.000000,2019-12-02 12:19:36.760706,2019-12-02 12:20:21.760706,2019-12-02 12:59:21.449158,2019-12-02 13:00:06.449158,2019-12-02 13:14:25.389208,Replace,5,43,47,0 days 00:00:45.000000000,0 days 00:14:36.760706000
12,2019-12-02 13:07:00.000000,2019-12-02 13:07:55.000000,2019-12-02 13:25:27.574369,2019-12-02 13:26:22.574369,2019-12-02 13:57:32.610883,2019-12-02 13:58:27.610883,2019-12-02 14:16:01.338905,Replace,5,43,47,0 days 00:00:55.000000000,0 days 00:18:27.574369000
13,2019-12-02 14:05:00.000000,2019-12-02 14:05:45.000000,2019-12-02 14:28:24.311224,2019-12-02 14:28:55.158615,,,,Onsite,5,43,47,0 days 00:00:45.000000000,0 days 00:23:10.158615000
14,2019-12-02 15:17:00.000000,2019-12-02 15:17:30.000000,2019-12-02 15:33:15.658013,2019-12-02 15:33:45.658013,2019-12-02 16:00:57.308325,2019-12-02 16:01:27.308325,2019-12-02 16:15:00.402207,Replace,5,43,47,0 days 00:00:30.000000000,0 days 00:16:15.658013000
15,2019-12-02 16:23:00.000000,2019-12-02 16:23:45.000000,2019-12-02 16:38:14.132746,2019-12-02 16:38:25.999667,,,,Onsite,5,43,47,0 days 00:00:45.000000000,0 days 00:14:40.999667000
16,2019-12-02 17:39:00.000000,2019-12-02 17:39:50.000000,2019-12-02 17:51:38.204330,2019-12-02 17:51:49.139910,,,,Onsite,5,43,47,0 days 00:00:50.000000000,0 days 00:11:59.139910000
17,2019-12-02 18:45:00.000000,2019-12-02 18:45:35.000000,2019-12-02 19:06:11.479133,2019-12-02 19:06:24.825304,,,,Onsite,5,43,47,0 days 00:00:35.000000000,0 days 00:20:49.825304000
18,2019-12-02 19:55:00.000000,2019-12-02 19:55:50.000000,2019-12-02 20:10:25.537143,2019-12-02 20:11:15.537143,2019-12-02 20:54:02.308597,2019-12-02 20:54:52.308597,2019-12-02 21:09:55.032023,Replace,5,43,47,0 days 00:00:50.000000000,0 days 00:15:25.537143000
19,2019-12-02 20:59:00.000000,2019-12-02 20:59:45.000000,2019-12-02 21:16:14.633630,2019-12-02 21:16:28.690708,,,,Onsite,5,43,47,0 days 00:00:45.000000000,0 days 00:16:43.690708000
20,2019-12-02 21:49:00.000000,2019-12-02 21:49:35.000000,2019-12-02 22:04:40.758632,2019-12-02 22:05:15.758632,2019-12-02 22:35:08.198732,2019-12-02 22:35:43.198732,2019-12-02 22:56:02.138774,Replace,5,43,47,0 days 00:00:35.000000000,0 days 00:15:40.758632000
0,2019-12-02 01:20:00.000000,2019-12-02 00:00:35.000000,2019-12-02 00:22:27.004763,2019-12-02 00:22:50.178987,,,,Onsite,6,43,47,-1 days +22:40:35.000000000,0 days 00:22:15.178987000
1,2019-12-02 01:17:00.000000,2019-12-02 01:17:50.000000,2019-12-02 01:32:58.943112,2019-12-02 01:33:15.573926,,,,Onsite,6,43,47,0 days 00:00:50.000000000,0 days 00:15:25.573926000
2,2019-12-02 02:27:00.000000,2019-12-02 02:27:35.000000,2019-12-02 02:43:27.764980,2019-12-02 02:44:02.764980,2019-12-02 03:11:01.387821,2019-12-02 03:11:36.387821,2019-12-02 03:24:36.411562,Replace,6,43,47,0 days 00:00:35.000000000,0 days 00:16:27.764980000
3,2019-12-02 03:42:00.000000,2019-12-02 03:42:45.000000,2019-12-02 03:58:05.109483,2019-12-02 03:58:13.290388,,,,Onsite,6,43,47,0 days 00:00:45.000000000,0 days 00:15:28.290388000
4,2019-12-02 05:01:00.000000,2019-12-02 05:01:50.000000,2019-12-02 05:16:00.516123,2019-12-02 05:16:50.516123,2019-12-02 05:50:04.847396,2019-12-02 05:50:54.847396,2019-12-02 06:08:58.182716,Replace,6,43,47,0 days 00:00:50.000000000,0 days 00:15:00.516123000
5,2019-12-02 05:58:00.000000,2019-12-02 05:58:55.000000,2019-12-02 06:10:37.603712,2019-12-02 06:10:57.237543,,,,Onsite,6,43,47,0 days 00:00:55.000000000,0 days 00:12:02.237543000
6,2019-12-02 07:12:00.000000,2019-12-02 07:12:50.000000,2019-12-02 07:26:42.498938,2019-12-02 07:26:48.752209,,,,Onsite,6,43,47,0 days 00:00:50.000000000,0 days 00:13:58.752209000
7,2019-12-02 08:18:00.000000,2019-12-02 08:18:35.000000,2019-12-02 08:36:31.770896,2019-12-02 08:37:06.770896,2019-12-02 09:02:45.154407,2019-12-02 09:03:20.154407,2019-12-02 09:21:07.510549,Replace,6,43,47,0 days 00:00:35.000000000,0 days 00:18:31.770896000
8,2019-12-02 09:34:00.000000,2019-12-02 09:34:45.000000,2019-12-02 09:51:47.135492,2019-12-02 09:52:32.135492,2019-12-02 10:23:01.389187,2019-12-02 10:23:46.389187,2019-12-02 10:36:57.708292,Replace,6,43,47,0 days 00:00:45.000000000,0 days 00:17:47.135492000
9,2019-12-02 10:47:00.000000,2019-12-02 10:47:35.000000,2019-12-02 11:01:38.348584,2019-12-02 11:01:46.547564,,,,Onsite,6,43,47,0 days 00:00:35.000000000,0 days 00:14:11.547564000
10,2019-12-02 11:57:00.000000,2019-12-02 11:57:35.000000,2019-12-02 12:12:22.545268,2019-12-02 12:12:57.545268,2019-12-02 12:54:29.868650,2019-12-02 12:55:04.868650,2019-12-02 13:10:03.501423,Replace,6,43,47,0 days 00:00:35.000000000,0 days 00:15:22.545268000
11,2019-12-02 13:11:00.000000,2019-12-02 13:11:45.000000,2019-12-02 13:26:47.332500,2019-12-02 13:27:32.332500,2019-12-02 14:16:39.496881,2019-12-02 14:17:24.496881,2019-12-02 14:36:45.089300,Replace,6,43,47,0 days 00:00:45.000000000,0 days 00:15:47.332500000
12,2019-12-02 14:21:00.000000,2019-12-02 14:21:50.000000,2019-12-02 14:40:34.640539,2019-12-02 14:41:24.640539,2019-12-02 15:08:13.149764,2019-12-02 15:09:03.149764,2019-12-02 15:32:07.096686,Replace,6,43,47,0 days 00:00:50.000000000,0 days 00:19:34.640539000
13,2019-12-02 15:29:00.000000,2019-12-02 15:29:35.000000,2019-12-02 15:46:35.119707,2019-12-02 15:46:42.559451,,,,Onsite,6,43,47,0 days 00:00:35.000000000,0 days 00:17:07.559451000
14,2019-12-02 17:42:00.000000,2019-12-02 17:42:35.000000,2019-12-02 17:56:45.535577,2019-12-02 17:56:52.536157,,,,Onsite,6,43,47,0 days 00:00:35.000000000,0 days 00:14:17.536157000
15,2019-12-02 16:39:00.000000,2019-12-02 16:39:45.000000,2019-12-02 16:57:01.049278,2019-12-02 16:57:46.049278,2019-12-02 17:19:57.537236,2019-12-02 17:20:42.537236,2019-12-02 17:42:33.854321,Replace,6,43,47,0 days 00:00:45.000000000,0 days 00:18:01.049278000
16,2019-12-02 19:01:00.000000,2019-12-02 19:01:55.000000,2019-12-02 19:19:20.368736,2019-12-02 19:20:15.368736,2019-12-02 20:10:37.740940,2019-12-02 20:11:32.740940,2019-12-02 20:29:18.470946,Replace,6,43,47,0 days 00:00:55.000000000,0 days 00:18:20.368736000
17,2019-12-02 20:05:00.000000,2019-12-02 20:05:25.000000,2019-12-02 20:18:14.187485,2019-12-02 20:18:24.464714,,,,Onsite,6,43,47,0 days 00:00:25.000000000,0 days 00:12:59.464714000
18,2019-12-02 21:10:00.000000,2019-12-02 21:10:50.000000,2019-12-02 21:29:13.882590,2019-12-02 21:30:03.882590,2019-12-02 21:56:44.320562,2019-12-02 21:57:34.320562,2019-12-02 22:10:14.270293,Replace,6,43,47,0 days 00:00:50.000000000,0 days 00:19:13.882590000
0,2019-12-02 01:01:00.000000,2019-12-02 00:00:55.000000,2019-12-02 00:09:11.561766,2019-12-02 00:10:06.561766,2019-12-02 00:51:10.461845,2019-12-02 00:52:05.461845,2019-12-02 01:11:14.872726,Replace,7,43,47,-1 days +22:59:55.000000000,0 days 00:09:11.561766000
1,2019-12-02 01:12:00.000000,2019-12-02 01:12:45.000000,2019-12-02 01:28:38.246060,2019-12-02 01:29:23.246060,2019-12-02 02:02:27.110145,2019-12-02 02:03:12.110145,2019-12-02 02:13:36.385554,Replace,7,43,47,0 days 00:00:45.000000000,0 days 00:16:38.246060000
2,2019-12-02 02:20:00.000000,2019-12-02 02:20:30.000000,2019-12-02 02:38:05.427038,2019-12-02 02:38:21.380418,,,,Onsite,7,43,47,0 days 00:00:30.000000000,0 days 00:17:51.380418000
3,2019-12-02 03:39:00.000000,2019-12-02 03:39:50.000000,2019-12-02 03:59:43.212316,2019-12-02 03:59:54.137003,,,,Onsite,7,43,47,0 days 00:00:50.000000000,0 days 00:20:04.137003000
4,2019-12-02 04:45:00.000000,2019-12-02 04:45:25.000000,2019-12-02 05:03:09.318636,2019-12-02 05:03:34.318636,2019-12-02 05:30:08.996124,2019-12-02 05:30:33.996124,2019-12-02 05:46:51.567433,Replace,7,43,47,0 days 00:00:25.000000000,0 days 00:18:09.318636000
5,2019-12-02 05:55:00.000000,2019-12-02 05:55:45.000000,2019-12-02 06:12:12.357371,2019-12-02 06:12:57.357371,2019-12-02 06:53:44.264282,2019-12-02 06:54:29.264282,2019-12-02 07:12:03.009378,Replace,7,43,47,0 days 00:00:45.000000000,0 days 00:17:12.357371000
6,2019-12-02 06:46:00.000000,2019-12-02 06:46:45.000000,2019-12-02 07:05:31.424676,2019-12-02 07:06:16.424676,2019-12-02 07:31:14.423964,2019-12-02 07:31:59.423964,2019-12-02 07:52:55.801969,Replace,7,43,47,0 days 00:00:45.000000000,0 days 00:19:31.424676000
7,2019-12-02 08:02:00.000000,2019-12-02 08:02:55.000000,2019-12-02 08:18:30.353192,2019-12-02 08:18:39.598243,,,,Onsite,7,43,47,0 days 00:00:55.000000000,0 days 00:15:44.598243000
8,2019-12-02 09:16:00.000000,2019-12-02 09:16:45.000000,2019-12-02 09:32:39.996735,2019-12-02 09:32:56.852953,,,,Onsite,7,43,47,0 days 00:00:45.000000000,0 days 00:16:11.852953000
9,2019-12-02 10:38:00.000000,2019-12-02 10:38:45.000000,2019-12-02 10:52:06.468038,2019-12-02 10:52:25.950732,,,,Onsite,7,43,47,0 days 00:00:45.000000000,0 days 00:13:40.950732000
10,2019-12-02 11:39:00.000000,2019-12-02 11:39:35.000000,2019-12-02 11:53:31.773325,2019-12-02 11:53:47.981897,,,,Onsite,7,43,47,0 days 00:00:35.000000000,0 days 00:14:12.981897000
11,2019-12-02 12:39:00.000000,2019-12-02 12:39:30.000000,2019-12-02 12:57:37.073284,2019-12-02 12:58:07.073284,2019-12-02 13:45:30.112245,2019-12-02 13:46:00.112245,2019-12-02 14:05:25.090785,Replace,7,43,47,0 days 00:00:30.000000000,0 days 00:18:37.073284000
12,2019-12-02 13:41:00.000000,2019-12-02 13:41:45.000000,2019-12-02 13:59:26.156855,2019-12-02 13:59:48.537345,,,,Onsite,7,43,47,0 days 00:00:45.000000000,0 days 00:18:03.537345000
13,2019-12-02 14:48:00.000000,2019-12-02 14:48:35.000000,2019-12-02 15:04:09.787884,2019-12-02 15:04:27.879017,,,,Onsite,7,43,47,0 days 00:00:35.000000000,0 days 00:15:52.879017000
14,2019-12-02 16:02:00.000000,2019-12-02 16:02:45.000000,2019-12-02 16:19:39.083180,2019-12-02 16:20:24.083180,2019-12-02 16:43:15.804707,2019-12-02 16:44:00.804707,2019-12-02 17:00:23.385266,Replace,7,43,47,0 days 00:00:45.000000000,0 days 00:17:39.083180000
15,2019-12-02 17:02:00.000000,2019-12-02 17:02:35.000000,2019-12-02 17:20:40.988293,2019-12-02 17:20:44.417514,,,,Onsite,7,43,47,0 days 00:00:35.000000000,0 days 00:18:09.417514000
16,2019-12-02 18:17:00.000000,2019-12-02 18:17:35.000000,2019-12-02 18:35:54.347552,2019-12-02 18:36:08.956641,,,,Onsite,7,43,47,0 days 00:00:35.000000000,0 days 00:18:33.956641000
17,2019-12-02 19:42:00.000000,2019-12-02 19:42:55.000000,2019-12-02 19:56:29.940783,2019-12-02 19:57:24.940783,2019-12-02 20:40:29.542911,2019-12-02 20:41:24.542911,2019-12-02 21:00:19.369672,Replace,7,43,47,0 days 00:00:55.000000000,0 days 00:14:29.940783000
18,2019-12-02 20:35:00.000000,2019-12-02 20:35:35.000000,2019-12-02 20:53:40.644163,2019-12-02 20:54:15.644163,2019-12-02 21:28:53.613049,2019-12-02 21:29:28.613049,2019-12-02 21:45:58.132240,Replace,7,43,47,0 days 00:00:35.000000000,0 days 00:18:40.644163000
0,2019-12-02 01:05:00.000000,2019-12-02 00:00:35.000000,2019-12-02 00:15:14.211068,2019-12-02 00:15:49.211068,2019-12-02 00:44:27.099538,2019-12-02 00:45:02.099538,2019-12-02 01:04:01.936159,Replace,8,43,47,-1 days +22:55:35.000000000,0 days 00:15:14.211068000
1,2019-12-02 01:13:00.000000,2019-12-02 01:13:35.000000,2019-12-02 01:29:50.495313,2019-12-02 01:30:25.495313,2019-12-02 02:05:49.160379,2019-12-02 02:06:24.160379,2019-12-02 02:25:52.311797,Replace,8,43,47,0 days 00:00:35.000000000,0 days 00:16:50.495313000
2,2019-12-02 02:13:00.000000,2019-12-02 02:13:50.000000,2019-12-02 02:30:10.646889,2019-12-02 02:31:00.646889,2019-12-02 03:09:10.592970,2019-12-02 03:10:00.592970,2019-12-02 03:25:57.415826,Replace,8,43,47,0 days 00:00:50.000000000,0 days 00:17:10.646889000
3,2019-12-02 03:23:00.000000,2019-12-02 03:23:50.000000,2019-12-02 03:38:42.727066,2019-12-02 03:39:32.727066,2019-12-02 04:07:35.087665,2019-12-02 04:08:25.087665,2019-12-02 04:31:26.363027,Replace,8,43,47,0 days 00:00:50.000000000,0 days 00:15:42.727066000
4,2019-12-02 04:24:00.000000,2019-12-02 04:24:50.000000,2019-12-02 04:40:28.132053,2019-12-02 04:40:35.875378,,,,Onsite,8,43,47,0 days 00:00:50.000000000,0 days 00:15:45.875378000
5,2019-12-02 05:40:00.000000,2019-12-02 05:40:50.000000,2019-12-02 06:00:43.352324,2019-12-02 06:01:33.352324,2019-12-02 06:52:33.926154,2019-12-02 06:53:23.926154,2019-12-02 07:10:36.498026,Replace,8,43,47,0 days 00:00:50.000000000,0 days 00:20:43.352324000
6,2019-12-02 06:37:00.000000,2019-12-02 06:37:25.000000,2019-12-02 06:49:13.018699,2019-12-02 06:49:38.018699,2019-12-02 07:21:03.602607,2019-12-02 07:21:28.602607,2019-12-02 07:40:56.614753,Replace,8,43,47,0 days 00:00:25.000000000,0 days 00:12:13.018699000
7,2019-12-02 07:44:00.000000,2019-12-02 07:44:25.000000,2019-12-02 08:02:05.444487,2019-12-02 08:02:30.444487,2019-12-02 08:45:19.002786,2019-12-02 08:45:44.002786,2019-12-02 09:04:11.161581,Replace,8,43,47,0 days 00:00:25.000000000,0 days 00:18:05.444487000
8,2019-12-02 08:53:00.000000,2019-12-02 08:53:55.000000,2019-12-02 09:08:35.966884,2019-12-02 09:09:30.966884,2019-12-02 09:42:27.809005,2019-12-02 09:43:22.809005,2019-12-02 09:56:19.687568,Replace,8,43,47,0 days 00:00:55.000000000,0 days 00:15:35.966884000
9,2019-12-02 10:09:00.000000,2019-12-02 10:09:45.000000,2019-12-02 10:28:29.667555,2019-12-02 10:29:14.667555,2019-12-02 10:54:39.409670,2019-12-02 10:55:24.409670,2019-12-02 11:14:44.698767,Replace,8,43,47,0 days 00:00:45.000000000,0 days 00:19:29.667555000
10,2019-12-02 11:15:00.000000,2019-12-02 11:15:45.000000,2019-12-02 11:32:24.255208,2019-12-02 11:33:09.255208,2019-12-02 12:03:26.564602,2019-12-02 12:04:11.564602,2019-12-02 12:17:20.952891,Replace,8,43,47,0 days 00:00:45.000000000,0 days 00:17:24.255208000
11,2019-12-02 12:19:00.000000,2019-12-02 12:19:30.000000,2019-12-02 12:35:49.076234,2019-12-02 12:36:19.076234,2019-12-02 13:05:35.911786,2019-12-02 13:06:05.911786,2019-12-02 13:25:47.586006,Replace,8,43,47,0 days 00:00:30.000000000,0 days 00:16:49.076234000
12,2019-12-02 13:31:00.000000,2019-12-02 13:31:45.000000,2019-12-02 13:47:09.806476,2019-12-02 13:47:32.729193,,,,Onsite,8,43,47,0 days 00:00:45.000000000,0 days 00:15:47.729193000
13,2019-12-02 14:47:00.000000,2019-12-02 14:47:35.000000,2019-12-02 15:04:44.918520,2019-12-02 15:05:19.918520,2019-12-02 15:42:48.691110,2019-12-02 15:43:23.691110,2019-12-02 15:58:04.552474,Replace,8,43,47,0 days 00:00:35.000000000,0 days 00:17:44.918520000
14,2019-12-02 16:08:00.000000,2019-12-02 16:08:55.000000,2019-12-02 16:20:41.786102,2019-12-02 16:21:36.786102,2019-12-02 17:01:03.635884,2019-12-02 17:01:58.635884,2019-12-02 17:19:35.422338,Replace,8,43,47,0 days 00:00:55.000000000,0 days 00:12:41.786102000
15,2019-12-02 17:18:00.000000,2019-12-02 17:18:25.000000,2019-12-02 17:33:59.469506,2019-12-02 17:34:24.469506,2019-12-02 18:04:55.437476,2019-12-02 18:05:20.437476,2019-12-02 18:21:34.476343,Replace,8,43,47,0 days 00:00:25.000000000,0 days 00:15:59.469506000
16,2019-12-02 18:20:00.000000,2019-12-02 18:20:55.000000,2019-12-02 18:33:26.349619,2019-12-02 18:33:30.933454,,,,Onsite,8,43,47,0 days 00:00:55.000000000,0 days 00:12:35.933454000
17,2019-12-02 19:31:00.000000,2019-12-02 19:31:35.000000,2019-12-02 19:51:49.506814,2019-12-02 19:52:24.506814,2019-12-02 20:42:21.765802,2019-12-02 20:42:56.765802,2019-12-02 21:01:12.317783,Replace,8,43,47,0 days 00:00:35.000000000,0 days 00:20:49.506814000
18,2019-12-02 20:52:00.000000,2019-12-02 20:52:50.000000,2019-12-02 21:10:19.236152,2019-12-02 21:11:09.236152,2019-12-02 21:34:47.558722,2019-12-02 21:35:37.558722,2019-12-02 21:46:52.480337,Replace,8,43,47,0 days 00:00:50.000000000,0 days 00:18:19.236152000
0,2019-12-02 01:05:00.000000,2019-12-02 00:00:35.000000,2019-12-02 00:13:46.031237,2019-12-02 00:14:21.031237,2019-12-02 00:57:41.725834,2019-12-02 00:58:16.725834,2019-12-02 01:13:51.432183,Replace,9,43,47,-1 days +22:55:35.000000000,0 days 00:13:46.031237000
1,2019-12-02 01:07:00.000000,2019-12-02 01:07:30.000000,2019-12-02 01:27:00.307014,2019-12-02 01:27:15.748783,,,,Onsite,9,43,47,0 days 00:00:30.000000000,0 days 00:19:45.748783000
2,2019-12-02 02:18:00.000000,2019-12-02 02:18:50.000000,2019-12-02 02:33:12.103847,2019-12-02 02:33:18.106004,,,,Onsite,9,43,47,0 days 00:00:50.000000000,0 days 00:14:28.106004000
3,2019-12-02 03:28:00.000000,2019-12-02 03:28:55.000000,2019-12-02 03:43:57.125212,2019-12-02 03:44:52.125212,2019-12-02 04:37:06.846395,2019-12-02 04:38:01.846395,2019-12-02 04:57:21.037378,Replace,9,43,47,0 days 00:00:55.000000000,0 days 00:15:57.125212000
4,2019-12-02 04:41:00.000000,2019-12-02 04:41:25.000000,2019-12-02 04:58:18.940071,2019-12-02 04:58:39.834118,,,,Onsite,9,43,47,0 days 00:00:25.000000000,0 days 00:17:14.834118000
5,2019-12-02 05:51:00.000000,2019-12-02 05:51:30.000000,2019-12-02 06:10:38.428462,2019-12-02 06:11:08.428462,2019-12-02 06:52:59.208045,2019-12-02 06:53:29.208045,2019-12-02 07:11:54.335697,Replace,9,43,47,0 days 00:00:30.000000000,0 days 00:19:38.428462000
6,2019-12-02 06:47:00.000000,2019-12-02 06:47:55.000000,2019-12-02 07:06:14.572100,2019-12-02 07:06:19.056943,,,,Onsite,9,43,47,0 days 00:00:55.000000000,0 days 00:18:24.056943000
7,2019-12-02 07:46:00.000000,2019-12-02 07:46:35.000000,2019-12-02 08:00:26.749645,2019-12-02 08:01:01.749645,2019-12-02 08:32:25.840525,2019-12-02 08:33:00.840525,2019-12-02 08:46:49.415328,Replace,9,43,47,0 days 00:00:35.000000000,0 days 00:14:26.749645000
8,2019-12-02 09:01:00.000000,2019-12-02 09:01:45.000000,2019-12-02 09:17:56.319464,2019-12-02 09:18:41.319464,2019-12-02 09:52:56.969519,2019-12-02 09:53:41.969519,2019-12-02 10:08:14.236836,Replace,9,43,47,0 days 00:00:45.000000000,0 days 00:16:56.319464000
9,2019-12-02 10:13:00.000000,2019-12-02 10:13:35.000000,2019-12-02 10:30:02.967197,2019-12-02 10:30:37.967197,2019-12-02 11:02:29.605479,2019-12-02 11:03:04.605479,2019-12-02 11:18:36.533172,Replace,9,43,47,0 days 00:00:35.000000000,0 days 00:17:02.967197000
10,2019-12-02 11:43:00.000000,2019-12-02 11:43:50.000000,2019-12-02 11:58:43.667035,2019-12-02 11:59:04.850864,,,,Onsite,9,43,47,0 days 00:00:50.000000000,0 days 00:15:14.850864000
11,2019-12-02 12:38:00.000000,2019-12-02 12:38:35.000000,2019-12-02 12:58:14.959486,2019-12-02 12:58:49.959486,2019-12-02 13:34:48.524936,2019-12-02 13:35:23.524936,2019-12-02 13:52:43.351051,Replace,9,43,47,0 days 00:00:35.000000000,0 days 00:20:14.959486000
12,2019-12-02 13:40:00.000000,2019-12-02 13:40:30.000000,2019-12-02 13:56:20.074529,2019-12-02 13:56:42.191153,,,,Onsite,9,43,47,0 days 00:00:30.000000000,0 days 00:16:12.191153000
13,2019-12-02 14:51:00.000000,2019-12-02 14:51:45.000000,2019-12-02 15:04:59.591234,2019-12-02 15:05:44.591234,2019-12-02 15:45:50.221566,2019-12-02 15:46:35.221566,2019-12-02 16:03:45.271936,Replace,9,43,47,0 days 00:00:45.000000000,0 days 00:13:59.591234000
14,2019-12-02 15:52:00.000000,2019-12-02 15:52:25.000000,2019-12-02 16:03:03.707089,2019-12-02 16:03:28.707089,2019-12-02 16:40:49.418784,2019-12-02 16:41:14.418784,2019-12-02 17:05:10.823651,Replace,9,43,47,0 days 00:00:25.000000000,0 days 00:11:03.707089000
15,2019-12-02 16:58:00.000000,2019-12-02 16:58:30.000000,2019-12-02 17:15:56.302514,2019-12-02 17:16:26.302514,2019-12-02 17:48:42.226335,2019-12-02 17:49:12.226335,2019-12-02 18:03:47.318884,Replace,9,43,47,0 days 00:00:30.000000000,0 days 00:17:56.302514000
16,2019-12-02 17:57:00.000000,2019-12-02 17:57:55.000000,2019-12-02 18:14:44.430356,2019-12-02 18:15:39.430356,2019-12-02 18:57:27.448454,2019-12-02 18:58:22.448454,2019-12-02 19:09:42.071800,Replace,9,43,47,0 days 00:00:55.000000000,0 days 00:17:44.430356000
17,2019-12-02 20:11:00.000000,2019-12-02 20:11:35.000000,2019-12-02 20:30:23.153308,2019-12-02 20:30:40.591229,,,,Onsite,9,43,47,0 days 00:00:35.000000000,0 days 00:19:05.591229000
18,2019-12-02 18:58:00.000000,2019-12-02 18:58:45.000000,2019-12-02 19:12:55.698950,2019-12-02 19:13:40.698950,2019-12-02 20:07:02.257747,2019-12-02 20:07:47.257747,2019-12-02 20:25:02.877291,Replace,9,43,47,0 days 00:00:45.000000000,0 days 00:14:55.698950000
19,2019-12-02 21:11:00.000000,2019-12-02 21:11:35.000000,2019-12-02 21:26:39.611640,2019-12-02 21:26:59.520996,,,,Onsite,9,43,47,0 days 00:00:35.000000000,0 days 00:15:24.520996000
0,2019-12-02 01:18:00.000000,2019-12-02 00:00:35.000000,2019-12-02 00:13:14.599743,2019-12-02 00:13:49.599743,2019-12-02 00:55:04.473019,2019-12-02 00:55:39.473019,2019-12-02 01:09:19.485141,Replace,1,43,48,-1 days +22:42:35.000000000,0 days 00:13:14.599743000
1,2019-12-02 01:13:00.000000,2019-12-02 01:13:55.000000,2019-12-02 01:31:36.370585,2019-12-02 01:32:31.370585,2019-12-02 02:22:37.941574,2019-12-02 02:23:32.941574,2019-12-02 02:35:47.004404,Replace,1,43,48,0 days 00:00:55.000000000,0 days 00:18:36.370585000
2,2019-12-02 02:24:00.000000,2019-12-02 02:24:45.000000,2019-12-02 02:46:36.090689,2019-12-02 02:47:21.090689,2019-12-02 03:22:30.743666,2019-12-02 03:23:15.743666,2019-12-02 03:43:11.151313,Replace,1,43,48,0 days 00:00:45.000000000,0 days 00:22:36.090689000
3,2019-12-02 03:33:00.000000,2019-12-02 03:33:45.000000,2019-12-02 03:51:17.094379,2019-12-02 03:52:02.094379,2019-12-02 04:33:34.724507,2019-12-02 04:34:19.724507,2019-12-02 04:55:31.639516,Replace,1,43,48,0 days 00:00:45.000000000,0 days 00:18:17.094379000
4,2019-12-02 04:49:00.000000,2019-12-02 04:49:35.000000,2019-12-02 05:02:18.372496,2019-12-02 05:02:53.372496,2019-12-02 05:40:30.164834,2019-12-02 05:41:05.164834,2019-12-02 05:55:34.425456,Replace,1,43,48,0 days 00:00:35.000000000,0 days 00:13:18.372496000
5,2019-12-02 06:06:00.000000,2019-12-02 06:06:30.000000,2019-12-02 06:23:36.690583,2019-12-02 06:23:57.508735,,,,Onsite,1,43,48,0 days 00:00:30.000000000,0 days 00:17:27.508735000
6,2019-12-02 07:00:00.000000,2019-12-02 07:00:35.000000,2019-12-02 07:23:20.572131,2019-12-02 07:23:55.572131,2019-12-02 08:14:41.893974,2019-12-02 08:15:16.893974,2019-12-02 08:30:30.189299,Replace,1,43,48,0 days 00:00:35.000000000,0 days 00:23:20.572131000
7,2019-12-02 08:05:00.000000,2019-12-02 08:05:50.000000,2019-12-02 08:17:26.025977,2019-12-02 08:17:44.289777,,,,Onsite,1,43,48,0 days 00:00:50.000000000,0 days 00:11:54.289777000
8,2019-12-02 09:05:00.000000,2019-12-02 09:05:35.000000,2019-12-02 09:18:42.568655,2019-12-02 09:19:17.568655,2019-12-02 09:49:51.652307,2019-12-02 09:50:26.652307,2019-12-02 10:06:49.702375,Replace,1,43,48,0 days 00:00:35.000000000,0 days 00:13:42.568655000
9,2019-12-02 10:24:00.000000,2019-12-02 10:24:25.000000,2019-12-02 10:35:00.924590,2019-12-02 10:35:25.924590,2019-12-02 11:02:53.957766,2019-12-02 11:03:18.957766,2019-12-02 11:18:26.878009,Replace,1,43,48,0 days 00:00:25.000000000,0 days 00:11:00.924590000
10,2019-12-02 11:11:00.000000,2019-12-02 11:11:25.000000,2019-12-02 11:32:38.280479,2019-12-02 11:32:47.005046,,,,Onsite,1,43,48,0 days 00:00:25.000000000,0 days 00:21:22.005046000
11,2019-12-02 12:15:00.000000,2019-12-02 12:15:50.000000,2019-12-02 12:31:30.736370,2019-12-02 12:32:20.736370,2019-12-02 13:11:28.531420,2019-12-02 13:12:18.531420,2019-12-02 13:32:41.045046,Replace,1,43,48,0 days 00:00:50.000000000,0 days 00:16:30.736370000
12,2019-12-02 13:13:00.000000,2019-12-02 13:13:30.000000,2019-12-02 13:29:07.918909,2019-12-02 13:29:36.178600,,,,Onsite,1,43,48,0 days 00:00:30.000000000,0 days 00:16:06.178600000
13,2019-12-02 14:25:00.000000,2019-12-02 14:25:35.000000,2019-12-02 14:39:08.300062,2019-12-02 14:39:43.300062,2019-12-02 15:17:15.398259,2019-12-02 15:17:50.398259,2019-12-02 15:32:14.759091,Replace,1,43,48,0 days 00:00:35.000000000,0 days 00:14:08.300062000
14,2019-12-02 15:31:00.000000,2019-12-02 15:31:45.000000,2019-12-02 15:48:14.716985,2019-12-02 15:48:59.716985,2019-12-02 16:19:01.606662,2019-12-02 16:19:46.606662,2019-12-02 16:32:51.430479,Replace,1,43,48,0 days 00:00:45.000000000,0 days 00:17:14.716985000
15,2019-12-02 18:03:00.000000,2019-12-02 18:03:35.000000,2019-12-02 18:23:34.694397,2019-12-02 18:23:54.382932,,,,Onsite,1,43,48,0 days 00:00:35.000000000,0 days 00:20:19.382932000
16,2019-12-02 16:40:00.000000,2019-12-02 16:40:45.000000,2019-12-02 16:58:17.257443,2019-12-02 16:59:02.257443,2019-12-02 17:40:17.964125,2019-12-02 17:41:02.964125,2019-12-02 18:03:32.302607,Replace,1,43,48,0 days 00:00:45.000000000,0 days 00:18:17.257443000
17,2019-12-02 19:10:00.000000,2019-12-02 19:10:45.000000,2019-12-02 19:23:09.021095,2019-12-02 19:23:25.742012,,,,Onsite,1,43,48,0 days 00:00:45.000000000,0 days 00:12:40.742012000
18,2019-12-02 20:18:00.000000,2019-12-02 20:18:30.000000,2019-12-02 20:34:36.947942,2019-12-02 20:35:06.947942,2019-12-02 20:59:20.370807,2019-12-02 20:59:50.370807,2019-12-02 21:14:55.444012,Replace,1,43,48,0 days 00:00:30.000000000,0 days 00:16:36.947942000
19,2019-12-02 21:11:00.000000,2019-12-02 21:11:35.000000,2019-12-02 21:23:46.682640,2019-12-02 21:23:48.866978,,,,Onsite,1,43,48,0 days 00:00:35.000000000,0 days 00:12:13.866978000
0,2019-12-02 01:10:00.000000,2019-12-02 00:00:50.000000,2019-12-02 00:16:27.186498,2019-12-02 00:16:53.526762,,,,Onsite,2,43,48,-1 days +22:50:50.000000000,0 days 00:16:03.526762000
1,2019-12-02 01:12:00.000000,2019-12-02 01:12:35.000000,2019-12-02 01:30:26.338847,2019-12-02 01:31:01.338847,2019-12-02 01:59:54.592093,2019-12-02 02:00:29.592093,2019-12-02 02:12:09.613115,Replace,2,43,48,0 days 00:00:35.000000000,0 days 00:18:26.338847000
2,2019-12-02 02:27:00.000000,2019-12-02 02:27:30.000000,2019-12-02 02:43:41.069225,2019-12-02 02:44:11.069225,2019-12-02 03:12:05.172157,2019-12-02 03:12:35.172157,2019-12-02 03:32:25.651852,Replace,2,43,48,0 days 00:00:30.000000000,0 days 00:16:41.069225000
3,2019-12-02 03:29:00.000000,2019-12-02 03:29:55.000000,2019-12-02 03:46:52.996229,2019-12-02 03:47:06.510475,,,,Onsite,2,43,48,0 days 00:00:55.000000000,0 days 00:17:11.510475000
4,2019-12-02 04:37:00.000000,2019-12-02 04:37:55.000000,2019-12-02 04:51:10.051379,2019-12-02 04:51:27.239713,,,,Onsite,2,43,48,0 days 00:00:55.000000000,0 days 00:13:32.239713000
5,2019-12-02 05:54:00.000000,2019-12-02 05:54:45.000000,2019-12-02 06:10:54.904331,2019-12-02 06:11:39.904331,2019-12-02 06:39:54.550675,2019-12-02 06:40:39.550675,2019-12-02 06:59:07.973117,Replace,2,43,48,0 days 00:00:45.000000000,0 days 00:16:54.904331000
6,2019-12-02 06:50:00.000000,2019-12-02 06:50:45.000000,2019-12-02 07:05:15.395363,2019-12-02 07:06:00.395363,2019-12-02 07:40:04.914700,2019-12-02 07:40:49.914700,2019-12-02 07:52:50.027158,Replace,2,43,48,0 days 00:00:45.000000000,0 days 00:15:15.395363000
7,2019-12-02 08:06:00.000000,2019-12-02 08:06:35.000000,2019-12-02 08:25:02.296508,2019-12-02 08:25:37.296508,2019-12-02 09:02:54.104933,2019-12-02 09:03:29.104933,2019-12-02 09:17:19.971274,Replace,2,43,48,0 days 00:00:35.000000000,0 days 00:19:02.296508000
8,2019-12-02 09:10:00.000000,2019-12-02 09:10:25.000000,2019-12-02 09:24:51.534752,2019-12-02 09:25:16.534752,2019-12-02 09:49:43.956163,2019-12-02 09:50:08.956163,2019-12-02 10:03:14.587112,Replace,2,43,48,0 days 00:00:25.000000000,0 days 00:14:51.534752000
9,2019-12-02 10:26:00.000000,2019-12-02 10:26:45.000000,2019-12-02 10:46:34.133336,2019-12-02 10:47:19.133336,2019-12-02 11:15:36.927435,2019-12-02 11:16:21.927435,2019-12-02 11:30:18.312731,Replace,2,43,48,0 days 00:00:45.000000000,0 days 00:20:34.133336000
10,2019-12-02 11:23:00.000000,2019-12-02 11:23:35.000000,2019-12-02 11:39:17.153285,2019-12-02 11:39:52.153285,2019-12-02 12:11:13.368142,2019-12-02 12:11:48.368142,2019-12-02 12:34:12.396142,Replace,2,43,48,0 days 00:00:35.000000000,0 days 00:16:17.153285000
11,2019-12-02 12:34:00.000000,2019-12-02 12:34:25.000000,2019-12-02 12:52:37.518295,2019-12-02 12:53:02.518295,2019-12-02 13:36:56.214072,2019-12-02 13:37:21.214072,2019-12-02 13:50:47.696628,Replace,2,43,48,0 days 00:00:25.000000000,0 days 00:18:37.518295000
12,2019-12-02 13:42:00.000000,2019-12-02 13:42:45.000000,2019-12-02 13:53:45.775738,2019-12-02 13:54:30.775738,2019-12-02 14:19:57.465589,2019-12-02 14:20:42.465589,2019-12-02 14:40:20.250362,Replace,2,43,48,0 days 00:00:45.000000000,0 days 00:11:45.775738000
13,2019-12-02 15:07:00.000000,2019-12-02 15:07:45.000000,2019-12-02 15:24:32.830937,2019-12-02 15:25:17.830937,2019-12-02 16:06:20.167366,2019-12-02 16:07:05.167366,2019-12-02 16:28:30.570411,Replace,2,43,48,0 days 00:00:45.000000000,0 days 00:17:32.830937000
14,2019-12-02 16:19:00.000000,2019-12-02 16:19:45.000000,2019-12-02 16:36:33.292265,2019-12-02 16:36:47.369530,,,,Onsite,2,43,48,0 days 00:00:45.000000000,0 days 00:17:02.369530000
15,2019-12-02 17:16:00.000000,2019-12-02 17:16:45.000000,2019-12-02 17:32:42.345779,2019-12-02 17:33:09.871848,,,,Onsite,2,43,48,0 days 00:00:45.000000000,0 days 00:16:24.871848000
16,2019-12-02 18:19:00.000000,2019-12-02 18:19:45.000000,2019-12-02 18:39:11.250685,2019-12-02 18:39:56.250685,2019-12-02 19:30:06.913769,2019-12-02 19:30:51.913769,2019-12-02 19:54:13.754778,Replace,2,43,48,0 days 00:00:45.000000000,0 days 00:20:11.250685000
17,2019-12-02 19:29:00.000000,2019-12-02 19:29:50.000000,2019-12-02 19:45:39.622884,2019-12-02 19:46:29.622884,2019-12-02 20:33:07.175580,2019-12-02 20:33:57.175580,2019-12-02 20:50:36.118325,Replace,2,43,48,0 days 00:00:50.000000000,0 days 00:16:39.622884000
18,2019-12-02 20:26:00.000000,2019-12-02 20:26:25.000000,2019-12-02 20:42:51.620527,2019-12-02 20:43:16.620527,2019-12-02 21:22:58.789868,2019-12-02 21:23:23.789868,2019-12-02 21:38:48.685840,Replace,2,43,48,0 days 00:00:25.000000000,0 days 00:16:51.620527000
19,2019-12-02 21:32:00.000000,2019-12-02 21:32:45.000000,2019-12-02 21:45:58.535876,2019-12-02 21:46:43.535876,2019-12-02 22:35:24.961695,2019-12-02 22:36:09.961695,2019-12-02 22:52:54.371606,Replace,2,43,48,0 days 00:00:45.000000000,0 days 00:13:58.535876000
0,2019-12-02 01:01:00.000000,2019-12-02 00:00:55.000000,2019-12-02 00:19:30.198313,2019-12-02 00:20:25.198313,2019-12-02 01:02:50.448348,2019-12-02 01:03:45.448348,2019-12-02 01:21:01.503604,Replace,3,43,48,-1 days +22:59:55.000000000,0 days 00:19:30.198313000
1,2019-12-02 01:06:00.000000,2019-12-02 01:06:55.000000,2019-12-02 01:28:37.487551,2019-12-02 01:29:32.487551,2019-12-02 01:59:55.637055,2019-12-02 02:00:50.637055,2019-12-02 02:19:03.022876,Replace,3,43,48,0 days 00:00:55.000000000,0 days 00:22:37.487551000
2,2019-12-02 02:18:00.000000,2019-12-02 02:18:45.000000,2019-12-02 02:35:17.140883,2019-12-02 02:35:23.062760,,,,Onsite,3,43,48,0 days 00:00:45.000000000,0 days 00:16:38.062760000
3,2019-12-02 03:33:00.000000,2019-12-02 03:33:45.000000,2019-12-02 03:46:44.504321,2019-12-02 03:47:29.504321,2019-12-02 04:12:01.408504,2019-12-02 04:12:46.408504,2019-12-02 04:30:49.465833,Replace,3,43,48,0 days 00:00:45.000000000,0 days 00:13:44.504321000
4,2019-12-02 06:03:00.000000,2019-12-02 06:03:45.000000,2019-12-02 06:22:51.779488,2019-12-02 06:23:05.163578,,,,Onsite,3,43,48,0 days 00:00:45.000000000,0 days 00:19:20.163578000
5,2019-12-02 04:47:00.000000,2019-12-02 04:47:50.000000,2019-12-02 05:05:16.950157,2019-12-02 05:06:06.950157,2019-12-02 05:44:45.398864,2019-12-02 05:45:35.398864,2019-12-02 06:03:30.430292,Replace,3,43,48,0 days 00:00:50.000000000,0 days 00:18:16.950157000
6,2019-12-02 07:04:00.000000,2019-12-02 07:04:30.000000,2019-12-02 07:26:53.112749,2019-12-02 07:27:23.112749,2019-12-02 07:55:16.090824,2019-12-02 07:55:46.090824,2019-12-02 08:15:19.395883,Replace,3,43,48,0 days 00:00:30.000000000,0 days 00:22:53.112749000
7,2019-12-02 08:13:00.000000,2019-12-02 08:13:50.000000,2019-12-02 08:29:45.393062,2019-12-02 08:30:35.393062,2019-12-02 09:20:09.834140,2019-12-02 09:20:59.834140,2019-12-02 09:34:33.383312,Replace,3,43,48,0 days 00:00:50.000000000,0 days 00:16:45.393062000
8,2019-12-02 09:12:00.000000,2019-12-02 09:12:45.000000,2019-12-02 09:23:29.063176,2019-12-02 09:24:14.063176,2019-12-02 09:52:42.610548,2019-12-02 09:53:27.610548,2019-12-02 10:07:15.272131,Replace,3,43,48,0 days 00:00:45.000000000,0 days 00:11:29.063176000
9,2019-12-02 10:17:00.000000,2019-12-02 10:17:25.000000,2019-12-02 10:34:39.505559,2019-12-02 10:35:04.054701,,,,Onsite,3,43,48,0 days 00:00:25.000000000,0 days 00:17:39.054701000
10,2019-12-02 11:29:00.000000,2019-12-02 11:29:50.000000,2019-12-02 11:50:38.644341,2019-12-02 11:51:12.273604,,,,Onsite,3,43,48,0 days 00:00:50.000000000,0 days 00:21:22.273604000
11,2019-12-02 12:37:00.000000,2019-12-02 12:37:45.000000,2019-12-02 12:55:29.415712,2019-12-02 12:56:14.415712,2019-12-02 13:33:36.681823,2019-12-02 13:34:21.681823,2019-12-02 13:50:54.068756,Replace,3,43,48,0 days 00:00:45.000000000,0 days 00:18:29.415712000
12,2019-12-02 13:52:00.000000,2019-12-02 13:52:35.000000,2019-12-02 14:05:36.760667,2019-12-02 14:06:11.760667,2019-12-02 14:45:08.041584,2019-12-02 14:45:43.041584,2019-12-02 15:04:21.178493,Replace,3,43,48,0 days 00:00:35.000000000,0 days 00:13:36.760667000
13,2019-12-02 15:09:00.000000,2019-12-02 15:09:55.000000,2019-12-02 15:28:10.296981,2019-12-02 15:29:05.296981,2019-12-02 15:49:54.398527,2019-12-02 15:50:49.398527,2019-12-02 16:13:50.231689,Replace,3,43,48,0 days 00:00:55.000000000,0 days 00:19:10.296981000
14,2019-12-02 16:27:00.000000,2019-12-02 16:27:30.000000,2019-12-02 16:46:16.294979,2019-12-02 16:46:28.920082,,,,Onsite,3,43,48,0 days 00:00:30.000000000,0 days 00:18:58.920082000
15,2019-12-02 17:36:00.000000,2019-12-02 17:36:25.000000,2019-12-02 17:49:31.662582,2019-12-02 17:49:56.662582,2019-12-02 18:31:01.158959,2019-12-02 18:31:26.158959,2019-12-02 18:49:05.524518,Replace,3,43,48,0 days 00:00:25.000000000,0 days 00:13:31.662582000
16,2019-12-02 18:57:00.000000,2019-12-02 18:57:45.000000,2019-12-02 19:15:08.926109,2019-12-02 19:15:14.225720,,,,Onsite,3,43,48,0 days 00:00:45.000000000,0 days 00:17:29.225720000
17,2019-12-02 20:00:00.000000,2019-12-02 20:00:45.000000,2019-12-02 20:13:19.861091,2019-12-02 20:13:25.307713,,,,Onsite,3,43,48,0 days 00:00:45.000000000,0 days 00:12:40.307713000
18,2019-12-02 21:04:00.000000,2019-12-02 21:04:25.000000,2019-12-02 21:17:53.681309,2019-12-02 21:18:17.228140,,,,Onsite,3,43,48,0 days 00:00:25.000000000,0 days 00:13:52.228140000
19,2019-12-02 22:00:00.000000,2019-12-02 22:00:30.000000,2019-12-02 22:20:52.746906,2019-12-02 22:21:12.593155,,,,Onsite,3,43,48,0 days 00:00:30.000000000,0 days 00:20:42.593155000
0,2019-12-02 01:05:00.000000,2019-12-02 00:00:35.000000,2019-12-02 00:18:00.162156,2019-12-02 00:18:35.162156,2019-12-02 00:46:29.002219,2019-12-02 00:47:04.002219,2019-12-02 01:02:30.610455,Replace,4,43,48,-1 days +22:55:35.000000000,0 days 00:18:00.162156000
1,2019-12-02 01:10:00.000000,2019-12-02 01:10:50.000000,2019-12-02 01:21:36.217175,2019-12-02 01:21:52.544702,,,,Onsite,4,43,48,0 days 00:00:50.000000000,0 days 00:11:02.544702000
2,2019-12-02 02:23:00.000000,2019-12-02 02:23:25.000000,2019-12-02 02:39:35.937596,2019-12-02 02:39:55.354706,,,,Onsite,4,43,48,0 days 00:00:25.000000000,0 days 00:16:30.354706000
3,2019-12-02 03:35:00.000000,2019-12-02 03:35:55.000000,2019-12-02 03:54:47.994207,2019-12-02 03:55:05.249761,,,,Onsite,4,43,48,0 days 00:00:55.000000000,0 days 00:19:10.249761000
4,2019-12-02 04:45:00.000000,2019-12-02 04:45:45.000000,2019-12-02 05:06:18.107255,2019-12-02 05:06:22.213806,,,,Onsite,4,43,48,0 days 00:00:45.000000000,0 days 00:20:37.213806000
5,2019-12-02 05:55:00.000000,2019-12-02 05:55:45.000000,2019-12-02 06:12:09.436255,2019-12-02 06:12:11.803903,,,,Onsite,4,43,48,0 days 00:00:45.000000000,0 days 00:16:26.803903000
6,2019-12-02 07:14:00.000000,2019-12-02 07:14:45.000000,2019-12-02 07:32:38.847988,2019-12-02 07:33:18.815697,,,,Onsite,4,43,48,0 days 00:00:45.000000000,0 days 00:18:33.815697000
7,2019-12-02 08:34:00.000000,2019-12-02 08:34:55.000000,2019-12-02 08:52:47.495369,2019-12-02 08:52:59.097342,,,,Onsite,4,43,48,0 days 00:00:55.000000000,0 days 00:18:04.097342000
8,2019-12-02 09:50:00.000000,2019-12-02 09:50:25.000000,2019-12-02 10:05:04.704590,2019-12-02 10:05:15.335022,,,,Onsite,4,43,48,0 days 00:00:25.000000000,0 days 00:14:50.335022000
9,2019-12-02 10:58:00.000000,2019-12-02 10:58:50.000000,2019-12-02 11:18:42.986370,2019-12-02 11:18:50.673873,,,,Onsite,4,43,48,0 days 00:00:50.000000000,0 days 00:20:00.673873000
10,2019-12-02 12:01:00.000000,2019-12-02 12:01:35.000000,2019-12-02 12:15:15.113811,2019-12-02 12:15:30.376896,,,,Onsite,4,43,48,0 days 00:00:35.000000000,0 days 00:13:55.376896000
11,2019-12-02 13:20:00.000000,2019-12-02 13:20:30.000000,2019-12-02 13:37:27.006573,2019-12-02 13:37:57.006573,2019-12-02 14:06:03.068902,2019-12-02 14:06:33.068902,2019-12-02 14:26:19.695138,Replace,4,43,48,0 days 00:00:30.000000000,0 days 00:17:27.006573000
12,2019-12-02 14:41:00.000000,2019-12-02 14:41:25.000000,2019-12-02 14:58:43.400777,2019-12-02 14:59:08.400777,2019-12-02 15:33:07.951564,2019-12-02 15:33:32.951564,2019-12-02 15:56:45.853555,Replace,4,43,48,0 days 00:00:25.000000000,0 days 00:17:43.400777000
13,2019-12-02 16:08:00.000000,2019-12-02 16:08:35.000000,2019-12-02 16:24:22.293007,2019-12-02 16:25:03.399132,,,,Onsite,4,43,48,0 days 00:00:35.000000000,0 days 00:16:28.399132000
14,2019-12-02 17:10:00.000000,2019-12-02 17:10:25.000000,2019-12-02 17:32:41.036541,2019-12-02 17:32:52.303525,,,,Onsite,4,43,48,0 days 00:00:25.000000000,0 days 00:22:27.303525000
15,2019-12-02 18:28:00.000000,2019-12-02 18:28:45.000000,2019-12-02 18:44:04.935920,2019-12-02 18:44:49.935920,2019-12-02 19:17:01.173031,2019-12-02 19:17:46.173031,2019-12-02 19:34:54.362741,Replace,4,43,48,0 days 00:00:45.000000000,0 days 00:16:04.935920000
16,2019-12-02 19:20:00.000000,2019-12-02 19:20:45.000000,2019-12-02 19:36:28.799957,2019-12-02 19:36:38.777652,,,,Onsite,4,43,48,0 days 00:00:45.000000000,0 days 00:15:53.777652000
17,2019-12-02 20:29:00.000000,2019-12-02 20:29:50.000000,2019-12-02 20:48:07.771865,2019-12-02 20:48:33.580934,,,,Onsite,4,43,48,0 days 00:00:50.000000000,0 days 00:18:43.580934000
18,2019-12-02 21:37:00.000000,2019-12-02 21:37:35.000000,2019-12-02 21:52:50.741637,2019-12-02 21:53:25.741637,2019-12-02 22:29:39.843713,2019-12-02 22:30:14.843713,2019-12-02 22:45:18.182990,Replace,4,43,48,0 days 00:00:35.000000000,0 days 00:15:50.741637000
0,2019-12-02 00:55:00.000000,2019-12-02 00:00:25.000000,2019-12-02 00:14:43.047715,2019-12-02 00:15:08.047715,2019-12-02 00:43:03.280148,2019-12-02 00:43:28.280148,2019-12-02 00:58:00.024808,Replace,5,43,48,-1 days +23:05:25.000000000,0 days 00:14:43.047715000
1,2019-12-02 01:00:00.000000,2019-12-02 01:00:35.000000,2019-12-02 01:18:33.750401,2019-12-02 01:19:08.750401,2019-12-02 01:49:48.036901,2019-12-02 01:50:23.036901,2019-12-02 02:03:50.418576,Replace,5,43,48,0 days 00:00:35.000000000,0 days 00:18:33.750401000
2,2019-12-02 02:10:00.000000,2019-12-02 02:10:45.000000,2019-12-02 02:24:03.888507,2019-12-02 02:24:48.888507,2019-12-02 02:52:41.861030,2019-12-02 02:53:26.861030,2019-12-02 03:07:02.197324,Replace,5,43,48,0 days 00:00:45.000000000,0 days 00:14:03.888507000
3,2019-12-02 03:18:00.000000,2019-12-02 03:18:45.000000,2019-12-02 03:32:03.014623,2019-12-02 03:32:15.749940,,,,Onsite,5,43,48,0 days 00:00:45.000000000,0 days 00:13:30.749940000
4,2019-12-02 04:36:00.000000,2019-12-02 04:36:35.000000,2019-12-02 04:50:36.186963,2019-12-02 04:51:11.186963,2019-12-02 05:25:18.737926,2019-12-02 05:25:53.737926,2019-12-02 05:40:21.285912,Replace,5,43,48,0 days 00:00:35.000000000,0 days 00:14:36.186963000
5,2019-12-02 05:36:00.000000,2019-12-02 05:36:45.000000,2019-12-02 05:54:13.795884,2019-12-02 05:54:58.795884,2019-12-02 06:37:30.904057,2019-12-02 06:38:15.904057,2019-12-02 06:53:24.058759,Replace,5,43,48,0 days 00:00:45.000000000,0 days 00:18:13.795884000
6,2019-12-02 06:50:00.000000,2019-12-02 06:50:55.000000,2019-12-02 07:07:01.648082,2019-12-02 07:07:56.648082,2019-12-02 07:44:22.979967,2019-12-02 07:45:17.979967,2019-12-02 07:59:23.770114,Replace,5,43,48,0 days 00:00:55.000000000,0 days 00:17:01.648082000
7,2019-12-02 08:02:00.000000,2019-12-02 08:02:35.000000,2019-12-02 08:16:07.070199,2019-12-02 08:16:42.070199,2019-12-02 08:46:53.877049,2019-12-02 08:47:28.877049,2019-12-02 09:00:18.385119,Replace,5,43,48,0 days 00:00:35.000000000,0 days 00:14:07.070199000
8,2019-12-02 09:04:00.000000,2019-12-02 09:04:55.000000,2019-12-02 09:21:44.567031,2019-12-02 09:22:39.567031,2019-12-02 09:55:34.479760,2019-12-02 09:56:29.479760,2019-12-02 10:07:14.625393,Replace,5,43,48,0 days 00:00:55.000000000,0 days 00:17:44.567031000
9,2019-12-02 10:08:00.000000,2019-12-02 10:08:35.000000,2019-12-02 10:24:05.507372,2019-12-02 10:24:40.507372,2019-12-02 10:55:18.911670,2019-12-02 10:55:53.911670,2019-12-02 11:14:56.849876,Replace,5,43,48,0 days 00:00:35.000000000,0 days 00:16:05.507372000
10,2019-12-02 11:12:00.000000,2019-12-02 11:12:45.000000,2019-12-02 11:29:37.265528,2019-12-02 11:30:22.265528,2019-12-02 12:07:04.402714,2019-12-02 12:07:49.402714,2019-12-02 12:24:29.186450,Replace,5,43,48,0 days 00:00:45.000000000,0 days 00:17:37.265528000
11,2019-12-02 12:16:00.000000,2019-12-02 12:16:35.000000,2019-12-02 12:31:02.947335,2019-12-02 12:31:18.469377,,,,Onsite,5,43,48,0 days 00:00:35.000000000,0 days 00:14:43.469377000
12,2019-12-02 13:31:00.000000,2019-12-02 13:31:45.000000,2019-12-02 13:48:01.751099,2019-12-02 13:48:46.751099,2019-12-02 14:33:49.159255,2019-12-02 14:34:34.159255,2019-12-02 14:53:25.063496,Replace,5,43,48,0 days 00:00:45.000000000,0 days 00:17:01.751099000
13,2019-12-02 14:24:00.000000,2019-12-02 14:24:55.000000,2019-12-02 14:36:15.254692,2019-12-02 14:37:10.254692,2019-12-02 15:01:48.156679,2019-12-02 15:02:43.156679,2019-12-02 15:20:22.757756,Replace,5,43,48,0 days 00:00:55.000000000,0 days 00:12:15.254692000
14,2019-12-02 15:34:00.000000,2019-12-02 15:34:30.000000,2019-12-02 15:49:26.382585,2019-12-02 15:49:56.382585,2019-12-02 16:28:28.056414,2019-12-02 16:28:58.056414,2019-12-02 16:41:14.216174,Replace,5,43,48,0 days 00:00:30.000000000,0 days 00:15:26.382585000
15,2019-12-02 16:27:00.000000,2019-12-02 16:27:45.000000,2019-12-02 16:37:23.250227,2019-12-02 16:38:08.250227,2019-12-02 17:16:03.861970,2019-12-02 17:16:48.861970,2019-12-02 17:34:53.533535,Replace,5,43,48,0 days 00:00:45.000000000,0 days 00:10:23.250227000
16,2019-12-02 17:20:00.000000,2019-12-02 17:20:45.000000,2019-12-02 17:38:37.086338,2019-12-02 17:39:22.086338,2019-12-02 18:21:03.554889,2019-12-02 18:21:48.554889,2019-12-02 18:40:05.416512,Replace,5,43,48,0 days 00:00:45.000000000,0 days 00:18:37.086338000
17,2019-12-02 18:45:00.000000,2019-12-02 18:45:25.000000,2019-12-02 19:01:20.728516,2019-12-02 19:01:24.363940,,,,Onsite,5,43,48,0 days 00:00:25.000000000,0 days 00:15:59.363940000
18,2019-12-02 19:49:00.000000,2019-12-02 19:49:45.000000,2019-12-02 20:10:33.476348,2019-12-02 20:11:01.302633,,,,Onsite,5,43,48,0 days 00:00:45.000000000,0 days 00:21:16.302633000
19,2019-12-02 20:50:00.000000,2019-12-02 20:50:35.000000,2019-12-02 21:02:45.956887,2019-12-02 21:03:20.956887,2019-12-02 21:39:31.367936,2019-12-02 21:40:06.367936,2019-12-02 21:54:43.098660,Replace,5,43,48,0 days 00:00:35.000000000,0 days 00:12:45.956887000
0,2019-12-02 01:17:00.000000,2019-12-02 00:00:45.000000,2019-12-02 00:14:59.610572,2019-12-02 00:15:44.610572,2019-12-02 00:47:40.593449,2019-12-02 00:48:25.593449,2019-12-02 01:04:09.535062,Replace,6,43,48,-1 days +22:43:45.000000000,0 days 00:14:59.610572000
1,2019-12-02 01:19:00.000000,2019-12-02 01:19:50.000000,2019-12-02 01:30:27.317921,2019-12-02 01:31:17.317921,2019-12-02 01:58:39.477549,2019-12-02 01:59:29.477549,2019-12-02 02:18:15.134212,Replace,6,43,48,0 days 00:00:50.000000000,0 days 00:11:27.317921000
2,2019-12-02 02:23:00.000000,2019-12-02 02:23:25.000000,2019-12-02 02:42:28.456948,2019-12-02 02:42:53.456948,2019-12-02 03:11:11.430492,2019-12-02 03:11:36.430492,2019-12-02 03:25:28.607725,Replace,6,43,48,0 days 00:00:25.000000000,0 days 00:19:28.456948000
3,2019-12-02 03:39:00.000000,2019-12-02 03:39:45.000000,2019-12-02 04:01:44.733808,2019-12-02 04:01:57.473201,,,,Onsite,6,43,48,0 days 00:00:45.000000000,0 days 00:22:12.473201000
4,2019-12-02 04:58:00.000000,2019-12-02 04:58:50.000000,2019-12-02 05:18:06.499907,2019-12-02 05:18:56.499907,2019-12-02 05:57:11.677915,2019-12-02 05:58:01.677915,2019-12-02 06:13:19.475347,Replace,6,43,48,0 days 00:00:50.000000000,0 days 00:20:06.499907000
5,2019-12-02 06:03:00.000000,2019-12-02 06:03:35.000000,2019-12-02 06:16:06.828379,2019-12-02 06:16:41.828379,2019-12-02 06:47:06.608363,2019-12-02 06:47:41.608363,2019-12-02 07:02:23.960878,Replace,6,43,48,0 days 00:00:35.000000000,0 days 00:13:06.828379000
6,2019-12-02 07:23:00.000000,2019-12-02 07:23:55.000000,2019-12-02 07:40:47.478090,2019-12-02 07:41:42.478090,2019-12-02 08:16:16.729947,2019-12-02 08:17:11.729947,2019-12-02 08:38:06.785765,Replace,6,43,48,0 days 00:00:55.000000000,0 days 00:17:47.478090000
7,2019-12-02 08:34:00.000000,2019-12-02 08:34:55.000000,2019-12-02 08:53:26.728580,2019-12-02 08:53:50.820786,,,,Onsite,6,43,48,0 days 00:00:55.000000000,0 days 00:18:55.820786000
8,2019-12-02 09:38:00.000000,2019-12-02 09:38:50.000000,2019-12-02 09:54:40.508417,2019-12-02 09:55:30.508417,2019-12-02 10:35:42.954273,2019-12-02 10:36:32.954273,2019-12-02 10:57:33.306236,Replace,6,43,48,0 days 00:00:50.000000000,0 days 00:16:40.508417000
9,2019-12-02 10:46:00.000000,2019-12-02 10:46:45.000000,2019-12-02 11:04:40.923914,2019-12-02 11:05:01.271080,,,,Onsite,6,43,48,0 days 00:00:45.000000000,0 days 00:18:16.271080000
10,2019-12-02 11:56:00.000000,2019-12-02 11:56:45.000000,2019-12-02 12:09:51.623886,2019-12-02 12:10:36.623886,2019-12-02 12:40:19.863356,2019-12-02 12:41:04.863356,2019-12-02 12:57:28.576401,Replace,6,43,48,0 days 00:00:45.000000000,0 days 00:13:51.623886000
11,2019-12-02 13:05:00.000000,2019-12-02 13:05:55.000000,2019-12-02 13:22:23.749554,2019-12-02 13:22:42.848299,,,,Onsite,6,43,48,0 days 00:00:55.000000000,0 days 00:16:47.848299000
12,2019-12-02 14:20:00.000000,2019-12-02 14:20:45.000000,2019-12-02 14:31:44.524470,2019-12-02 14:32:29.524470,2019-12-02 15:09:38.435340,2019-12-02 15:10:23.435340,2019-12-02 15:26:08.139833,Replace,6,43,48,0 days 00:00:45.000000000,0 days 00:11:44.524470000
13,2019-12-02 15:23:00.000000,2019-12-02 15:23:45.000000,2019-12-02 15:44:37.170917,2019-12-02 15:45:22.170917,2019-12-02 16:20:37.154577,2019-12-02 16:21:22.154577,2019-12-02 16:35:34.489333,Replace,6,43,48,0 days 00:00:45.000000000,0 days 00:21:37.170917000
14,2019-12-02 16:30:00.000000,2019-12-02 16:30:35.000000,2019-12-02 16:46:27.713335,2019-12-02 16:46:36.747345,,,,Onsite,6,43,48,0 days 00:00:35.000000000,0 days 00:16:01.747345000
15,2019-12-02 17:46:00.000000,2019-12-02 17:46:55.000000,2019-12-02 18:01:56.563094,2019-12-02 18:02:03.375472,,,,Onsite,6,43,48,0 days 00:00:55.000000000,0 days 00:15:08.375472000
16,2019-12-02 18:57:00.000000,2019-12-02 18:57:35.000000,2019-12-02 19:15:34.672704,2019-12-02 19:15:43.514946,,,,Onsite,6,43,48,0 days 00:00:35.000000000,0 days 00:18:08.514946000
17,2019-12-02 20:19:00.000000,2019-12-02 20:19:45.000000,2019-12-02 20:33:16.674084,2019-12-02 20:34:01.674084,2019-12-02 21:00:12.516008,2019-12-02 21:00:57.516008,2019-12-02 21:14:50.451623,Replace,6,43,48,0 days 00:00:45.000000000,0 days 00:14:16.674084000
18,2019-12-02 21:27:00.000000,2019-12-02 21:27:35.000000,2019-12-02 21:39:42.595597,2019-12-02 21:39:52.916830,,,,Onsite,6,43,48,0 days 00:00:35.000000000,0 days 00:12:17.916830000
0,2019-12-02 00:58:00.000000,2019-12-02 00:00:55.000000,2019-12-02 00:17:01.299118,2019-12-02 00:17:09.543454,,,,Onsite,7,43,48,-1 days +23:02:55.000000000,0 days 00:16:14.543454000
1,2019-12-02 01:05:00.000000,2019-12-02 01:05:55.000000,2019-12-02 01:26:14.461316,2019-12-02 01:27:09.461316,2019-12-02 01:56:51.311345,2019-12-02 01:57:46.311345,2019-12-02 02:18:45.878017,Replace,7,43,48,0 days 00:00:55.000000000,0 days 00:21:14.461316000
2,2019-12-02 02:16:00.000000,2019-12-02 02:16:35.000000,2019-12-02 02:33:28.886179,2019-12-02 02:34:03.886179,2019-12-02 03:17:05.295977,2019-12-02 03:17:40.295977,2019-12-02 03:36:52.727791,Replace,7,43,48,0 days 00:00:35.000000000,0 days 00:17:28.886179000
3,2019-12-02 03:36:00.000000,2019-12-02 03:36:55.000000,2019-12-02 03:53:36.681897,2019-12-02 03:54:31.681897,2019-12-02 04:43:03.013189,2019-12-02 04:43:58.013189,2019-12-02 05:00:43.735662,Replace,7,43,48,0 days 00:00:55.000000000,0 days 00:17:36.681897000
4,2019-12-02 04:30:00.000000,2019-12-02 04:30:45.000000,2019-12-02 04:42:10.988684,2019-12-02 04:42:19.472843,,,,Onsite,7,43,48,0 days 00:00:45.000000000,0 days 00:11:34.472843000
5,2019-12-02 05:38:00.000000,2019-12-02 05:38:45.000000,2019-12-02 05:58:06.319361,2019-12-02 05:58:15.236946,,,,Onsite,7,43,48,0 days 00:00:45.000000000,0 days 00:19:30.236946000
6,2019-12-02 06:53:00.000000,2019-12-02 06:53:35.000000,2019-12-02 07:06:39.658012,2019-12-02 07:07:14.658012,2019-12-02 07:38:54.303801,2019-12-02 07:39:29.303801,2019-12-02 07:56:12.687547,Replace,7,43,48,0 days 00:00:35.000000000,0 days 00:13:39.658012000
7,2019-12-02 08:00:00.000000,2019-12-02 08:00:55.000000,2019-12-02 08:17:10.558420,2019-12-02 08:18:05.558420,2019-12-02 08:54:15.757330,2019-12-02 08:55:10.757330,2019-12-02 09:06:33.693584,Replace,7,43,48,0 days 00:00:55.000000000,0 days 00:17:10.558420000
8,2019-12-02 09:10:00.000000,2019-12-02 09:10:50.000000,2019-12-02 09:29:07.764675,2019-12-02 09:29:57.764675,2019-12-02 09:59:34.489627,2019-12-02 10:00:24.489627,2019-12-02 10:17:43.749353,Replace,7,43,48,0 days 00:00:50.000000000,0 days 00:19:07.764675000
9,2019-12-02 10:30:00.000000,2019-12-02 10:30:35.000000,2019-12-02 10:48:16.950659,2019-12-02 10:48:45.115184,,,,Onsite,7,43,48,0 days 00:00:35.000000000,0 days 00:18:10.115184000
10,2019-12-02 11:42:00.000000,2019-12-02 11:42:45.000000,2019-12-02 12:00:26.004341,2019-12-02 12:01:11.004341,2019-12-02 12:27:12.372391,2019-12-02 12:27:57.372391,2019-12-02 12:44:24.671703,Replace,7,43,48,0 days 00:00:45.000000000,0 days 00:18:26.004341000
11,2019-12-02 12:56:00.000000,2019-12-02 12:56:45.000000,2019-12-02 13:16:56.403052,2019-12-02 13:17:41.403052,2019-12-02 14:09:39.827679,2019-12-02 14:10:24.827679,2019-12-02 14:25:22.878622,Replace,7,43,48,0 days 00:00:45.000000000,0 days 00:20:56.403052000
12,2019-12-02 14:06:00.000000,2019-12-02 14:06:45.000000,2019-12-02 14:22:15.308990,2019-12-02 14:23:00.308990,2019-12-02 15:06:25.011460,2019-12-02 15:07:10.011460,2019-12-02 15:25:33.443593,Replace,7,43,48,0 days 00:00:45.000000000,0 days 00:16:15.308990000
13,2019-12-02 15:05:00.000000,2019-12-02 15:05:25.000000,2019-12-02 15:28:37.594408,2019-12-02 15:29:02.594408,2019-12-02 16:07:27.683480,2019-12-02 16:07:52.683480,2019-12-02 16:22:48.104611,Replace,7,43,48,0 days 00:00:25.000000000,0 days 00:23:37.594408000
14,2019-12-02 16:12:00.000000,2019-12-02 16:12:45.000000,2019-12-02 16:31:33.660145,2019-12-02 16:32:18.660145,2019-12-02 17:19:50.889869,2019-12-02 17:20:35.889869,2019-12-02 17:36:56.090138,Replace,7,43,48,0 days 00:00:45.000000000,0 days 00:19:33.660145000
15,2019-12-02 17:06:00.000000,2019-12-02 17:06:45.000000,2019-12-02 17:13:39.995942,2019-12-02 17:14:06.132696,,,,Onsite,7,43,48,0 days 00:00:45.000000000,0 days 00:07:21.132696000
16,2019-12-02 19:13:00.000000,2019-12-02 19:13:45.000000,2019-12-02 19:27:12.973439,2019-12-02 19:27:57.973439,2019-12-02 20:00:52.397574,2019-12-02 20:01:37.397574,2019-12-02 20:18:00.294378,Replace,7,43,48,0 days 00:00:45.000000000,0 days 00:14:12.973439000
17,2019-12-02 18:09:00.000000,2019-12-02 18:09:45.000000,2019-12-02 18:31:25.189207,2019-12-02 18:32:10.189207,2019-12-02 19:12:21.017274,2019-12-02 19:13:06.017274,2019-12-02 19:35:26.456054,Replace,7,43,48,0 days 00:00:45.000000000,0 days 00:22:25.189207000
18,2019-12-02 20:29:00.000000,2019-12-02 20:29:45.000000,2019-12-02 20:44:09.864492,2019-12-02 20:44:54.864492,2019-12-02 21:07:05.102880,2019-12-02 21:07:50.102880,2019-12-02 21:25:42.634705,Replace,7,43,48,0 days 00:00:45.000000000,0 days 00:15:09.864492000
19,2019-12-02 21:33:00.000000,2019-12-02 21:33:45.000000,2019-12-02 21:51:32.156495,2019-12-02 21:52:17.156495,2019-12-02 22:23:58.383648,2019-12-02 22:24:43.383648,2019-12-02 22:43:23.212446,Replace,7,43,48,0 days 00:00:45.000000000,0 days 00:18:32.156495000
0,2019-12-02 01:22:00.000000,2019-12-02 00:00:55.000000,2019-12-02 00:16:31.109448,2019-12-02 00:17:26.109448,2019-12-02 01:06:15.059287,2019-12-02 01:07:10.059287,2019-12-02 01:23:16.844252,Replace,8,43,48,-1 days +22:38:55.000000000,0 days 00:16:31.109448000
1,2019-12-02 01:01:00.000000,2019-12-02 01:01:45.000000,2019-12-02 01:22:40.945740,2019-12-02 01:23:03.344708,,,,Onsite,8,43,48,0 days 00:00:45.000000000,0 days 00:21:18.344708000
2,2019-12-02 02:22:00.000000,2019-12-02 02:22:35.000000,2019-12-02 02:36:14.513968,2019-12-02 02:36:49.513968,2019-12-02 03:14:52.611632,2019-12-02 03:15:27.611632,2019-12-02 03:34:24.904143,Replace,8,43,48,0 days 00:00:35.000000000,0 days 00:14:14.513968000
3,2019-12-02 03:31:00.000000,2019-12-02 03:31:55.000000,2019-12-02 03:49:47.525594,2019-12-02 03:49:59.448348,,,,Onsite,8,43,48,0 days 00:00:55.000000000,0 days 00:18:04.448348000
4,2019-12-02 06:00:00.000000,2019-12-02 06:00:45.000000,2019-12-02 06:18:27.206741,2019-12-02 06:19:12.206741,2019-12-02 06:52:25.573320,2019-12-02 06:53:10.573320,2019-12-02 07:08:02.670031,Replace,8,43,48,0 days 00:00:45.000000000,0 days 00:18:27.206741000
5,2019-12-02 04:44:00.000000,2019-12-02 04:44:45.000000,2019-12-02 04:56:51.946776,2019-12-02 04:57:36.946776,2019-12-02 05:41:37.041412,2019-12-02 05:42:22.041412,2019-12-02 06:00:31.251717,Replace,8,43,48,0 days 00:00:45.000000000,0 days 00:12:51.946776000
6,2019-12-02 07:23:00.000000,2019-12-02 07:23:45.000000,2019-12-02 07:41:53.259341,2019-12-02 07:42:08.359171,,,,Onsite,8,43,48,0 days 00:00:45.000000000,0 days 00:18:23.359171000
7,2019-12-02 08:21:00.000000,2019-12-02 08:21:45.000000,2019-12-02 08:37:51.819026,2019-12-02 08:38:36.819026,2019-12-02 09:18:03.124164,2019-12-02 09:18:48.124164,2019-12-02 09:34:13.030061,Replace,8,43,48,0 days 00:00:45.000000000,0 days 00:16:51.819026000
8,2019-12-02 09:25:00.000000,2019-12-02 09:25:35.000000,2019-12-02 09:44:33.805908,2019-12-02 09:44:46.499264,,,,Onsite,8,43,48,0 days 00:00:35.000000000,0 days 00:19:11.499264000
9,2019-12-02 10:26:00.000000,2019-12-02 10:26:45.000000,2019-12-02 10:39:25.729924,2019-12-02 10:40:10.729924,2019-12-02 11:26:10.996189,2019-12-02 11:26:55.996189,2019-12-02 11:38:11.282247,Replace,8,43,48,0 days 00:00:45.000000000,0 days 00:13:25.729924000
10,2019-12-02 11:33:00.000000,2019-12-02 11:33:35.000000,2019-12-02 11:50:14.479468,2019-12-02 11:50:49.479468,2019-12-02 12:19:27.362861,2019-12-02 12:20:02.362861,2019-12-02 12:35:23.388509,Replace,8,43,48,0 days 00:00:35.000000000,0 days 00:17:14.479468000
11,2019-12-02 12:40:00.000000,2019-12-02 12:40:25.000000,2019-12-02 12:54:30.402846,2019-12-02 12:54:55.402846,2019-12-02 13:27:29.648528,2019-12-02 13:27:54.648528,2019-12-02 13:42:55.356178,Replace,8,43,48,0 days 00:00:25.000000000,0 days 00:14:30.402846000
12,2019-12-02 13:47:00.000000,2019-12-02 13:47:55.000000,2019-12-02 14:04:50.514518,2019-12-02 14:05:45.514518,2019-12-02 14:35:47.759802,2019-12-02 14:36:42.759802,2019-12-02 14:54:55.311921,Replace,8,43,48,0 days 00:00:55.000000000,0 days 00:17:50.514518000
13,2019-12-02 14:50:00.000000,2019-12-02 14:50:25.000000,2019-12-02 15:11:48.191706,2019-12-02 15:12:13.191706,2019-12-02 15:52:32.516372,2019-12-02 15:52:57.516372,2019-12-02 16:10:37.015471,Replace,8,43,48,0 days 00:00:25.000000000,0 days 00:21:48.191706000
14,2019-12-02 16:07:00.000000,2019-12-02 16:07:30.000000,2019-12-02 16:24:40.263048,2019-12-02 16:25:07.489848,,,,Onsite,8,43,48,0 days 00:00:30.000000000,0 days 00:17:37.489848000
15,2019-12-02 16:59:00.000000,2019-12-02 16:59:45.000000,2019-12-02 17:16:43.043625,2019-12-02 17:16:55.639023,,,,Onsite,8,43,48,0 days 00:00:45.000000000,0 days 00:17:10.639023000
16,2019-12-02 18:21:00.000000,2019-12-02 18:21:45.000000,2019-12-02 18:33:22.125037,2019-12-02 18:33:32.968508,,,,Onsite,8,43,48,0 days 00:00:45.000000000,0 days 00:11:47.968508000
17,2019-12-02 19:30:00.000000,2019-12-02 19:30:30.000000,2019-12-02 19:44:07.402692,2019-12-02 19:44:37.402692,2019-12-02 20:11:16.881733,2019-12-02 20:11:46.881733,2019-12-02 20:35:46.829298,Replace,8,43,48,0 days 00:00:30.000000000,0 days 00:14:07.402692000
18,2019-12-02 20:37:00.000000,2019-12-02 20:37:35.000000,2019-12-02 20:58:00.098263,2019-12-02 20:58:11.636150,,,,Onsite,8,43,48,0 days 00:00:35.000000000,0 days 00:20:36.636150000
0,2019-12-02 01:12:00.000000,2019-12-02 00:00:35.000000,2019-12-02 00:11:31.016357,2019-12-02 00:12:06.016357,2019-12-02 01:10:03.251970,2019-12-02 01:10:38.251970,2019-12-02 01:23:00.096408,Replace,9,43,48,-1 days +22:48:35.000000000,0 days 00:11:31.016357000
1,2019-12-02 01:20:00.000000,2019-12-02 01:20:55.000000,2019-12-02 01:35:38.403405,2019-12-02 01:35:40.994358,,,,Onsite,9,43,48,0 days 00:00:55.000000000,0 days 00:14:45.994358000
2,2019-12-02 02:28:00.000000,2019-12-02 02:28:35.000000,2019-12-02 02:48:15.924181,2019-12-02 02:48:27.863551,,,,Onsite,9,43,48,0 days 00:00:35.000000000,0 days 00:19:52.863551000
3,2019-12-02 03:48:00.000000,2019-12-02 03:48:45.000000,2019-12-02 04:10:06.702550,2019-12-02 04:10:11.132588,,,,Onsite,9,43,48,0 days 00:00:45.000000000,0 days 00:21:26.132588000
4,2019-12-02 04:47:00.000000,2019-12-02 04:47:35.000000,2019-12-02 05:07:49.637373,2019-12-02 05:08:24.637373,2019-12-02 05:41:18.978901,2019-12-02 05:41:53.978901,2019-12-02 05:56:34.763970,Replace,9,43,48,0 days 00:00:35.000000000,0 days 00:20:49.637373000
5,2019-12-02 06:02:00.000000,2019-12-02 06:02:35.000000,2019-12-02 06:13:58.717377,2019-12-02 06:14:33.717377,2019-12-02 06:48:21.930951,2019-12-02 06:48:56.930951,2019-12-02 07:00:00.497673,Replace,9,43,48,0 days 00:00:35.000000000,0 days 00:11:58.717377000
6,2019-12-02 07:06:00.000000,2019-12-02 07:06:35.000000,2019-12-02 07:19:27.149759,2019-12-02 07:20:02.149759,2019-12-02 07:57:20.429229,2019-12-02 07:57:55.429229,2019-12-02 08:09:26.403908,Replace,9,43,48,0 days 00:00:35.000000000,0 days 00:13:27.149759000
7,2019-12-02 07:58:00.000000,2019-12-02 07:58:55.000000,2019-12-02 08:12:24.478579,2019-12-02 08:13:19.478579,2019-12-02 08:46:07.460603,2019-12-02 08:47:02.460603,2019-12-02 09:02:05.796120,Replace,9,43,48,0 days 00:00:55.000000000,0 days 00:14:24.478579000
8,2019-12-02 09:12:00.000000,2019-12-02 09:12:45.000000,2019-12-02 09:26:38.258130,2019-12-02 09:27:23.258130,2019-12-02 10:24:09.758904,2019-12-02 10:24:54.758904,2019-12-02 10:41:00.634770,Replace,9,43,48,0 days 00:00:45.000000000,0 days 00:14:38.258130000
9,2019-12-02 10:07:00.000000,2019-12-02 10:07:25.000000,2019-12-02 10:24:48.858967,2019-12-02 10:25:08.740539,,,,Onsite,9,43,48,0 days 00:00:25.000000000,0 days 00:17:43.740539000
10,2019-12-02 11:25:00.000000,2019-12-02 11:25:45.000000,2019-12-02 11:44:51.143616,2019-12-02 11:45:36.143616,2019-12-02 12:22:17.443921,2019-12-02 12:23:02.443921,2019-12-02 12:44:28.067605,Replace,9,43,48,0 days 00:00:45.000000000,0 days 00:19:51.143616000
11,2019-12-02 12:30:00.000000,2019-12-02 12:30:50.000000,2019-12-02 12:47:35.251793,2019-12-02 12:48:25.251793,2019-12-02 13:17:26.777287,2019-12-02 13:18:16.777287,2019-12-02 13:33:20.466298,Replace,9,43,48,0 days 00:00:50.000000000,0 days 00:17:35.251793000
12,2019-12-02 14:03:00.000000,2019-12-02 14:03:35.000000,2019-12-02 14:17:56.742482,2019-12-02 14:18:31.742482,2019-12-02 14:52:39.245956,2019-12-02 14:53:14.245956,2019-12-02 15:11:20.884241,Replace,9,43,48,0 days 00:00:35.000000000,0 days 00:14:56.742482000
13,2019-12-02 15:15:00.000000,2019-12-02 15:15:55.000000,2019-12-02 15:29:20.521766,2019-12-02 15:30:15.521766,2019-12-02 15:59:31.730739,2019-12-02 16:00:26.730739,2019-12-02 16:17:41.888273,Replace,9,43,48,0 days 00:00:55.000000000,0 days 00:14:20.521766000
14,2019-12-02 16:17:00.000000,2019-12-02 16:17:55.000000,2019-12-02 16:36:33.931831,2019-12-02 16:37:28.931831,2019-12-02 17:08:40.920693,2019-12-02 17:09:35.920693,2019-12-02 17:26:19.874468,Replace,9,43,48,0 days 00:00:55.000000000,0 days 00:19:33.931831000
15,2019-12-02 17:13:00.000000,2019-12-02 17:13:55.000000,2019-12-02 17:28:18.510647,2019-12-02 17:28:55.551353,,,,Onsite,9,43,48,0 days 00:00:55.000000000,0 days 00:15:00.551353000
16,2019-12-02 18:44:00.000000,2019-12-02 18:44:55.000000,2019-12-02 19:05:06.868734,2019-12-02 19:05:24.266723,,,,Onsite,9,43,48,0 days 00:00:55.000000000,0 days 00:20:29.266723000
17,2019-12-02 19:57:00.000000,2019-12-02 19:57:35.000000,2019-12-02 20:16:53.316293,2019-12-02 20:17:05.201181,,,,Onsite,9,43,48,0 days 00:00:35.000000000,0 days 00:19:30.201181000
18,2019-12-02 22:00:00.000000,2019-12-02 22:00:45.000000,2019-12-02 22:13:28.730299,2019-12-02 22:13:51.070215,,,,Onsite,9,43,48,0 days 00:00:45.000000000,0 days 00:13:06.070215000
19,2019-12-02 21:01:00.000000,2019-12-02 21:01:35.000000,2019-12-02 21:20:19.959384,2019-12-02 21:20:54.959384,2019-12-02 21:59:52.681774,2019-12-02 22:00:27.681774,2019-12-02 22:12:53.524381,Replace,9,43,48,0 days 00:00:35.000000000,0 days 00:19:19.959384000
0,2019-12-02 01:14:00.000000,2019-12-02 00:00:25.000000,2019-12-02 00:19:40.897850,2019-12-02 00:20:05.897850,2019-12-02 00:55:48.313751,2019-12-02 00:56:13.313751,2019-12-02 01:07:26.288976,Replace,1,43,49,-1 days +22:46:25.000000000,0 days 00:19:40.897850000
1,2019-12-02 01:13:00.000000,2019-12-02 01:13:35.000000,2019-12-02 01:37:23.182333,2019-12-02 01:37:58.182333,2019-12-02 02:22:20.235511,2019-12-02 02:22:55.235511,2019-12-02 02:39:40.723202,Replace,1,43,49,0 days 00:00:35.000000000,0 days 00:24:23.182333000
2,2019-12-02 02:17:00.000000,2019-12-02 02:17:35.000000,2019-12-02 02:30:06.131619,2019-12-02 02:30:41.131619,2019-12-02 03:11:26.892924,2019-12-02 03:12:01.892924,2019-12-02 03:32:17.501773,Replace,1,43,49,0 days 00:00:35.000000000,0 days 00:13:06.131619000
3,2019-12-02 04:16:00.000000,2019-12-02 04:16:45.000000,2019-12-02 04:31:50.130091,2019-12-02 04:32:35.130091,2019-12-02 05:06:01.542329,2019-12-02 05:06:46.542329,2019-12-02 05:23:38.504191,Replace,1,43,49,0 days 00:00:45.000000000,0 days 00:15:50.130091000
4,2019-12-02 03:10:00.000000,2019-12-02 03:10:35.000000,2019-12-02 03:25:34.090046,2019-12-02 03:26:09.090046,2019-12-02 04:01:05.929421,2019-12-02 04:01:40.929421,2019-12-02 04:16:36.457630,Replace,1,43,49,0 days 00:00:35.000000000,0 days 00:15:34.090046000
5,2019-12-02 05:34:00.000000,2019-12-02 05:34:25.000000,2019-12-02 05:52:04.082799,2019-12-02 05:52:29.082799,2019-12-02 06:37:01.722498,2019-12-02 06:37:26.722498,2019-12-02 07:01:20.774352,Replace,1,43,49,0 days 00:00:25.000000000,0 days 00:18:04.082799000
6,2019-12-02 06:54:00.000000,2019-12-02 06:54:50.000000,2019-12-02 07:09:54.931423,2019-12-02 07:09:58.504900,,,,Onsite,1,43,49,0 days 00:00:50.000000000,0 days 00:15:08.504900000
7,2019-12-02 08:10:00.000000,2019-12-02 08:10:25.000000,2019-12-02 08:24:13.433978,2019-12-02 08:24:38.433978,2019-12-02 08:52:02.742947,2019-12-02 08:52:27.742947,2019-12-02 09:13:51.872053,Replace,1,43,49,0 days 00:00:25.000000000,0 days 00:14:13.433978000
8,2019-12-02 09:17:00.000000,2019-12-02 09:17:50.000000,2019-12-02 09:35:29.101100,2019-12-02 09:36:19.101100,2019-12-02 10:07:10.389374,2019-12-02 10:08:00.389374,2019-12-02 10:22:08.691643,Replace,1,43,49,0 days 00:00:50.000000000,0 days 00:18:29.101100000
9,2019-12-02 10:19:00.000000,2019-12-02 10:19:45.000000,2019-12-02 10:31:15.423005,2019-12-02 10:32:00.423005,2019-12-02 11:06:46.134431,2019-12-02 11:07:31.134431,2019-12-02 11:24:37.642050,Replace,1,43,49,0 days 00:00:45.000000000,0 days 00:12:15.423005000
10,2019-12-02 11:21:00.000000,2019-12-02 11:21:35.000000,2019-12-02 11:35:19.780965,2019-12-02 11:35:29.682096,,,,Onsite,1,43,49,0 days 00:00:35.000000000,0 days 00:13:54.682096000
11,2019-12-02 12:37:00.000000,2019-12-02 12:37:45.000000,2019-12-02 12:53:50.038086,2019-12-02 12:53:58.003737,,,,Onsite,1,43,49,0 days 00:00:45.000000000,0 days 00:16:13.003737000
12,2019-12-02 13:58:00.000000,2019-12-02 13:58:25.000000,2019-12-02 14:17:34.710695,2019-12-02 14:17:59.710695,2019-12-02 14:46:55.282772,2019-12-02 14:47:20.282772,2019-12-02 15:04:30.794027,Replace,1,43,49,0 days 00:00:25.000000000,0 days 00:19:34.710695000
13,2019-12-02 14:55:00.000000,2019-12-02 14:55:30.000000,2019-12-02 15:11:46.123706,2019-12-02 15:11:58.517164,,,,Onsite,1,43,49,0 days 00:00:30.000000000,0 days 00:16:28.517164000
14,2019-12-02 16:10:00.000000,2019-12-02 16:10:25.000000,2019-12-02 16:24:24.805384,2019-12-02 16:24:49.805384,2019-12-02 16:51:14.700234,2019-12-02 16:51:39.700234,2019-12-02 17:11:42.600156,Replace,1,43,49,0 days 00:00:25.000000000,0 days 00:14:24.805384000
15,2019-12-02 17:15:00.000000,2019-12-02 17:15:25.000000,2019-12-02 17:35:41.592931,2019-12-02 17:36:06.592931,2019-12-02 18:17:22.446706,2019-12-02 18:17:47.446706,2019-12-02 18:33:09.461205,Replace,1,43,49,0 days 00:00:25.000000000,0 days 00:20:41.592931000
16,2019-12-02 18:15:00.000000,2019-12-02 18:15:35.000000,2019-12-02 18:35:45.014812,2019-12-02 18:36:20.014812,2019-12-02 19:14:52.581446,2019-12-02 19:15:27.581446,2019-12-02 19:35:05.859270,Replace,1,43,49,0 days 00:00:35.000000000,0 days 00:20:45.014812000
17,2019-12-02 19:28:00.000000,2019-12-02 19:28:35.000000,2019-12-02 19:42:53.962245,2019-12-02 19:43:28.962245,2019-12-02 20:11:54.696778,2019-12-02 20:12:29.696778,2019-12-02 20:25:14.252002,Replace,1,43,49,0 days 00:00:35.000000000,0 days 00:14:53.962245000
18,2019-12-02 20:13:00.000000,2019-12-02 20:13:25.000000,2019-12-02 20:26:06.136067,2019-12-02 20:26:31.136067,2019-12-02 20:59:06.946358,2019-12-02 20:59:31.946358,2019-12-02 21:17:54.384177,Replace,1,43,49,0 days 00:00:25.000000000,0 days 00:13:06.136067000
19,2019-12-02 21:28:00.000000,2019-12-02 21:28:55.000000,2019-12-02 21:48:21.945289,2019-12-02 21:49:16.945289,2019-12-02 22:21:56.456801,2019-12-02 22:22:51.456801,2019-12-02 22:39:31.133340,Replace,1,43,49,0 days 00:00:55.000000000,0 days 00:20:21.945289000
20,2019-12-02 22:36:00.000000,2019-12-02 22:36:55.000000,2019-12-02 22:50:31.018232,2019-12-02 22:50:48.228720,,,,Onsite,1,43,49,0 days 00:00:55.000000000,0 days 00:13:53.228720000
0,2019-12-02 01:05:00.000000,2019-12-02 00:00:35.000000,2019-12-02 00:23:43.941559,2019-12-02 00:24:06.262885,,,,Onsite,2,43,49,-1 days +22:55:35.000000000,0 days 00:23:31.262885000
1,2019-12-02 01:06:00.000000,2019-12-02 01:06:50.000000,2019-12-02 01:22:41.917642,2019-12-02 01:22:58.362569,,,,Onsite,2,43,49,0 days 00:00:50.000000000,0 days 00:16:08.362569000
2,2019-12-02 02:14:00.000000,2019-12-02 02:14:45.000000,2019-12-02 02:28:15.655222,2019-12-02 02:29:00.655222,2019-12-02 03:06:09.324064,2019-12-02 03:06:54.324064,2019-12-02 03:23:42.569677,Replace,2,43,49,0 days 00:00:45.000000000,0 days 00:14:15.655222000
3,2019-12-02 03:24:00.000000,2019-12-02 03:24:45.000000,2019-12-02 03:48:10.109520,2019-12-02 03:48:55.109520,2019-12-02 04:22:16.840753,2019-12-02 04:23:01.840753,2019-12-02 04:37:15.863195,Replace,2,43,49,0 days 00:00:45.000000000,0 days 00:24:10.109520000
4,2019-12-02 04:27:00.000000,2019-12-02 04:27:35.000000,2019-12-02 04:45:41.712373,2019-12-02 04:45:52.584426,,,,Onsite,2,43,49,0 days 00:00:35.000000000,0 days 00:18:17.584426000
5,2019-12-02 05:27:00.000000,2019-12-02 05:27:45.000000,2019-12-02 05:44:59.683787,2019-12-02 05:45:44.683787,2019-12-02 06:16:49.567041,2019-12-02 06:17:34.567041,2019-12-02 06:35:57.312201,Replace,2,43,49,0 days 00:00:45.000000000,0 days 00:17:59.683787000
6,2019-12-02 06:26:00.000000,2019-12-02 06:26:45.000000,2019-12-02 06:43:43.052177,2019-12-02 06:44:28.052177,2019-12-02 07:29:58.300929,2019-12-02 07:30:43.300929,2019-12-02 07:49:55.404149,Replace,2,43,49,0 days 00:00:45.000000000,0 days 00:17:43.052177000
7,2019-12-02 07:44:00.000000,2019-12-02 07:44:25.000000,2019-12-02 07:59:54.079085,2019-12-02 08:00:19.079085,2019-12-02 08:36:20.500329,2019-12-02 08:36:45.500329,2019-12-02 08:53:13.508474,Replace,2,43,49,0 days 00:00:25.000000000,0 days 00:15:54.079085000
8,2019-12-02 08:51:00.000000,2019-12-02 08:51:50.000000,2019-12-02 09:11:46.195571,2019-12-02 09:12:36.195571,2019-12-02 09:54:39.534077,2019-12-02 09:55:29.534077,2019-12-02 10:11:33.335899,Replace,2,43,49,0 days 00:00:50.000000000,0 days 00:20:46.195571000
9,2019-12-02 09:46:00.000000,2019-12-02 09:46:50.000000,2019-12-02 09:59:38.172015,2019-12-02 10:00:28.172015,2019-12-02 10:38:38.461402,2019-12-02 10:39:28.461402,2019-12-02 10:57:28.267602,Replace,2,43,49,0 days 00:00:50.000000000,0 days 00:13:38.172015000
10,2019-12-02 10:45:00.000000,2019-12-02 10:45:45.000000,2019-12-02 11:04:13.412649,2019-12-02 11:04:58.412649,2019-12-02 11:32:17.086438,2019-12-02 11:33:02.086438,2019-12-02 11:50:29.720507,Replace,2,43,49,0 days 00:00:45.000000000,0 days 00:19:13.412649000
11,2019-12-02 12:04:00.000000,2019-12-02 12:04:25.000000,2019-12-02 12:15:23.290466,2019-12-02 12:15:48.290466,2019-12-02 12:56:45.922815,2019-12-02 12:57:10.922815,2019-12-02 13:19:27.602531,Replace,2,43,49,0 days 00:00:25.000000000,0 days 00:11:23.290466000
12,2019-12-02 13:35:00.000000,2019-12-02 13:35:25.000000,2019-12-02 13:49:35.990691,2019-12-02 13:50:00.990691,2019-12-02 14:43:57.623530,2019-12-02 14:44:22.623530,2019-12-02 15:00:33.823249,Replace,2,43,49,0 days 00:00:25.000000000,0 days 00:14:35.990691000
13,2019-12-02 14:53:00.000000,2019-12-02 14:53:30.000000,2019-12-02 15:13:07.598416,2019-12-02 15:13:37.598416,2019-12-02 15:59:59.391186,2019-12-02 16:00:29.391186,2019-12-02 16:20:29.904639,Replace,2,43,49,0 days 00:00:30.000000000,0 days 00:20:07.598416000
14,2019-12-02 16:03:00.000000,2019-12-02 16:03:35.000000,2019-12-02 16:18:28.120393,2019-12-02 16:18:38.540110,,,,Onsite,2,43,49,0 days 00:00:35.000000000,0 days 00:15:03.540110000
15,2019-12-02 17:06:00.000000,2019-12-02 17:06:25.000000,2019-12-02 17:20:05.388787,2019-12-02 17:20:30.388787,2019-12-02 17:56:25.128664,2019-12-02 17:56:50.128664,2019-12-02 18:12:19.378892,Replace,2,43,49,0 days 00:00:25.000000000,0 days 00:14:05.388787000
16,2019-12-02 18:20:00.000000,2019-12-02 18:20:30.000000,2019-12-02 18:37:37.837242,2019-12-02 18:37:55.549821,,,,Onsite,2,43,49,0 days 00:00:30.000000000,0 days 00:17:25.549821000
17,2019-12-02 19:30:00.000000,2019-12-02 19:30:50.000000,2019-12-02 19:47:04.434165,2019-12-02 19:47:21.226285,,,,Onsite,2,43,49,0 days 00:00:50.000000000,0 days 00:16:31.226285000
18,2019-12-02 20:48:00.000000,2019-12-02 20:48:35.000000,2019-12-02 21:02:17.675065,2019-12-02 21:02:52.675065,2019-12-02 21:27:50.980938,2019-12-02 21:28:25.980938,2019-12-02 21:42:22.246764,Replace,2,43,49,0 days 00:00:35.000000000,0 days 00:14:17.675065000
0,2019-12-02 01:04:00.000000,2019-12-02 00:00:30.000000,2019-12-02 00:15:14.002832,2019-12-02 00:15:44.002832,2019-12-02 00:47:38.920531,2019-12-02 00:48:08.920531,2019-12-02 01:10:13.983897,Replace,3,43,49,-1 days +22:56:30.000000000,0 days 00:15:14.002832000
1,2019-12-02 01:11:00.000000,2019-12-02 01:11:55.000000,2019-12-02 01:27:46.921808,2019-12-02 01:28:41.921808,2019-12-02 02:06:46.349426,2019-12-02 02:07:41.349426,2019-12-02 02:26:48.682154,Replace,3,43,49,0 days 00:00:55.000000000,0 days 00:16:46.921808000
2,2019-12-02 02:11:00.000000,2019-12-02 02:11:55.000000,2019-12-02 02:23:49.069673,2019-12-02 02:24:44.069673,2019-12-02 02:55:28.382820,2019-12-02 02:56:23.382820,2019-12-02 03:12:28.978676,Replace,3,43,49,0 days 00:00:55.000000000,0 days 00:12:49.069673000
3,2019-12-02 03:08:00.000000,2019-12-02 03:08:45.000000,2019-12-02 03:21:38.377615,2019-12-02 03:22:23.377615,2019-12-02 04:11:21.046271,2019-12-02 04:12:06.046271,2019-12-02 04:31:02.193630,Replace,3,43,49,0 days 00:00:45.000000000,0 days 00:13:38.377615000
4,2019-12-02 04:14:00.000000,2019-12-02 04:14:45.000000,2019-12-02 04:27:30.104204,2019-12-02 04:28:04.853447,,,,Onsite,3,43,49,0 days 00:00:45.000000000,0 days 00:13:19.853447000
5,2019-12-02 05:25:00.000000,2019-12-02 05:25:45.000000,2019-12-02 05:41:37.204105,2019-12-02 05:42:22.204105,2019-12-02 06:02:29.951700,2019-12-02 06:03:14.951700,2019-12-02 06:19:02.463629,Replace,3,43,49,0 days 00:00:45.000000000,0 days 00:16:37.204105000
6,2019-12-02 06:37:00.000000,2019-12-02 06:37:35.000000,2019-12-02 06:53:02.361706,2019-12-02 06:53:12.352162,,,,Onsite,3,43,49,0 days 00:00:35.000000000,0 days 00:15:37.352162000
7,2019-12-02 07:47:00.000000,2019-12-02 07:47:25.000000,2019-12-02 08:08:51.646289,2019-12-02 08:09:16.646289,2019-12-02 08:42:02.890090,2019-12-02 08:42:27.890090,2019-12-02 09:03:36.638409,Replace,3,43,49,0 days 00:00:25.000000000,0 days 00:21:51.646289000
8,2019-12-02 08:50:00.000000,2019-12-02 08:50:55.000000,2019-12-02 09:10:58.340737,2019-12-02 09:11:53.340737,2019-12-02 09:46:32.004786,2019-12-02 09:47:27.004786,2019-12-02 10:03:13.127111,Replace,3,43,49,0 days 00:00:55.000000000,0 days 00:20:58.340737000
9,2019-12-02 09:58:00.000000,2019-12-02 09:58:45.000000,2019-12-02 10:17:13.648052,2019-12-02 10:17:25.064912,,,,Onsite,3,43,49,0 days 00:00:45.000000000,0 days 00:18:40.064912000
10,2019-12-02 10:57:00.000000,2019-12-02 10:57:30.000000,2019-12-02 11:13:55.385000,2019-12-02 11:14:16.001064,,,,Onsite,3,43,49,0 days 00:00:30.000000000,0 days 00:16:46.001064000
11,2019-12-02 12:07:00.000000,2019-12-02 12:07:45.000000,2019-12-02 12:20:27.509197,2019-12-02 12:21:12.509197,2019-12-02 13:06:39.611585,2019-12-02 13:07:24.611585,2019-12-02 13:28:22.693267,Replace,3,43,49,0 days 00:00:45.000000000,0 days 00:13:27.509197000
12,2019-12-02 13:06:00.000000,2019-12-02 13:06:25.000000,2019-12-02 13:23:57.756152,2019-12-02 13:24:04.101167,,,,Onsite,3,43,49,0 days 00:00:25.000000000,0 days 00:17:39.101167000
13,2019-12-02 14:26:00.000000,2019-12-02 14:26:45.000000,2019-12-02 14:46:45.218385,2019-12-02 14:46:54.375130,,,,Onsite,3,43,49,0 days 00:00:45.000000000,0 days 00:20:09.375130000
14,2019-12-02 15:29:00.000000,2019-12-02 15:29:45.000000,2019-12-02 15:48:55.831760,2019-12-02 15:49:40.831760,2019-12-02 16:27:58.371424,2019-12-02 16:28:43.371424,2019-12-02 16:51:13.547610,Replace,3,43,49,0 days 00:00:45.000000000,0 days 00:19:55.831760000
15,2019-12-02 16:48:00.000000,2019-12-02 16:48:35.000000,2019-12-02 17:04:40.953302,2019-12-02 17:05:03.139785,,,,Onsite,3,43,49,0 days 00:00:35.000000000,0 days 00:16:28.139785000
16,2019-12-02 17:44:00.000000,2019-12-02 17:44:55.000000,2019-12-02 18:00:59.015854,2019-12-02 18:01:54.015854,2019-12-02 18:41:15.703846,2019-12-02 18:42:10.703846,2019-12-02 19:00:49.573937,Replace,3,43,49,0 days 00:00:55.000000000,0 days 00:16:59.015854000
17,2019-12-02 18:38:00.000000,2019-12-02 18:38:35.000000,2019-12-02 18:51:04.058497,2019-12-02 18:51:39.058497,2019-12-02 19:27:05.461592,2019-12-02 19:27:40.461592,2019-12-02 19:48:45.936653,Replace,3,43,49,0 days 00:00:35.000000000,0 days 00:13:04.058497000
18,2019-12-02 19:51:00.000000,2019-12-02 19:51:35.000000,2019-12-02 20:10:09.129485,2019-12-02 20:10:44.129485,2019-12-02 20:59:10.311535,2019-12-02 20:59:45.311535,2019-12-02 21:13:50.741922,Replace,3,43,49,0 days 00:00:35.000000000,0 days 00:19:09.129485000
19,2019-12-02 20:56:00.000000,2019-12-02 20:56:50.000000,2019-12-02 21:09:47.753610,2019-12-02 21:10:37.753610,2019-12-02 21:34:35.916756,2019-12-02 21:35:25.916756,2019-12-02 21:50:59.849699,Replace,3,43,49,0 days 00:00:50.000000000,0 days 00:13:47.753610000
20,2019-12-02 22:14:00.000000,2019-12-02 22:14:45.000000,2019-12-02 22:34:36.660735,2019-12-02 22:34:41.479497,,,,Onsite,3,43,49,0 days 00:00:45.000000000,0 days 00:19:56.479497000
0,2019-12-02 00:59:00.000000,2019-12-02 00:00:55.000000,2019-12-02 00:26:59.685722,2019-12-02 00:27:54.685722,2019-12-02 00:55:47.670003,2019-12-02 00:56:42.670003,2019-12-02 01:12:47.229619,Replace,4,43,49,-1 days +23:01:55.000000000,0 days 00:26:59.685722000
1,2019-12-02 01:01:00.000000,2019-12-02 01:01:55.000000,2019-12-02 01:20:10.533257,2019-12-02 01:20:19.443767,,,,Onsite,4,43,49,0 days 00:00:55.000000000,0 days 00:18:24.443767000
2,2019-12-02 01:58:00.000000,2019-12-02 01:58:35.000000,2019-12-02 02:17:36.155004,2019-12-02 02:18:11.155004,2019-12-02 03:15:50.880176,2019-12-02 03:16:25.880176,2019-12-02 03:33:46.938101,Replace,4,43,49,0 days 00:00:35.000000000,0 days 00:19:36.155004000
3,2019-12-02 03:11:00.000000,2019-12-02 03:11:50.000000,2019-12-02 03:29:59.086101,2019-12-02 03:30:49.086101,2019-12-02 04:01:31.266412,2019-12-02 04:02:21.266412,2019-12-02 04:16:39.347499,Replace,4,43,49,0 days 00:00:50.000000000,0 days 00:18:59.086101000
4,2019-12-02 04:19:00.000000,2019-12-02 04:19:25.000000,2019-12-02 04:35:38.295111,2019-12-02 04:36:03.295111,2019-12-02 05:19:31.332956,2019-12-02 05:19:56.332956,2019-12-02 05:33:34.267885,Replace,4,43,49,0 days 00:00:25.000000000,0 days 00:16:38.295111000
5,2019-12-02 05:21:00.000000,2019-12-02 05:21:55.000000,2019-12-02 05:40:05.550990,2019-12-02 05:40:12.257401,,,,Onsite,4,43,49,0 days 00:00:55.000000000,0 days 00:18:17.257401000
6,2019-12-02 06:35:00.000000,2019-12-02 06:35:30.000000,2019-12-02 06:57:18.796202,2019-12-02 06:57:48.796202,2019-12-02 07:45:38.591500,2019-12-02 07:46:08.591500,2019-12-02 08:08:14.370430,Replace,4,43,49,0 days 00:00:30.000000000,0 days 00:22:18.796202000
7,2019-12-02 07:50:00.000000,2019-12-02 07:50:45.000000,2019-12-02 08:01:37.497076,2019-12-02 08:02:03.385764,,,,Onsite,4,43,49,0 days 00:00:45.000000000,0 days 00:11:18.385764000
8,2019-12-02 08:58:00.000000,2019-12-02 08:58:55.000000,2019-12-02 09:12:57.032670,2019-12-02 09:13:04.015463,,,,Onsite,4,43,49,0 days 00:00:55.000000000,0 days 00:14:09.015463000
9,2019-12-02 10:02:00.000000,2019-12-02 10:02:25.000000,2019-12-02 10:21:29.214785,2019-12-02 10:21:54.214785,2019-12-02 10:42:54.439426,2019-12-02 10:43:19.439426,2019-12-02 11:01:52.700040,Replace,4,43,49,0 days 00:00:25.000000000,0 days 00:19:29.214785000
10,2019-12-02 11:14:00.000000,2019-12-02 11:14:30.000000,2019-12-02 11:36:03.974429,2019-12-02 11:36:10.105039,,,,Onsite,4,43,49,0 days 00:00:30.000000000,0 days 00:21:40.105039000
11,2019-12-02 12:23:00.000000,2019-12-02 12:23:55.000000,2019-12-02 12:40:41.990166,2019-12-02 12:40:47.933838,,,,Onsite,4,43,49,0 days 00:00:55.000000000,0 days 00:16:52.933838000
12,2019-12-02 13:36:00.000000,2019-12-02 13:36:45.000000,2019-12-02 13:56:50.242348,2019-12-02 13:57:00.593535,,,,Onsite,4,43,49,0 days 00:00:45.000000000,0 days 00:20:15.593535000
13,2019-12-02 15:09:00.000000,2019-12-02 15:09:55.000000,2019-12-02 15:25:12.379987,2019-12-02 15:26:07.379987,2019-12-02 16:04:17.649474,2019-12-02 16:05:12.649474,2019-12-02 16:22:55.391924,Replace,4,43,49,0 days 00:00:55.000000000,0 days 00:16:12.379987000
14,2019-12-02 16:14:00.000000,2019-12-02 16:14:30.000000,2019-12-02 16:30:15.032638,2019-12-02 16:30:45.032638,2019-12-02 17:16:31.045843,2019-12-02 17:17:01.045843,2019-12-02 17:32:02.603006,Replace,4,43,49,0 days 00:00:30.000000000,0 days 00:16:15.032638000
15,2019-12-02 17:26:00.000000,2019-12-02 17:26:55.000000,2019-12-02 17:43:43.478854,2019-12-02 17:43:48.412590,,,,Onsite,4,43,49,0 days 00:00:55.000000000,0 days 00:16:53.412590000
16,2019-12-02 18:42:00.000000,2019-12-02 18:42:50.000000,2019-12-02 19:01:29.205798,2019-12-02 19:02:19.205798,2019-12-02 19:54:54.087834,2019-12-02 19:55:44.087834,2019-12-02 20:15:57.317453,Replace,4,43,49,0 days 00:00:50.000000000,0 days 00:19:29.205798000
17,2019-12-02 20:56:00.000000,2019-12-02 20:56:35.000000,2019-12-02 21:10:39.009252,2019-12-02 21:10:53.372863,,,,Onsite,4,43,49,0 days 00:00:35.000000000,0 days 00:14:18.372863000
18,2019-12-02 19:51:00.000000,2019-12-02 19:51:30.000000,2019-12-02 20:07:38.795040,2019-12-02 20:08:08.795040,2019-12-02 20:55:43.382518,2019-12-02 20:56:13.382518,2019-12-02 21:14:41.036750,Replace,4,43,49,0 days 00:00:30.000000000,0 days 00:16:38.795040000
0,2019-12-02 01:16:00.000000,2019-12-02 00:00:55.000000,2019-12-02 00:17:17.295905,2019-12-02 00:17:23.770117,,,,Onsite,5,43,49,-1 days +22:44:55.000000000,0 days 00:16:28.770117000
1,2019-12-02 01:10:00.000000,2019-12-02 01:10:35.000000,2019-12-02 01:23:57.206342,2019-12-02 01:24:32.206342,2019-12-02 02:19:25.847576,2019-12-02 02:20:00.847576,2019-12-02 02:36:11.198669,Replace,5,43,49,0 days 00:00:35.000000000,0 days 00:13:57.206342000
2,2019-12-02 02:14:00.000000,2019-12-02 02:14:30.000000,2019-12-02 02:32:35.029142,2019-12-02 02:33:05.029142,2019-12-02 03:15:13.532101,2019-12-02 03:15:43.532101,2019-12-02 03:31:18.478436,Replace,5,43,49,0 days 00:00:30.000000000,0 days 00:18:35.029142000
3,2019-12-02 03:28:00.000000,2019-12-02 03:28:45.000000,2019-12-02 03:45:44.955509,2019-12-02 03:46:29.955509,2019-12-02 04:24:12.504287,2019-12-02 04:24:57.504287,2019-12-02 04:39:49.474349,Replace,5,43,49,0 days 00:00:45.000000000,0 days 00:17:44.955509000
4,2019-12-02 04:32:00.000000,2019-12-02 04:32:35.000000,2019-12-02 04:45:48.786583,2019-12-02 04:46:23.786583,2019-12-02 05:15:39.168265,2019-12-02 05:16:14.168265,2019-12-02 05:26:49.022680,Replace,5,43,49,0 days 00:00:35.000000000,0 days 00:13:48.786583000
5,2019-12-02 05:43:00.000000,2019-12-02 05:43:50.000000,2019-12-02 06:02:02.067596,2019-12-02 06:02:52.067596,2019-12-02 06:44:42.382494,2019-12-02 06:45:32.382494,2019-12-02 07:01:47.463998,Replace,5,43,49,0 days 00:00:50.000000000,0 days 00:19:02.067596000
6,2019-12-02 06:50:00.000000,2019-12-02 06:50:55.000000,2019-12-02 07:04:07.804416,2019-12-02 07:04:18.665262,,,,Onsite,5,43,49,0 days 00:00:55.000000000,0 days 00:13:23.665262000
7,2019-12-02 08:09:00.000000,2019-12-02 08:09:30.000000,2019-12-02 08:25:23.103780,2019-12-02 08:25:37.603401,,,,Onsite,5,43,49,0 days 00:00:30.000000000,0 days 00:16:07.603401000
8,2019-12-02 09:09:00.000000,2019-12-02 09:09:45.000000,2019-12-02 09:29:08.226316,2019-12-02 09:29:53.226316,2019-12-02 09:54:41.718800,2019-12-02 09:55:26.718800,2019-12-02 10:09:29.683877,Replace,5,43,49,0 days 00:00:45.000000000,0 days 00:20:08.226316000
9,2019-12-02 10:29:00.000000,2019-12-02 10:29:55.000000,2019-12-02 10:46:51.085386,2019-12-02 10:47:46.085386,2019-12-02 11:12:21.981168,2019-12-02 11:13:16.981168,2019-12-02 11:26:47.960373,Replace,5,43,49,0 days 00:00:55.000000000,0 days 00:17:51.085386000
10,2019-12-02 11:35:00.000000,2019-12-02 11:35:55.000000,2019-12-02 11:54:15.480366,2019-12-02 11:55:10.480366,2019-12-02 12:18:51.778000,2019-12-02 12:19:46.778000,2019-12-02 12:38:02.299723,Replace,5,43,49,0 days 00:00:55.000000000,0 days 00:19:15.480366000
11,2019-12-02 12:44:00.000000,2019-12-02 12:44:45.000000,2019-12-02 12:57:00.633437,2019-12-02 12:57:16.851337,,,,Onsite,5,43,49,0 days 00:00:45.000000000,0 days 00:12:31.851337000
12,2019-12-02 14:02:00.000000,2019-12-02 14:02:30.000000,2019-12-02 14:21:38.363690,2019-12-02 14:22:08.363690,2019-12-02 15:02:06.588554,2019-12-02 15:02:36.588554,2019-12-02 15:25:46.439733,Replace,5,43,49,0 days 00:00:30.000000000,0 days 00:19:38.363690000
13,2019-12-02 15:05:00.000000,2019-12-02 15:05:25.000000,2019-12-02 15:22:17.158853,2019-12-02 15:22:42.158853,2019-12-02 15:56:01.630747,2019-12-02 15:56:26.630747,2019-12-02 16:10:32.616685,Replace,5,43,49,0 days 00:00:25.000000000,0 days 00:17:17.158853000
14,2019-12-02 16:23:00.000000,2019-12-02 16:23:35.000000,2019-12-02 16:45:27.746218,2019-12-02 16:46:02.746218,2019-12-02 17:32:37.110336,2019-12-02 17:33:12.110336,2019-12-02 17:49:32.910042,Replace,5,43,49,0 days 00:00:35.000000000,0 days 00:22:27.746218000
15,2019-12-02 18:50:00.000000,2019-12-02 18:50:25.000000,2019-12-02 19:06:05.243368,2019-12-02 19:06:30.243368,2019-12-02 19:38:30.720828,2019-12-02 19:38:55.720828,2019-12-02 20:01:56.957564,Replace,5,43,49,0 days 00:00:25.000000000,0 days 00:16:05.243368000
16,2019-12-02 17:33:00.000000,2019-12-02 17:33:50.000000,2019-12-02 17:46:05.182557,2019-12-02 17:46:55.182557,2019-12-02 18:45:15.106593,2019-12-02 18:46:05.106593,2019-12-02 19:02:07.153736,Replace,5,43,49,0 days 00:00:50.000000000,0 days 00:13:05.182557000
17,2019-12-02 20:04:00.000000,2019-12-02 20:04:55.000000,2019-12-02 20:18:02.956986,2019-12-02 20:18:57.956986,2019-12-02 20:48:06.633081,2019-12-02 20:49:01.633081,2019-12-02 21:00:32.923832,Replace,5,43,49,0 days 00:00:55.000000000,0 days 00:14:02.956986000
18,2019-12-02 21:26:00.000000,2019-12-02 21:26:50.000000,2019-12-02 21:46:34.597462,2019-12-02 21:47:04.065336,,,,Onsite,5,43,49,0 days 00:00:50.000000000,0 days 00:20:14.065336000
19,2019-12-02 22:26:00.000000,2019-12-02 22:26:45.000000,2019-12-02 22:37:16.282929,2019-12-02 22:37:27.495682,,,,Onsite,5,43,49,0 days 00:00:45.000000000,0 days 00:10:42.495682000
0,2019-12-02 01:12:00.000000,2019-12-02 00:00:30.000000,2019-12-02 00:22:07.690738,2019-12-02 00:22:37.690738,2019-12-02 00:50:45.028209,2019-12-02 00:51:15.028209,2019-12-02 01:03:47.979009,Replace,6,43,49,-1 days +22:48:30.000000000,0 days 00:22:07.690738000
1,2019-12-02 01:21:00.000000,2019-12-02 01:21:50.000000,2019-12-02 01:34:57.083316,2019-12-02 01:35:47.083316,2019-12-02 02:12:37.039493,2019-12-02 02:13:27.039493,2019-12-02 02:30:15.199255,Replace,6,43,49,0 days 00:00:50.000000000,0 days 00:13:57.083316000
2,2019-12-02 02:36:00.000000,2019-12-02 02:36:30.000000,2019-12-02 02:47:46.056949,2019-12-02 02:48:14.466861,,,,Onsite,6,43,49,0 days 00:00:30.000000000,0 days 00:11:44.466861000
3,2019-12-02 04:27:00.000000,2019-12-02 04:27:45.000000,2019-12-02 04:41:13.041725,2019-12-02 04:41:29.349389,,,,Onsite,6,43,49,0 days 00:00:45.000000000,0 days 00:13:44.349389000
4,2019-12-02 03:28:00.000000,2019-12-02 03:28:35.000000,2019-12-02 03:44:36.514645,2019-12-02 03:45:11.514645,2019-12-02 04:27:42.361389,2019-12-02 04:28:17.361389,2019-12-02 04:48:21.931852,Replace,6,43,49,0 days 00:00:35.000000000,0 days 00:16:36.514645000
5,2019-12-02 05:29:00.000000,2019-12-02 05:29:45.000000,2019-12-02 05:48:31.690504,2019-12-02 05:49:16.690504,2019-12-02 06:16:55.082534,2019-12-02 06:17:40.082534,2019-12-02 06:39:52.855979,Replace,6,43,49,0 days 00:00:45.000000000,0 days 00:19:31.690504000
6,2019-12-02 06:28:00.000000,2019-12-02 06:28:45.000000,2019-12-02 06:42:52.426938,2019-12-02 06:43:10.372840,,,,Onsite,6,43,49,0 days 00:00:45.000000000,0 days 00:14:25.372840000
7,2019-12-02 07:41:00.000000,2019-12-02 07:41:55.000000,2019-12-02 07:57:47.381999,2019-12-02 07:57:59.945328,,,,Onsite,6,43,49,0 days 00:00:55.000000000,0 days 00:16:04.945328000
8,2019-12-02 08:52:00.000000,2019-12-02 08:52:45.000000,2019-12-02 09:05:22.512700,2019-12-02 09:05:39.503241,,,,Onsite,6,43,49,0 days 00:00:45.000000000,0 days 00:12:54.503241000
9,2019-12-02 09:58:00.000000,2019-12-02 09:58:45.000000,2019-12-02 10:15:13.263321,2019-12-02 10:15:22.834151,,,,Onsite,6,43,49,0 days 00:00:45.000000000,0 days 00:16:37.834151000
10,2019-12-02 10:58:00.000000,2019-12-02 10:58:30.000000,2019-12-02 11:07:25.507222,2019-12-02 11:07:40.037407,,,,Onsite,6,43,49,0 days 00:00:30.000000000,0 days 00:09:10.037407000
11,2019-12-02 11:56:00.000000,2019-12-02 11:56:55.000000,2019-12-02 12:13:37.617343,2019-12-02 12:14:32.617343,2019-12-02 12:50:10.086894,2019-12-02 12:51:05.086894,2019-12-02 13:06:04.418598,Replace,6,43,49,0 days 00:00:55.000000000,0 days 00:17:37.617343000
12,2019-12-02 12:56:00.000000,2019-12-02 12:56:30.000000,2019-12-02 13:15:51.144044,2019-12-02 13:16:02.586445,,,,Onsite,6,43,49,0 days 00:00:30.000000000,0 days 00:19:32.586445000
13,2019-12-02 14:02:00.000000,2019-12-02 14:02:35.000000,2019-12-02 14:22:25.687226,2019-12-02 14:23:00.687226,2019-12-02 15:10:41.304622,2019-12-02 15:11:16.304622,2019-12-02 15:25:50.838950,Replace,6,43,49,0 days 00:00:35.000000000,0 days 00:20:25.687226000
14,2019-12-02 15:13:00.000000,2019-12-02 15:13:45.000000,2019-12-02 15:30:38.050106,2019-12-02 15:30:52.523183,,,,Onsite,6,43,49,0 days 00:00:45.000000000,0 days 00:17:07.523183000
15,2019-12-02 16:11:00.000000,2019-12-02 16:11:25.000000,2019-12-02 16:28:32.149629,2019-12-02 16:28:52.065170,,,,Onsite,6,43,49,0 days 00:00:25.000000000,0 days 00:17:27.065170000
16,2019-12-02 17:30:00.000000,2019-12-02 17:30:30.000000,2019-12-02 17:44:09.088484,2019-12-02 17:44:21.728386,,,,Onsite,6,43,49,0 days 00:00:30.000000000,0 days 00:13:51.728386000
17,2019-12-02 18:41:00.000000,2019-12-02 18:41:35.000000,2019-12-02 19:01:24.419652,2019-12-02 19:01:59.419652,2019-12-02 19:51:35.751529,2019-12-02 19:52:10.751529,2019-12-02 20:04:01.922902,Replace,6,43,49,0 days 00:00:35.000000000,0 days 00:20:24.419652000
18,2019-12-02 19:56:00.000000,2019-12-02 19:56:25.000000,2019-12-02 20:12:42.851103,2019-12-02 20:13:05.810370,,,,Onsite,6,43,49,0 days 00:00:25.000000000,0 days 00:16:40.810370000
19,2019-12-02 21:13:00.000000,2019-12-02 21:13:25.000000,2019-12-02 21:28:16.345717,2019-12-02 21:28:41.345717,2019-12-02 22:16:10.808437,2019-12-02 22:16:35.808437,2019-12-02 22:38:31.103433,Replace,6,43,49,0 days 00:00:25.000000000,0 days 00:15:16.345717000
20,2019-12-02 22:27:00.000000,2019-12-02 22:27:25.000000,2019-12-02 22:40:59.798447,2019-12-02 22:41:09.986068,,,,Onsite,6,43,49,0 days 00:00:25.000000000,0 days 00:13:44.986068000
0,2019-12-02 01:05:00.000000,2019-12-02 00:00:25.000000,2019-12-02 00:23:04.576804,2019-12-02 00:23:29.576804,2019-12-02 01:16:28.681075,2019-12-02 01:16:53.681075,2019-12-02 01:33:02.342385,Replace,7,43,49,-1 days +22:55:25.000000000,0 days 00:23:04.576804000
1,2019-12-02 02:05:00.000000,2019-12-02 02:05:55.000000,2019-12-02 02:24:19.252113,2019-12-02 02:25:14.252113,2019-12-02 02:57:22.874060,2019-12-02 02:58:17.874060,2019-12-02 03:18:17.965106,Replace,7,43,49,0 days 00:00:55.000000000,0 days 00:19:19.252113000
2,2019-12-02 01:13:00.000000,2019-12-02 01:13:25.000000,2019-12-02 01:30:27.857260,2019-12-02 01:30:52.857260,2019-12-02 02:05:45.659776,2019-12-02 02:06:10.659776,2019-12-02 02:29:25.655735,Replace,7,43,49,0 days 00:00:25.000000000,0 days 00:17:27.857260000
3,2019-12-02 03:32:00.000000,2019-12-02 03:32:45.000000,2019-12-02 03:44:04.375859,2019-12-02 03:44:16.581216,,,,Onsite,7,43,49,0 days 00:00:45.000000000,0 days 00:11:31.581216000
4,2019-12-02 04:36:00.000000,2019-12-02 04:36:55.000000,2019-12-02 04:54:28.524997,2019-12-02 04:55:23.524997,2019-12-02 05:47:25.435200,2019-12-02 05:48:20.435200,2019-12-02 06:07:06.190629,Replace,7,43,49,0 days 00:00:55.000000000,0 days 00:18:28.524997000
5,2019-12-02 05:45:00.000000,2019-12-02 05:45:50.000000,2019-12-02 06:01:53.312990,2019-12-02 06:02:43.312990,2019-12-02 06:30:12.448405,2019-12-02 06:31:02.448405,2019-12-02 06:49:30.307401,Replace,7,43,49,0 days 00:00:50.000000000,0 days 00:16:53.312990000
6,2019-12-02 06:50:00.000000,2019-12-02 06:50:45.000000,2019-12-02 07:05:00.271172,2019-12-02 07:05:21.289793,,,,Onsite,7,43,49,0 days 00:00:45.000000000,0 days 00:14:36.289793000
7,2019-12-02 07:56:00.000000,2019-12-02 07:56:25.000000,2019-12-02 08:11:41.129123,2019-12-02 08:12:06.129123,2019-12-02 08:47:23.544410,2019-12-02 08:47:48.544410,2019-12-02 09:07:05.224794,Replace,7,43,49,0 days 00:00:25.000000000,0 days 00:15:41.129123000
8,2019-12-02 08:57:00.000000,2019-12-02 08:57:55.000000,2019-12-02 09:13:34.635168,2019-12-02 09:14:29.635168,2019-12-02 09:49:57.603291,2019-12-02 09:50:52.603291,2019-12-02 10:11:02.978869,Replace,7,43,49,0 days 00:00:55.000000000,0 days 00:16:34.635168000
9,2019-12-02 11:14:00.000000,2019-12-02 11:14:45.000000,2019-12-02 11:35:04.443727,2019-12-02 11:35:49.443727,2019-12-02 12:09:13.300105,2019-12-02 12:09:58.300105,2019-12-02 12:26:34.228515,Replace,7,43,49,0 days 00:00:45.000000000,0 days 00:21:04.443727000
10,2019-12-02 09:58:00.000000,2019-12-02 09:58:30.000000,2019-12-02 10:15:58.624926,2019-12-02 10:16:28.624926,2019-12-02 10:59:04.243812,2019-12-02 10:59:34.243812,2019-12-02 11:14:41.799226,Replace,7,43,49,0 days 00:00:30.000000000,0 days 00:17:58.624926000
11,2019-12-02 12:30:00.000000,2019-12-02 12:30:30.000000,2019-12-02 12:44:52.455478,2019-12-02 12:45:22.455478,2019-12-02 13:17:21.581182,2019-12-02 13:17:51.581182,2019-12-02 13:32:50.972195,Replace,7,43,49,0 days 00:00:30.000000000,0 days 00:14:52.455478000
12,2019-12-02 13:27:00.000000,2019-12-02 13:27:45.000000,2019-12-02 13:41:34.950098,2019-12-02 13:41:55.815170,,,,Onsite,7,43,49,0 days 00:00:45.000000000,0 days 00:14:10.815170000
13,2019-12-02 14:35:00.000000,2019-12-02 14:35:45.000000,2019-12-02 14:52:17.860792,2019-12-02 14:52:29.873855,,,,Onsite,7,43,49,0 days 00:00:45.000000000,0 days 00:16:44.873855000
14,2019-12-02 15:38:00.000000,2019-12-02 15:38:55.000000,2019-12-02 15:52:02.001113,2019-12-02 15:52:14.227536,,,,Onsite,7,43,49,0 days 00:00:55.000000000,0 days 00:13:19.227536000
15,2019-12-02 16:55:00.000000,2019-12-02 16:55:45.000000,2019-12-02 17:08:30.611128,2019-12-02 17:09:15.611128,2019-12-02 17:35:29.721878,2019-12-02 17:36:14.721878,2019-12-02 17:52:18.534209,Replace,7,43,49,0 days 00:00:45.000000000,0 days 00:13:30.611128000
16,2019-12-02 18:04:00.000000,2019-12-02 18:04:35.000000,2019-12-02 18:24:16.425309,2019-12-02 18:24:51.425309,2019-12-02 18:54:37.969705,2019-12-02 18:55:12.969705,2019-12-02 19:09:52.543628,Replace,7,43,49,0 days 00:00:35.000000000,0 days 00:20:16.425309000
17,2019-12-02 19:12:00.000000,2019-12-02 19:12:45.000000,2019-12-02 19:32:51.629276,2019-12-02 19:33:16.315786,,,,Onsite,7,43,49,0 days 00:00:45.000000000,0 days 00:20:31.315786000
18,2019-12-02 20:11:00.000000,2019-12-02 20:11:45.000000,2019-12-02 20:23:59.688968,2019-12-02 20:24:18.127691,,,,Onsite,7,43,49,0 days 00:00:45.000000000,0 days 00:12:33.127691000
19,2019-12-02 21:14:00.000000,2019-12-02 21:14:50.000000,2019-12-02 21:33:13.103470,2019-12-02 21:33:31.618664,,,,Onsite,7,43,49,0 days 00:00:50.000000000,0 days 00:18:41.618664000
0,2019-12-02 01:01:00.000000,2019-12-02 00:00:50.000000,2019-12-02 00:16:54.448590,2019-12-02 00:16:57.238742,,,,Onsite,8,43,49,-1 days +22:59:50.000000000,0 days 00:16:07.238742000
1,2019-12-02 01:06:00.000000,2019-12-02 01:06:50.000000,2019-12-02 01:24:29.506171,2019-12-02 01:25:19.506171,2019-12-02 01:50:50.112030,2019-12-02 01:51:40.112030,2019-12-02 02:07:30.038933,Replace,8,43,49,0 days 00:00:50.000000000,0 days 00:18:29.506171000
2,2019-12-02 02:25:00.000000,2019-12-02 02:25:25.000000,2019-12-02 02:38:27.983127,2019-12-02 02:38:52.983127,2019-12-02 03:05:22.901394,2019-12-02 03:05:47.901394,2019-12-02 03:22:01.156922,Replace,8,43,49,0 days 00:00:25.000000000,0 days 00:13:27.983127000
3,2019-12-02 03:31:00.000000,2019-12-02 03:31:45.000000,2019-12-02 03:53:33.925503,2019-12-02 03:53:42.596028,,,,Onsite,8,43,49,0 days 00:00:45.000000000,0 days 00:21:57.596028000
4,2019-12-02 04:35:00.000000,2019-12-02 04:35:35.000000,2019-12-02 04:52:47.274695,2019-12-02 04:53:05.316127,,,,Onsite,8,43,49,0 days 00:00:35.000000000,0 days 00:17:30.316127000
5,2019-12-02 05:46:00.000000,2019-12-02 05:46:45.000000,2019-12-02 06:05:31.057574,2019-12-02 06:05:41.887584,,,,Onsite,8,43,49,0 days 00:00:45.000000000,0 days 00:18:56.887584000
6,2019-12-02 06:56:00.000000,2019-12-02 06:56:35.000000,2019-12-02 07:15:14.593917,2019-12-02 07:15:49.593917,2019-12-02 08:05:02.024627,2019-12-02 08:05:37.024627,2019-12-02 08:25:35.344730,Replace,8,43,49,0 days 00:00:35.000000000,0 days 00:19:14.593917000
7,2019-12-02 08:15:00.000000,2019-12-02 08:15:35.000000,2019-12-02 08:31:59.000560,2019-12-02 08:32:34.000560,2019-12-02 09:22:34.015857,2019-12-02 09:23:09.015857,2019-12-02 09:35:57.194460,Replace,8,43,49,0 days 00:00:35.000000000,0 days 00:16:59.000560000
8,2019-12-02 09:16:00.000000,2019-12-02 09:16:55.000000,2019-12-02 09:35:43.038917,2019-12-02 09:36:38.038917,2019-12-02 10:06:46.430868,2019-12-02 10:07:41.430868,2019-12-02 10:22:46.675380,Replace,8,43,49,0 days 00:00:55.000000000,0 days 00:19:43.038917000
9,2019-12-02 10:19:00.000000,2019-12-02 10:19:45.000000,2019-12-02 10:35:55.929229,2019-12-02 10:36:00.753954,,,,Onsite,8,43,49,0 days 00:00:45.000000000,0 days 00:16:15.753954000
10,2019-12-02 11:31:00.000000,2019-12-02 11:31:45.000000,2019-12-02 11:49:37.308206,2019-12-02 11:50:22.308206,2019-12-02 12:25:40.662121,2019-12-02 12:26:25.662121,2019-12-02 12:43:58.424335,Replace,8,43,49,0 days 00:00:45.000000000,0 days 00:18:37.308206000
11,2019-12-02 12:44:00.000000,2019-12-02 12:44:45.000000,2019-12-02 12:58:29.843378,2019-12-02 12:59:14.843378,2019-12-02 13:39:36.967256,2019-12-02 13:40:21.967256,2019-12-02 13:52:40.386739,Replace,8,43,49,0 days 00:00:45.000000000,0 days 00:14:29.843378000
12,2019-12-02 14:00:00.000000,2019-12-02 14:00:30.000000,2019-12-02 14:14:01.773629,2019-12-02 14:14:13.519914,,,,Onsite,8,43,49,0 days 00:00:30.000000000,0 days 00:13:43.519914000
13,2019-12-02 15:15:00.000000,2019-12-02 15:15:55.000000,2019-12-02 15:37:23.433055,2019-12-02 15:38:18.433055,2019-12-02 16:03:33.231768,2019-12-02 16:04:28.231768,2019-12-02 16:22:47.932069,Replace,8,43,49,0 days 00:00:55.000000000,0 days 00:22:23.433055000
14,2019-12-02 16:19:00.000000,2019-12-02 16:19:45.000000,2019-12-02 16:34:52.957046,2019-12-02 16:35:37.957046,2019-12-02 17:15:55.083406,2019-12-02 17:16:40.083406,2019-12-02 17:33:53.414199,Replace,8,43,49,0 days 00:00:45.000000000,0 days 00:15:52.957046000
15,2019-12-02 17:23:00.000000,2019-12-02 17:23:45.000000,2019-12-02 17:46:24.637792,2019-12-02 17:46:42.235862,,,,Onsite,8,43,49,0 days 00:00:45.000000000,0 days 00:22:57.235862000
16,2019-12-02 18:22:00.000000,2019-12-02 18:22:45.000000,2019-12-02 18:38:23.140777,2019-12-02 18:39:08.140777,2019-12-02 19:12:10.324881,2019-12-02 19:12:55.324881,2019-12-02 19:33:19.107073,Replace,8,43,49,0 days 00:00:45.000000000,0 days 00:16:23.140777000
17,2019-12-02 19:23:00.000000,2019-12-02 19:23:35.000000,2019-12-02 19:37:06.678986,2019-12-02 19:37:32.722530,,,,Onsite,8,43,49,0 days 00:00:35.000000000,0 days 00:13:57.722530000
18,2019-12-02 20:37:00.000000,2019-12-02 20:37:45.000000,2019-12-02 20:56:38.504242,2019-12-02 20:57:03.852801,,,,Onsite,8,43,49,0 days 00:00:45.000000000,0 days 00:19:18.852801000
19,2019-12-02 21:48:00.000000,2019-12-02 21:48:35.000000,2019-12-02 22:05:18.968228,2019-12-02 22:05:34.830742,,,,Onsite,8,43,49,0 days 00:00:35.000000000,0 days 00:16:59.830742000
0,2019-12-02 00:48:00.000000,2019-12-02 00:00:30.000000,2019-12-02 00:09:07.025326,2019-12-02 00:09:37.082153,,,,Onsite,9,43,49,-1 days +23:12:30.000000000,0 days 00:09:07.082153000
1,2019-12-02 01:12:00.000000,2019-12-02 01:12:30.000000,2019-12-02 01:26:03.121763,2019-12-02 01:26:33.121763,2019-12-02 01:55:42.912474,2019-12-02 01:56:12.912474,2019-12-02 02:19:10.612935,Replace,9,43,49,0 days 00:00:30.000000000,0 days 00:14:03.121763000
2,2019-12-02 02:17:00.000000,2019-12-02 02:17:25.000000,2019-12-02 02:32:05.414334,2019-12-02 02:32:30.414334,2019-12-02 03:14:29.860261,2019-12-02 03:14:54.860261,2019-12-02 03:32:34.576635,Replace,9,43,49,0 days 00:00:25.000000000,0 days 00:15:05.414334000
3,2019-12-02 03:23:00.000000,2019-12-02 03:23:55.000000,2019-12-02 03:39:52.245280,2019-12-02 03:40:04.824050,,,,Onsite,9,43,49,0 days 00:00:55.000000000,0 days 00:16:09.824050000
4,2019-12-02 04:35:00.000000,2019-12-02 04:35:45.000000,2019-12-02 04:53:13.740567,2019-12-02 04:53:58.740567,2019-12-02 05:19:37.190452,2019-12-02 05:20:22.190452,2019-12-02 05:34:02.441118,Replace,9,43,49,0 days 00:00:45.000000000,0 days 00:18:13.740567000
5,2019-12-02 05:38:00.000000,2019-12-02 05:38:45.000000,2019-12-02 05:53:18.736188,2019-12-02 05:53:40.398372,,,,Onsite,9,43,49,0 days 00:00:45.000000000,0 days 00:14:55.398372000
6,2019-12-02 06:51:00.000000,2019-12-02 06:51:35.000000,2019-12-02 07:04:06.746515,2019-12-02 07:04:41.746515,2019-12-02 07:37:34.659519,2019-12-02 07:38:09.659519,2019-12-02 07:50:09.626750,Replace,9,43,49,0 days 00:00:35.000000000,0 days 00:13:06.746515000
7,2019-12-02 08:14:00.000000,2019-12-02 08:14:45.000000,2019-12-02 08:36:01.073893,2019-12-02 08:36:12.036403,,,,Onsite,9,43,49,0 days 00:00:45.000000000,0 days 00:21:27.036403000
8,2019-12-02 09:36:00.000000,2019-12-02 09:36:30.000000,2019-12-02 09:51:07.235748,2019-12-02 09:51:37.235748,2019-12-02 10:34:57.595631,2019-12-02 10:35:27.595631,2019-12-02 10:59:06.554180,Replace,9,43,49,0 days 00:00:30.000000000,0 days 00:15:07.235748000
9,2019-12-02 10:43:00.000000,2019-12-02 10:43:45.000000,2019-12-02 11:01:02.683266,2019-12-02 11:01:47.683266,2019-12-02 11:38:05.527272,2019-12-02 11:38:50.527272,2019-12-02 11:53:59.345795,Replace,9,43,49,0 days 00:00:45.000000000,0 days 00:18:02.683266000
10,2019-12-02 12:02:00.000000,2019-12-02 12:02:45.000000,2019-12-02 12:17:45.015527,2019-12-02 12:18:03.818642,,,,Onsite,9,43,49,0 days 00:00:45.000000000,0 days 00:15:18.818642000
11,2019-12-02 13:08:00.000000,2019-12-02 13:08:35.000000,2019-12-02 13:25:29.747942,2019-12-02 13:26:04.747942,2019-12-02 14:16:22.879948,2019-12-02 14:16:57.879948,2019-12-02 14:40:21.120714,Replace,9,43,49,0 days 00:00:35.000000000,0 days 00:17:29.747942000
12,2019-12-02 14:09:00.000000,2019-12-02 14:09:50.000000,2019-12-02 14:25:32.545775,2019-12-02 14:26:22.545775,2019-12-02 15:00:14.649744,2019-12-02 15:01:04.649744,2019-12-02 15:14:55.208656,Replace,9,43,49,0 days 00:00:50.000000000,0 days 00:16:32.545775000
13,2019-12-02 15:05:00.000000,2019-12-02 15:05:25.000000,2019-12-02 15:19:53.316767,2019-12-02 15:20:05.962333,,,,Onsite,9,43,49,0 days 00:00:25.000000000,0 days 00:14:40.962333000
14,2019-12-02 16:16:00.000000,2019-12-02 16:16:45.000000,2019-12-02 16:30:58.405289,2019-12-02 16:31:09.165001,,,,Onsite,9,43,49,0 days 00:00:45.000000000,0 days 00:14:24.165001000
15,2019-12-02 18:17:00.000000,2019-12-02 18:17:50.000000,2019-12-02 18:33:41.207545,2019-12-02 18:34:31.207545,2019-12-02 19:06:48.543702,2019-12-02 19:07:38.543702,2019-12-02 19:22:49.764473,Replace,9,43,49,0 days 00:00:50.000000000,0 days 00:16:41.207545000
16,2019-12-02 17:28:00.000000,2019-12-02 17:28:45.000000,2019-12-02 17:43:59.105760,2019-12-02 17:44:44.105760,2019-12-02 18:17:36.810035,2019-12-02 18:18:21.810035,2019-12-02 18:35:51.753847,Replace,9,43,49,0 days 00:00:45.000000000,0 days 00:15:59.105760000
17,2019-12-02 19:33:00.000000,2019-12-02 19:33:30.000000,2019-12-02 19:49:28.195490,2019-12-02 19:49:58.195490,2019-12-02 20:43:37.792632,2019-12-02 20:44:07.792632,2019-12-02 21:02:09.018823,Replace,9,43,49,0 days 00:00:30.000000000,0 days 00:16:28.195490000
18,2019-12-02 20:48:00.000000,2019-12-02 20:48:50.000000,2019-12-02 21:07:48.138872,2019-12-02 21:08:01.280017,,,,Onsite,9,43,49,0 days 00:00:50.000000000,0 days 00:19:11.280017000
0,2019-12-02 00:59:00.000000,2019-12-02 00:00:35.000000,2019-12-02 00:19:32.227392,2019-12-02 00:20:07.227392,2019-12-02 01:03:12.124935,2019-12-02 01:03:47.124935,2019-12-02 01:24:22.946958,Replace,1,43,50,-1 days +23:01:35.000000000,0 days 00:19:32.227392000
1,2019-12-02 01:20:00.000000,2019-12-02 01:20:45.000000,2019-12-02 01:32:07.229775,2019-12-02 01:32:52.229775,2019-12-02 02:17:04.973259,2019-12-02 02:17:49.973259,2019-12-02 02:30:23.316930,Replace,1,43,50,0 days 00:00:45.000000000,0 days 00:12:07.229775000
2,2019-12-02 02:19:00.000000,2019-12-02 02:19:30.000000,2019-12-02 02:40:39.913603,2019-12-02 02:41:09.913603,2019-12-02 03:16:00.502194,2019-12-02 03:16:30.502194,2019-12-02 03:32:34.185909,Replace,1,43,50,0 days 00:00:30.000000000,0 days 00:21:39.913603000
3,2019-12-02 03:29:00.000000,2019-12-02 03:29:45.000000,2019-12-02 03:48:36.755985,2019-12-02 03:49:21.755985,2019-12-02 04:27:15.319418,2019-12-02 04:28:00.319418,2019-12-02 04:44:45.142660,Replace,1,43,50,0 days 00:00:45.000000000,0 days 00:19:36.755985000
4,2019-12-02 04:44:00.000000,2019-12-02 04:44:30.000000,2019-12-02 05:02:27.963651,2019-12-02 05:02:36.849979,,,,Onsite,1,43,50,0 days 00:00:30.000000000,0 days 00:18:06.849979000
5,2019-12-02 05:45:00.000000,2019-12-02 05:45:45.000000,2019-12-02 06:06:15.934074,2019-12-02 06:07:00.934074,2019-12-02 06:54:48.002395,2019-12-02 06:55:33.002395,2019-12-02 07:09:24.194840,Replace,1,43,50,0 days 00:00:45.000000000,0 days 00:21:15.934074000
6,2019-12-02 06:47:00.000000,2019-12-02 06:47:35.000000,2019-12-02 07:00:55.083832,2019-12-02 07:01:30.083832,2019-12-02 07:28:09.241472,2019-12-02 07:28:44.241472,2019-12-02 07:43:21.412412,Replace,1,43,50,0 days 00:00:35.000000000,0 days 00:13:55.083832000
7,2019-12-02 07:53:00.000000,2019-12-02 07:53:55.000000,2019-12-02 08:10:01.667874,2019-12-02 08:10:19.986900,,,,Onsite,1,43,50,0 days 00:00:55.000000000,0 days 00:16:24.986900000
8,2019-12-02 08:57:00.000000,2019-12-02 08:57:45.000000,2019-12-02 09:13:44.507900,2019-12-02 09:14:29.507900,2019-12-02 09:52:35.387396,2019-12-02 09:53:20.387396,2019-12-02 10:11:08.051225,Replace,1,43,50,0 days 00:00:45.000000000,0 days 00:16:44.507900000
9,2019-12-02 10:09:00.000000,2019-12-02 10:09:45.000000,2019-12-02 10:25:18.700849,2019-12-02 10:26:03.700849,2019-12-02 11:00:08.705880,2019-12-02 11:00:53.705880,2019-12-02 11:15:13.696663,Replace,1,43,50,0 days 00:00:45.000000000,0 days 00:16:18.700849000
10,2019-12-02 11:35:00.000000,2019-12-02 11:35:45.000000,2019-12-02 11:51:41.052127,2019-12-02 11:52:26.052127,2019-12-02 12:46:37.455356,2019-12-02 12:47:22.455356,2019-12-02 13:00:43.839455,Replace,1,43,50,0 days 00:00:45.000000000,0 days 00:16:41.052127000
11,2019-12-02 12:55:00.000000,2019-12-02 12:55:45.000000,2019-12-02 13:14:50.732982,2019-12-02 13:14:57.835577,,,,Onsite,1,43,50,0 days 00:00:45.000000000,0 days 00:19:12.835577000
12,2019-12-02 14:01:00.000000,2019-12-02 14:01:45.000000,2019-12-02 14:20:07.812567,2019-12-02 14:20:52.812567,2019-12-02 15:12:36.719962,2019-12-02 15:13:21.719962,2019-12-02 15:28:57.735114,Replace,1,43,50,0 days 00:00:45.000000000,0 days 00:19:07.812567000
13,2019-12-02 15:02:00.000000,2019-12-02 15:02:35.000000,2019-12-02 15:25:05.396964,2019-12-02 15:25:40.396964,2019-12-02 16:15:56.048697,2019-12-02 16:16:31.048697,2019-12-02 16:34:26.932288,Replace,1,43,50,0 days 00:00:35.000000000,0 days 00:23:05.396964000
14,2019-12-02 15:47:00.000000,2019-12-02 15:47:45.000000,2019-12-02 16:07:57.896723,2019-12-02 16:08:42.896723,2019-12-02 16:37:21.712381,2019-12-02 16:38:06.712381,2019-12-02 16:50:25.519009,Replace,1,43,50,0 days 00:00:45.000000000,0 days 00:20:57.896723000
15,2019-12-02 16:58:00.000000,2019-12-02 16:58:35.000000,2019-12-02 17:14:08.764213,2019-12-02 17:14:43.764213,2019-12-02 17:47:05.320139,2019-12-02 17:47:40.320139,2019-12-02 18:02:15.131906,Replace,1,43,50,0 days 00:00:35.000000000,0 days 00:16:08.764213000
16,2019-12-02 18:03:00.000000,2019-12-02 18:03:55.000000,2019-12-02 18:22:21.212805,2019-12-02 18:23:16.212805,2019-12-02 18:57:12.001978,2019-12-02 18:58:07.001978,2019-12-02 19:08:24.981340,Replace,1,43,50,0 days 00:00:55.000000000,0 days 00:19:21.212805000
17,2019-12-02 19:10:00.000000,2019-12-02 19:10:35.000000,2019-12-02 19:25:20.813778,2019-12-02 19:25:55.813778,2019-12-02 20:02:36.031885,2019-12-02 20:03:11.031885,2019-12-02 20:22:49.032725,Replace,1,43,50,0 days 00:00:35.000000000,0 days 00:15:20.813778000
18,2019-12-02 20:04:00.000000,2019-12-02 20:04:25.000000,2019-12-02 20:23:03.155381,2019-12-02 20:23:28.155381,2019-12-02 21:11:47.896851,2019-12-02 21:12:12.896851,2019-12-02 21:28:07.803677,Replace,1,43,50,0 days 00:00:25.000000000,0 days 00:19:03.155381000
19,2019-12-02 21:11:00.000000,2019-12-02 21:11:25.000000,2019-12-02 21:27:22.085419,2019-12-02 21:27:50.329489,,,,Onsite,1,43,50,0 days 00:00:25.000000000,0 days 00:16:25.329489000
0,2019-12-02 01:17:00.000000,2019-12-02 00:00:55.000000,2019-12-02 00:19:56.352006,2019-12-02 00:20:11.658910,,,,Onsite,2,43,50,-1 days +22:43:55.000000000,0 days 00:19:16.658910000
1,2019-12-02 01:05:00.000000,2019-12-02 01:05:35.000000,2019-12-02 01:17:19.835172,2019-12-02 01:17:26.939936,,,,Onsite,2,43,50,0 days 00:00:35.000000000,0 days 00:11:51.939936000
2,2019-12-02 02:16:00.000000,2019-12-02 02:16:55.000000,2019-12-02 02:32:05.007241,2019-12-02 02:32:13.062475,,,,Onsite,2,43,50,0 days 00:00:55.000000000,0 days 00:15:18.062475000
3,2019-12-02 03:26:00.000000,2019-12-02 03:26:55.000000,2019-12-02 03:47:24.245406,2019-12-02 03:47:42.131321,,,,Onsite,2,43,50,0 days 00:00:55.000000000,0 days 00:20:47.131321000
4,2019-12-02 04:38:00.000000,2019-12-02 04:38:35.000000,2019-12-02 04:52:15.683187,2019-12-02 04:52:50.683187,2019-12-02 05:22:59.182598,2019-12-02 05:23:34.182598,2019-12-02 05:36:48.422743,Replace,2,43,50,0 days 00:00:35.000000000,0 days 00:14:15.683187000
5,2019-12-02 05:43:00.000000,2019-12-02 05:43:55.000000,2019-12-02 05:57:22.572780,2019-12-02 05:57:43.196121,,,,Onsite,2,43,50,0 days 00:00:55.000000000,0 days 00:13:48.196121000
6,2019-12-02 06:54:00.000000,2019-12-02 06:54:45.000000,2019-12-02 07:07:06.899724,2019-12-02 07:07:51.899724,2019-12-02 07:51:51.909582,2019-12-02 07:52:36.909582,2019-12-02 08:08:24.653055,Replace,2,43,50,0 days 00:00:45.000000000,0 days 00:13:06.899724000
7,2019-12-02 08:09:00.000000,2019-12-02 08:09:50.000000,2019-12-02 08:23:47.634385,2019-12-02 08:23:56.418367,,,,Onsite,2,43,50,0 days 00:00:50.000000000,0 days 00:14:06.418367000
8,2019-12-02 09:18:00.000000,2019-12-02 09:18:30.000000,2019-12-02 09:33:38.481223,2019-12-02 09:34:08.481223,2019-12-02 10:03:13.182220,2019-12-02 10:03:43.182220,2019-12-02 10:17:46.974226,Replace,2,43,50,0 days 00:00:30.000000000,0 days 00:15:38.481223000
9,2019-12-02 10:47:00.000000,2019-12-02 10:47:45.000000,2019-12-02 11:03:17.700207,2019-12-02 11:03:32.011315,,,,Onsite,2,43,50,0 days 00:00:45.000000000,0 days 00:15:47.011315000
10,2019-12-02 12:07:00.000000,2019-12-02 12:07:35.000000,2019-12-02 12:27:12.425695,2019-12-02 12:27:47.425695,2019-12-02 13:18:22.751671,2019-12-02 13:18:57.751671,2019-12-02 13:35:07.857805,Replace,2,43,50,0 days 00:00:35.000000000,0 days 00:20:12.425695000
11,2019-12-02 13:03:00.000000,2019-12-02 13:03:25.000000,2019-12-02 13:18:03.389958,2019-12-02 13:18:30.321990,,,,Onsite,2,43,50,0 days 00:00:25.000000000,0 days 00:15:05.321990000
12,2019-12-02 14:02:00.000000,2019-12-02 14:02:45.000000,2019-12-02 14:16:13.334826,2019-12-02 14:16:58.334826,2019-12-02 15:08:40.854765,2019-12-02 15:09:25.854765,2019-12-02 15:20:27.855716,Replace,2,43,50,0 days 00:00:45.000000000,0 days 00:14:13.334826000
13,2019-12-02 15:14:00.000000,2019-12-02 15:14:25.000000,2019-12-02 15:32:39.131647,2019-12-02 15:33:04.131647,2019-12-02 16:02:33.901015,2019-12-02 16:02:58.901015,2019-12-02 16:20:39.572192,Replace,2,43,50,0 days 00:00:25.000000000,0 days 00:18:39.131647000
14,2019-12-02 16:11:00.000000,2019-12-02 16:11:55.000000,2019-12-02 16:22:59.278259,2019-12-02 16:23:54.278259,2019-12-02 17:05:54.219188,2019-12-02 17:06:49.219188,2019-12-02 17:18:38.824909,Replace,2,43,50,0 days 00:00:55.000000000,0 days 00:11:59.278259000
15,2019-12-02 17:14:00.000000,2019-12-02 17:14:35.000000,2019-12-02 17:33:57.271514,2019-12-02 17:34:32.271514,2019-12-02 18:07:05.617281,2019-12-02 18:07:40.617281,2019-12-02 18:22:59.790678,Replace,2,43,50,0 days 00:00:35.000000000,0 days 00:19:57.271514000
16,2019-12-02 18:28:00.000000,2019-12-02 18:28:30.000000,2019-12-02 18:42:49.771212,2019-12-02 18:43:01.712354,,,,Onsite,2,43,50,0 days 00:00:30.000000000,0 days 00:14:31.712354000
17,2019-12-02 19:49:00.000000,2019-12-02 19:49:30.000000,2019-12-02 20:05:46.247807,2019-12-02 20:06:14.901963,,,,Onsite,2,43,50,0 days 00:00:30.000000000,0 days 00:16:44.901963000
18,2019-12-02 20:55:00.000000,2019-12-02 20:55:25.000000,2019-12-02 21:09:56.254342,2019-12-02 21:10:11.596433,,,,Onsite,2,43,50,0 days 00:00:25.000000000,0 days 00:14:46.596433000
0,2019-12-02 01:19:00.000000,2019-12-02 00:00:25.000000,2019-12-02 00:18:28.475227,2019-12-02 00:18:43.411417,,,,Onsite,3,43,50,-1 days +22:41:25.000000000,0 days 00:18:18.411417000
1,2019-12-02 01:14:00.000000,2019-12-02 01:14:45.000000,2019-12-02 01:33:17.321177,2019-12-02 01:34:02.321177,2019-12-02 02:05:38.519225,2019-12-02 02:06:23.519225,2019-12-02 02:21:20.725082,Replace,3,43,50,0 days 00:00:45.000000000,0 days 00:19:17.321177000
2,2019-12-02 02:30:00.000000,2019-12-02 02:30:25.000000,2019-12-02 02:48:30.170851,2019-12-02 02:48:55.170851,2019-12-02 03:28:10.461276,2019-12-02 03:28:35.461276,2019-12-02 03:44:21.624217,Replace,3,43,50,0 days 00:00:25.000000000,0 days 00:18:30.170851000
3,2019-12-02 03:41:00.000000,2019-12-02 03:41:30.000000,2019-12-02 03:58:54.106059,2019-12-02 03:59:24.106059,2019-12-02 04:30:46.044716,2019-12-02 04:31:16.044716,2019-12-02 04:50:34.379243,Replace,3,43,50,0 days 00:00:30.000000000,0 days 00:17:54.106059000
4,2019-12-02 04:48:00.000000,2019-12-02 04:48:30.000000,2019-12-02 05:05:50.867434,2019-12-02 05:06:07.151903,,,,Onsite,3,43,50,0 days 00:00:30.000000000,0 days 00:17:37.151903000
5,2019-12-02 06:06:00.000000,2019-12-02 06:06:50.000000,2019-12-02 06:21:04.391210,2019-12-02 06:21:27.166219,,,,Onsite,3,43,50,0 days 00:00:50.000000000,0 days 00:14:37.166219000
6,2019-12-02 07:22:00.000000,2019-12-02 07:22:45.000000,2019-12-02 07:42:14.861717,2019-12-02 07:42:59.861717,2019-12-02 08:04:23.736684,2019-12-02 08:05:08.736684,2019-12-02 08:25:55.148811,Replace,3,43,50,0 days 00:00:45.000000000,0 days 00:20:14.861717000
7,2019-12-02 08:34:00.000000,2019-12-02 08:34:45.000000,2019-12-02 08:48:19.524827,2019-12-02 08:48:31.536137,,,,Onsite,3,43,50,0 days 00:00:45.000000000,0 days 00:13:46.536137000
8,2019-12-02 09:34:00.000000,2019-12-02 09:34:55.000000,2019-12-02 09:50:31.732378,2019-12-02 09:51:26.732378,2019-12-02 10:19:53.695747,2019-12-02 10:20:48.695747,2019-12-02 10:36:36.573139,Replace,3,43,50,0 days 00:00:55.000000000,0 days 00:16:31.732378000
9,2019-12-02 10:38:00.000000,2019-12-02 10:38:35.000000,2019-12-02 10:51:43.983088,2019-12-02 10:52:18.983088,2019-12-02 11:22:18.802263,2019-12-02 11:22:53.802263,2019-12-02 11:39:06.019717,Replace,3,43,50,0 days 00:00:35.000000000,0 days 00:13:43.983088000
10,2019-12-02 11:56:00.000000,2019-12-02 11:56:30.000000,2019-12-02 12:07:49.808684,2019-12-02 12:08:06.617536,,,,Onsite,3,43,50,0 days 00:00:30.000000000,0 days 00:11:36.617536000
11,2019-12-02 13:17:00.000000,2019-12-02 13:17:35.000000,2019-12-02 13:32:58.181432,2019-12-02 13:32:59.077640,,,,Onsite,3,43,50,0 days 00:00:35.000000000,0 days 00:15:24.077640000
12,2019-12-02 14:15:00.000000,2019-12-02 14:15:55.000000,2019-12-02 14:34:02.665941,2019-12-02 14:34:57.665941,2019-12-02 15:12:54.753226,2019-12-02 15:13:49.753226,2019-12-02 15:30:14.580962,Replace,3,43,50,0 days 00:00:55.000000000,0 days 00:19:02.665941000
13,2019-12-02 15:16:00.000000,2019-12-02 15:16:35.000000,2019-12-02 15:28:20.227174,2019-12-02 15:28:55.227174,2019-12-02 16:05:36.058478,2019-12-02 16:06:11.058478,2019-12-02 16:29:39.989553,Replace,3,43,50,0 days 00:00:35.000000000,0 days 00:12:20.227174000
14,2019-12-02 16:20:00.000000,2019-12-02 16:20:35.000000,2019-12-02 16:39:27.005659,2019-12-02 16:39:45.145859,,,,Onsite,3,43,50,0 days 00:00:35.000000000,0 days 00:19:10.145859000
15,2019-12-02 17:17:00.000000,2019-12-02 17:17:45.000000,2019-12-02 17:32:51.842394,2019-12-02 17:33:04.446367,,,,Onsite,3,43,50,0 days 00:00:45.000000000,0 days 00:15:19.446367000
16,2019-12-02 18:26:00.000000,2019-12-02 18:26:55.000000,2019-12-02 18:44:31.332725,2019-12-02 18:45:26.332725,2019-12-02 19:27:43.348389,2019-12-02 19:28:38.348389,2019-12-02 19:43:17.934049,Replace,3,43,50,0 days 00:00:55.000000000,0 days 00:18:31.332725000
17,2019-12-02 19:43:00.000000,2019-12-02 19:43:25.000000,2019-12-02 20:02:23.308721,2019-12-02 20:02:48.308721,2019-12-02 20:34:01.160670,2019-12-02 20:34:26.160670,2019-12-02 20:52:14.888007,Replace,3,43,50,0 days 00:00:25.000000000,0 days 00:19:23.308721000
18,2019-12-02 20:36:00.000000,2019-12-02 20:36:45.000000,2019-12-02 20:55:47.783750,2019-12-02 20:55:59.116844,,,,Onsite,3,43,50,0 days 00:00:45.000000000,0 days 00:19:14.116844000
19,2019-12-02 21:54:00.000000,2019-12-02 21:54:45.000000,2019-12-02 22:08:39.423858,2019-12-02 22:09:04.594215,,,,Onsite,3,43,50,0 days 00:00:45.000000000,0 days 00:14:19.594215000
0,2019-12-02 01:02:00.000000,2019-12-02 00:00:45.000000,2019-12-02 00:15:59.602670,2019-12-02 00:16:03.027692,,,,Onsite,4,43,50,-1 days +22:58:45.000000000,0 days 00:15:18.027692000
1,2019-12-02 01:05:00.000000,2019-12-02 01:05:45.000000,2019-12-02 01:15:56.924768,2019-12-02 01:16:16.638741,,,,Onsite,4,43,50,0 days 00:00:45.000000000,0 days 00:10:31.638741000
2,2019-12-02 02:22:00.000000,2019-12-02 02:22:35.000000,2019-12-02 02:36:14.134481,2019-12-02 02:36:49.134481,2019-12-02 03:06:56.075627,2019-12-02 03:07:31.075627,2019-12-02 03:25:42.612175,Replace,4,43,50,0 days 00:00:35.000000000,0 days 00:14:14.134481000
3,2019-12-02 03:34:00.000000,2019-12-02 03:34:55.000000,2019-12-02 03:52:55.681865,2019-12-02 03:53:15.120293,,,,Onsite,4,43,50,0 days 00:00:55.000000000,0 days 00:18:20.120293000
4,2019-12-02 04:48:00.000000,2019-12-02 04:48:45.000000,2019-12-02 05:04:06.536176,2019-12-02 05:04:13.096879,,,,Onsite,4,43,50,0 days 00:00:45.000000000,0 days 00:15:28.096879000
5,2019-12-02 05:57:00.000000,2019-12-02 05:57:30.000000,2019-12-02 06:08:40.306015,2019-12-02 06:09:00.809043,,,,Onsite,4,43,50,0 days 00:00:30.000000000,0 days 00:11:30.809043000
6,2019-12-02 07:00:00.000000,2019-12-02 07:00:45.000000,2019-12-02 07:19:04.159980,2019-12-02 07:19:49.159980,2019-12-02 08:04:07.164819,2019-12-02 08:04:52.164819,2019-12-02 08:20:33.982539,Replace,4,43,50,0 days 00:00:45.000000000,0 days 00:19:04.159980000
7,2019-12-02 08:30:00.000000,2019-12-02 08:30:30.000000,2019-12-02 08:44:55.366622,2019-12-02 08:45:16.209510,,,,Onsite,4,43,50,0 days 00:00:30.000000000,0 days 00:14:46.209510000
8,2019-12-02 09:40:00.000000,2019-12-02 09:40:35.000000,2019-12-02 09:55:24.859424,2019-12-02 09:55:47.666096,,,,Onsite,4,43,50,0 days 00:00:35.000000000,0 days 00:15:12.666096000
9,2019-12-02 10:49:00.000000,2019-12-02 10:49:25.000000,2019-12-02 11:08:48.664813,2019-12-02 11:09:13.664813,2019-12-02 11:47:12.782975,2019-12-02 11:47:37.782975,2019-12-02 12:09:50.663099,Replace,4,43,50,0 days 00:00:25.000000000,0 days 00:19:48.664813000
10,2019-12-02 11:46:00.000000,2019-12-02 11:46:50.000000,2019-12-02 12:01:25.058479,2019-12-02 12:01:39.785962,,,,Onsite,4,43,50,0 days 00:00:50.000000000,0 days 00:14:49.785962000
11,2019-12-02 13:01:00.000000,2019-12-02 13:01:25.000000,2019-12-02 13:15:47.296570,2019-12-02 13:16:05.293341,,,,Onsite,4,43,50,0 days 00:00:25.000000000,0 days 00:14:40.293341000
12,2019-12-02 14:07:00.000000,2019-12-02 14:07:55.000000,2019-12-02 14:24:05.842079,2019-12-02 14:25:00.842079,2019-12-02 14:56:44.210806,2019-12-02 14:57:39.210806,2019-12-02 15:14:35.114968,Replace,4,43,50,0 days 00:00:55.000000000,0 days 00:17:05.842079000
13,2019-12-02 15:13:00.000000,2019-12-02 15:13:50.000000,2019-12-02 15:29:03.053451,2019-12-02 15:29:19.656149,,,,Onsite,4,43,50,0 days 00:00:50.000000000,0 days 00:15:29.656149000
14,2019-12-02 16:22:00.000000,2019-12-02 16:22:50.000000,2019-12-02 16:40:13.375753,2019-12-02 16:41:03.375753,2019-12-02 17:12:19.578584,2019-12-02 17:13:09.578584,2019-12-02 17:27:37.966055,Replace,4,43,50,0 days 00:00:50.000000000,0 days 00:18:13.375753000
15,2019-12-02 17:30:00.000000,2019-12-02 17:30:30.000000,2019-12-02 17:48:46.067289,2019-12-02 17:48:59.658754,,,,Onsite,4,43,50,0 days 00:00:30.000000000,0 days 00:18:29.658754000
16,2019-12-02 18:37:00.000000,2019-12-02 18:37:45.000000,2019-12-02 18:51:16.668199,2019-12-02 18:51:22.049041,,,,Onsite,4,43,50,0 days 00:00:45.000000000,0 days 00:13:37.049041000
17,2019-12-02 19:45:00.000000,2019-12-02 19:45:55.000000,2019-12-02 20:02:26.075011,2019-12-02 20:02:29.258829,,,,Onsite,4,43,50,0 days 00:00:55.000000000,0 days 00:16:34.258829000
18,2019-12-02 20:50:00.000000,2019-12-02 20:50:45.000000,2019-12-02 21:04:00.674586,2019-12-02 21:04:08.890181,,,,Onsite,4,43,50,0 days 00:00:45.000000000,0 days 00:13:23.890181000
19,2019-12-02 21:51:00.000000,2019-12-02 21:51:55.000000,2019-12-02 22:09:07.114160,2019-12-02 22:10:02.114160,2019-12-02 22:40:11.278153,2019-12-02 22:41:06.278153,2019-12-02 22:56:16.623168,Replace,4,43,50,0 days 00:00:55.000000000,0 days 00:18:07.114160000
0,2019-12-02 01:14:00.000000,2019-12-02 00:00:35.000000,2019-12-02 00:17:17.301377,2019-12-02 00:17:52.301377,2019-12-02 00:52:53.544279,2019-12-02 00:53:28.544279,2019-12-02 01:06:34.640535,Replace,5,43,50,-1 days +22:46:35.000000000,0 days 00:17:17.301377000
1,2019-12-02 01:23:00.000000,2019-12-02 01:23:35.000000,2019-12-02 01:37:00.510795,2019-12-02 01:37:35.510795,2019-12-02 02:24:19.508549,2019-12-02 02:24:54.508549,2019-12-02 02:35:24.424400,Replace,5,43,50,0 days 00:00:35.000000000,0 days 00:14:00.510795000
2,2019-12-02 02:49:00.000000,2019-12-02 02:49:35.000000,2019-12-02 03:07:10.911405,2019-12-02 03:07:32.903566,,,,Onsite,5,43,50,0 days 00:00:35.000000000,0 days 00:17:57.903566000
3,2019-12-02 03:49:00.000000,2019-12-02 03:49:35.000000,2019-12-02 04:03:02.800265,2019-12-02 04:03:36.857392,,,,Onsite,5,43,50,0 days 00:00:35.000000000,0 days 00:14:01.857392000
4,2019-12-02 04:53:00.000000,2019-12-02 04:53:55.000000,2019-12-02 05:12:07.590620,2019-12-02 05:13:02.590620,2019-12-02 05:51:11.144756,2019-12-02 05:52:06.144756,2019-12-02 06:12:07.991006,Replace,5,43,50,0 days 00:00:55.000000000,0 days 00:19:07.590620000
5,2019-12-02 05:56:00.000000,2019-12-02 05:56:45.000000,2019-12-02 06:10:00.742952,2019-12-02 06:10:10.063163,,,,Onsite,5,43,50,0 days 00:00:45.000000000,0 days 00:13:25.063163000
6,2019-12-02 07:02:00.000000,2019-12-02 07:02:55.000000,2019-12-02 07:18:16.933406,2019-12-02 07:19:11.933406,2019-12-02 08:12:50.267610,2019-12-02 08:13:45.267610,2019-12-02 08:24:48.815770,Replace,5,43,50,0 days 00:00:55.000000000,0 days 00:16:16.933406000
7,2019-12-02 08:11:00.000000,2019-12-02 08:11:55.000000,2019-12-02 08:24:46.615515,2019-12-02 08:25:41.615515,2019-12-02 08:52:44.458566,2019-12-02 08:53:39.458566,2019-12-02 09:05:31.366926,Replace,5,43,50,0 days 00:00:55.000000000,0 days 00:13:46.615515000
8,2019-12-02 09:25:00.000000,2019-12-02 09:25:45.000000,2019-12-02 09:41:43.032856,2019-12-02 09:41:58.038790,,,,Onsite,5,43,50,0 days 00:00:45.000000000,0 days 00:16:13.038790000
9,2019-12-02 10:36:00.000000,2019-12-02 10:36:30.000000,2019-12-02 10:54:33.388577,2019-12-02 10:55:03.388577,2019-12-02 11:29:14.521811,2019-12-02 11:29:44.521811,2019-12-02 11:43:22.322745,Replace,5,43,50,0 days 00:00:30.000000000,0 days 00:18:33.388577000
10,2019-12-02 11:42:00.000000,2019-12-02 11:42:25.000000,2019-12-02 12:02:30.157445,2019-12-02 12:02:55.157445,2019-12-02 12:35:53.250138,2019-12-02 12:36:18.250138,2019-12-02 12:50:36.120148,Replace,5,43,50,0 days 00:00:25.000000000,0 days 00:20:30.157445000
11,2019-12-02 12:50:00.000000,2019-12-02 12:50:35.000000,2019-12-02 13:10:13.289024,2019-12-02 13:10:48.289024,2019-12-02 13:45:42.583379,2019-12-02 13:46:17.583379,2019-12-02 13:59:59.186796,Replace,5,43,50,0 days 00:00:35.000000000,0 days 00:20:13.289024000
12,2019-12-02 13:55:00.000000,2019-12-02 13:55:35.000000,2019-12-02 14:10:14.034807,2019-12-02 14:10:49.034807,2019-12-02 14:49:32.641746,2019-12-02 14:50:07.641746,2019-12-02 15:08:40.233034,Replace,5,43,50,0 days 00:00:35.000000000,0 days 00:15:14.034807000
13,2019-12-02 15:12:00.000000,2019-12-02 15:12:30.000000,2019-12-02 15:28:24.794874,2019-12-02 15:28:54.794874,2019-12-02 15:55:52.500818,2019-12-02 15:56:22.500818,2019-12-02 16:09:35.405930,Replace,5,43,50,0 days 00:00:30.000000000,0 days 00:16:24.794874000
14,2019-12-02 16:28:00.000000,2019-12-02 16:28:45.000000,2019-12-02 16:47:18.545553,2019-12-02 16:47:31.976343,,,,Onsite,5,43,50,0 days 00:00:45.000000000,0 days 00:18:46.976343000
15,2019-12-02 17:34:00.000000,2019-12-02 17:34:50.000000,2019-12-02 17:51:41.679739,2019-12-02 17:52:31.679739,2019-12-02 18:35:29.800868,2019-12-02 18:36:19.800868,2019-12-02 18:52:26.484198,Replace,5,43,50,0 days 00:00:50.000000000,0 days 00:17:41.679739000
16,2019-12-02 18:48:00.000000,2019-12-02 18:48:25.000000,2019-12-02 19:05:16.345297,2019-12-02 19:05:48.320065,,,,Onsite,5,43,50,0 days 00:00:25.000000000,0 days 00:17:23.320065000
17,2019-12-02 19:50:00.000000,2019-12-02 19:50:55.000000,2019-12-02 20:11:52.500890,2019-12-02 20:12:47.500890,2019-12-02 20:39:33.600411,2019-12-02 20:40:28.600411,2019-12-02 20:55:41.429746,Replace,5,43,50,0 days 00:00:55.000000000,0 days 00:21:52.500890000
18,2019-12-02 21:05:00.000000,2019-12-02 21:05:30.000000,2019-12-02 21:25:32.029206,2019-12-02 21:26:02.029206,2019-12-02 21:51:12.042199,2019-12-02 21:51:42.042199,2019-12-02 22:11:54.116062,Replace,5,43,50,0 days 00:00:30.000000000,0 days 00:20:32.029206000
0,2019-12-02 01:11:00.000000,2019-12-02 00:00:30.000000,2019-12-02 00:16:27.105030,2019-12-02 00:16:57.105030,2019-12-02 00:51:21.704444,2019-12-02 00:51:51.704444,2019-12-02 01:04:54.342437,Replace,6,43,50,-1 days +22:49:30.000000000,0 days 00:16:27.105030000
1,2019-12-02 01:09:00.000000,2019-12-02 01:09:45.000000,2019-12-02 01:27:01.777206,2019-12-02 01:27:46.777206,2019-12-02 02:11:07.254414,2019-12-02 02:11:52.254414,2019-12-02 02:26:18.751806,Replace,6,43,50,0 days 00:00:45.000000000,0 days 00:18:01.777206000
2,2019-12-02 02:14:00.000000,2019-12-02 02:14:55.000000,2019-12-02 02:33:20.714109,2019-12-02 02:34:15.714109,2019-12-02 03:18:12.479326,2019-12-02 03:19:07.479326,2019-12-02 03:38:37.810871,Replace,6,43,50,0 days 00:00:55.000000000,0 days 00:19:20.714109000
3,2019-12-02 03:27:00.000000,2019-12-02 03:27:45.000000,2019-12-02 03:47:10.577503,2019-12-02 03:47:55.577503,2019-12-02 04:38:42.836642,2019-12-02 04:39:27.836642,2019-12-02 04:54:09.161705,Replace,6,43,50,0 days 00:00:45.000000000,0 days 00:20:10.577503000
4,2019-12-02 04:29:00.000000,2019-12-02 04:29:45.000000,2019-12-02 04:45:25.042940,2019-12-02 04:46:10.042940,2019-12-02 05:20:51.516805,2019-12-02 05:21:36.516805,2019-12-02 05:41:53.175474,Replace,6,43,50,0 days 00:00:45.000000000,0 days 00:16:25.042940000
5,2019-12-02 05:43:00.000000,2019-12-02 05:43:35.000000,2019-12-02 05:57:00.508252,2019-12-02 05:57:35.508252,2019-12-02 06:28:43.851731,2019-12-02 06:29:18.851731,2019-12-02 06:44:24.585422,Replace,6,43,50,0 days 00:00:35.000000000,0 days 00:14:00.508252000
6,2019-12-02 06:37:00.000000,2019-12-02 06:37:25.000000,2019-12-02 06:48:45.093922,2019-12-02 06:49:10.093922,2019-12-02 07:40:26.626481,2019-12-02 07:40:51.626481,2019-12-02 08:00:49.449089,Replace,6,43,50,0 days 00:00:25.000000000,0 days 00:11:45.093922000
7,2019-12-02 07:52:00.000000,2019-12-02 07:52:30.000000,2019-12-02 08:08:41.806181,2019-12-02 08:09:11.806181,2019-12-02 09:01:03.606583,2019-12-02 09:01:33.606583,2019-12-02 09:24:42.152302,Replace,6,43,50,0 days 00:00:30.000000000,0 days 00:16:41.806181000
8,2019-12-02 08:54:00.000000,2019-12-02 08:54:45.000000,2019-12-02 09:11:12.633911,2019-12-02 09:11:57.633911,2019-12-02 09:49:21.094340,2019-12-02 09:50:06.094340,2019-12-02 10:08:04.911372,Replace,6,43,50,0 days 00:00:45.000000000,0 days 00:17:12.633911000
9,2019-12-02 10:22:00.000000,2019-12-02 10:22:35.000000,2019-12-02 10:42:38.407696,2019-12-02 10:42:50.250607,,,,Onsite,6,43,50,0 days 00:00:35.000000000,0 days 00:20:15.250607000
10,2019-12-02 11:05:00.000000,2019-12-02 11:05:45.000000,2019-12-02 11:23:17.857284,2019-12-02 11:24:02.857284,2019-12-02 12:19:47.171403,2019-12-02 12:20:32.171403,2019-12-02 12:32:29.961623,Replace,6,43,50,0 days 00:00:45.000000000,0 days 00:18:17.857284000
11,2019-12-02 12:17:00.000000,2019-12-02 12:17:25.000000,2019-12-02 12:29:51.801407,2019-12-02 12:30:14.027727,,,,Onsite,6,43,50,0 days 00:00:25.000000000,0 days 00:12:49.027727000
12,2019-12-02 13:27:00.000000,2019-12-02 13:27:45.000000,2019-12-02 13:40:38.054165,2019-12-02 13:40:45.713418,,,,Onsite,6,43,50,0 days 00:00:45.000000000,0 days 00:13:00.713418000
13,2019-12-02 14:31:00.000000,2019-12-02 14:31:30.000000,2019-12-02 14:48:53.491688,2019-12-02 14:49:23.491688,2019-12-02 15:22:13.899064,2019-12-02 15:22:43.899064,2019-12-02 15:39:51.245004,Replace,6,43,50,0 days 00:00:30.000000000,0 days 00:17:53.491688000
14,2019-12-02 15:42:00.000000,2019-12-02 15:42:45.000000,2019-12-02 16:02:51.207724,2019-12-02 16:03:05.711828,,,,Onsite,6,43,50,0 days 00:00:45.000000000,0 days 00:20:20.711828000
15,2019-12-02 16:55:00.000000,2019-12-02 16:55:55.000000,2019-12-02 17:17:51.210077,2019-12-02 17:18:46.210077,2019-12-02 18:09:32.060290,2019-12-02 18:10:27.060290,2019-12-02 18:25:11.817705,Replace,6,43,50,0 days 00:00:55.000000000,0 days 00:22:51.210077000
16,2019-12-02 18:10:00.000000,2019-12-02 18:10:25.000000,2019-12-02 18:20:50.340470,2019-12-02 18:21:15.340470,2019-12-02 19:09:01.742077,2019-12-02 19:09:26.742077,2019-12-02 19:29:58.649195,Replace,6,43,50,0 days 00:00:25.000000000,0 days 00:10:50.340470000
17,2019-12-02 19:14:00.000000,2019-12-02 19:14:30.000000,2019-12-02 19:39:53.785606,2019-12-02 19:40:23.785606,2019-12-02 20:04:29.900355,2019-12-02 20:04:59.900355,2019-12-02 20:18:42.113734,Replace,6,43,50,0 days 00:00:30.000000000,0 days 00:25:53.785606000
18,2019-12-02 20:17:00.000000,2019-12-02 20:17:55.000000,2019-12-02 20:33:31.225062,2019-12-02 20:33:44.804895,,,,Onsite,6,43,50,0 days 00:00:55.000000000,0 days 00:15:49.804895000
19,2019-12-02 21:18:00.000000,2019-12-02 21:18:45.000000,2019-12-02 21:35:07.961244,2019-12-02 21:35:20.340152,,,,Onsite,6,43,50,0 days 00:00:45.000000000,0 days 00:16:35.340152000
0,2019-12-02 01:06:00.000000,2019-12-02 00:00:35.000000,2019-12-02 00:15:05.389310,2019-12-02 00:15:40.389310,2019-12-02 00:42:41.038534,2019-12-02 00:43:16.038534,2019-12-02 00:58:36.185689,Replace,7,43,50,-1 days +22:54:35.000000000,0 days 00:15:05.389310000
1,2019-12-02 00:46:00.000000,2019-12-02 00:46:45.000000,2019-12-02 01:04:48.037330,2019-12-02 01:05:33.037330,2019-12-02 01:26:52.800639,2019-12-02 01:27:37.800639,2019-12-02 01:44:53.353064,Replace,7,43,50,0 days 00:00:45.000000000,0 days 00:18:48.037330000
2,2019-12-02 02:07:00.000000,2019-12-02 02:07:30.000000,2019-12-02 02:24:02.945930,2019-12-02 02:24:32.945930,2019-12-02 02:56:23.327788,2019-12-02 02:56:53.327788,2019-12-02 03:10:09.705641,Replace,7,43,50,0 days 00:00:30.000000000,0 days 00:17:02.945930000
3,2019-12-02 03:17:00.000000,2019-12-02 03:17:55.000000,2019-12-02 03:32:54.594248,2019-12-02 03:33:49.594248,2019-12-02 04:24:41.618906,2019-12-02 04:25:36.618906,2019-12-02 04:44:40.650068,Replace,7,43,50,0 days 00:00:55.000000000,0 days 00:15:54.594248000
4,2019-12-02 04:31:00.000000,2019-12-02 04:31:45.000000,2019-12-02 04:43:10.670485,2019-12-02 04:43:55.670485,2019-12-02 05:28:40.490637,2019-12-02 05:29:25.490637,2019-12-02 05:48:30.148114,Replace,7,43,50,0 days 00:00:45.000000000,0 days 00:12:10.670485000
5,2019-12-02 05:42:00.000000,2019-12-02 05:42:30.000000,2019-12-02 05:58:14.330400,2019-12-02 05:58:29.217044,,,,Onsite,7,43,50,0 days 00:00:30.000000000,0 days 00:15:59.217044000
6,2019-12-02 06:49:00.000000,2019-12-02 06:49:30.000000,2019-12-02 07:08:06.209771,2019-12-02 07:08:36.209771,2019-12-02 07:52:02.516379,2019-12-02 07:52:32.516379,2019-12-02 08:13:14.494511,Replace,7,43,50,0 days 00:00:30.000000000,0 days 00:19:06.209771000
7,2019-12-02 08:00:00.000000,2019-12-02 08:00:35.000000,2019-12-02 08:09:17.379804,2019-12-02 08:09:52.379804,2019-12-02 08:44:06.682382,2019-12-02 08:44:41.682382,2019-12-02 09:00:36.214764,Replace,7,43,50,0 days 00:00:35.000000000,0 days 00:09:17.379804000
8,2019-12-02 09:21:00.000000,2019-12-02 09:21:35.000000,2019-12-02 09:35:57.585906,2019-12-02 09:36:32.585906,2019-12-02 10:04:06.141104,2019-12-02 10:04:41.141104,2019-12-02 10:17:46.145798,Replace,7,43,50,0 days 00:00:35.000000000,0 days 00:14:57.585906000
9,2019-12-02 10:30:00.000000,2019-12-02 10:30:55.000000,2019-12-02 10:47:57.822920,2019-12-02 10:48:52.822920,2019-12-02 11:18:29.926534,2019-12-02 11:19:24.926534,2019-12-02 11:34:41.562780,Replace,7,43,50,0 days 00:00:55.000000000,0 days 00:17:57.822920000
10,2019-12-02 11:41:00.000000,2019-12-02 11:41:25.000000,2019-12-02 11:58:46.698476,2019-12-02 11:59:11.698476,2019-12-02 12:20:45.133494,2019-12-02 12:21:10.133494,2019-12-02 12:39:43.169368,Replace,7,43,50,0 days 00:00:25.000000000,0 days 00:17:46.698476000
11,2019-12-02 12:54:00.000000,2019-12-02 12:54:35.000000,2019-12-02 13:16:46.941391,2019-12-02 13:17:21.941391,2019-12-02 13:55:38.086238,2019-12-02 13:56:13.086238,2019-12-02 14:13:01.631043,Replace,7,43,50,0 days 00:00:35.000000000,0 days 00:22:46.941391000
12,2019-12-02 14:11:00.000000,2019-12-02 14:11:45.000000,2019-12-02 14:29:50.372506,2019-12-02 14:29:59.726667,,,,Onsite,7,43,50,0 days 00:00:45.000000000,0 days 00:18:14.726667000
13,2019-12-02 15:22:00.000000,2019-12-02 15:22:45.000000,2019-12-02 15:38:47.066899,2019-12-02 15:39:32.066899,2019-12-02 16:22:23.892838,2019-12-02 16:23:08.892838,2019-12-02 16:40:24.379903,Replace,7,43,50,0 days 00:00:45.000000000,0 days 00:16:47.066899000
14,2019-12-02 16:26:00.000000,2019-12-02 16:26:35.000000,2019-12-02 16:46:13.844138,2019-12-02 16:46:28.825332,,,,Onsite,7,43,50,0 days 00:00:35.000000000,0 days 00:19:53.825332000
15,2019-12-02 17:24:00.000000,2019-12-02 17:24:55.000000,2019-12-02 17:46:03.605455,2019-12-02 17:46:10.149958,,,,Onsite,7,43,50,0 days 00:00:55.000000000,0 days 00:21:15.149958000
16,2019-12-02 18:41:00.000000,2019-12-02 18:41:45.000000,2019-12-02 19:01:48.364030,2019-12-02 19:02:33.364030,2019-12-02 19:36:14.712724,2019-12-02 19:36:59.712724,2019-12-02 19:52:59.350370,Replace,7,43,50,0 days 00:00:45.000000000,0 days 00:20:48.364030000
17,2019-12-02 19:44:00.000000,2019-12-02 19:44:55.000000,2019-12-02 20:03:32.157479,2019-12-02 20:04:27.157479,2019-12-02 20:52:15.382333,2019-12-02 20:53:10.382333,2019-12-02 21:17:05.894408,Replace,7,43,50,0 days 00:00:55.000000000,0 days 00:19:32.157479000
18,2019-12-02 20:50:00.000000,2019-12-02 20:50:35.000000,2019-12-02 21:07:56.930512,2019-12-02 21:08:31.930512,2019-12-02 21:56:44.255402,2019-12-02 21:57:19.255402,2019-12-02 22:14:16.868713,Replace,7,43,50,0 days 00:00:35.000000000,0 days 00:17:56.930512000
0,2019-12-02 01:19:00.000000,2019-12-02 00:00:50.000000,2019-12-02 00:17:27.034670,2019-12-02 00:18:17.034670,2019-12-02 00:48:16.266995,2019-12-02 00:49:06.266995,2019-12-02 01:02:02.483230,Replace,8,43,50,-1 days +22:41:50.000000000,0 days 00:17:27.034670000
1,2019-12-02 01:09:00.000000,2019-12-02 01:09:45.000000,2019-12-02 01:21:55.525451,2019-12-02 01:22:02.596798,,,,Onsite,8,43,50,0 days 00:00:45.000000000,0 days 00:12:17.596798000
2,2019-12-02 02:23:00.000000,2019-12-02 02:23:35.000000,2019-12-02 02:34:03.105714,2019-12-02 02:34:50.740298,,,,Onsite,8,43,50,0 days 00:00:35.000000000,0 days 00:11:15.740298000
3,2019-12-02 03:35:00.000000,2019-12-02 03:35:30.000000,2019-12-02 03:53:34.458400,2019-12-02 03:54:04.458400,2019-12-02 04:48:58.125814,2019-12-02 04:49:28.125814,2019-12-02 05:04:22.382884,Replace,8,43,50,0 days 00:00:30.000000000,0 days 00:18:34.458400000
4,2019-12-02 04:45:00.000000,2019-12-02 04:45:45.000000,2019-12-02 05:03:56.370216,2019-12-02 05:04:41.370216,2019-12-02 05:36:04.013775,2019-12-02 05:36:49.013775,2019-12-02 05:49:53.741472,Replace,8,43,50,0 days 00:00:45.000000000,0 days 00:18:56.370216000
5,2019-12-02 05:50:00.000000,2019-12-02 05:50:35.000000,2019-12-02 06:09:01.836805,2019-12-02 06:09:17.233245,,,,Onsite,8,43,50,0 days 00:00:35.000000000,0 days 00:18:42.233245000
6,2019-12-02 06:56:00.000000,2019-12-02 06:56:50.000000,2019-12-02 07:09:55.668199,2019-12-02 07:10:10.920235,,,,Onsite,8,43,50,0 days 00:00:50.000000000,0 days 00:13:20.920235000
7,2019-12-02 08:09:00.000000,2019-12-02 08:09:30.000000,2019-12-02 08:25:18.317447,2019-12-02 08:25:48.317447,2019-12-02 09:02:40.404726,2019-12-02 09:03:10.404726,2019-12-02 09:16:49.037247,Replace,8,43,50,0 days 00:00:30.000000000,0 days 00:16:18.317447000
8,2019-12-02 09:18:00.000000,2019-12-02 09:18:45.000000,2019-12-02 09:35:22.946456,2019-12-02 09:36:07.946456,2019-12-02 10:06:03.069496,2019-12-02 10:06:48.069496,2019-12-02 10:24:39.226954,Replace,8,43,50,0 days 00:00:45.000000000,0 days 00:17:22.946456000
9,2019-12-02 10:26:00.000000,2019-12-02 10:26:50.000000,2019-12-02 10:41:21.906720,2019-12-02 10:42:11.906720,2019-12-02 11:14:33.464031,2019-12-02 11:15:23.464031,2019-12-02 11:28:08.639467,Replace,8,43,50,0 days 00:00:50.000000000,0 days 00:15:21.906720000
10,2019-12-02 12:23:00.000000,2019-12-02 12:23:55.000000,2019-12-02 12:40:10.543915,2019-12-02 12:40:21.344041,,,,Onsite,8,43,50,0 days 00:00:55.000000000,0 days 00:16:26.344041000
11,2019-12-02 11:24:00.000000,2019-12-02 11:24:25.000000,2019-12-02 11:42:44.602779,2019-12-02 11:43:09.602779,2019-12-02 12:09:17.218616,2019-12-02 12:09:42.218616,2019-12-02 12:23:28.381598,Replace,8,43,50,0 days 00:00:25.000000000,0 days 00:18:44.602779000
12,2019-12-02 13:37:00.000000,2019-12-02 13:37:35.000000,2019-12-02 13:54:28.900055,2019-12-02 13:55:03.900055,2019-12-02 14:22:03.480826,2019-12-02 14:22:38.480826,2019-12-02 14:37:50.867759,Replace,8,43,50,0 days 00:00:35.000000000,0 days 00:17:28.900055000
13,2019-12-02 14:59:00.000000,2019-12-02 14:59:35.000000,2019-12-02 15:17:23.810611,2019-12-02 15:17:37.616678,,,,Onsite,8,43,50,0 days 00:00:35.000000000,0 days 00:18:02.616678000
14,2019-12-02 16:05:00.000000,2019-12-02 16:05:45.000000,2019-12-02 16:29:26.862937,2019-12-02 16:30:11.862937,2019-12-02 17:06:01.394018,2019-12-02 17:06:46.394018,2019-12-02 17:20:23.671322,Replace,8,43,50,0 days 00:00:45.000000000,0 days 00:24:26.862937000
15,2019-12-02 17:01:00.000000,2019-12-02 17:01:35.000000,2019-12-02 17:10:59.569728,2019-12-02 17:11:34.569728,2019-12-02 17:38:04.453982,2019-12-02 17:38:39.453982,2019-12-02 17:52:05.787820,Replace,8,43,50,0 days 00:00:35.000000000,0 days 00:09:59.569728000
16,2019-12-02 18:04:00.000000,2019-12-02 18:04:45.000000,2019-12-02 18:16:53.746728,2019-12-02 18:17:02.766626,,,,Onsite,8,43,50,0 days 00:00:45.000000000,0 days 00:12:17.766626000
17,2019-12-02 18:57:00.000000,2019-12-02 18:57:30.000000,2019-12-02 19:15:08.921604,2019-12-02 19:15:25.049872,,,,Onsite,8,43,50,0 days 00:00:30.000000000,0 days 00:17:55.049872000
18,2019-12-02 20:04:00.000000,2019-12-02 20:04:25.000000,2019-12-02 20:17:44.691584,2019-12-02 20:18:14.004826,,,,Onsite,8,43,50,0 days 00:00:25.000000000,0 days 00:13:49.004826000
19,2019-12-02 21:09:00.000000,2019-12-02 21:09:45.000000,2019-12-02 21:26:10.267897,2019-12-02 21:26:19.004728,,,,Onsite,8,43,50,0 days 00:00:45.000000000,0 days 00:16:34.004728000
0,2019-12-02 01:09:00.000000,2019-12-02 00:00:45.000000,2019-12-02 00:22:29.596674,2019-12-02 00:23:14.596674,2019-12-02 01:06:59.761804,2019-12-02 01:07:44.761804,2019-12-02 01:26:12.699594,Replace,9,43,50,-1 days +22:51:45.000000000,0 days 00:22:29.596674000
1,2019-12-02 01:10:00.000000,2019-12-02 01:10:55.000000,2019-12-02 01:27:26.247075,2019-12-02 01:28:21.247075,2019-12-02 02:17:28.156885,2019-12-02 02:18:23.156885,2019-12-02 02:36:00.580026,Replace,9,43,50,0 days 00:00:55.000000000,0 days 00:17:26.247075000
2,2019-12-02 02:26:00.000000,2019-12-02 02:26:30.000000,2019-12-02 02:47:53.606149,2019-12-02 02:48:23.606149,2019-12-02 03:12:40.691822,2019-12-02 03:13:10.691822,2019-12-02 03:29:25.606935,Replace,9,43,50,0 days 00:00:30.000000000,0 days 00:21:53.606149000
3,2019-12-02 03:36:00.000000,2019-12-02 03:36:30.000000,2019-12-02 03:55:03.300456,2019-12-02 03:55:33.300456,2019-12-02 04:31:50.119505,2019-12-02 04:32:20.119505,2019-12-02 04:50:51.716253,Replace,9,43,50,0 days 00:00:30.000000000,0 days 00:19:03.300456000
4,2019-12-02 04:42:00.000000,2019-12-02 04:42:30.000000,2019-12-02 04:56:50.169318,2019-12-02 04:56:55.148060,,,,Onsite,9,43,50,0 days 00:00:30.000000000,0 days 00:14:25.148060000
5,2019-12-02 05:35:00.000000,2019-12-02 05:35:45.000000,2019-12-02 05:52:15.293941,2019-12-02 05:53:00.293941,2019-12-02 06:21:34.598131,2019-12-02 06:22:19.598131,2019-12-02 06:35:55.712885,Replace,9,43,50,0 days 00:00:45.000000000,0 days 00:17:15.293941000
6,2019-12-02 06:57:00.000000,2019-12-02 06:57:30.000000,2019-12-02 07:14:05.714312,2019-12-02 07:14:16.878139,,,,Onsite,9,43,50,0 days 00:00:30.000000000,0 days 00:16:46.878139000
7,2019-12-02 08:10:00.000000,2019-12-02 08:10:50.000000,2019-12-02 08:20:34.498669,2019-12-02 08:20:43.699741,,,,Onsite,9,43,50,0 days 00:00:50.000000000,0 days 00:09:53.699741000
8,2019-12-02 09:18:00.000000,2019-12-02 09:18:45.000000,2019-12-02 09:40:07.745116,2019-12-02 09:40:52.745116,2019-12-02 10:21:22.559458,2019-12-02 10:22:07.559458,2019-12-02 10:35:32.973460,Replace,9,43,50,0 days 00:00:45.000000000,0 days 00:22:07.745116000
9,2019-12-02 10:39:00.000000,2019-12-02 10:39:55.000000,2019-12-02 11:00:39.835626,2019-12-02 11:00:44.502276,,,,Onsite,9,43,50,0 days 00:00:55.000000000,0 days 00:20:49.502276000
10,2019-12-02 11:58:00.000000,2019-12-02 11:58:35.000000,2019-12-02 12:13:52.882203,2019-12-02 12:14:27.882203,2019-12-02 13:01:02.800474,2019-12-02 13:01:37.800474,2019-12-02 13:20:53.271608,Replace,9,43,50,0 days 00:00:35.000000000,0 days 00:15:52.882203000
11,2019-12-02 12:54:00.000000,2019-12-02 12:54:35.000000,2019-12-02 13:04:43.526517,2019-12-02 13:05:18.526517,2019-12-02 13:33:37.584632,2019-12-02 13:34:12.584632,2019-12-02 13:51:39.835640,Replace,9,43,50,0 days 00:00:35.000000000,0 days 00:10:43.526517000
12,2019-12-02 14:05:00.000000,2019-12-02 14:05:30.000000,2019-12-02 14:22:33.288621,2019-12-02 14:23:03.288621,2019-12-02 15:00:32.455115,2019-12-02 15:01:02.455115,2019-12-02 15:21:50.212844,Replace,9,43,50,0 days 00:00:30.000000000,0 days 00:17:33.288621000
13,2019-12-02 15:30:00.000000,2019-12-02 15:30:35.000000,2019-12-02 15:52:47.628797,2019-12-02 15:52:58.898118,,,,Onsite,9,43,50,0 days 00:00:35.000000000,0 days 00:22:23.898118000
14,2019-12-02 16:31:00.000000,2019-12-02 16:31:35.000000,2019-12-02 16:47:57.028395,2019-12-02 16:48:32.028395,2019-12-02 17:41:46.931763,2019-12-02 17:42:21.931763,2019-12-02 17:58:13.399012,Replace,9,43,50,0 days 00:00:35.000000000,0 days 00:16:57.028395000
15,2019-12-02 17:36:00.000000,2019-12-02 17:36:25.000000,2019-12-02 17:52:28.592481,2019-12-02 17:52:29.786759,,,,Onsite,9,43,50,0 days 00:00:25.000000000,0 days 00:16:04.786759000
16,2019-12-02 18:46:00.000000,2019-12-02 18:46:25.000000,2019-12-02 18:58:16.560978,2019-12-02 18:58:33.279890,,,,Onsite,9,43,50,0 days 00:00:25.000000000,0 days 00:12:08.279890000
17,2019-12-02 19:52:00.000000,2019-12-02 19:52:35.000000,2019-12-02 20:06:47.753782,2019-12-02 20:07:00.952358,,,,Onsite,9,43,50,0 days 00:00:35.000000000,0 days 00:14:25.952358000
18,2019-12-02 21:05:00.000000,2019-12-02 21:05:35.000000,2019-12-02 21:22:21.837567,2019-12-02 21:22:56.837567,2019-12-02 22:13:07.805835,2019-12-02 22:13:42.805835,2019-12-02 22:28:44.772953,Replace,9,43,50,0 days 00:00:35.000000000,0 days 00:17:21.837567000
0,2019-12-02 01:06:00.000000,2019-12-02 00:00:45.000000,2019-12-02 00:22:31.530251,2019-12-02 00:23:16.530251,2019-12-02 01:17:42.622684,2019-12-02 01:18:27.622684,2019-12-02 01:38:28.778202,Replace,1,44,40,-1 days +22:54:45.000000000,0 days 00:22:31.530251000
1,2019-12-02 01:11:00.000000,2019-12-02 01:11:35.000000,2019-12-02 01:28:56.321607,2019-12-02 01:29:25.447217,,,,Onsite,1,44,40,0 days 00:00:35.000000000,0 days 00:17:50.447217000
2,2019-12-02 02:26:00.000000,2019-12-02 02:26:25.000000,2019-12-02 02:44:18.451354,2019-12-02 02:44:44.677949,,,,Onsite,1,44,40,0 days 00:00:25.000000000,0 days 00:18:19.677949000
3,2019-12-02 03:32:00.000000,2019-12-02 03:32:25.000000,2019-12-02 03:44:01.809893,2019-12-02 03:44:26.809893,2019-12-02 04:21:22.104170,2019-12-02 04:21:47.104170,2019-12-02 04:35:20.766872,Replace,1,44,40,0 days 00:00:25.000000000,0 days 00:12:01.809893000
4,2019-12-02 04:42:00.000000,2019-12-02 04:42:35.000000,2019-12-02 04:58:10.765561,2019-12-02 04:58:45.765561,2019-12-02 05:31:31.791942,2019-12-02 05:32:06.791942,2019-12-02 05:49:29.700978,Replace,1,44,40,0 days 00:00:35.000000000,0 days 00:16:10.765561000
5,2019-12-02 05:49:00.000000,2019-12-02 05:49:35.000000,2019-12-02 06:01:25.990482,2019-12-02 06:02:00.990482,2019-12-02 06:53:29.590652,2019-12-02 06:54:04.590652,2019-12-02 07:10:03.174899,Replace,1,44,40,0 days 00:00:35.000000000,0 days 00:12:25.990482000
6,2019-12-02 07:00:00.000000,2019-12-02 07:00:25.000000,2019-12-02 07:14:08.862159,2019-12-02 07:14:33.862159,2019-12-02 07:54:16.416432,2019-12-02 07:54:41.416432,2019-12-02 08:08:10.492596,Replace,1,44,40,0 days 00:00:25.000000000,0 days 00:14:08.862159000
7,2019-12-02 07:55:00.000000,2019-12-02 07:55:50.000000,2019-12-02 08:12:02.216357,2019-12-02 08:12:11.783086,,,,Onsite,1,44,40,0 days 00:00:50.000000000,0 days 00:16:21.783086000
8,2019-12-02 09:11:00.000000,2019-12-02 09:11:30.000000,2019-12-02 09:27:28.949704,2019-12-02 09:27:43.990377,,,,Onsite,1,44,40,0 days 00:00:30.000000000,0 days 00:16:13.990377000
9,2019-12-02 10:28:00.000000,2019-12-02 10:28:25.000000,2019-12-02 10:45:21.320821,2019-12-02 10:45:39.541771,,,,Onsite,1,44,40,0 days 00:00:25.000000000,0 days 00:17:14.541771000
10,2019-12-02 11:38:00.000000,2019-12-02 11:38:45.000000,2019-12-02 11:57:58.876077,2019-12-02 11:58:20.649160,,,,Onsite,1,44,40,0 days 00:00:45.000000000,0 days 00:19:35.649160000
11,2019-12-02 12:33:00.000000,2019-12-02 12:33:45.000000,2019-12-02 12:49:37.908741,2019-12-02 12:49:52.999730,,,,Onsite,1,44,40,0 days 00:00:45.000000000,0 days 00:16:07.999730000
12,2019-12-02 13:33:00.000000,2019-12-02 13:33:45.000000,2019-12-02 13:50:26.936320,2019-12-02 13:51:11.936320,2019-12-02 14:20:58.635771,2019-12-02 14:21:43.635771,2019-12-02 14:40:19.340928,Replace,1,44,40,0 days 00:00:45.000000000,0 days 00:17:26.936320000
13,2019-12-02 14:42:00.000000,2019-12-02 14:42:30.000000,2019-12-02 15:06:46.471977,2019-12-02 15:07:12.362572,,,,Onsite,1,44,40,0 days 00:00:30.000000000,0 days 00:24:42.362572000
14,2019-12-02 16:05:00.000000,2019-12-02 16:05:35.000000,2019-12-02 16:27:37.857939,2019-12-02 16:27:46.716732,,,,Onsite,1,44,40,0 days 00:00:35.000000000,0 days 00:22:11.716732000
15,2019-12-02 16:57:00.000000,2019-12-02 16:57:45.000000,2019-12-02 17:13:12.445640,2019-12-02 17:13:38.976078,,,,Onsite,1,44,40,0 days 00:00:45.000000000,0 days 00:15:53.976078000
16,2019-12-02 18:02:00.000000,2019-12-02 18:02:45.000000,2019-12-02 18:20:55.708288,2019-12-02 18:21:15.583291,,,,Onsite,1,44,40,0 days 00:00:45.000000000,0 days 00:18:30.583291000
17,2019-12-02 19:17:00.000000,2019-12-02 19:17:45.000000,2019-12-02 19:36:22.844705,2019-12-02 19:37:07.844705,2019-12-02 20:06:22.575780,2019-12-02 20:07:07.575780,2019-12-02 20:22:00.357017,Replace,1,44,40,0 days 00:00:45.000000000,0 days 00:19:22.844705000
18,2019-12-02 20:08:00.000000,2019-12-02 20:08:55.000000,2019-12-02 20:21:18.023515,2019-12-02 20:22:13.023515,2019-12-02 20:56:51.305754,2019-12-02 20:57:46.305754,2019-12-02 21:12:27.477592,Replace,1,44,40,0 days 00:00:55.000000000,0 days 00:13:18.023515000
19,2019-12-02 21:17:00.000000,2019-12-02 21:17:35.000000,2019-12-02 21:38:58.502710,2019-12-02 21:39:33.502710,2019-12-02 22:19:04.362309,2019-12-02 22:19:39.362309,2019-12-02 22:41:15.721843,Replace,1,44,40,0 days 00:00:35.000000000,0 days 00:21:58.502710000
0,2019-12-02 01:09:00.000000,2019-12-02 00:00:55.000000,2019-12-02 00:13:55.337349,2019-12-02 00:14:06.757341,,,,Onsite,2,44,40,-1 days +22:51:55.000000000,0 days 00:13:11.757341000
1,2019-12-02 01:10:00.000000,2019-12-02 01:10:25.000000,2019-12-02 01:27:30.189058,2019-12-02 01:27:37.943670,,,,Onsite,2,44,40,0 days 00:00:25.000000000,0 days 00:17:12.943670000
2,2019-12-02 02:28:00.000000,2019-12-02 02:28:50.000000,2019-12-02 02:40:20.520091,2019-12-02 02:41:10.520091,2019-12-02 03:15:43.798487,2019-12-02 03:16:33.798487,2019-12-02 03:37:42.929159,Replace,2,44,40,0 days 00:00:50.000000000,0 days 00:12:20.520091000
3,2019-12-02 03:37:00.000000,2019-12-02 03:37:50.000000,2019-12-02 03:53:38.985773,2019-12-02 03:54:28.985773,2019-12-02 04:39:13.726198,2019-12-02 04:40:03.726198,2019-12-02 04:56:53.223078,Replace,2,44,40,0 days 00:00:50.000000000,0 days 00:16:38.985773000
4,2019-12-02 04:34:00.000000,2019-12-02 04:34:45.000000,2019-12-02 04:49:16.915374,2019-12-02 04:50:01.915374,2019-12-02 05:18:24.062415,2019-12-02 05:19:09.062415,2019-12-02 05:35:28.155007,Replace,2,44,40,0 days 00:00:45.000000000,0 days 00:15:16.915374000
5,2019-12-02 05:46:00.000000,2019-12-02 05:46:45.000000,2019-12-02 06:04:49.083246,2019-12-02 06:04:58.734638,,,,Onsite,2,44,40,0 days 00:00:45.000000000,0 days 00:18:13.734638000
6,2019-12-02 07:06:00.000000,2019-12-02 07:06:45.000000,2019-12-02 07:22:39.088270,2019-12-02 07:23:24.088270,2019-12-02 07:52:51.738220,2019-12-02 07:53:36.738220,2019-12-02 08:09:50.864559,Replace,2,44,40,0 days 00:00:45.000000000,0 days 00:16:39.088270000
7,2019-12-02 08:15:00.000000,2019-12-02 08:15:45.000000,2019-12-02 08:28:55.825865,2019-12-02 08:29:02.445441,,,,Onsite,2,44,40,0 days 00:00:45.000000000,0 days 00:13:17.445441000
8,2019-12-02 09:30:00.000000,2019-12-02 09:30:55.000000,2019-12-02 09:49:20.386563,2019-12-02 09:49:27.135754,,,,Onsite,2,44,40,0 days 00:00:55.000000000,0 days 00:18:32.135754000
9,2019-12-02 10:53:00.000000,2019-12-02 10:53:35.000000,2019-12-02 11:12:38.978686,2019-12-02 11:12:58.125947,,,,Onsite,2,44,40,0 days 00:00:35.000000000,0 days 00:19:23.125947000
10,2019-12-02 12:07:00.000000,2019-12-02 12:07:45.000000,2019-12-02 12:26:25.420723,2019-12-02 12:27:10.420723,2019-12-02 13:10:45.279313,2019-12-02 13:11:30.279313,2019-12-02 13:30:42.343190,Replace,2,44,40,0 days 00:00:45.000000000,0 days 00:19:25.420723000
11,2019-12-02 13:19:00.000000,2019-12-02 13:19:50.000000,2019-12-02 13:38:04.350016,2019-12-02 13:38:54.350016,2019-12-02 14:28:50.616914,2019-12-02 14:29:40.616914,2019-12-02 14:45:19.177366,Replace,2,44,40,0 days 00:00:50.000000000,0 days 00:19:04.350016000
12,2019-12-02 14:24:00.000000,2019-12-02 14:24:35.000000,2019-12-02 14:47:19.508590,2019-12-02 14:47:54.508590,2019-12-02 15:24:31.990265,2019-12-02 15:25:06.990265,2019-12-02 15:42:45.474749,Replace,2,44,40,0 days 00:00:35.000000000,0 days 00:23:19.508590000
13,2019-12-02 15:26:00.000000,2019-12-02 15:26:45.000000,2019-12-02 15:43:44.686165,2019-12-02 15:44:01.020182,,,,Onsite,2,44,40,0 days 00:00:45.000000000,0 days 00:17:16.020182000
14,2019-12-02 16:37:00.000000,2019-12-02 16:37:25.000000,2019-12-02 16:49:03.456256,2019-12-02 16:49:25.834975,,,,Onsite,2,44,40,0 days 00:00:25.000000000,0 days 00:12:00.834975000
15,2019-12-02 17:46:00.000000,2019-12-02 17:46:30.000000,2019-12-02 17:59:43.739200,2019-12-02 18:00:13.739200,2019-12-02 18:35:45.120151,2019-12-02 18:36:15.120151,2019-12-02 18:52:07.844815,Replace,2,44,40,0 days 00:00:30.000000000,0 days 00:13:43.739200000
16,2019-12-02 18:39:00.000000,2019-12-02 18:39:35.000000,2019-12-02 18:58:23.800022,2019-12-02 18:58:58.800022,2019-12-02 19:25:07.857741,2019-12-02 19:25:42.857741,2019-12-02 19:43:51.892612,Replace,2,44,40,0 days 00:00:35.000000000,0 days 00:19:23.800022000
17,2019-12-02 19:47:00.000000,2019-12-02 19:47:35.000000,2019-12-02 20:04:23.219927,2019-12-02 20:04:58.219927,2019-12-02 20:39:21.811184,2019-12-02 20:39:56.811184,2019-12-02 21:01:31.815910,Replace,2,44,40,0 days 00:00:35.000000000,0 days 00:17:23.219927000
18,2019-12-02 20:48:00.000000,2019-12-02 20:48:35.000000,2019-12-02 21:02:07.624437,2019-12-02 21:02:32.911842,,,,Onsite,2,44,40,0 days 00:00:35.000000000,0 days 00:13:57.911842000
0,2019-12-02 01:22:00.000000,2019-12-02 00:00:45.000000,2019-12-02 00:20:09.280467,2019-12-02 00:20:19.610969,,,,Onsite,3,44,40,-1 days +22:38:45.000000000,0 days 00:19:34.610969000
1,2019-12-02 01:05:00.000000,2019-12-02 01:05:45.000000,2019-12-02 01:18:49.051775,2019-12-02 01:19:34.051775,2019-12-02 01:55:58.816656,2019-12-02 01:56:43.816656,2019-12-02 02:09:28.868497,Replace,3,44,40,0 days 00:00:45.000000000,0 days 00:13:49.051775000
2,2019-12-02 02:06:00.000000,2019-12-02 02:06:45.000000,2019-12-02 02:21:04.302749,2019-12-02 02:21:49.302749,2019-12-02 02:57:04.297531,2019-12-02 02:57:49.297531,2019-12-02 03:10:26.342898,Replace,3,44,40,0 days 00:00:45.000000000,0 days 00:15:04.302749000
3,2019-12-02 03:16:00.000000,2019-12-02 03:16:25.000000,2019-12-02 03:34:51.307198,2019-12-02 03:35:04.899085,,,,Onsite,3,44,40,0 days 00:00:25.000000000,0 days 00:18:39.899085000
4,2019-12-02 05:17:00.000000,2019-12-02 05:17:50.000000,2019-12-02 05:33:41.478331,2019-12-02 05:33:57.420749,,,,Onsite,3,44,40,0 days 00:00:50.000000000,0 days 00:16:07.420749000
5,2019-12-02 04:18:00.000000,2019-12-02 04:18:25.000000,2019-12-02 04:32:34.601511,2019-12-02 04:32:59.601511,2019-12-02 05:02:50.806997,2019-12-02 05:03:15.806997,2019-12-02 05:17:23.617492,Replace,3,44,40,0 days 00:00:25.000000000,0 days 00:14:34.601511000
6,2019-12-02 06:32:00.000000,2019-12-02 06:32:55.000000,2019-12-02 06:46:59.260423,2019-12-02 06:47:05.066041,,,,Onsite,3,44,40,0 days 00:00:55.000000000,0 days 00:14:10.066041000
7,2019-12-02 07:41:00.000000,2019-12-02 07:41:35.000000,2019-12-02 07:59:10.672856,2019-12-02 07:59:35.500751,,,,Onsite,3,44,40,0 days 00:00:35.000000000,0 days 00:18:00.500751000
8,2019-12-02 08:49:00.000000,2019-12-02 08:49:55.000000,2019-12-02 09:06:56.268890,2019-12-02 09:07:51.268890,2019-12-02 09:45:47.833153,2019-12-02 09:46:42.833153,2019-12-02 10:01:48.703478,Replace,3,44,40,0 days 00:00:55.000000000,0 days 00:17:56.268890000
9,2019-12-02 09:52:00.000000,2019-12-02 09:52:25.000000,2019-12-02 10:09:58.136691,2019-12-02 10:10:23.136691,2019-12-02 10:50:38.845147,2019-12-02 10:51:03.845147,2019-12-02 11:14:11.737043,Replace,3,44,40,0 days 00:00:25.000000000,0 days 00:17:58.136691000
10,2019-12-02 11:05:00.000000,2019-12-02 11:05:25.000000,2019-12-02 11:22:25.642005,2019-12-02 11:22:50.642005,2019-12-02 11:57:05.082150,2019-12-02 11:57:30.082150,2019-12-02 12:15:38.073869,Replace,3,44,40,0 days 00:00:25.000000000,0 days 00:17:25.642005000
11,2019-12-02 12:17:00.000000,2019-12-02 12:17:45.000000,2019-12-02 12:33:10.951379,2019-12-02 12:33:55.951379,2019-12-02 13:19:43.605209,2019-12-02 13:20:28.605209,2019-12-02 13:37:29.720442,Replace,3,44,40,0 days 00:00:45.000000000,0 days 00:16:10.951379000
12,2019-12-02 13:25:00.000000,2019-12-02 13:25:35.000000,2019-12-02 13:43:47.596630,2019-12-02 13:44:22.596630,2019-12-02 14:25:58.772682,2019-12-02 14:26:33.772682,2019-12-02 14:41:43.814427,Replace,3,44,40,0 days 00:00:35.000000000,0 days 00:18:47.596630000
13,2019-12-02 14:39:00.000000,2019-12-02 14:39:35.000000,2019-12-02 14:56:20.283676,2019-12-02 14:56:55.283676,2019-12-02 15:24:17.447635,2019-12-02 15:24:52.447635,2019-12-02 15:45:33.368270,Replace,3,44,40,0 days 00:00:35.000000000,0 days 00:17:20.283676000
14,2019-12-02 16:03:00.000000,2019-12-02 16:03:50.000000,2019-12-02 16:17:24.155731,2019-12-02 16:18:14.155731,2019-12-02 16:59:03.748086,2019-12-02 16:59:53.748086,2019-12-02 17:20:47.936270,Replace,3,44,40,0 days 00:00:50.000000000,0 days 00:14:24.155731000
15,2019-12-02 17:10:00.000000,2019-12-02 17:10:55.000000,2019-12-02 17:25:50.982850,2019-12-02 17:26:45.982850,2019-12-02 18:10:27.125916,2019-12-02 18:11:22.125916,2019-12-02 18:30:09.642415,Replace,3,44,40,0 days 00:00:55.000000000,0 days 00:15:50.982850000
16,2019-12-02 18:28:00.000000,2019-12-02 18:28:50.000000,2019-12-02 18:44:26.701495,2019-12-02 18:44:39.419713,,,,Onsite,3,44,40,0 days 00:00:50.000000000,0 days 00:15:49.419713000
17,2019-12-02 19:48:00.000000,2019-12-02 19:48:45.000000,2019-12-02 20:09:42.741775,2019-12-02 20:10:27.741775,2019-12-02 21:02:31.351620,2019-12-02 21:03:16.351620,2019-12-02 21:21:40.498944,Replace,3,44,40,0 days 00:00:45.000000000,0 days 00:21:42.741775000
18,2019-12-02 20:41:00.000000,2019-12-02 20:41:30.000000,2019-12-02 20:55:34.685118,2019-12-02 20:55:41.589056,,,,Onsite,3,44,40,0 days 00:00:30.000000000,0 days 00:14:11.589056000
19,2019-12-02 21:58:00.000000,2019-12-02 21:58:50.000000,2019-12-02 22:12:10.884533,2019-12-02 22:12:34.328177,,,,Onsite,3,44,40,0 days 00:00:50.000000000,0 days 00:13:44.328177000
0,2019-12-02 01:01:00.000000,2019-12-02 00:00:50.000000,2019-12-02 00:19:19.144365,2019-12-02 00:19:29.360996,,,,Onsite,4,44,40,-1 days +22:59:50.000000000,0 days 00:18:39.360996000
1,2019-12-02 00:56:00.000000,2019-12-02 00:56:50.000000,2019-12-02 01:13:53.465397,2019-12-02 01:13:59.621453,,,,Onsite,4,44,40,0 days 00:00:50.000000000,0 days 00:17:09.621453000
2,2019-12-02 02:11:00.000000,2019-12-02 02:11:45.000000,2019-12-02 02:27:22.834918,2019-12-02 02:28:07.834918,2019-12-02 02:54:44.732656,2019-12-02 02:55:29.732656,2019-12-02 03:12:15.906144,Replace,4,44,40,0 days 00:00:45.000000000,0 days 00:16:22.834918000
3,2019-12-02 03:04:00.000000,2019-12-02 03:04:45.000000,2019-12-02 03:24:44.438088,2019-12-02 03:25:04.250462,,,,Onsite,4,44,40,0 days 00:00:45.000000000,0 days 00:20:19.250462000
4,2019-12-02 04:16:00.000000,2019-12-02 04:16:55.000000,2019-12-02 04:39:50.873243,2019-12-02 04:40:45.873243,2019-12-02 05:07:19.153360,2019-12-02 05:08:14.153360,2019-12-02 05:26:16.027969,Replace,4,44,40,0 days 00:00:55.000000000,0 days 00:23:50.873243000
5,2019-12-02 05:19:00.000000,2019-12-02 05:19:45.000000,2019-12-02 05:44:33.418596,2019-12-02 05:45:18.418596,2019-12-02 06:28:46.179404,2019-12-02 06:29:31.179404,2019-12-02 06:44:18.619146,Replace,4,44,40,0 days 00:00:45.000000000,0 days 00:25:33.418596000
6,2019-12-02 06:40:00.000000,2019-12-02 06:40:45.000000,2019-12-02 06:56:21.146344,2019-12-02 06:56:35.261048,,,,Onsite,4,44,40,0 days 00:00:45.000000000,0 days 00:15:50.261048000
7,2019-12-02 07:42:00.000000,2019-12-02 07:42:55.000000,2019-12-02 08:00:54.052932,2019-12-02 08:01:49.052932,2019-12-02 08:45:59.905367,2019-12-02 08:46:54.905367,2019-12-02 09:01:42.273853,Replace,4,44,40,0 days 00:00:55.000000000,0 days 00:18:54.052932000
8,2019-12-02 08:42:00.000000,2019-12-02 08:42:50.000000,2019-12-02 08:57:15.989761,2019-12-02 08:58:05.989761,2019-12-02 09:38:30.324762,2019-12-02 09:39:20.324762,2019-12-02 10:01:01.397776,Replace,4,44,40,0 days 00:00:50.000000000,0 days 00:15:15.989761000
9,2019-12-02 09:57:00.000000,2019-12-02 09:57:45.000000,2019-12-02 10:13:12.009351,2019-12-02 10:13:57.009351,2019-12-02 10:37:39.612452,2019-12-02 10:38:24.612452,2019-12-02 10:55:23.479158,Replace,4,44,40,0 days 00:00:45.000000000,0 days 00:16:12.009351000
10,2019-12-02 10:46:00.000000,2019-12-02 10:46:45.000000,2019-12-02 11:03:32.396161,2019-12-02 11:04:17.396161,2019-12-02 11:33:26.237199,2019-12-02 11:34:11.237199,2019-12-02 11:49:08.749826,Replace,4,44,40,0 days 00:00:45.000000000,0 days 00:17:32.396161000
11,2019-12-02 11:56:00.000000,2019-12-02 11:56:30.000000,2019-12-02 12:13:46.915881,2019-12-02 12:14:16.915881,2019-12-02 12:36:35.462336,2019-12-02 12:37:05.462336,2019-12-02 12:53:01.448872,Replace,4,44,40,0 days 00:00:30.000000000,0 days 00:17:46.915881000
12,2019-12-02 13:03:00.000000,2019-12-02 13:03:45.000000,2019-12-02 13:13:31.261079,2019-12-02 13:14:16.261079,2019-12-02 14:01:44.134183,2019-12-02 14:02:29.134183,2019-12-02 14:20:27.714653,Replace,4,44,40,0 days 00:00:45.000000000,0 days 00:10:31.261079000
13,2019-12-02 14:15:00.000000,2019-12-02 14:15:45.000000,2019-12-02 14:37:12.959620,2019-12-02 14:37:57.959620,2019-12-02 15:16:42.754312,2019-12-02 15:17:27.754312,2019-12-02 15:36:03.543340,Replace,4,44,40,0 days 00:00:45.000000000,0 days 00:22:12.959620000
14,2019-12-02 15:40:00.000000,2019-12-02 15:40:30.000000,2019-12-02 15:54:24.973235,2019-12-02 15:54:54.973235,2019-12-02 16:24:26.570998,2019-12-02 16:24:56.570998,2019-12-02 16:43:17.638477,Replace,4,44,40,0 days 00:00:30.000000000,0 days 00:14:24.973235000
15,2019-12-02 16:48:00.000000,2019-12-02 16:48:35.000000,2019-12-02 17:02:19.819215,2019-12-02 17:02:54.819215,2019-12-02 17:49:48.706377,2019-12-02 17:50:23.706377,2019-12-02 18:03:11.795068,Replace,4,44,40,0 days 00:00:35.000000000,0 days 00:14:19.819215000
16,2019-12-02 18:03:00.000000,2019-12-02 18:03:35.000000,2019-12-02 18:22:15.945700,2019-12-02 18:22:50.945700,2019-12-02 18:55:51.887000,2019-12-02 18:56:26.887000,2019-12-02 19:11:23.650473,Replace,4,44,40,0 days 00:00:35.000000000,0 days 00:19:15.945700000
17,2019-12-02 19:09:00.000000,2019-12-02 19:09:45.000000,2019-12-02 19:23:05.635527,2019-12-02 19:23:41.860887,,,,Onsite,4,44,40,0 days 00:00:45.000000000,0 days 00:13:56.860887000
18,2019-12-02 20:17:00.000000,2019-12-02 20:17:45.000000,2019-12-02 20:31:25.422039,2019-12-02 20:32:10.422039,2019-12-02 21:08:06.157283,2019-12-02 21:08:51.157283,2019-12-02 21:22:26.253008,Replace,4,44,40,0 days 00:00:45.000000000,0 days 00:14:25.422039000
19,2019-12-02 21:29:00.000000,2019-12-02 21:29:30.000000,2019-12-02 21:48:58.080101,2019-12-02 21:49:28.080101,2019-12-02 22:35:26.014033,2019-12-02 22:35:56.014033,2019-12-02 22:56:35.061753,Replace,4,44,40,0 days 00:00:30.000000000,0 days 00:19:58.080101000
20,2019-12-02 22:28:00.000000,2019-12-02 22:28:25.000000,2019-12-02 22:41:08.343657,2019-12-02 22:41:25.507743,,,,Onsite,4,44,40,0 days 00:00:25.000000000,0 days 00:13:00.507743000
0,2019-12-02 01:05:00.000000,2019-12-02 00:00:45.000000,2019-12-02 00:12:51.762545,2019-12-02 00:13:36.762545,2019-12-02 00:48:00.678496,2019-12-02 00:48:45.678496,2019-12-02 01:06:50.605509,Replace,5,44,40,-1 days +22:55:45.000000000,0 days 00:12:51.762545000
1,2019-12-02 01:11:00.000000,2019-12-02 01:11:30.000000,2019-12-02 01:26:58.019142,2019-12-02 01:27:28.019142,2019-12-02 02:00:14.665291,2019-12-02 02:00:44.665291,2019-12-02 02:18:50.527702,Replace,5,44,40,0 days 00:00:30.000000000,0 days 00:15:58.019142000
2,2019-12-02 02:22:00.000000,2019-12-02 02:22:45.000000,2019-12-02 02:39:25.546866,2019-12-02 02:40:10.546866,2019-12-02 03:17:08.823962,2019-12-02 03:17:53.823962,2019-12-02 03:40:09.711936,Replace,5,44,40,0 days 00:00:45.000000000,0 days 00:17:25.546866000
3,2019-12-02 04:40:00.000000,2019-12-02 04:40:30.000000,2019-12-02 04:55:59.225534,2019-12-02 04:56:09.038296,,,,Onsite,5,44,40,0 days 00:00:30.000000000,0 days 00:15:39.038296000
4,2019-12-02 03:31:00.000000,2019-12-02 03:31:30.000000,2019-12-02 03:49:01.314831,2019-12-02 03:49:31.314831,2019-12-02 04:40:05.959179,2019-12-02 04:40:35.959179,2019-12-02 04:53:31.481351,Replace,5,44,40,0 days 00:00:30.000000000,0 days 00:18:01.314831000
5,2019-12-02 05:59:00.000000,2019-12-02 05:59:45.000000,2019-12-02 06:16:48.420677,2019-12-02 06:16:59.720574,,,,Onsite,5,44,40,0 days 00:00:45.000000000,0 days 00:17:14.720574000
6,2019-12-02 06:53:00.000000,2019-12-02 06:53:45.000000,2019-12-02 07:05:46.965790,2019-12-02 07:05:51.603028,,,,Onsite,5,44,40,0 days 00:00:45.000000000,0 days 00:12:06.603028000
7,2019-12-02 08:05:00.000000,2019-12-02 08:05:30.000000,2019-12-02 08:21:14.817727,2019-12-02 08:21:24.212218,,,,Onsite,5,44,40,0 days 00:00:30.000000000,0 days 00:15:54.212218000
8,2019-12-02 09:10:00.000000,2019-12-02 09:10:35.000000,2019-12-02 09:29:06.007517,2019-12-02 09:29:41.007517,2019-12-02 10:03:22.986027,2019-12-02 10:03:57.986027,2019-12-02 10:18:22.189583,Replace,5,44,40,0 days 00:00:35.000000000,0 days 00:19:06.007517000
9,2019-12-02 10:10:00.000000,2019-12-02 10:10:50.000000,2019-12-02 10:31:37.575825,2019-12-02 10:32:27.575825,2019-12-02 11:09:17.018858,2019-12-02 11:10:07.018858,2019-12-02 11:24:22.064429,Replace,5,44,40,0 days 00:00:50.000000000,0 days 00:21:37.575825000
10,2019-12-02 11:21:00.000000,2019-12-02 11:21:25.000000,2019-12-02 11:44:23.625341,2019-12-02 11:44:55.684580,,,,Onsite,5,44,40,0 days 00:00:25.000000000,0 days 00:23:30.684580000
11,2019-12-02 12:09:00.000000,2019-12-02 12:09:45.000000,2019-12-02 12:21:46.449908,2019-12-02 12:22:01.969923,,,,Onsite,5,44,40,0 days 00:00:45.000000000,0 days 00:12:16.969923000
12,2019-12-02 13:07:00.000000,2019-12-02 13:07:35.000000,2019-12-02 13:23:10.715115,2019-12-02 13:23:23.130771,,,,Onsite,5,44,40,0 days 00:00:35.000000000,0 days 00:15:48.130771000
13,2019-12-02 14:20:00.000000,2019-12-02 14:20:55.000000,2019-12-02 14:39:51.475609,2019-12-02 14:40:10.345679,,,,Onsite,5,44,40,0 days 00:00:55.000000000,0 days 00:19:15.345679000
14,2019-12-02 15:28:00.000000,2019-12-02 15:28:35.000000,2019-12-02 15:41:04.237030,2019-12-02 15:41:39.237030,2019-12-02 16:13:35.426072,2019-12-02 16:14:10.426072,2019-12-02 16:25:27.592939,Replace,5,44,40,0 days 00:00:35.000000000,0 days 00:13:04.237030000
15,2019-12-02 16:43:00.000000,2019-12-02 16:43:30.000000,2019-12-02 17:01:47.390287,2019-12-02 17:02:17.390287,2019-12-02 17:34:28.805489,2019-12-02 17:34:58.805489,2019-12-02 17:50:33.685614,Replace,5,44,40,0 days 00:00:30.000000000,0 days 00:18:47.390287000
16,2019-12-02 17:46:00.000000,2019-12-02 17:46:50.000000,2019-12-02 18:02:19.712246,2019-12-02 18:03:09.712246,2019-12-02 18:52:30.817429,2019-12-02 18:53:20.817429,2019-12-02 19:10:49.857465,Replace,5,44,40,0 days 00:00:50.000000000,0 days 00:16:19.712246000
17,2019-12-02 18:43:00.000000,2019-12-02 18:43:50.000000,2019-12-02 18:59:16.004278,2019-12-02 18:59:31.309969,,,,Onsite,5,44,40,0 days 00:00:50.000000000,0 days 00:15:41.309969000
18,2019-12-02 19:43:00.000000,2019-12-02 19:43:45.000000,2019-12-02 20:01:18.164513,2019-12-02 20:02:03.164513,2019-12-02 20:28:23.221506,2019-12-02 20:29:08.221506,2019-12-02 20:42:52.320784,Replace,5,44,40,0 days 00:00:45.000000000,0 days 00:18:18.164513000
19,2019-12-02 20:57:00.000000,2019-12-02 20:57:45.000000,2019-12-02 21:14:08.296309,2019-12-02 21:14:53.296309,2019-12-02 21:41:23.828816,2019-12-02 21:42:08.828816,2019-12-02 22:03:05.343574,Replace,5,44,40,0 days 00:00:45.000000000,0 days 00:17:08.296309000
0,2019-12-02 01:10:00.000000,2019-12-02 00:00:25.000000,2019-12-02 00:13:14.509627,2019-12-02 00:13:22.244345,,,,Onsite,6,44,40,-1 days +22:50:25.000000000,0 days 00:12:57.244345000
1,2019-12-02 01:19:00.000000,2019-12-02 01:19:50.000000,2019-12-02 01:33:45.085526,2019-12-02 01:34:35.085526,2019-12-02 02:18:12.654483,2019-12-02 02:19:02.654483,2019-12-02 02:41:05.716233,Replace,6,44,40,0 days 00:00:50.000000000,0 days 00:14:45.085526000
2,2019-12-02 02:20:00.000000,2019-12-02 02:20:55.000000,2019-12-02 02:40:20.597616,2019-12-02 02:40:49.115204,,,,Onsite,6,44,40,0 days 00:00:55.000000000,0 days 00:19:54.115204000
3,2019-12-02 03:24:00.000000,2019-12-02 03:24:35.000000,2019-12-02 03:42:47.077405,2019-12-02 03:43:22.077405,2019-12-02 04:29:19.517100,2019-12-02 04:29:54.517100,2019-12-02 04:54:00.236399,Replace,6,44,40,0 days 00:00:35.000000000,0 days 00:18:47.077405000
4,2019-12-02 04:24:00.000000,2019-12-02 04:24:35.000000,2019-12-02 04:41:27.521736,2019-12-02 04:42:02.521736,2019-12-02 05:15:43.261583,2019-12-02 05:16:18.261583,2019-12-02 05:35:49.653246,Replace,6,44,40,0 days 00:00:35.000000000,0 days 00:17:27.521736000
5,2019-12-02 05:35:00.000000,2019-12-02 05:35:30.000000,2019-12-02 05:54:11.831479,2019-12-02 05:54:20.636713,,,,Onsite,6,44,40,0 days 00:00:30.000000000,0 days 00:18:50.636713000
6,2019-12-02 06:41:00.000000,2019-12-02 06:41:25.000000,2019-12-02 07:00:23.311448,2019-12-02 07:00:47.264882,,,,Onsite,6,44,40,0 days 00:00:25.000000000,0 days 00:19:22.264882000
7,2019-12-02 08:02:00.000000,2019-12-02 08:02:30.000000,2019-12-02 08:24:36.878926,2019-12-02 08:25:06.878926,2019-12-02 08:51:40.831204,2019-12-02 08:52:10.831204,2019-12-02 09:13:06.332850,Replace,6,44,40,0 days 00:00:30.000000000,0 days 00:22:36.878926000
8,2019-12-02 09:07:00.000000,2019-12-02 09:07:45.000000,2019-12-02 09:30:13.072754,2019-12-02 09:30:58.072754,2019-12-02 10:03:28.685426,2019-12-02 10:04:13.685426,2019-12-02 10:19:30.109537,Replace,6,44,40,0 days 00:00:45.000000000,0 days 00:23:13.072754000
9,2019-12-02 10:27:00.000000,2019-12-02 10:27:45.000000,2019-12-02 10:43:21.608231,2019-12-02 10:43:36.130359,,,,Onsite,6,44,40,0 days 00:00:45.000000000,0 days 00:15:51.130359000
10,2019-12-02 11:40:00.000000,2019-12-02 11:40:35.000000,2019-12-02 11:55:51.612933,2019-12-02 11:56:26.612933,2019-12-02 12:38:05.164582,2019-12-02 12:38:40.164582,2019-12-02 12:50:08.294504,Replace,6,44,40,0 days 00:00:35.000000000,0 days 00:15:51.612933000
11,2019-12-02 12:51:00.000000,2019-12-02 12:51:30.000000,2019-12-02 13:08:56.898319,2019-12-02 13:09:26.898319,2019-12-02 13:46:09.513852,2019-12-02 13:46:39.513852,2019-12-02 13:58:01.226021,Replace,6,44,40,0 days 00:00:30.000000000,0 days 00:17:56.898319000
12,2019-12-02 14:07:00.000000,2019-12-02 14:07:45.000000,2019-12-02 14:23:14.781003,2019-12-02 14:23:22.908635,,,,Onsite,6,44,40,0 days 00:00:45.000000000,0 days 00:15:37.908635000
13,2019-12-02 15:14:00.000000,2019-12-02 15:14:30.000000,2019-12-02 15:26:38.244951,2019-12-02 15:27:08.244951,2019-12-02 16:25:52.987936,2019-12-02 16:26:22.987936,2019-12-02 16:48:24.652508,Replace,6,44,40,0 days 00:00:30.000000000,0 days 00:12:38.244951000
14,2019-12-02 16:14:00.000000,2019-12-02 16:14:55.000000,2019-12-02 16:34:53.155413,2019-12-02 16:35:48.155413,2019-12-02 17:21:47.276780,2019-12-02 17:22:42.276780,2019-12-02 17:42:18.910737,Replace,6,44,40,0 days 00:00:55.000000000,0 days 00:20:53.155413000
15,2019-12-02 17:05:00.000000,2019-12-02 17:05:25.000000,2019-12-02 17:18:01.903403,2019-12-02 17:18:12.840229,,,,Onsite,6,44,40,0 days 00:00:25.000000000,0 days 00:12:47.840229000
16,2019-12-02 18:18:00.000000,2019-12-02 18:18:45.000000,2019-12-02 18:35:17.347216,2019-12-02 18:35:28.490075,,,,Onsite,6,44,40,0 days 00:00:45.000000000,0 days 00:16:43.490075000
17,2019-12-02 19:23:00.000000,2019-12-02 19:23:45.000000,2019-12-02 19:39:45.816687,2019-12-02 19:39:46.656244,,,,Onsite,6,44,40,0 days 00:00:45.000000000,0 days 00:16:01.656244000
18,2019-12-02 20:32:00.000000,2019-12-02 20:32:45.000000,2019-12-02 20:49:43.774179,2019-12-02 20:49:59.814697,,,,Onsite,6,44,40,0 days 00:00:45.000000000,0 days 00:17:14.814697000
19,2019-12-02 21:24:00.000000,2019-12-02 21:24:45.000000,2019-12-02 21:37:07.142277,2019-12-02 21:37:52.142277,2019-12-02 22:27:02.529407,2019-12-02 22:27:47.529407,2019-12-02 22:40:42.900991,Replace,6,44,40,0 days 00:00:45.000000000,0 days 00:13:07.142277000
0,2019-12-02 01:07:00.000000,2019-12-02 00:00:50.000000,2019-12-02 00:21:14.983894,2019-12-02 00:21:52.465504,,,,Onsite,7,44,40,-1 days +22:53:50.000000000,0 days 00:21:02.465504000
1,2019-12-02 01:29:00.000000,2019-12-02 01:29:25.000000,2019-12-02 01:49:54.029963,2019-12-02 01:50:07.872489,,,,Onsite,7,44,40,0 days 00:00:25.000000000,0 days 00:20:42.872489000
2,2019-12-02 02:39:00.000000,2019-12-02 02:39:30.000000,2019-12-02 02:54:34.001692,2019-12-02 02:55:04.001692,2019-12-02 03:32:26.045556,2019-12-02 03:32:56.045556,2019-12-02 03:48:09.858356,Replace,7,44,40,0 days 00:00:30.000000000,0 days 00:15:34.001692000
3,2019-12-02 03:57:00.000000,2019-12-02 03:57:55.000000,2019-12-02 04:10:45.535440,2019-12-02 04:11:40.535440,2019-12-02 04:37:24.774072,2019-12-02 04:38:19.774072,2019-12-02 04:52:32.444214,Replace,7,44,40,0 days 00:00:55.000000000,0 days 00:13:45.535440000
4,2019-12-02 05:02:00.000000,2019-12-02 05:02:45.000000,2019-12-02 05:20:23.368286,2019-12-02 05:21:08.368286,2019-12-02 06:07:22.752249,2019-12-02 06:08:07.752249,2019-12-02 06:27:53.935226,Replace,7,44,40,0 days 00:00:45.000000000,0 days 00:18:23.368286000
5,2019-12-02 06:05:00.000000,2019-12-02 06:05:45.000000,2019-12-02 06:21:40.260114,2019-12-02 06:21:49.430225,,,,Onsite,7,44,40,0 days 00:00:45.000000000,0 days 00:16:04.430225000
6,2019-12-02 06:54:00.000000,2019-12-02 06:54:55.000000,2019-12-02 07:13:07.254543,2019-12-02 07:13:18.412235,,,,Onsite,7,44,40,0 days 00:00:55.000000000,0 days 00:18:23.412235000
7,2019-12-02 08:17:00.000000,2019-12-02 08:17:35.000000,2019-12-02 08:32:55.244852,2019-12-02 08:32:58.967649,,,,Onsite,7,44,40,0 days 00:00:35.000000000,0 days 00:15:23.967649000
8,2019-12-02 09:24:00.000000,2019-12-02 09:24:35.000000,2019-12-02 09:42:50.691745,2019-12-02 09:43:03.403388,,,,Onsite,7,44,40,0 days 00:00:35.000000000,0 days 00:18:28.403388000
9,2019-12-02 10:41:00.000000,2019-12-02 10:41:50.000000,2019-12-02 10:56:21.650932,2019-12-02 10:57:11.650932,2019-12-02 11:46:43.675556,2019-12-02 11:47:33.675556,2019-12-02 12:02:50.102705,Replace,7,44,40,0 days 00:00:50.000000000,0 days 00:15:21.650932000
10,2019-12-02 13:05:00.000000,2019-12-02 13:05:55.000000,2019-12-02 13:20:04.322726,2019-12-02 13:20:59.322726,2019-12-02 13:49:32.432466,2019-12-02 13:50:27.432466,2019-12-02 14:06:52.385677,Replace,7,44,40,0 days 00:00:55.000000000,0 days 00:15:04.322726000
11,2019-12-02 11:56:00.000000,2019-12-02 11:56:50.000000,2019-12-02 12:11:14.957791,2019-12-02 12:12:04.957791,2019-12-02 13:04:33.795612,2019-12-02 13:05:23.795612,2019-12-02 13:23:15.708512,Replace,7,44,40,0 days 00:00:50.000000000,0 days 00:15:14.957791000
12,2019-12-02 14:09:00.000000,2019-12-02 14:09:45.000000,2019-12-02 14:25:55.142321,2019-12-02 14:26:05.268032,,,,Onsite,7,44,40,0 days 00:00:45.000000000,0 days 00:16:20.268032000
13,2019-12-02 15:31:00.000000,2019-12-02 15:31:30.000000,2019-12-02 15:50:00.984249,2019-12-02 15:50:30.984249,2019-12-02 16:19:30.983718,2019-12-02 16:20:00.983718,2019-12-02 16:32:37.147038,Replace,7,44,40,0 days 00:00:30.000000000,0 days 00:19:00.984249000
14,2019-12-02 16:48:00.000000,2019-12-02 16:48:45.000000,2019-12-02 17:07:02.659225,2019-12-02 17:07:47.659225,2019-12-02 17:39:29.856069,2019-12-02 17:40:14.856069,2019-12-02 17:53:41.022061,Replace,7,44,40,0 days 00:00:45.000000000,0 days 00:19:02.659225000
15,2019-12-02 17:45:00.000000,2019-12-02 17:45:25.000000,2019-12-02 18:00:18.209692,2019-12-02 18:00:43.209692,2019-12-02 18:32:13.297925,2019-12-02 18:32:38.297925,2019-12-02 18:46:37.911824,Replace,7,44,40,0 days 00:00:25.000000000,0 days 00:15:18.209692000
16,2019-12-02 18:59:00.000000,2019-12-02 18:59:45.000000,2019-12-02 19:13:17.112959,2019-12-02 19:13:32.585626,,,,Onsite,7,44,40,0 days 00:00:45.000000000,0 days 00:13:47.585626000
17,2019-12-02 20:09:00.000000,2019-12-02 20:09:50.000000,2019-12-02 20:25:50.584755,2019-12-02 20:26:40.584755,2019-12-02 21:13:46.442881,2019-12-02 21:14:36.442881,2019-12-02 21:32:58.707559,Replace,7,44,40,0 days 00:00:50.000000000,0 days 00:16:50.584755000
18,2019-12-02 21:16:00.000000,2019-12-02 21:16:25.000000,2019-12-02 21:31:39.546410,2019-12-02 21:31:58.004037,,,,Onsite,7,44,40,0 days 00:00:25.000000000,0 days 00:15:33.004037000
19,2019-12-02 22:28:00.000000,2019-12-02 22:28:25.000000,2019-12-02 22:45:02.083516,2019-12-02 22:45:10.600686,,,,Onsite,7,44,40,0 days 00:00:25.000000000,0 days 00:16:45.600686000
0,2019-12-02 01:06:00.000000,2019-12-02 00:00:30.000000,2019-12-02 00:19:20.020684,2019-12-02 00:19:50.020684,2019-12-02 01:12:23.019813,2019-12-02 01:12:53.019813,2019-12-02 01:33:12.951906,Replace,8,44,40,-1 days +22:54:30.000000000,0 days 00:19:20.020684000
1,2019-12-02 01:16:00.000000,2019-12-02 01:16:25.000000,2019-12-02 01:34:01.974232,2019-12-02 01:34:26.974232,2019-12-02 02:24:16.012856,2019-12-02 02:24:41.012856,2019-12-02 02:38:50.275881,Replace,8,44,40,0 days 00:00:25.000000000,0 days 00:18:01.974232000
2,2019-12-02 02:31:00.000000,2019-12-02 02:31:50.000000,2019-12-02 02:50:25.544047,2019-12-02 02:50:27.309838,,,,Onsite,8,44,40,0 days 00:00:50.000000000,0 days 00:18:37.309838000
3,2019-12-02 03:37:00.000000,2019-12-02 03:37:55.000000,2019-12-02 03:53:18.982153,2019-12-02 03:53:44.505784,,,,Onsite,8,44,40,0 days 00:00:55.000000000,0 days 00:15:49.505784000
4,2019-12-02 04:44:00.000000,2019-12-02 04:44:25.000000,2019-12-02 05:00:29.535782,2019-12-02 05:00:54.535782,2019-12-02 05:33:01.938856,2019-12-02 05:33:26.938856,2019-12-02 05:54:08.282496,Replace,8,44,40,0 days 00:00:25.000000000,0 days 00:16:29.535782000
5,2019-12-02 05:44:00.000000,2019-12-02 05:44:50.000000,2019-12-02 06:02:12.982453,2019-12-02 06:03:02.982453,2019-12-02 06:31:41.568104,2019-12-02 06:32:31.568104,2019-12-02 06:51:13.532633,Replace,8,44,40,0 days 00:00:50.000000000,0 days 00:18:12.982453000
6,2019-12-02 06:59:00.000000,2019-12-02 06:59:25.000000,2019-12-02 07:14:37.209236,2019-12-02 07:14:42.312268,,,,Onsite,8,44,40,0 days 00:00:25.000000000,0 days 00:15:17.312268000
7,2019-12-02 08:05:00.000000,2019-12-02 08:05:45.000000,2019-12-02 08:24:40.544935,2019-12-02 08:24:52.610899,,,,Onsite,8,44,40,0 days 00:00:45.000000000,0 days 00:19:07.610899000
8,2019-12-02 09:23:00.000000,2019-12-02 09:23:45.000000,2019-12-02 09:42:07.923080,2019-12-02 09:42:52.923080,2019-12-02 10:05:42.294973,2019-12-02 10:06:27.294973,2019-12-02 10:26:36.635323,Replace,8,44,40,0 days 00:00:45.000000000,0 days 00:19:07.923080000
9,2019-12-02 10:28:00.000000,2019-12-02 10:28:45.000000,2019-12-02 10:43:46.801334,2019-12-02 10:44:31.801334,2019-12-02 11:36:14.520460,2019-12-02 11:36:59.520460,2019-12-02 11:49:22.970488,Replace,8,44,40,0 days 00:00:45.000000000,0 days 00:15:46.801334000
10,2019-12-02 11:43:00.000000,2019-12-02 11:43:35.000000,2019-12-02 12:00:54.750836,2019-12-02 12:01:29.750836,2019-12-02 12:51:20.800905,2019-12-02 12:51:55.800905,2019-12-02 13:12:34.025205,Replace,8,44,40,0 days 00:00:35.000000000,0 days 00:17:54.750836000
11,2019-12-02 12:41:00.000000,2019-12-02 12:41:50.000000,2019-12-02 12:55:18.284294,2019-12-02 12:55:29.016022,,,,Onsite,8,44,40,0 days 00:00:50.000000000,0 days 00:13:39.016022000
12,2019-12-02 13:50:00.000000,2019-12-02 13:50:45.000000,2019-12-02 14:10:46.561668,2019-12-02 14:11:31.561668,2019-12-02 14:47:16.778702,2019-12-02 14:48:01.778702,2019-12-02 15:09:02.913654,Replace,8,44,40,0 days 00:00:45.000000000,0 days 00:20:46.561668000
13,2019-12-02 14:50:00.000000,2019-12-02 14:50:25.000000,2019-12-02 15:05:39.992770,2019-12-02 15:06:04.416363,,,,Onsite,8,44,40,0 days 00:00:25.000000000,0 days 00:15:39.416363000
14,2019-12-02 16:07:00.000000,2019-12-02 16:07:45.000000,2019-12-02 16:21:03.801294,2019-12-02 16:21:48.801294,2019-12-02 16:49:40.238195,2019-12-02 16:50:25.238195,2019-12-02 17:05:38.979056,Replace,8,44,40,0 days 00:00:45.000000000,0 days 00:14:03.801294000
15,2019-12-02 17:26:00.000000,2019-12-02 17:26:55.000000,2019-12-02 17:47:25.230890,2019-12-02 17:47:36.777832,,,,Onsite,8,44,40,0 days 00:00:55.000000000,0 days 00:20:41.777832000
16,2019-12-02 18:35:00.000000,2019-12-02 18:35:35.000000,2019-12-02 18:46:33.202206,2019-12-02 18:47:08.202206,2019-12-02 19:19:40.356887,2019-12-02 19:20:15.356887,2019-12-02 19:38:13.221549,Replace,8,44,40,0 days 00:00:35.000000000,0 days 00:11:33.202206000
17,2019-12-02 19:56:00.000000,2019-12-02 19:56:25.000000,2019-12-02 20:15:12.670414,2019-12-02 20:15:33.163032,,,,Onsite,8,44,40,0 days 00:00:25.000000000,0 days 00:19:08.163032000
0,2019-12-02 01:00:00.000000,2019-12-02 00:00:25.000000,2019-12-02 00:15:00.467149,2019-12-02 00:15:25.467149,2019-12-02 00:49:41.858925,2019-12-02 00:50:06.858925,2019-12-02 01:09:01.424645,Replace,9,44,40,-1 days +23:00:25.000000000,0 days 00:15:00.467149000
1,2019-12-02 01:13:00.000000,2019-12-02 01:13:45.000000,2019-12-02 01:33:09.183250,2019-12-02 01:33:54.183250,2019-12-02 02:20:46.675996,2019-12-02 02:21:31.675996,2019-12-02 02:39:33.728450,Replace,9,44,40,0 days 00:00:45.000000000,0 days 00:20:09.183250000
2,2019-12-02 02:20:00.000000,2019-12-02 02:20:45.000000,2019-12-02 02:35:00.634841,2019-12-02 02:35:45.634841,2019-12-02 03:24:06.459987,2019-12-02 03:24:51.459987,2019-12-02 03:47:44.243475,Replace,9,44,40,0 days 00:00:45.000000000,0 days 00:15:00.634841000
3,2019-12-02 03:39:00.000000,2019-12-02 03:39:45.000000,2019-12-02 03:50:08.030552,2019-12-02 03:50:11.646800,,,,Onsite,9,44,40,0 days 00:00:45.000000000,0 days 00:10:26.646800000
4,2019-12-02 06:08:00.000000,2019-12-02 06:08:55.000000,2019-12-02 06:24:14.397987,2019-12-02 06:24:19.549397,,,,Onsite,9,44,40,0 days 00:00:55.000000000,0 days 00:15:24.549397000
5,2019-12-02 05:00:00.000000,2019-12-02 05:00:25.000000,2019-12-02 05:19:19.857993,2019-12-02 05:19:44.857993,2019-12-02 05:54:57.269066,2019-12-02 05:55:22.269066,2019-12-02 06:08:29.298894,Replace,9,44,40,0 days 00:00:25.000000000,0 days 00:19:19.857993000
6,2019-12-02 07:08:00.000000,2019-12-02 07:08:50.000000,2019-12-02 07:28:37.161830,2019-12-02 07:28:43.668878,,,,Onsite,9,44,40,0 days 00:00:50.000000000,0 days 00:19:53.668878000
7,2019-12-02 08:04:00.000000,2019-12-02 08:04:45.000000,2019-12-02 08:18:03.288902,2019-12-02 08:18:26.708718,,,,Onsite,9,44,40,0 days 00:00:45.000000000,0 days 00:13:41.708718000
8,2019-12-02 09:08:00.000000,2019-12-02 09:08:50.000000,2019-12-02 09:22:35.331545,2019-12-02 09:22:45.494410,,,,Onsite,9,44,40,0 days 00:00:50.000000000,0 days 00:13:55.494410000
9,2019-12-02 10:01:00.000000,2019-12-02 10:01:55.000000,2019-12-02 10:16:01.087818,2019-12-02 10:16:56.087818,2019-12-02 11:05:46.765395,2019-12-02 11:06:41.765395,2019-12-02 11:25:52.125575,Replace,9,44,40,0 days 00:00:55.000000000,0 days 00:15:01.087818000
10,2019-12-02 11:05:00.000000,2019-12-02 11:05:45.000000,2019-12-02 11:21:22.019070,2019-12-02 11:21:36.406890,,,,Onsite,9,44,40,0 days 00:00:45.000000000,0 days 00:15:51.406890000
11,2019-12-02 12:19:00.000000,2019-12-02 12:19:45.000000,2019-12-02 12:32:17.214633,2019-12-02 12:32:29.277398,,,,Onsite,9,44,40,0 days 00:00:45.000000000,0 days 00:12:44.277398000
12,2019-12-02 13:36:00.000000,2019-12-02 13:36:45.000000,2019-12-02 13:52:26.135630,2019-12-02 13:53:11.135630,2019-12-02 14:41:00.431248,2019-12-02 14:41:45.431248,2019-12-02 15:02:26.843510,Replace,9,44,40,0 days 00:00:45.000000000,0 days 00:16:26.135630000
13,2019-12-02 14:57:00.000000,2019-12-02 14:57:50.000000,2019-12-02 15:13:55.234033,2019-12-02 15:14:19.598677,,,,Onsite,9,44,40,0 days 00:00:50.000000000,0 days 00:16:29.598677000
14,2019-12-02 16:13:00.000000,2019-12-02 16:13:25.000000,2019-12-02 16:27:10.147959,2019-12-02 16:27:35.147959,2019-12-02 17:08:49.455335,2019-12-02 17:09:14.455335,2019-12-02 17:23:41.211714,Replace,9,44,40,0 days 00:00:25.000000000,0 days 00:14:10.147959000
15,2019-12-02 17:25:00.000000,2019-12-02 17:25:30.000000,2019-12-02 17:47:04.352729,2019-12-02 17:47:34.352729,2019-12-02 18:15:18.773907,2019-12-02 18:15:48.773907,2019-12-02 18:32:07.674932,Replace,9,44,40,0 days 00:00:30.000000000,0 days 00:22:04.352729000
16,2019-12-02 18:22:00.000000,2019-12-02 18:22:35.000000,2019-12-02 18:40:55.007351,2019-12-02 18:41:30.007351,2019-12-02 19:10:33.397027,2019-12-02 19:11:08.397027,2019-12-02 19:28:02.498907,Replace,9,44,40,0 days 00:00:35.000000000,0 days 00:18:55.007351000
17,2019-12-02 19:28:00.000000,2019-12-02 19:28:50.000000,2019-12-02 19:44:37.221879,2019-12-02 19:45:27.221879,2019-12-02 20:32:11.977951,2019-12-02 20:33:01.977951,2019-12-02 20:48:11.349104,Replace,9,44,40,0 days 00:00:50.000000000,0 days 00:16:37.221879000
18,2019-12-02 20:39:00.000000,2019-12-02 20:39:25.000000,2019-12-02 20:55:22.974940,2019-12-02 20:55:31.768006,,,,Onsite,9,44,40,0 days 00:00:25.000000000,0 days 00:16:06.768006000
19,2019-12-02 21:39:00.000000,2019-12-02 21:39:45.000000,2019-12-02 21:53:55.725740,2019-12-02 21:54:40.725740,2019-12-02 22:21:10.788165,2019-12-02 22:21:55.788165,2019-12-02 22:45:22.893353,Replace,9,44,40,0 days 00:00:45.000000000,0 days 00:14:55.725740000
0,2019-12-02 01:20:00.000000,2019-12-02 00:00:55.000000,2019-12-02 00:16:21.346095,2019-12-02 00:17:16.346095,2019-12-02 01:08:25.775322,2019-12-02 01:09:20.775322,2019-12-02 01:23:45.356327,Replace,1,44,41,-1 days +22:40:55.000000000,0 days 00:16:21.346095000
1,2019-12-02 01:02:00.000000,2019-12-02 01:02:45.000000,2019-12-02 01:21:17.666048,2019-12-02 01:22:02.666048,2019-12-02 01:59:42.827826,2019-12-02 02:00:27.827826,2019-12-02 02:11:30.618687,Replace,1,44,41,0 days 00:00:45.000000000,0 days 00:19:17.666048000
2,2019-12-02 02:12:00.000000,2019-12-02 02:12:55.000000,2019-12-02 02:28:10.468473,2019-12-02 02:29:05.468473,2019-12-02 03:09:17.382138,2019-12-02 03:10:12.382138,2019-12-02 03:30:47.858441,Replace,1,44,41,0 days 00:00:55.000000000,0 days 00:16:10.468473000
3,2019-12-02 03:38:00.000000,2019-12-02 03:38:55.000000,2019-12-02 03:57:44.976749,2019-12-02 03:58:39.976749,2019-12-02 04:27:19.847594,2019-12-02 04:28:14.847594,2019-12-02 04:47:36.101149,Replace,1,44,41,0 days 00:00:55.000000000,0 days 00:19:44.976749000
4,2019-12-02 04:46:00.000000,2019-12-02 04:46:50.000000,2019-12-02 04:58:04.054855,2019-12-02 04:58:54.054855,2019-12-02 05:30:24.110948,2019-12-02 05:31:14.110948,2019-12-02 05:42:29.714750,Replace,1,44,41,0 days 00:00:50.000000000,0 days 00:12:04.054855000
5,2019-12-02 05:46:00.000000,2019-12-02 05:46:55.000000,2019-12-02 06:04:10.082438,2019-12-02 06:04:23.308283,,,,Onsite,1,44,41,0 days 00:00:55.000000000,0 days 00:17:28.308283000
6,2019-12-02 06:51:00.000000,2019-12-02 06:51:30.000000,2019-12-02 07:08:45.027464,2019-12-02 07:09:15.027464,2019-12-02 07:48:29.956447,2019-12-02 07:48:59.956447,2019-12-02 08:03:35.901540,Replace,1,44,41,0 days 00:00:30.000000000,0 days 00:17:45.027464000
7,2019-12-02 07:56:00.000000,2019-12-02 07:56:55.000000,2019-12-02 08:12:57.082457,2019-12-02 08:13:52.082457,2019-12-02 08:44:38.622828,2019-12-02 08:45:33.622828,2019-12-02 08:57:53.587814,Replace,1,44,41,0 days 00:00:55.000000000,0 days 00:16:57.082457000
8,2019-12-02 08:52:00.000000,2019-12-02 08:52:25.000000,2019-12-02 09:12:36.782239,2019-12-02 09:12:45.201124,,,,Onsite,1,44,41,0 days 00:00:25.000000000,0 days 00:20:20.201124000
9,2019-12-02 09:56:00.000000,2019-12-02 09:56:45.000000,2019-12-02 10:08:49.537238,2019-12-02 10:08:52.549938,,,,Onsite,1,44,41,0 days 00:00:45.000000000,0 days 00:12:07.549938000
10,2019-12-02 11:05:00.000000,2019-12-02 11:05:35.000000,2019-12-02 11:24:08.197837,2019-12-02 11:24:43.197837,2019-12-02 11:47:10.534919,2019-12-02 11:47:45.534919,2019-12-02 12:05:09.313957,Replace,1,44,41,0 days 00:00:35.000000000,0 days 00:19:08.197837000
11,2019-12-02 12:16:00.000000,2019-12-02 12:16:30.000000,2019-12-02 12:29:01.087654,2019-12-02 12:29:31.087654,2019-12-02 13:02:19.848502,2019-12-02 13:02:49.848502,2019-12-02 13:17:40.034563,Replace,1,44,41,0 days 00:00:30.000000000,0 days 00:13:01.087654000
12,2019-12-02 13:23:00.000000,2019-12-02 13:23:55.000000,2019-12-02 13:40:30.824543,2019-12-02 13:40:49.753681,,,,Onsite,1,44,41,0 days 00:00:55.000000000,0 days 00:16:54.753681000
13,2019-12-02 14:28:00.000000,2019-12-02 14:28:50.000000,2019-12-02 14:39:51.415187,2019-12-02 14:40:41.415187,2019-12-02 15:22:46.252818,2019-12-02 15:23:36.252818,2019-12-02 15:38:36.096724,Replace,1,44,41,0 days 00:00:50.000000000,0 days 00:11:51.415187000
14,2019-12-02 15:32:00.000000,2019-12-02 15:32:50.000000,2019-12-02 15:43:46.589620,2019-12-02 15:43:53.555002,,,,Onsite,1,44,41,0 days 00:00:50.000000000,0 days 00:11:03.555002000
15,2019-12-02 16:19:00.000000,2019-12-02 16:19:50.000000,2019-12-02 16:39:17.152494,2019-12-02 16:40:07.152494,2019-12-02 17:12:46.178734,2019-12-02 17:13:36.178734,2019-12-02 17:32:58.965250,Replace,1,44,41,0 days 00:00:50.000000000,0 days 00:20:17.152494000
16,2019-12-02 17:30:00.000000,2019-12-02 17:30:55.000000,2019-12-02 17:44:14.403737,2019-12-02 17:44:31.568275,,,,Onsite,1,44,41,0 days 00:00:55.000000000,0 days 00:13:36.568275000
17,2019-12-02 18:31:00.000000,2019-12-02 18:31:45.000000,2019-12-02 18:54:12.965623,2019-12-02 18:54:39.441277,,,,Onsite,1,44,41,0 days 00:00:45.000000000,0 days 00:22:54.441277000
18,2019-12-02 19:39:00.000000,2019-12-02 19:39:45.000000,2019-12-02 19:55:54.769429,2019-12-02 19:56:39.769429,2019-12-02 20:33:04.027822,2019-12-02 20:33:49.027822,2019-12-02 20:48:06.485887,Replace,1,44,41,0 days 00:00:45.000000000,0 days 00:16:54.769429000
19,2019-12-02 21:03:00.000000,2019-12-02 21:03:50.000000,2019-12-02 21:15:54.899876,2019-12-02 21:16:01.348016,,,,Onsite,1,44,41,0 days 00:00:50.000000000,0 days 00:12:11.348016000
20,2019-12-02 22:08:00.000000,2019-12-02 22:08:35.000000,2019-12-02 22:23:29.678949,2019-12-02 22:24:03.510189,,,,Onsite,1,44,41,0 days 00:00:35.000000000,0 days 00:15:28.510189000
0,2019-12-02 01:07:00.000000,2019-12-02 00:00:25.000000,2019-12-02 00:17:36.374880,2019-12-02 00:18:01.374880,2019-12-02 00:46:45.613328,2019-12-02 00:47:10.613328,2019-12-02 01:03:05.289792,Replace,2,44,41,-1 days +22:53:25.000000000,0 days 00:17:36.374880000
1,2019-12-02 01:26:00.000000,2019-12-02 01:26:45.000000,2019-12-02 01:38:09.292069,2019-12-02 01:38:54.292069,2019-12-02 02:27:15.475542,2019-12-02 02:28:00.475542,2019-12-02 02:46:12.728024,Replace,2,44,41,0 days 00:00:45.000000000,0 days 00:12:09.292069000
2,2019-12-02 02:33:00.000000,2019-12-02 02:33:35.000000,2019-12-02 02:53:13.974572,2019-12-02 02:53:21.646427,,,,Onsite,2,44,41,0 days 00:00:35.000000000,0 days 00:19:46.646427000
3,2019-12-02 03:29:00.000000,2019-12-02 03:29:45.000000,2019-12-02 03:46:35.127768,2019-12-02 03:46:57.189637,,,,Onsite,2,44,41,0 days 00:00:45.000000000,0 days 00:17:12.189637000
4,2019-12-02 04:29:00.000000,2019-12-02 04:29:45.000000,2019-12-02 04:41:31.594138,2019-12-02 04:42:16.594138,2019-12-02 05:27:43.789935,2019-12-02 05:28:28.789935,2019-12-02 05:44:45.285960,Replace,2,44,41,0 days 00:00:45.000000000,0 days 00:12:31.594138000
5,2019-12-02 05:42:00.000000,2019-12-02 05:42:50.000000,2019-12-02 05:59:42.453577,2019-12-02 05:59:56.848349,,,,Onsite,2,44,41,0 days 00:00:50.000000000,0 days 00:17:06.848349000
6,2019-12-02 07:00:00.000000,2019-12-02 07:00:45.000000,2019-12-02 07:14:26.082186,2019-12-02 07:14:44.778887,,,,Onsite,2,44,41,0 days 00:00:45.000000000,0 days 00:13:59.778887000
7,2019-12-02 08:03:00.000000,2019-12-02 08:03:30.000000,2019-12-02 08:20:45.333386,2019-12-02 08:21:15.333386,2019-12-02 09:07:24.130873,2019-12-02 09:07:54.130873,2019-12-02 09:23:27.289417,Replace,2,44,41,0 days 00:00:30.000000000,0 days 00:17:45.333386000
8,2019-12-02 09:27:00.000000,2019-12-02 09:27:30.000000,2019-12-02 09:47:58.717546,2019-12-02 09:48:11.772887,,,,Onsite,2,44,41,0 days 00:00:30.000000000,0 days 00:20:41.772887000
9,2019-12-02 10:49:00.000000,2019-12-02 10:49:35.000000,2019-12-02 11:07:56.429858,2019-12-02 11:08:05.571978,,,,Onsite,2,44,41,0 days 00:00:35.000000000,0 days 00:18:30.571978000
10,2019-12-02 12:18:00.000000,2019-12-02 12:18:25.000000,2019-12-02 12:40:00.003104,2019-12-02 12:40:25.003104,2019-12-02 13:02:21.262937,2019-12-02 13:02:46.262937,2019-12-02 13:19:38.629610,Replace,2,44,41,0 days 00:00:25.000000000,0 days 00:22:00.003104000
11,2019-12-02 13:30:00.000000,2019-12-02 13:30:30.000000,2019-12-02 13:42:24.767508,2019-12-02 13:42:54.767508,2019-12-02 14:09:35.545750,2019-12-02 14:10:05.545750,2019-12-02 14:26:42.508987,Replace,2,44,41,0 days 00:00:30.000000000,0 days 00:12:24.767508000
12,2019-12-02 14:33:00.000000,2019-12-02 14:33:35.000000,2019-12-02 14:47:30.323097,2019-12-02 14:47:43.630105,,,,Onsite,2,44,41,0 days 00:00:35.000000000,0 days 00:14:08.630105000
13,2019-12-02 15:48:00.000000,2019-12-02 15:48:25.000000,2019-12-02 16:04:35.631283,2019-12-02 16:05:00.631283,2019-12-02 16:43:00.873758,2019-12-02 16:43:25.873758,2019-12-02 17:01:00.683968,Replace,2,44,41,0 days 00:00:25.000000000,0 days 00:16:35.631283000
14,2019-12-02 17:17:00.000000,2019-12-02 17:17:25.000000,2019-12-02 17:31:26.993699,2019-12-02 17:31:51.993699,2019-12-02 18:13:09.832583,2019-12-02 18:13:34.832583,2019-12-02 18:24:40.916235,Replace,2,44,41,0 days 00:00:25.000000000,0 days 00:14:26.993699000
15,2019-12-02 18:33:00.000000,2019-12-02 18:33:30.000000,2019-12-02 18:47:49.891119,2019-12-02 18:48:19.891119,2019-12-02 19:14:56.865122,2019-12-02 19:15:26.865122,2019-12-02 19:27:54.629526,Replace,2,44,41,0 days 00:00:30.000000000,0 days 00:14:49.891119000
16,2019-12-02 19:52:00.000000,2019-12-02 19:52:35.000000,2019-12-02 20:11:12.060612,2019-12-02 20:11:24.182847,,,,Onsite,2,44,41,0 days 00:00:35.000000000,0 days 00:18:49.182847000
17,2019-12-02 21:03:00.000000,2019-12-02 21:03:35.000000,2019-12-02 21:22:56.288440,2019-12-02 21:23:22.520631,,,,Onsite,2,44,41,0 days 00:00:35.000000000,0 days 00:19:47.520631000
0,2019-12-02 01:15:00.000000,2019-12-02 00:00:25.000000,2019-12-02 00:19:47.403168,2019-12-02 00:19:49.509780,,,,Onsite,3,44,41,-1 days +22:45:25.000000000,0 days 00:19:24.509780000
1,2019-12-02 01:25:00.000000,2019-12-02 01:25:35.000000,2019-12-02 01:43:19.950651,2019-12-02 01:43:54.950651,2019-12-02 02:28:14.162824,2019-12-02 02:28:49.162824,2019-12-02 02:52:11.112859,Replace,3,44,41,0 days 00:00:35.000000000,0 days 00:18:19.950651000
2,2019-12-02 02:34:00.000000,2019-12-02 02:34:25.000000,2019-12-02 02:48:22.112025,2019-12-02 02:48:47.112025,2019-12-02 03:40:05.546043,2019-12-02 03:40:30.546043,2019-12-02 03:56:36.533700,Replace,3,44,41,0 days 00:00:25.000000000,0 days 00:14:22.112025000
3,2019-12-02 03:36:00.000000,2019-12-02 03:36:45.000000,2019-12-02 03:53:55.205687,2019-12-02 03:54:07.141223,,,,Onsite,3,44,41,0 days 00:00:45.000000000,0 days 00:17:22.141223000
4,2019-12-02 04:37:00.000000,2019-12-02 04:37:45.000000,2019-12-02 04:49:26.361773,2019-12-02 04:49:43.220100,,,,Onsite,3,44,41,0 days 00:00:45.000000000,0 days 00:11:58.220100000
5,2019-12-02 05:46:00.000000,2019-12-02 05:46:55.000000,2019-12-02 05:58:06.718189,2019-12-02 05:58:24.173361,,,,Onsite,3,44,41,0 days 00:00:55.000000000,0 days 00:11:29.173361000
6,2019-12-02 06:51:00.000000,2019-12-02 06:51:30.000000,2019-12-02 07:07:04.178504,2019-12-02 07:07:34.178504,2019-12-02 07:42:36.390252,2019-12-02 07:43:06.390252,2019-12-02 07:57:22.434759,Replace,3,44,41,0 days 00:00:30.000000000,0 days 00:16:04.178504000
7,2019-12-02 07:58:00.000000,2019-12-02 07:58:55.000000,2019-12-02 08:13:13.572037,2019-12-02 08:13:25.420141,,,,Onsite,3,44,41,0 days 00:00:55.000000000,0 days 00:14:30.420141000
8,2019-12-02 08:47:00.000000,2019-12-02 08:47:45.000000,2019-12-02 09:02:01.847412,2019-12-02 09:02:17.377744,,,,Onsite,3,44,41,0 days 00:00:45.000000000,0 days 00:14:32.377744000
9,2019-12-02 09:47:00.000000,2019-12-02 09:47:35.000000,2019-12-02 10:07:56.871255,2019-12-02 10:08:31.871255,2019-12-02 10:49:09.538811,2019-12-02 10:49:44.538811,2019-12-02 11:06:07.003151,Replace,3,44,41,0 days 00:00:35.000000000,0 days 00:20:56.871255000
10,2019-12-02 11:02:00.000000,2019-12-02 11:02:45.000000,2019-12-02 11:15:24.319277,2019-12-02 11:16:09.319277,2019-12-02 11:44:07.513236,2019-12-02 11:44:52.513236,2019-12-02 12:05:22.878827,Replace,3,44,41,0 days 00:00:45.000000000,0 days 00:13:24.319277000
11,2019-12-02 12:03:00.000000,2019-12-02 12:03:35.000000,2019-12-02 12:20:24.578118,2019-12-02 12:20:53.481550,,,,Onsite,3,44,41,0 days 00:00:35.000000000,0 days 00:17:18.481550000
12,2019-12-02 13:16:00.000000,2019-12-02 13:16:45.000000,2019-12-02 13:28:07.974806,2019-12-02 13:28:52.974806,2019-12-02 14:20:34.992964,2019-12-02 14:21:19.992964,2019-12-02 14:40:36.242554,Replace,3,44,41,0 days 00:00:45.000000000,0 days 00:12:07.974806000
13,2019-12-02 14:17:00.000000,2019-12-02 14:17:45.000000,2019-12-02 14:36:25.974531,2019-12-02 14:37:10.974531,2019-12-02 15:06:11.121096,2019-12-02 15:06:56.121096,2019-12-02 15:26:07.173046,Replace,3,44,41,0 days 00:00:45.000000000,0 days 00:19:25.974531000
14,2019-12-02 15:11:00.000000,2019-12-02 15:11:35.000000,2019-12-02 15:30:21.311517,2019-12-02 15:30:56.311517,2019-12-02 15:58:03.269776,2019-12-02 15:58:38.269776,2019-12-02 16:11:47.927294,Replace,3,44,41,0 days 00:00:35.000000000,0 days 00:19:21.311517000
15,2019-12-02 16:09:00.000000,2019-12-02 16:09:30.000000,2019-12-02 16:20:11.356273,2019-12-02 16:20:41.356273,2019-12-02 17:08:04.413073,2019-12-02 17:08:34.413073,2019-12-02 17:24:36.497574,Replace,3,44,41,0 days 00:00:30.000000000,0 days 00:11:11.356273000
16,2019-12-02 17:14:00.000000,2019-12-02 17:14:45.000000,2019-12-02 17:36:05.516577,2019-12-02 17:36:50.516577,2019-12-02 18:05:19.638054,2019-12-02 18:06:04.638054,2019-12-02 18:21:39.809501,Replace,3,44,41,0 days 00:00:45.000000000,0 days 00:22:05.516577000
17,2019-12-02 18:28:00.000000,2019-12-02 18:28:45.000000,2019-12-02 18:41:46.838758,2019-12-02 18:42:31.838758,2019-12-02 19:10:13.635663,2019-12-02 19:10:58.635663,2019-12-02 19:25:37.211955,Replace,3,44,41,0 days 00:00:45.000000000,0 days 00:13:46.838758000
18,2019-12-02 19:31:00.000000,2019-12-02 19:31:35.000000,2019-12-02 19:48:46.451125,2019-12-02 19:49:21.451125,2019-12-02 20:13:15.425761,2019-12-02 20:13:50.425761,2019-12-02 20:31:23.922011,Replace,3,44,41,0 days 00:00:35.000000000,0 days 00:17:46.451125000
19,2019-12-02 20:36:00.000000,2019-12-02 20:36:55.000000,2019-12-02 20:52:18.895933,2019-12-02 20:53:13.895933,2019-12-02 21:42:58.323513,2019-12-02 21:43:53.323513,2019-12-02 21:57:52.332906,Replace,3,44,41,0 days 00:00:55.000000000,0 days 00:16:18.895933000
0,2019-12-02 01:18:00.000000,2019-12-02 00:00:35.000000,2019-12-02 00:14:48.727537,2019-12-02 00:15:03.952020,,,,Onsite,4,44,41,-1 days +22:42:35.000000000,0 days 00:14:28.952020000
1,2019-12-02 01:00:00.000000,2019-12-02 01:00:45.000000,2019-12-02 01:21:30.488486,2019-12-02 01:21:43.040001,,,,Onsite,4,44,41,0 days 00:00:45.000000000,0 days 00:20:58.040001000
2,2019-12-02 01:57:00.000000,2019-12-02 01:57:50.000000,2019-12-02 02:16:08.538424,2019-12-02 02:16:58.538424,2019-12-02 02:45:32.381619,2019-12-02 02:46:22.381619,2019-12-02 03:04:55.792097,Replace,4,44,41,0 days 00:00:50.000000000,0 days 00:19:08.538424000
3,2019-12-02 03:00:00.000000,2019-12-02 03:00:35.000000,2019-12-02 03:21:01.024604,2019-12-02 03:21:24.314028,,,,Onsite,4,44,41,0 days 00:00:35.000000000,0 days 00:20:49.314028000
4,2019-12-02 03:59:00.000000,2019-12-02 03:59:55.000000,2019-12-02 04:14:52.859467,2019-12-02 04:15:06.631494,,,,Onsite,4,44,41,0 days 00:00:55.000000000,0 days 00:15:11.631494000
5,2019-12-02 05:15:00.000000,2019-12-02 05:15:35.000000,2019-12-02 05:33:14.633556,2019-12-02 05:33:36.329802,,,,Onsite,4,44,41,0 days 00:00:35.000000000,0 days 00:18:01.329802000
6,2019-12-02 06:27:00.000000,2019-12-02 06:27:35.000000,2019-12-02 06:42:08.460973,2019-12-02 06:42:43.460973,2019-12-02 07:28:22.788701,2019-12-02 07:28:57.788701,2019-12-02 07:42:40.265865,Replace,4,44,41,0 days 00:00:35.000000000,0 days 00:15:08.460973000
7,2019-12-02 07:32:00.000000,2019-12-02 07:32:50.000000,2019-12-02 07:48:34.166579,2019-12-02 07:49:24.166579,2019-12-02 08:36:47.358966,2019-12-02 08:37:37.358966,2019-12-02 08:52:13.310490,Replace,4,44,41,0 days 00:00:50.000000000,0 days 00:16:34.166579000
8,2019-12-02 08:38:00.000000,2019-12-02 08:38:25.000000,2019-12-02 08:50:35.627881,2019-12-02 08:51:00.627881,2019-12-02 09:22:33.912848,2019-12-02 09:22:58.912848,2019-12-02 09:40:16.885125,Replace,4,44,41,0 days 00:00:25.000000000,0 days 00:12:35.627881000
9,2019-12-02 09:32:00.000000,2019-12-02 09:32:45.000000,2019-12-02 09:44:35.278998,2019-12-02 09:44:54.007259,,,,Onsite,4,44,41,0 days 00:00:45.000000000,0 days 00:12:09.007259000
10,2019-12-02 10:37:00.000000,2019-12-02 10:37:50.000000,2019-12-02 10:51:34.909710,2019-12-02 10:52:24.909710,2019-12-02 11:14:19.026168,2019-12-02 11:15:09.026168,2019-12-02 11:28:43.694669,Replace,4,44,41,0 days 00:00:50.000000000,0 days 00:14:34.909710000
11,2019-12-02 11:47:00.000000,2019-12-02 11:47:25.000000,2019-12-02 12:02:58.547972,2019-12-02 12:03:14.893653,,,,Onsite,4,44,41,0 days 00:00:25.000000000,0 days 00:15:49.893653000
12,2019-12-02 12:48:00.000000,2019-12-02 12:48:35.000000,2019-12-02 13:06:25.348360,2019-12-02 13:07:00.348360,2019-12-02 13:33:11.046203,2019-12-02 13:33:46.046203,2019-12-02 13:50:48.177650,Replace,4,44,41,0 days 00:00:35.000000000,0 days 00:18:25.348360000
13,2019-12-02 13:57:00.000000,2019-12-02 13:57:55.000000,2019-12-02 14:12:08.726705,2019-12-02 14:13:03.726705,2019-12-02 14:50:09.273974,2019-12-02 14:51:04.273974,2019-12-02 15:05:31.222238,Replace,4,44,41,0 days 00:00:55.000000000,0 days 00:15:08.726705000
14,2019-12-02 14:49:00.000000,2019-12-02 14:49:35.000000,2019-12-02 15:08:05.477512,2019-12-02 15:08:17.586284,,,,Onsite,4,44,41,0 days 00:00:35.000000000,0 days 00:18:42.586284000
15,2019-12-02 15:57:00.000000,2019-12-02 15:57:50.000000,2019-12-02 16:17:06.797319,2019-12-02 16:17:56.797319,2019-12-02 16:46:12.006532,2019-12-02 16:47:02.006532,2019-12-02 17:09:26.454150,Replace,4,44,41,0 days 00:00:50.000000000,0 days 00:20:06.797319000
16,2019-12-02 17:12:00.000000,2019-12-02 17:12:50.000000,2019-12-02 17:27:41.376974,2019-12-02 17:27:58.106729,,,,Onsite,4,44,41,0 days 00:00:50.000000000,0 days 00:15:08.106729000
17,2019-12-02 18:18:00.000000,2019-12-02 18:18:30.000000,2019-12-02 18:33:08.119637,2019-12-02 18:33:32.716537,,,,Onsite,4,44,41,0 days 00:00:30.000000000,0 days 00:15:02.716537000
18,2019-12-02 19:12:00.000000,2019-12-02 19:12:30.000000,2019-12-02 19:31:30.730362,2019-12-02 19:32:00.730362,2019-12-02 20:19:08.081733,2019-12-02 20:19:38.081733,2019-12-02 20:31:29.799970,Replace,4,44,41,0 days 00:00:30.000000000,0 days 00:19:30.730362000
19,2019-12-02 20:20:00.000000,2019-12-02 20:20:35.000000,2019-12-02 20:35:30.652451,2019-12-02 20:35:42.007583,,,,Onsite,4,44,41,0 days 00:00:35.000000000,0 days 00:15:07.007583000
20,2019-12-02 21:30:00.000000,2019-12-02 21:30:55.000000,2019-12-02 21:48:34.004747,2019-12-02 21:49:29.004747,2019-12-02 22:32:38.191168,2019-12-02 22:33:33.191168,2019-12-02 22:51:06.814779,Replace,4,44,41,0 days 00:00:55.000000000,0 days 00:18:34.004747000
21,2019-12-02 22:26:00.000000,2019-12-02 22:26:45.000000,2019-12-02 22:44:26.761855,2019-12-02 22:44:54.692925,,,,Onsite,4,44,41,0 days 00:00:45.000000000,0 days 00:18:09.692925000
0,2019-12-02 01:10:00.000000,2019-12-02 00:00:50.000000,2019-12-02 00:14:35.734668,2019-12-02 00:15:25.734668,2019-12-02 00:40:51.295618,2019-12-02 00:41:41.295618,2019-12-02 01:03:48.813043,Replace,5,44,41,-1 days +22:50:50.000000000,0 days 00:14:35.734668000
1,2019-12-02 01:12:00.000000,2019-12-02 01:12:55.000000,2019-12-02 01:24:07.985050,2019-12-02 01:24:18.837094,,,,Onsite,5,44,41,0 days 00:00:55.000000000,0 days 00:11:23.837094000
2,2019-12-02 02:24:00.000000,2019-12-02 02:24:45.000000,2019-12-02 02:42:56.136039,2019-12-02 02:43:41.136039,2019-12-02 03:12:57.836924,2019-12-02 03:13:42.836924,2019-12-02 03:26:12.666689,Replace,5,44,41,0 days 00:00:45.000000000,0 days 00:18:56.136039000
3,2019-12-02 03:30:00.000000,2019-12-02 03:30:55.000000,2019-12-02 03:47:15.822448,2019-12-02 03:47:27.456929,,,,Onsite,5,44,41,0 days 00:00:55.000000000,0 days 00:16:32.456929000
4,2019-12-02 04:42:00.000000,2019-12-02 04:42:45.000000,2019-12-02 04:55:36.974545,2019-12-02 04:56:21.974545,2019-12-02 05:34:22.844257,2019-12-02 05:35:07.844257,2019-12-02 05:52:33.545525,Replace,5,44,41,0 days 00:00:45.000000000,0 days 00:13:36.974545000
5,2019-12-02 07:01:00.000000,2019-12-02 07:01:55.000000,2019-12-02 07:17:55.441383,2019-12-02 07:18:50.441383,2019-12-02 07:56:13.708633,2019-12-02 07:57:08.708633,2019-12-02 08:16:46.585046,Replace,5,44,41,0 days 00:00:55.000000000,0 days 00:16:55.441383000
6,2019-12-02 05:54:00.000000,2019-12-02 05:54:45.000000,2019-12-02 06:08:00.554971,2019-12-02 06:08:45.554971,2019-12-02 07:01:44.511455,2019-12-02 07:02:29.511455,2019-12-02 07:20:26.120876,Replace,5,44,41,0 days 00:00:45.000000000,0 days 00:14:00.554971000
7,2019-12-02 08:20:00.000000,2019-12-02 08:20:55.000000,2019-12-02 08:37:10.097755,2019-12-02 08:38:05.097755,2019-12-02 09:14:29.266526,2019-12-02 09:15:24.266526,2019-12-02 09:29:08.019604,Replace,5,44,41,0 days 00:00:55.000000000,0 days 00:17:10.097755000
8,2019-12-02 09:23:00.000000,2019-12-02 09:23:45.000000,2019-12-02 09:41:49.604318,2019-12-02 09:41:54.230736,,,,Onsite,5,44,41,0 days 00:00:45.000000000,0 days 00:18:09.230736000
9,2019-12-02 10:53:00.000000,2019-12-02 10:53:35.000000,2019-12-02 11:04:53.228576,2019-12-02 11:05:28.228576,2019-12-02 11:58:58.682209,2019-12-02 11:59:33.682209,2019-12-02 12:16:47.048621,Replace,5,44,41,0 days 00:00:35.000000000,0 days 00:11:53.228576000
10,2019-12-02 11:57:00.000000,2019-12-02 11:57:30.000000,2019-12-02 12:16:54.276638,2019-12-02 12:17:04.849668,,,,Onsite,5,44,41,0 days 00:00:30.000000000,0 days 00:19:34.849668000
11,2019-12-02 13:16:00.000000,2019-12-02 13:16:30.000000,2019-12-02 13:27:43.610181,2019-12-02 13:28:13.610181,2019-12-02 14:01:50.248188,2019-12-02 14:02:20.248188,2019-12-02 14:19:16.475077,Replace,5,44,41,0 days 00:00:30.000000000,0 days 00:11:43.610181000
12,2019-12-02 14:21:00.000000,2019-12-02 14:21:50.000000,2019-12-02 14:42:32.492006,2019-12-02 14:42:44.544946,,,,Onsite,5,44,41,0 days 00:00:50.000000000,0 days 00:20:54.544946000
13,2019-12-02 15:21:00.000000,2019-12-02 15:21:50.000000,2019-12-02 15:37:12.433054,2019-12-02 15:38:02.433054,2019-12-02 16:14:48.509166,2019-12-02 16:15:38.509166,2019-12-02 16:33:05.960617,Replace,5,44,41,0 days 00:00:50.000000000,0 days 00:16:12.433054000
14,2019-12-02 16:32:00.000000,2019-12-02 16:32:55.000000,2019-12-02 16:50:03.664480,2019-12-02 16:50:58.664480,2019-12-02 17:18:12.909436,2019-12-02 17:19:07.909436,2019-12-02 17:40:32.279461,Replace,5,44,41,0 days 00:00:55.000000000,0 days 00:18:03.664480000
15,2019-12-02 17:54:00.000000,2019-12-02 17:54:45.000000,2019-12-02 18:08:40.089726,2019-12-02 18:09:25.089726,2019-12-02 18:40:11.658621,2019-12-02 18:40:56.658621,2019-12-02 18:52:32.995904,Replace,5,44,41,0 days 00:00:45.000000000,0 days 00:14:40.089726000
16,2019-12-02 18:52:00.000000,2019-12-02 18:52:30.000000,2019-12-02 19:09:07.982956,2019-12-02 19:09:17.666127,,,,Onsite,5,44,41,0 days 00:00:30.000000000,0 days 00:16:47.666127000
17,2019-12-02 20:08:00.000000,2019-12-02 20:08:50.000000,2019-12-02 20:24:45.434138,2019-12-02 20:25:35.434138,2019-12-02 20:58:49.791681,2019-12-02 20:59:39.791681,2019-12-02 21:15:54.723217,Replace,5,44,41,0 days 00:00:50.000000000,0 days 00:16:45.434138000
18,2019-12-02 21:15:00.000000,2019-12-02 21:15:35.000000,2019-12-02 21:35:25.632739,2019-12-02 21:35:50.703249,,,,Onsite,5,44,41,0 days 00:00:35.000000000,0 days 00:20:15.703249000
19,2019-12-02 22:16:00.000000,2019-12-02 22:16:35.000000,2019-12-02 22:34:11.856438,2019-12-02 22:34:27.557747,,,,Onsite,5,44,41,0 days 00:00:35.000000000,0 days 00:17:52.557747000
0,2019-12-02 01:08:00.000000,2019-12-02 00:00:55.000000,2019-12-02 00:17:42.012307,2019-12-02 00:18:37.012307,2019-12-02 00:59:09.558744,2019-12-02 01:00:04.558744,2019-12-02 01:17:26.651493,Replace,6,44,41,-1 days +22:52:55.000000000,0 days 00:17:42.012307000
1,2019-12-02 01:08:00.000000,2019-12-02 01:08:50.000000,2019-12-02 01:25:10.897964,2019-12-02 01:26:00.897964,2019-12-02 01:53:34.629864,2019-12-02 01:54:24.629864,2019-12-02 02:11:19.303868,Replace,6,44,41,0 days 00:00:50.000000000,0 days 00:17:10.897964000
2,2019-12-02 02:20:00.000000,2019-12-02 02:20:30.000000,2019-12-02 02:35:35.800835,2019-12-02 02:36:05.800835,2019-12-02 03:01:56.280184,2019-12-02 03:02:26.280184,2019-12-02 03:18:02.738867,Replace,6,44,41,0 days 00:00:30.000000000,0 days 00:15:35.800835000
3,2019-12-02 03:12:00.000000,2019-12-02 03:12:55.000000,2019-12-02 03:30:22.581608,2019-12-02 03:30:34.979785,,,,Onsite,6,44,41,0 days 00:00:55.000000000,0 days 00:17:39.979785000
4,2019-12-02 04:21:00.000000,2019-12-02 04:21:30.000000,2019-12-02 04:36:00.870022,2019-12-02 04:36:17.256297,,,,Onsite,6,44,41,0 days 00:00:30.000000000,0 days 00:14:47.256297000
5,2019-12-02 05:35:00.000000,2019-12-02 05:35:35.000000,2019-12-02 05:53:44.452044,2019-12-02 05:53:51.000613,,,,Onsite,6,44,41,0 days 00:00:35.000000000,0 days 00:18:16.000613000
6,2019-12-02 06:44:00.000000,2019-12-02 06:44:30.000000,2019-12-02 07:04:05.025329,2019-12-02 07:04:35.025329,2019-12-02 07:28:18.076911,2019-12-02 07:28:48.076911,2019-12-02 07:43:52.529926,Replace,6,44,41,0 days 00:00:30.000000000,0 days 00:20:05.025329000
7,2019-12-02 07:53:00.000000,2019-12-02 07:53:55.000000,2019-12-02 08:13:14.601595,2019-12-02 08:14:09.601595,2019-12-02 08:49:35.124528,2019-12-02 08:50:30.124528,2019-12-02 09:03:47.623392,Replace,6,44,41,0 days 00:00:55.000000000,0 days 00:20:14.601595000
8,2019-12-02 08:59:00.000000,2019-12-02 08:59:35.000000,2019-12-02 09:14:52.634729,2019-12-02 09:15:27.634729,2019-12-02 09:45:23.361588,2019-12-02 09:45:58.361588,2019-12-02 10:02:32.574912,Replace,6,44,41,0 days 00:00:35.000000000,0 days 00:15:52.634729000
9,2019-12-02 10:10:00.000000,2019-12-02 10:10:55.000000,2019-12-02 10:26:44.315334,2019-12-02 10:26:47.891435,,,,Onsite,6,44,41,0 days 00:00:55.000000000,0 days 00:15:52.891435000
10,2019-12-02 11:08:00.000000,2019-12-02 11:08:45.000000,2019-12-02 11:23:49.853720,2019-12-02 11:23:55.440268,,,,Onsite,6,44,41,0 days 00:00:45.000000000,0 days 00:15:10.440268000
11,2019-12-02 12:11:00.000000,2019-12-02 12:11:25.000000,2019-12-02 12:36:14.311109,2019-12-02 12:36:22.368166,,,,Onsite,6,44,41,0 days 00:00:25.000000000,0 days 00:24:57.368166000
12,2019-12-02 13:13:00.000000,2019-12-02 13:13:45.000000,2019-12-02 13:29:59.344718,2019-12-02 13:30:21.738346,,,,Onsite,6,44,41,0 days 00:00:45.000000000,0 days 00:16:36.738346000
13,2019-12-02 14:20:00.000000,2019-12-02 14:20:50.000000,2019-12-02 14:36:56.349667,2019-12-02 14:37:46.349667,2019-12-02 15:01:04.753653,2019-12-02 15:01:54.753653,2019-12-02 15:15:40.926075,Replace,6,44,41,0 days 00:00:50.000000000,0 days 00:16:56.349667000
14,2019-12-02 15:21:00.000000,2019-12-02 15:21:30.000000,2019-12-02 15:37:48.941793,2019-12-02 15:38:18.941793,2019-12-02 16:15:08.039088,2019-12-02 16:15:38.039088,2019-12-02 16:29:01.562611,Replace,6,44,41,0 days 00:00:30.000000000,0 days 00:16:48.941793000
15,2019-12-02 16:32:00.000000,2019-12-02 16:32:45.000000,2019-12-02 16:45:43.572327,2019-12-02 16:46:28.572327,2019-12-02 17:13:33.567626,2019-12-02 17:14:18.567626,2019-12-02 17:32:51.700698,Replace,6,44,41,0 days 00:00:45.000000000,0 days 00:13:43.572327000
16,2019-12-02 17:34:00.000000,2019-12-02 17:34:45.000000,2019-12-02 17:50:03.450050,2019-12-02 17:50:25.777329,,,,Onsite,6,44,41,0 days 00:00:45.000000000,0 days 00:15:40.777329000
17,2019-12-02 18:39:00.000000,2019-12-02 18:39:30.000000,2019-12-02 18:50:36.655483,2019-12-02 18:51:06.655483,2019-12-02 19:16:48.599527,2019-12-02 19:17:18.599527,2019-12-02 19:31:08.301170,Replace,6,44,41,0 days 00:00:30.000000000,0 days 00:11:36.655483000
18,2019-12-02 19:44:00.000000,2019-12-02 19:44:25.000000,2019-12-02 20:00:19.561260,2019-12-02 20:00:44.561260,2019-12-02 20:34:03.216343,2019-12-02 20:34:28.216343,2019-12-02 20:51:25.914782,Replace,6,44,41,0 days 00:00:25.000000000,0 days 00:16:19.561260000
19,2019-12-02 21:02:00.000000,2019-12-02 21:02:35.000000,2019-12-02 21:18:40.753624,2019-12-02 21:19:15.753624,2019-12-02 21:57:49.631415,2019-12-02 21:58:24.631415,2019-12-02 22:10:51.033470,Replace,6,44,41,0 days 00:00:35.000000000,0 days 00:16:40.753624000
20,2019-12-02 22:12:00.000000,2019-12-02 22:12:45.000000,2019-12-02 22:34:41.138142,2019-12-02 22:34:49.316717,,,,Onsite,6,44,41,0 days 00:00:45.000000000,0 days 00:22:04.316717000
0,2019-12-02 01:25:00.000000,2019-12-02 00:00:45.000000,2019-12-02 00:19:32.742795,2019-12-02 00:19:43.848246,,,,Onsite,7,44,41,-1 days +22:35:45.000000000,0 days 00:18:58.848246000
1,2019-12-02 01:00:00.000000,2019-12-02 01:00:50.000000,2019-12-02 01:17:52.668474,2019-12-02 01:18:42.668474,2019-12-02 01:45:52.363554,2019-12-02 01:46:42.363554,2019-12-02 02:07:31.264028,Replace,7,44,41,0 days 00:00:50.000000000,0 days 00:17:52.668474000
2,2019-12-02 01:58:00.000000,2019-12-02 01:58:45.000000,2019-12-02 02:15:46.015704,2019-12-02 02:16:31.015704,2019-12-02 02:44:34.636009,2019-12-02 02:45:19.636009,2019-12-02 03:05:17.973788,Replace,7,44,41,0 days 00:00:45.000000000,0 days 00:17:46.015704000
3,2019-12-02 02:53:00.000000,2019-12-02 02:53:55.000000,2019-12-02 03:11:25.803443,2019-12-02 03:11:45.836978,,,,Onsite,7,44,41,0 days 00:00:55.000000000,0 days 00:17:50.836978000
4,2019-12-02 04:01:00.000000,2019-12-02 04:01:25.000000,2019-12-02 04:21:35.033299,2019-12-02 04:21:40.718557,,,,Onsite,7,44,41,0 days 00:00:25.000000000,0 days 00:20:15.718557000
5,2019-12-02 05:03:00.000000,2019-12-02 05:03:50.000000,2019-12-02 05:18:53.180508,2019-12-02 05:19:09.594435,,,,Onsite,7,44,41,0 days 00:00:50.000000000,0 days 00:15:19.594435000
6,2019-12-02 06:04:00.000000,2019-12-02 06:04:35.000000,2019-12-02 06:19:13.311376,2019-12-02 06:19:48.311376,2019-12-02 06:48:36.911405,2019-12-02 06:49:11.911405,2019-12-02 07:05:43.492301,Replace,7,44,41,0 days 00:00:35.000000000,0 days 00:15:13.311376000
7,2019-12-02 07:11:00.000000,2019-12-02 07:11:45.000000,2019-12-02 07:30:59.946097,2019-12-02 07:31:44.946097,2019-12-02 08:04:16.622740,2019-12-02 08:05:01.622740,2019-12-02 08:22:33.293223,Replace,7,44,41,0 days 00:00:45.000000000,0 days 00:19:59.946097000
8,2019-12-02 08:06:00.000000,2019-12-02 08:06:45.000000,2019-12-02 08:25:05.045848,2019-12-02 08:25:50.045848,2019-12-02 08:55:40.573973,2019-12-02 08:56:25.573973,2019-12-02 09:08:45.389254,Replace,7,44,41,0 days 00:00:45.000000000,0 days 00:19:05.045848000
9,2019-12-02 09:35:00.000000,2019-12-02 09:35:45.000000,2019-12-02 09:54:32.277278,2019-12-02 09:54:56.970903,,,,Onsite,7,44,41,0 days 00:00:45.000000000,0 days 00:19:11.970903000
10,2019-12-02 10:37:00.000000,2019-12-02 10:37:45.000000,2019-12-02 10:52:23.341678,2019-12-02 10:52:38.021756,,,,Onsite,7,44,41,0 days 00:00:45.000000000,0 days 00:14:53.021756000
11,2019-12-02 11:54:00.000000,2019-12-02 11:54:50.000000,2019-12-02 12:04:45.826860,2019-12-02 12:05:00.203706,,,,Onsite,7,44,41,0 days 00:00:50.000000000,0 days 00:10:10.203706000
12,2019-12-02 12:40:00.000000,2019-12-02 12:40:45.000000,2019-12-02 12:55:06.611229,2019-12-02 12:55:51.611229,2019-12-02 13:31:09.336583,2019-12-02 13:31:54.336583,2019-12-02 13:52:05.312546,Replace,7,44,41,0 days 00:00:45.000000000,0 days 00:15:06.611229000
13,2019-12-02 13:40:00.000000,2019-12-02 13:40:50.000000,2019-12-02 13:58:16.523587,2019-12-02 13:59:06.523587,2019-12-02 14:45:05.785772,2019-12-02 14:45:55.785772,2019-12-02 15:03:03.254748,Replace,7,44,41,0 days 00:00:50.000000000,0 days 00:18:16.523587000
14,2019-12-02 14:41:00.000000,2019-12-02 14:41:25.000000,2019-12-02 14:55:52.927055,2019-12-02 14:56:17.927055,2019-12-02 15:24:18.639810,2019-12-02 15:24:43.639810,2019-12-02 15:38:48.451815,Replace,7,44,41,0 days 00:00:25.000000000,0 days 00:14:52.927055000
15,2019-12-02 15:56:00.000000,2019-12-02 15:56:35.000000,2019-12-02 16:14:54.545113,2019-12-02 16:15:29.545113,2019-12-02 17:00:13.885527,2019-12-02 17:00:48.885527,2019-12-02 17:19:33.591253,Replace,7,44,41,0 days 00:00:35.000000000,0 days 00:18:54.545113000
16,2019-12-02 17:07:00.000000,2019-12-02 17:07:50.000000,2019-12-02 17:23:49.785240,2019-12-02 17:24:39.785240,2019-12-02 17:54:26.410682,2019-12-02 17:55:16.410682,2019-12-02 18:08:41.407341,Replace,7,44,41,0 days 00:00:50.000000000,0 days 00:16:49.785240000
17,2019-12-02 18:08:00.000000,2019-12-02 18:08:25.000000,2019-12-02 18:22:11.060570,2019-12-02 18:22:23.322472,,,,Onsite,7,44,41,0 days 00:00:25.000000000,0 days 00:13:58.322472000
18,2019-12-02 19:22:00.000000,2019-12-02 19:22:30.000000,2019-12-02 19:41:21.605334,2019-12-02 19:41:33.467348,,,,Onsite,7,44,41,0 days 00:00:30.000000000,0 days 00:19:03.467348000
19,2019-12-02 20:26:00.000000,2019-12-02 20:26:45.000000,2019-12-02 20:39:48.469871,2019-12-02 20:40:33.469871,2019-12-02 21:28:20.214057,2019-12-02 21:29:05.214057,2019-12-02 21:47:24.224905,Replace,7,44,41,0 days 00:00:45.000000000,0 days 00:13:48.469871000
20,2019-12-02 21:31:00.000000,2019-12-02 21:31:25.000000,2019-12-02 21:49:48.040536,2019-12-02 21:50:01.846123,,,,Onsite,7,44,41,0 days 00:00:25.000000000,0 days 00:18:36.846123000
0,2019-12-02 01:17:00.000000,2019-12-02 00:00:25.000000,2019-12-02 00:20:23.832119,2019-12-02 00:20:48.832119,2019-12-02 00:53:56.133587,2019-12-02 00:54:21.133587,2019-12-02 01:06:35.670720,Replace,8,44,41,-1 days +22:43:25.000000000,0 days 00:20:23.832119000
1,2019-12-02 01:01:00.000000,2019-12-02 01:01:25.000000,2019-12-02 01:16:21.473514,2019-12-02 01:16:46.473514,2019-12-02 02:03:55.826929,2019-12-02 02:04:20.826929,2019-12-02 02:25:57.016343,Replace,8,44,41,0 days 00:00:25.000000000,0 days 00:15:21.473514000
2,2019-12-02 02:22:00.000000,2019-12-02 02:22:45.000000,2019-12-02 02:42:58.693116,2019-12-02 02:43:01.679014,,,,Onsite,8,44,41,0 days 00:00:45.000000000,0 days 00:20:16.679014000
3,2019-12-02 03:43:00.000000,2019-12-02 03:43:35.000000,2019-12-02 03:59:26.475582,2019-12-02 03:59:38.151770,,,,Onsite,8,44,41,0 days 00:00:35.000000000,0 days 00:16:03.151770000
4,2019-12-02 04:54:00.000000,2019-12-02 04:54:35.000000,2019-12-02 05:12:38.693319,2019-12-02 05:12:39.609780,,,,Onsite,8,44,41,0 days 00:00:35.000000000,0 days 00:18:04.609780000
5,2019-12-02 05:51:00.000000,2019-12-02 05:51:50.000000,2019-12-02 06:09:00.619985,2019-12-02 06:09:09.973839,,,,Onsite,8,44,41,0 days 00:00:50.000000000,0 days 00:17:19.973839000
6,2019-12-02 06:55:00.000000,2019-12-02 06:55:30.000000,2019-12-02 07:13:30.931661,2019-12-02 07:13:44.061912,,,,Onsite,8,44,41,0 days 00:00:30.000000000,0 days 00:18:14.061912000
7,2019-12-02 08:15:00.000000,2019-12-02 08:15:45.000000,2019-12-02 08:35:07.822042,2019-12-02 08:35:19.393353,,,,Onsite,8,44,41,0 days 00:00:45.000000000,0 days 00:19:34.393353000
8,2019-12-02 09:21:00.000000,2019-12-02 09:21:55.000000,2019-12-02 09:44:05.048893,2019-12-02 09:45:00.048893,2019-12-02 10:17:51.777507,2019-12-02 10:18:46.777507,2019-12-02 10:36:16.061682,Replace,8,44,41,0 days 00:00:55.000000000,0 days 00:23:05.048893000
9,2019-12-02 10:22:00.000000,2019-12-02 10:22:45.000000,2019-12-02 10:37:40.712000,2019-12-02 10:38:25.712000,2019-12-02 11:04:42.530863,2019-12-02 11:05:27.530863,2019-12-02 11:17:25.702778,Replace,8,44,41,0 days 00:00:45.000000000,0 days 00:15:40.712000000
10,2019-12-02 11:43:00.000000,2019-12-02 11:43:45.000000,2019-12-02 11:57:54.719177,2019-12-02 11:58:05.859325,,,,Onsite,8,44,41,0 days 00:00:45.000000000,0 days 00:14:20.859325000
11,2019-12-02 13:03:00.000000,2019-12-02 13:03:50.000000,2019-12-02 13:23:03.262667,2019-12-02 13:23:53.262667,2019-12-02 14:00:55.535473,2019-12-02 14:01:45.535473,2019-12-02 14:24:03.109331,Replace,8,44,41,0 days 00:00:50.000000000,0 days 00:20:03.262667000
12,2019-12-02 14:19:00.000000,2019-12-02 14:19:45.000000,2019-12-02 14:36:06.109739,2019-12-02 14:36:51.109739,2019-12-02 14:59:29.995484,2019-12-02 15:00:14.995484,2019-12-02 15:17:21.099519,Replace,8,44,41,0 days 00:00:45.000000000,0 days 00:17:06.109739000
13,2019-12-02 15:25:00.000000,2019-12-02 15:25:50.000000,2019-12-02 15:40:09.848462,2019-12-02 15:40:59.848462,2019-12-02 16:25:44.220313,2019-12-02 16:26:34.220313,2019-12-02 16:38:47.336832,Replace,8,44,41,0 days 00:00:50.000000000,0 days 00:15:09.848462000
14,2019-12-02 16:30:00.000000,2019-12-02 16:30:45.000000,2019-12-02 16:43:23.021252,2019-12-02 16:44:08.021252,2019-12-02 17:12:45.758675,2019-12-02 17:13:30.758675,2019-12-02 17:26:21.598621,Replace,8,44,41,0 days 00:00:45.000000000,0 days 00:13:23.021252000
15,2019-12-02 17:33:00.000000,2019-12-02 17:33:45.000000,2019-12-02 17:51:19.506611,2019-12-02 17:51:51.870419,,,,Onsite,8,44,41,0 days 00:00:45.000000000,0 days 00:18:06.870419000
16,2019-12-02 18:27:00.000000,2019-12-02 18:27:45.000000,2019-12-02 18:44:25.675347,2019-12-02 18:45:10.675347,2019-12-02 19:13:13.445789,2019-12-02 19:13:58.445789,2019-12-02 19:27:43.511976,Replace,8,44,41,0 days 00:00:45.000000000,0 days 00:17:25.675347000
17,2019-12-02 19:46:00.000000,2019-12-02 19:46:25.000000,2019-12-02 20:06:41.982564,2019-12-02 20:07:06.982564,2019-12-02 20:57:23.012692,2019-12-02 20:57:48.012692,2019-12-02 21:18:59.873344,Replace,8,44,41,0 days 00:00:25.000000000,0 days 00:20:41.982564000
18,2019-12-02 20:59:00.000000,2019-12-02 20:59:55.000000,2019-12-02 21:15:18.004561,2019-12-02 21:15:24.291635,,,,Onsite,8,44,41,0 days 00:00:55.000000000,0 days 00:15:29.291635000
0,2019-12-02 01:01:00.000000,2019-12-02 00:00:25.000000,2019-12-02 00:18:40.458206,2019-12-02 00:18:57.069317,,,,Onsite,9,44,41,-1 days +22:59:25.000000000,0 days 00:18:32.069317000
1,2019-12-02 02:17:00.000000,2019-12-02 02:17:55.000000,2019-12-02 02:35:45.192437,2019-12-02 02:35:50.465297,,,,Onsite,9,44,41,0 days 00:00:55.000000000,0 days 00:17:55.465297000
2,2019-12-02 01:18:00.000000,2019-12-02 01:18:45.000000,2019-12-02 01:33:49.807553,2019-12-02 01:34:34.807553,2019-12-02 02:17:28.178736,2019-12-02 02:18:13.178736,2019-12-02 02:32:35.656000,Replace,9,44,41,0 days 00:00:45.000000000,0 days 00:15:49.807553000
3,2019-12-02 03:31:00.000000,2019-12-02 03:31:55.000000,2019-12-02 03:55:57.481960,2019-12-02 03:56:52.481960,2019-12-02 04:43:14.516072,2019-12-02 04:44:09.516072,2019-12-02 04:55:51.841609,Replace,9,44,41,0 days 00:00:55.000000000,0 days 00:24:57.481960000
4,2019-12-02 04:42:00.000000,2019-12-02 04:42:50.000000,2019-12-02 04:58:15.827174,2019-12-02 04:59:05.827174,2019-12-02 05:45:12.326098,2019-12-02 05:46:02.326098,2019-12-02 06:01:01.663836,Replace,9,44,41,0 days 00:00:50.000000000,0 days 00:16:15.827174000
5,2019-12-02 06:00:00.000000,2019-12-02 06:00:45.000000,2019-12-02 06:18:07.588685,2019-12-02 06:18:27.310017,,,,Onsite,9,44,41,0 days 00:00:45.000000000,0 days 00:17:42.310017000
6,2019-12-02 06:50:00.000000,2019-12-02 06:50:45.000000,2019-12-02 07:10:03.501715,2019-12-02 07:10:26.035413,,,,Onsite,9,44,41,0 days 00:00:45.000000000,0 days 00:19:41.035413000
7,2019-12-02 07:54:00.000000,2019-12-02 07:54:25.000000,2019-12-02 08:11:25.538484,2019-12-02 08:11:41.136066,,,,Onsite,9,44,41,0 days 00:00:25.000000000,0 days 00:17:16.136066000
8,2019-12-02 08:57:00.000000,2019-12-02 08:57:55.000000,2019-12-02 09:13:53.140591,2019-12-02 09:14:10.605592,,,,Onsite,9,44,41,0 days 00:00:55.000000000,0 days 00:16:15.605592000
9,2019-12-02 09:54:00.000000,2019-12-02 09:54:25.000000,2019-12-02 10:12:51.374483,2019-12-02 10:13:16.374483,2019-12-02 11:02:25.252789,2019-12-02 11:02:50.252789,2019-12-02 11:22:46.340975,Replace,9,44,41,0 days 00:00:25.000000000,0 days 00:18:51.374483000
10,2019-12-02 11:06:00.000000,2019-12-02 11:06:55.000000,2019-12-02 11:21:17.297210,2019-12-02 11:21:40.899726,,,,Onsite,9,44,41,0 days 00:00:55.000000000,0 days 00:14:45.899726000
11,2019-12-02 12:12:00.000000,2019-12-02 12:12:35.000000,2019-12-02 12:30:13.047513,2019-12-02 12:30:16.516441,,,,Onsite,9,44,41,0 days 00:00:35.000000000,0 days 00:17:41.516441000
12,2019-12-02 13:26:00.000000,2019-12-02 13:26:35.000000,2019-12-02 13:43:21.419429,2019-12-02 13:43:27.236322,,,,Onsite,9,44,41,0 days 00:00:35.000000000,0 days 00:16:52.236322000
13,2019-12-02 14:40:00.000000,2019-12-02 14:40:35.000000,2019-12-02 14:57:47.598328,2019-12-02 14:58:22.598328,2019-12-02 15:36:32.564683,2019-12-02 15:37:07.564683,2019-12-02 15:51:01.804394,Replace,9,44,41,0 days 00:00:35.000000000,0 days 00:17:47.598328000
14,2019-12-02 15:46:00.000000,2019-12-02 15:46:55.000000,2019-12-02 15:58:19.513612,2019-12-02 15:59:14.513612,2019-12-02 16:42:55.728924,2019-12-02 16:43:50.728924,2019-12-02 17:04:52.682952,Replace,9,44,41,0 days 00:00:55.000000000,0 days 00:12:19.513612000
15,2019-12-02 16:51:00.000000,2019-12-02 16:51:45.000000,2019-12-02 17:06:10.944090,2019-12-02 17:06:28.857935,,,,Onsite,9,44,41,0 days 00:00:45.000000000,0 days 00:14:43.857935000
16,2019-12-02 18:08:00.000000,2019-12-02 18:08:35.000000,2019-12-02 18:22:31.246608,2019-12-02 18:22:45.004329,,,,Onsite,9,44,41,0 days 00:00:35.000000000,0 days 00:14:10.004329000
17,2019-12-02 19:25:00.000000,2019-12-02 19:25:45.000000,2019-12-02 19:44:11.642658,2019-12-02 19:44:16.013689,,,,Onsite,9,44,41,0 days 00:00:45.000000000,0 days 00:18:31.013689000
18,2019-12-02 20:32:00.000000,2019-12-02 20:32:35.000000,2019-12-02 20:52:39.902416,2019-12-02 20:53:14.902416,2019-12-02 21:43:55.382525,2019-12-02 21:44:30.382525,2019-12-02 22:04:16.170088,Replace,9,44,41,0 days 00:00:35.000000000,0 days 00:20:39.902416000
19,2019-12-02 21:37:00.000000,2019-12-02 21:37:45.000000,2019-12-02 21:52:48.265995,2019-12-02 21:53:33.265995,2019-12-02 22:24:11.812164,2019-12-02 22:24:56.812164,2019-12-02 22:36:54.148764,Replace,9,44,41,0 days 00:00:45.000000000,0 days 00:15:48.265995000
20,2019-12-02 22:43:00.000000,2019-12-02 22:43:25.000000,2019-12-02 22:55:56.041242,2019-12-02 22:56:07.832167,,,,Onsite,9,44,41,0 days 00:00:25.000000000,0 days 00:12:42.832167000
0,2019-12-02 01:11:00.000000,2019-12-02 00:00:55.000000,2019-12-02 00:22:59.284530,2019-12-02 00:23:25.780989,,,,Onsite,1,44,42,-1 days +22:49:55.000000000,0 days 00:22:30.780989000
1,2019-12-02 01:08:00.000000,2019-12-02 01:08:30.000000,2019-12-02 01:27:21.543924,2019-12-02 01:27:31.860330,,,,Onsite,1,44,42,0 days 00:00:30.000000000,0 days 00:19:01.860330000
2,2019-12-02 02:18:00.000000,2019-12-02 02:18:35.000000,2019-12-02 02:35:31.179484,2019-12-02 02:36:06.179484,2019-12-02 03:15:25.905666,2019-12-02 03:16:00.905666,2019-12-02 03:34:25.758972,Replace,1,44,42,0 days 00:00:35.000000000,0 days 00:17:31.179484000
3,2019-12-02 03:22:00.000000,2019-12-02 03:22:55.000000,2019-12-02 03:36:16.631495,2019-12-02 03:37:11.631495,2019-12-02 04:25:28.011723,2019-12-02 04:26:23.011723,2019-12-02 04:41:46.942537,Replace,1,44,42,0 days 00:00:55.000000000,0 days 00:14:16.631495000
4,2019-12-02 04:37:00.000000,2019-12-02 04:37:45.000000,2019-12-02 05:00:51.296789,2019-12-02 05:01:36.296789,2019-12-02 05:34:30.682515,2019-12-02 05:35:15.682515,2019-12-02 05:48:35.547967,Replace,1,44,42,0 days 00:00:45.000000000,0 days 00:23:51.296789000
5,2019-12-02 05:44:00.000000,2019-12-02 05:44:50.000000,2019-12-02 06:00:06.463890,2019-12-02 06:00:56.463890,2019-12-02 06:30:18.689441,2019-12-02 06:31:08.689441,2019-12-02 06:51:24.197023,Replace,1,44,42,0 days 00:00:50.000000000,0 days 00:16:06.463890000
6,2019-12-02 06:50:00.000000,2019-12-02 06:50:35.000000,2019-12-02 07:09:13.265649,2019-12-02 07:09:48.265649,2019-12-02 07:48:37.205690,2019-12-02 07:49:12.205690,2019-12-02 08:06:28.878927,Replace,1,44,42,0 days 00:00:35.000000000,0 days 00:19:13.265649000
7,2019-12-02 07:50:00.000000,2019-12-02 07:50:45.000000,2019-12-02 08:01:56.045346,2019-12-02 08:02:02.756336,,,,Onsite,1,44,42,0 days 00:00:45.000000000,0 days 00:11:17.756336000
8,2019-12-02 08:58:00.000000,2019-12-02 08:58:50.000000,2019-12-02 09:14:19.022574,2019-12-02 09:15:09.022574,2019-12-02 10:07:08.632723,2019-12-02 10:07:58.632723,2019-12-02 10:25:48.926279,Replace,1,44,42,0 days 00:00:50.000000000,0 days 00:16:19.022574000
9,2019-12-02 10:06:00.000000,2019-12-02 10:06:45.000000,2019-12-02 10:20:53.903049,2019-12-02 10:21:07.946557,,,,Onsite,1,44,42,0 days 00:00:45.000000000,0 days 00:14:22.946557000
10,2019-12-02 11:07:00.000000,2019-12-02 11:07:45.000000,2019-12-02 11:24:17.130509,2019-12-02 11:25:02.130509,2019-12-02 12:06:41.918546,2019-12-02 12:07:26.918546,2019-12-02 12:25:37.659866,Replace,1,44,42,0 days 00:00:45.000000000,0 days 00:17:17.130509000
11,2019-12-02 12:27:00.000000,2019-12-02 12:27:45.000000,2019-12-02 12:43:05.642041,2019-12-02 12:43:30.985201,,,,Onsite,1,44,42,0 days 00:00:45.000000000,0 days 00:15:45.985201000
12,2019-12-02 13:29:00.000000,2019-12-02 13:29:50.000000,2019-12-02 13:46:21.050334,2019-12-02 13:47:11.050334,2019-12-02 14:30:29.219157,2019-12-02 14:31:19.219157,2019-12-02 14:45:36.474013,Replace,1,44,42,0 days 00:00:50.000000000,0 days 00:17:21.050334000
13,2019-12-02 14:51:00.000000,2019-12-02 14:51:30.000000,2019-12-02 15:10:46.413733,2019-12-02 15:11:16.413733,2019-12-02 15:54:24.195562,2019-12-02 15:54:54.195562,2019-12-02 16:12:49.677826,Replace,1,44,42,0 days 00:00:30.000000000,0 days 00:19:46.413733000
14,2019-12-02 16:10:00.000000,2019-12-02 16:10:25.000000,2019-12-02 16:26:28.669762,2019-12-02 16:26:53.669762,2019-12-02 17:15:40.267998,2019-12-02 17:16:05.267998,2019-12-02 17:31:08.789595,Replace,1,44,42,0 days 00:00:25.000000000,0 days 00:16:28.669762000
15,2019-12-02 17:13:00.000000,2019-12-02 17:13:45.000000,2019-12-02 17:33:35.616821,2019-12-02 17:34:20.616821,2019-12-02 18:24:49.599952,2019-12-02 18:25:34.599952,2019-12-02 18:39:56.193955,Replace,1,44,42,0 days 00:00:45.000000000,0 days 00:20:35.616821000
16,2019-12-02 18:12:00.000000,2019-12-02 18:12:45.000000,2019-12-02 18:33:21.761641,2019-12-02 18:34:06.761641,2019-12-02 19:13:11.280857,2019-12-02 19:13:56.280857,2019-12-02 19:28:57.818795,Replace,1,44,42,0 days 00:00:45.000000000,0 days 00:21:21.761641000
17,2019-12-02 19:20:00.000000,2019-12-02 19:20:35.000000,2019-12-02 19:36:05.138541,2019-12-02 19:36:21.152617,,,,Onsite,1,44,42,0 days 00:00:35.000000000,0 days 00:15:46.152617000
18,2019-12-02 20:23:00.000000,2019-12-02 20:23:55.000000,2019-12-02 20:37:22.250746,2019-12-02 20:37:35.844676,,,,Onsite,1,44,42,0 days 00:00:55.000000000,0 days 00:13:40.844676000
19,2019-12-02 21:52:00.000000,2019-12-02 21:52:30.000000,2019-12-02 22:05:53.501667,2019-12-02 22:06:16.167445,,,,Onsite,1,44,42,0 days 00:00:30.000000000,0 days 00:13:46.167445000
0,2019-12-02 01:03:00.000000,2019-12-02 00:00:35.000000,2019-12-02 00:10:33.143399,2019-12-02 00:10:41.850235,,,,Onsite,2,44,42,-1 days +22:57:35.000000000,0 days 00:10:06.850235000
1,2019-12-02 01:05:00.000000,2019-12-02 01:05:45.000000,2019-12-02 01:16:39.270615,2019-12-02 01:17:24.270615,2019-12-02 01:49:31.952717,2019-12-02 01:50:16.952717,2019-12-02 02:04:28.625787,Replace,2,44,42,0 days 00:00:45.000000000,0 days 00:11:39.270615000
2,2019-12-02 02:22:00.000000,2019-12-02 02:22:45.000000,2019-12-02 02:40:30.098540,2019-12-02 02:40:47.855286,,,,Onsite,2,44,42,0 days 00:00:45.000000000,0 days 00:18:02.855286000
3,2019-12-02 03:24:00.000000,2019-12-02 03:24:25.000000,2019-12-02 03:40:33.781871,2019-12-02 03:40:51.834549,,,,Onsite,2,44,42,0 days 00:00:25.000000000,0 days 00:16:26.834549000
4,2019-12-02 04:36:00.000000,2019-12-02 04:36:55.000000,2019-12-02 04:57:15.714987,2019-12-02 04:57:25.161783,,,,Onsite,2,44,42,0 days 00:00:55.000000000,0 days 00:20:30.161783000
5,2019-12-02 05:45:00.000000,2019-12-02 05:45:55.000000,2019-12-02 06:02:28.557976,2019-12-02 06:02:46.979713,,,,Onsite,2,44,42,0 days 00:00:55.000000000,0 days 00:16:51.979713000
6,2019-12-02 07:06:00.000000,2019-12-02 07:06:50.000000,2019-12-02 07:26:07.797076,2019-12-02 07:26:57.797076,2019-12-02 08:01:02.893701,2019-12-02 08:01:52.893701,2019-12-02 08:15:20.454633,Replace,2,44,42,0 days 00:00:50.000000000,0 days 00:20:07.797076000
7,2019-12-02 08:06:00.000000,2019-12-02 08:06:45.000000,2019-12-02 08:24:32.386469,2019-12-02 08:25:17.386469,2019-12-02 08:51:52.115599,2019-12-02 08:52:37.115599,2019-12-02 09:07:22.775469,Replace,2,44,42,0 days 00:00:45.000000000,0 days 00:18:32.386469000
8,2019-12-02 09:18:00.000000,2019-12-02 09:18:55.000000,2019-12-02 09:36:35.500381,2019-12-02 09:37:30.500381,2019-12-02 10:06:34.000490,2019-12-02 10:07:29.000490,2019-12-02 10:22:44.259826,Replace,2,44,42,0 days 00:00:55.000000000,0 days 00:18:35.500381000
9,2019-12-02 10:29:00.000000,2019-12-02 10:29:45.000000,2019-12-02 10:44:15.376592,2019-12-02 10:45:00.376592,2019-12-02 11:12:28.994747,2019-12-02 11:13:13.994747,2019-12-02 11:33:37.197364,Replace,2,44,42,0 days 00:00:45.000000000,0 days 00:15:15.376592000
10,2019-12-02 11:35:00.000000,2019-12-02 11:35:30.000000,2019-12-02 11:49:51.070313,2019-12-02 11:50:01.081471,,,,Onsite,2,44,42,0 days 00:00:30.000000000,0 days 00:14:31.081471000
11,2019-12-02 12:39:00.000000,2019-12-02 12:39:30.000000,2019-12-02 12:52:58.631970,2019-12-02 12:53:03.949451,,,,Onsite,2,44,42,0 days 00:00:30.000000000,0 days 00:13:33.949451000
12,2019-12-02 14:00:00.000000,2019-12-02 14:00:25.000000,2019-12-02 14:13:07.867139,2019-12-02 14:13:32.867139,2019-12-02 14:55:18.892626,2019-12-02 14:55:43.892626,2019-12-02 15:13:50.408398,Replace,2,44,42,0 days 00:00:25.000000000,0 days 00:13:07.867139000
13,2019-12-02 15:10:00.000000,2019-12-02 15:10:45.000000,2019-12-02 15:25:59.748526,2019-12-02 15:26:44.748526,2019-12-02 16:06:16.358462,2019-12-02 16:07:01.358462,2019-12-02 16:25:16.830020,Replace,2,44,42,0 days 00:00:45.000000000,0 days 00:15:59.748526000
14,2019-12-02 17:22:00.000000,2019-12-02 17:22:30.000000,2019-12-02 17:39:47.494170,2019-12-02 17:40:17.494170,2019-12-02 18:12:06.127521,2019-12-02 18:12:36.127521,2019-12-02 18:30:03.820731,Replace,2,44,42,0 days 00:00:30.000000000,0 days 00:17:47.494170000
15,2019-12-02 18:25:00.000000,2019-12-02 18:25:35.000000,2019-12-02 18:40:00.884295,2019-12-02 18:40:35.884295,2019-12-02 19:21:22.400501,2019-12-02 19:21:57.400501,2019-12-02 19:37:42.817689,Replace,2,44,42,0 days 00:00:35.000000000,0 days 00:15:00.884295000
16,2019-12-02 16:17:00.000000,2019-12-02 16:17:35.000000,2019-12-02 16:29:07.559597,2019-12-02 16:29:42.559597,2019-12-02 17:22:04.901335,2019-12-02 17:22:39.901335,2019-12-02 17:42:20.219915,Replace,2,44,42,0 days 00:00:35.000000000,0 days 00:12:07.559597000
17,2019-12-02 19:39:00.000000,2019-12-02 19:39:45.000000,2019-12-02 19:59:32.226438,2019-12-02 19:59:40.827430,,,,Onsite,2,44,42,0 days 00:00:45.000000000,0 days 00:19:55.827430000
0,2019-12-02 01:10:00.000000,2019-12-02 00:00:50.000000,2019-12-02 00:14:22.212964,2019-12-02 00:15:12.212964,2019-12-02 00:55:52.213136,2019-12-02 00:56:42.213136,2019-12-02 01:13:26.269899,Replace,3,44,42,-1 days +22:50:50.000000000,0 days 00:14:22.212964000
1,2019-12-02 01:06:00.000000,2019-12-02 01:06:30.000000,2019-12-02 01:19:58.554697,2019-12-02 01:20:28.554697,2019-12-02 02:03:53.085159,2019-12-02 02:04:23.085159,2019-12-02 02:15:53.536103,Replace,3,44,42,0 days 00:00:30.000000000,0 days 00:13:58.554697000
2,2019-12-02 02:22:00.000000,2019-12-02 02:22:25.000000,2019-12-02 02:37:12.728302,2019-12-02 02:37:37.728302,2019-12-02 03:07:10.298317,2019-12-02 03:07:35.298317,2019-12-02 03:27:14.151510,Replace,3,44,42,0 days 00:00:25.000000000,0 days 00:15:12.728302000
3,2019-12-02 03:27:00.000000,2019-12-02 03:27:50.000000,2019-12-02 03:44:08.472134,2019-12-02 03:44:58.472134,2019-12-02 04:25:56.187739,2019-12-02 04:26:46.187739,2019-12-02 04:39:34.908429,Replace,3,44,42,0 days 00:00:50.000000000,0 days 00:17:08.472134000
4,2019-12-02 04:30:00.000000,2019-12-02 04:30:45.000000,2019-12-02 04:43:50.078108,2019-12-02 04:44:03.568777,,,,Onsite,3,44,42,0 days 00:00:45.000000000,0 days 00:13:18.568777000
5,2019-12-02 05:36:00.000000,2019-12-02 05:36:50.000000,2019-12-02 05:53:37.712952,2019-12-02 05:53:53.351949,,,,Onsite,3,44,42,0 days 00:00:50.000000000,0 days 00:17:03.351949000
6,2019-12-02 06:51:00.000000,2019-12-02 06:51:25.000000,2019-12-02 07:06:10.701843,2019-12-02 07:06:20.025783,,,,Onsite,3,44,42,0 days 00:00:25.000000000,0 days 00:14:55.025783000
7,2019-12-02 08:26:00.000000,2019-12-02 08:26:55.000000,2019-12-02 08:44:13.063817,2019-12-02 08:45:08.063817,2019-12-02 09:27:41.897623,2019-12-02 09:28:36.897623,2019-12-02 09:49:51.461635,Replace,3,44,42,0 days 00:00:55.000000000,0 days 00:18:13.063817000
8,2019-12-02 09:37:00.000000,2019-12-02 09:37:35.000000,2019-12-02 09:57:21.743823,2019-12-02 09:57:56.743823,2019-12-02 10:41:45.469630,2019-12-02 10:42:20.469630,2019-12-02 11:02:29.464701,Replace,3,44,42,0 days 00:00:35.000000000,0 days 00:20:21.743823000
9,2019-12-02 10:52:00.000000,2019-12-02 10:52:35.000000,2019-12-02 11:05:01.856498,2019-12-02 11:05:09.458673,,,,Onsite,3,44,42,0 days 00:00:35.000000000,0 days 00:12:34.458673000
10,2019-12-02 11:59:00.000000,2019-12-02 11:59:45.000000,2019-12-02 12:20:12.351200,2019-12-02 12:20:57.351200,2019-12-02 12:58:02.948706,2019-12-02 12:58:47.948706,2019-12-02 13:20:12.668795,Replace,3,44,42,0 days 00:00:45.000000000,0 days 00:21:12.351200000
11,2019-12-02 13:16:00.000000,2019-12-02 13:16:35.000000,2019-12-02 13:30:13.777109,2019-12-02 13:30:48.777109,2019-12-02 13:57:54.309936,2019-12-02 13:58:29.309936,2019-12-02 14:20:14.361766,Replace,3,44,42,0 days 00:00:35.000000000,0 days 00:14:13.777109000
12,2019-12-02 14:26:00.000000,2019-12-02 14:26:35.000000,2019-12-02 14:45:37.094435,2019-12-02 14:46:12.094435,2019-12-02 15:17:14.853534,2019-12-02 15:17:49.853534,2019-12-02 15:30:55.640714,Replace,3,44,42,0 days 00:00:35.000000000,0 days 00:19:37.094435000
13,2019-12-02 15:31:00.000000,2019-12-02 15:31:50.000000,2019-12-02 15:48:10.460457,2019-12-02 15:48:33.901235,,,,Onsite,3,44,42,0 days 00:00:50.000000000,0 days 00:16:43.901235000
14,2019-12-02 16:37:00.000000,2019-12-02 16:37:35.000000,2019-12-02 16:57:23.443653,2019-12-02 16:57:58.443653,2019-12-02 17:48:34.910372,2019-12-02 17:49:09.910372,2019-12-02 18:07:19.298776,Replace,3,44,42,0 days 00:00:35.000000000,0 days 00:20:23.443653000
15,2019-12-02 17:43:00.000000,2019-12-02 17:43:45.000000,2019-12-02 17:52:45.348882,2019-12-02 17:53:30.348882,2019-12-02 18:28:18.105156,2019-12-02 18:29:03.105156,2019-12-02 18:46:23.065700,Replace,3,44,42,0 days 00:00:45.000000000,0 days 00:09:45.348882000
16,2019-12-02 18:38:00.000000,2019-12-02 18:38:35.000000,2019-12-02 18:54:59.396124,2019-12-02 18:55:34.396124,2019-12-02 19:26:01.290277,2019-12-02 19:26:36.290277,2019-12-02 19:42:07.439919,Replace,3,44,42,0 days 00:00:35.000000000,0 days 00:16:59.396124000
17,2019-12-02 19:30:00.000000,2019-12-02 19:30:50.000000,2019-12-02 19:50:21.824942,2019-12-02 19:51:11.824942,2019-12-02 20:29:38.971453,2019-12-02 20:30:28.971453,2019-12-02 20:48:31.888753,Replace,3,44,42,0 days 00:00:50.000000000,0 days 00:20:21.824942000
18,2019-12-02 20:31:00.000000,2019-12-02 20:31:25.000000,2019-12-02 20:49:04.129568,2019-12-02 20:49:29.129568,2019-12-02 21:14:10.960004,2019-12-02 21:14:35.960004,2019-12-02 21:37:36.946108,Replace,3,44,42,0 days 00:00:25.000000000,0 days 00:18:04.129568000
19,2019-12-02 21:29:00.000000,2019-12-02 21:29:25.000000,2019-12-02 21:46:46.492055,2019-12-02 21:47:02.590622,,,,Onsite,3,44,42,0 days 00:00:25.000000000,0 days 00:17:37.590622000
0,2019-12-02 01:09:00.000000,2019-12-02 00:00:55.000000,2019-12-02 00:16:18.450135,2019-12-02 00:16:30.067320,,,,Onsite,4,44,42,-1 days +22:51:55.000000000,0 days 00:15:35.067320000
1,2019-12-02 01:06:00.000000,2019-12-02 01:06:50.000000,2019-12-02 01:22:31.643807,2019-12-02 01:23:21.643807,2019-12-02 01:50:15.509858,2019-12-02 01:51:05.509858,2019-12-02 02:12:55.922715,Replace,4,44,42,0 days 00:00:50.000000000,0 days 00:16:31.643807000
2,2019-12-02 02:12:00.000000,2019-12-02 02:12:30.000000,2019-12-02 02:31:31.796505,2019-12-02 02:32:01.796505,2019-12-02 02:56:28.007862,2019-12-02 02:56:58.007862,2019-12-02 03:10:54.021976,Replace,4,44,42,0 days 00:00:30.000000000,0 days 00:19:31.796505000
3,2019-12-02 03:22:00.000000,2019-12-02 03:22:30.000000,2019-12-02 03:38:43.887726,2019-12-02 03:38:49.474479,,,,Onsite,4,44,42,0 days 00:00:30.000000000,0 days 00:16:19.474479000
4,2019-12-02 04:39:00.000000,2019-12-02 04:39:50.000000,2019-12-02 04:56:03.008000,2019-12-02 04:56:13.542542,,,,Onsite,4,44,42,0 days 00:00:50.000000000,0 days 00:16:23.542542000
5,2019-12-02 05:48:00.000000,2019-12-02 05:48:35.000000,2019-12-02 06:06:02.651827,2019-12-02 06:06:16.161519,,,,Onsite,4,44,42,0 days 00:00:35.000000000,0 days 00:17:41.161519000
6,2019-12-02 07:07:00.000000,2019-12-02 07:07:45.000000,2019-12-02 07:22:28.926525,2019-12-02 07:23:13.926525,2019-12-02 08:04:57.534042,2019-12-02 08:05:42.534042,2019-12-02 08:17:34.090570,Replace,4,44,42,0 days 00:00:45.000000000,0 days 00:15:28.926525000
7,2019-12-02 08:14:00.000000,2019-12-02 08:14:55.000000,2019-12-02 08:32:12.132178,2019-12-02 08:33:07.132178,2019-12-02 08:57:01.478237,2019-12-02 08:57:56.478237,2019-12-02 09:12:38.240847,Replace,4,44,42,0 days 00:00:55.000000000,0 days 00:18:12.132178000
8,2019-12-02 09:13:00.000000,2019-12-02 09:13:50.000000,2019-12-02 09:31:22.545381,2019-12-02 09:32:12.545381,2019-12-02 10:14:04.855575,2019-12-02 10:14:54.855575,2019-12-02 10:35:20.622826,Replace,4,44,42,0 days 00:00:50.000000000,0 days 00:18:22.545381000
9,2019-12-02 10:27:00.000000,2019-12-02 10:27:35.000000,2019-12-02 10:43:16.810371,2019-12-02 10:43:27.239440,,,,Onsite,4,44,42,0 days 00:00:35.000000000,0 days 00:15:52.239440000
10,2019-12-02 11:24:00.000000,2019-12-02 11:24:25.000000,2019-12-02 11:43:05.686184,2019-12-02 11:43:30.686184,2019-12-02 12:24:01.551550,2019-12-02 12:24:26.551550,2019-12-02 12:45:10.848418,Replace,4,44,42,0 days 00:00:25.000000000,0 days 00:19:05.686184000
11,2019-12-02 12:43:00.000000,2019-12-02 12:43:55.000000,2019-12-02 13:03:17.437456,2019-12-02 13:04:12.437456,2019-12-02 13:34:24.496118,2019-12-02 13:35:19.496118,2019-12-02 13:50:47.133861,Replace,4,44,42,0 days 00:00:55.000000000,0 days 00:20:17.437456000
12,2019-12-02 13:45:00.000000,2019-12-02 13:45:30.000000,2019-12-02 14:05:52.806188,2019-12-02 14:06:22.806188,2019-12-02 14:38:57.425222,2019-12-02 14:39:27.425222,2019-12-02 14:53:43.810788,Replace,4,44,42,0 days 00:00:30.000000000,0 days 00:20:52.806188000
13,2019-12-02 14:45:00.000000,2019-12-02 14:45:35.000000,2019-12-02 14:59:42.042465,2019-12-02 15:00:17.042465,2019-12-02 15:35:13.921102,2019-12-02 15:35:48.921102,2019-12-02 15:49:28.887713,Replace,4,44,42,0 days 00:00:35.000000000,0 days 00:14:42.042465000
14,2019-12-02 15:48:00.000000,2019-12-02 15:48:25.000000,2019-12-02 16:05:32.000226,2019-12-02 16:05:57.000226,2019-12-02 16:53:25.451774,2019-12-02 16:53:50.451774,2019-12-02 17:07:11.598892,Replace,4,44,42,0 days 00:00:25.000000000,0 days 00:17:32.000226000
15,2019-12-02 17:54:00.000000,2019-12-02 17:54:30.000000,2019-12-02 18:11:41.192889,2019-12-02 18:11:43.469328,,,,Onsite,4,44,42,0 days 00:00:30.000000000,0 days 00:17:13.469328000
16,2019-12-02 16:57:00.000000,2019-12-02 16:57:35.000000,2019-12-02 17:13:05.855196,2019-12-02 17:13:40.855196,2019-12-02 17:37:28.484738,2019-12-02 17:38:03.484738,2019-12-02 17:54:26.587891,Replace,4,44,42,0 days 00:00:35.000000000,0 days 00:16:05.855196000
17,2019-12-02 18:57:00.000000,2019-12-02 18:57:30.000000,2019-12-02 19:13:01.979344,2019-12-02 19:13:31.979344,2019-12-02 20:05:32.029456,2019-12-02 20:06:02.029456,2019-12-02 20:23:33.868693,Replace,4,44,42,0 days 00:00:30.000000000,0 days 00:16:01.979344000
18,2019-12-02 20:00:00.000000,2019-12-02 20:00:25.000000,2019-12-02 20:12:28.548394,2019-12-02 20:12:53.548394,2019-12-02 20:44:32.856918,2019-12-02 20:44:57.856918,2019-12-02 21:05:13.999158,Replace,4,44,42,0 days 00:00:25.000000000,0 days 00:12:28.548394000
19,2019-12-02 21:09:00.000000,2019-12-02 21:09:25.000000,2019-12-02 21:25:57.767502,2019-12-02 21:26:22.767502,2019-12-02 22:13:51.023023,2019-12-02 22:14:16.023023,2019-12-02 22:34:44.411571,Replace,4,44,42,0 days 00:00:25.000000000,0 days 00:16:57.767502000
20,2019-12-02 22:25:00.000000,2019-12-02 22:25:35.000000,2019-12-02 22:38:37.178715,2019-12-02 22:38:44.436627,,,,Onsite,4,44,42,0 days 00:00:35.000000000,0 days 00:13:09.436627000
0,2019-12-02 01:00:00.000000,2019-12-02 00:00:35.000000,2019-12-02 00:14:07.844670,2019-12-02 00:14:25.609344,,,,Onsite,5,44,42,-1 days +23:00:35.000000000,0 days 00:13:50.609344000
1,2019-12-02 00:58:00.000000,2019-12-02 00:58:30.000000,2019-12-02 01:17:17.232556,2019-12-02 01:17:39.944503,,,,Onsite,5,44,42,0 days 00:00:30.000000000,0 days 00:19:09.944503000
2,2019-12-02 02:17:00.000000,2019-12-02 02:17:35.000000,2019-12-02 02:36:21.966156,2019-12-02 02:36:56.966156,2019-12-02 03:05:02.174437,2019-12-02 03:05:37.174437,2019-12-02 03:20:43.076575,Replace,5,44,42,0 days 00:00:35.000000000,0 days 00:19:21.966156000
3,2019-12-02 03:17:00.000000,2019-12-02 03:17:30.000000,2019-12-02 03:34:34.841484,2019-12-02 03:35:04.841484,2019-12-02 04:06:56.737362,2019-12-02 04:07:26.737362,2019-12-02 04:19:36.678136,Replace,5,44,42,0 days 00:00:30.000000000,0 days 00:17:34.841484000
4,2019-12-02 04:33:00.000000,2019-12-02 04:33:55.000000,2019-12-02 04:53:21.130862,2019-12-02 04:54:16.130862,2019-12-02 05:31:01.862714,2019-12-02 05:31:56.862714,2019-12-02 05:51:12.376029,Replace,5,44,42,0 days 00:00:55.000000000,0 days 00:20:21.130862000
5,2019-12-02 05:33:00.000000,2019-12-02 05:33:55.000000,2019-12-02 05:49:49.255127,2019-12-02 05:50:23.798635,,,,Onsite,5,44,42,0 days 00:00:55.000000000,0 days 00:16:28.798635000
6,2019-12-02 06:29:00.000000,2019-12-02 06:29:50.000000,2019-12-02 06:41:06.318291,2019-12-02 06:41:21.539938,,,,Onsite,5,44,42,0 days 00:00:50.000000000,0 days 00:11:31.539938000
7,2019-12-02 07:31:00.000000,2019-12-02 07:31:30.000000,2019-12-02 07:50:09.594200,2019-12-02 07:50:39.594200,2019-12-02 08:22:10.264759,2019-12-02 08:22:40.264759,2019-12-02 08:40:21.193735,Replace,5,44,42,0 days 00:00:30.000000000,0 days 00:19:09.594200000
8,2019-12-02 08:31:00.000000,2019-12-02 08:31:30.000000,2019-12-02 08:53:29.486802,2019-12-02 08:53:59.486802,2019-12-02 09:35:09.623422,2019-12-02 09:35:39.623422,2019-12-02 09:54:46.378985,Replace,5,44,42,0 days 00:00:30.000000000,0 days 00:22:29.486802000
9,2019-12-02 09:38:00.000000,2019-12-02 09:38:35.000000,2019-12-02 09:55:03.478415,2019-12-02 09:55:38.478415,2019-12-02 10:33:22.713081,2019-12-02 10:33:57.713081,2019-12-02 10:49:19.904801,Replace,5,44,42,0 days 00:00:35.000000000,0 days 00:17:03.478415000
10,2019-12-02 10:41:00.000000,2019-12-02 10:41:50.000000,2019-12-02 10:57:03.155726,2019-12-02 10:57:53.155726,2019-12-02 11:32:22.107532,2019-12-02 11:33:12.107532,2019-12-02 11:48:13.854220,Replace,5,44,42,0 days 00:00:50.000000000,0 days 00:16:03.155726000
11,2019-12-02 11:50:00.000000,2019-12-02 11:50:55.000000,2019-12-02 12:08:37.939971,2019-12-02 12:09:32.939971,2019-12-02 12:44:55.288774,2019-12-02 12:45:50.288774,2019-12-02 13:10:04.580493,Replace,5,44,42,0 days 00:00:55.000000000,0 days 00:18:37.939971000
12,2019-12-02 13:01:00.000000,2019-12-02 13:01:55.000000,2019-12-02 13:12:09.208976,2019-12-02 13:13:04.208976,2019-12-02 13:48:38.675061,2019-12-02 13:49:33.675061,2019-12-02 14:06:42.390838,Replace,5,44,42,0 days 00:00:55.000000000,0 days 00:11:09.208976000
13,2019-12-02 14:27:00.000000,2019-12-02 14:27:35.000000,2019-12-02 14:46:11.613697,2019-12-02 14:46:43.581763,,,,Onsite,5,44,42,0 days 00:00:35.000000000,0 days 00:19:08.581763000
14,2019-12-02 15:41:00.000000,2019-12-02 15:41:30.000000,2019-12-02 15:54:12.204805,2019-12-02 15:54:42.204805,2019-12-02 16:26:41.161942,2019-12-02 16:27:11.161942,2019-12-02 16:43:19.752561,Replace,5,44,42,0 days 00:00:30.000000000,0 days 00:13:12.204805000
15,2019-12-02 16:52:00.000000,2019-12-02 16:52:45.000000,2019-12-02 17:11:13.333432,2019-12-02 17:11:58.333432,2019-12-02 17:55:52.830826,2019-12-02 17:56:37.830826,2019-12-02 18:13:38.761875,Replace,5,44,42,0 days 00:00:45.000000000,0 days 00:19:13.333432000
16,2019-12-02 17:56:00.000000,2019-12-02 17:56:35.000000,2019-12-02 18:13:12.332390,2019-12-02 18:13:47.332390,2019-12-02 18:39:11.097670,2019-12-02 18:39:46.097670,2019-12-02 18:54:34.507462,Replace,5,44,42,0 days 00:00:35.000000000,0 days 00:17:12.332390000
17,2019-12-02 19:00:00.000000,2019-12-02 19:00:50.000000,2019-12-02 19:16:14.495532,2019-12-02 19:17:04.495532,2019-12-02 19:58:14.354887,2019-12-02 19:59:04.354887,2019-12-02 20:11:03.345200,Replace,5,44,42,0 days 00:00:50.000000000,0 days 00:16:14.495532000
18,2019-12-02 20:10:00.000000,2019-12-02 20:10:45.000000,2019-12-02 20:29:47.061174,2019-12-02 20:29:55.581875,,,,Onsite,5,44,42,0 days 00:00:45.000000000,0 days 00:19:10.581875000
19,2019-12-02 21:24:00.000000,2019-12-02 21:24:35.000000,2019-12-02 21:40:44.416935,2019-12-02 21:41:19.416935,2019-12-02 22:14:28.973328,2019-12-02 22:15:03.973328,2019-12-02 22:30:42.444939,Replace,5,44,42,0 days 00:00:35.000000000,0 days 00:16:44.416935000
0,2019-12-02 01:10:00.000000,2019-12-02 00:00:45.000000,2019-12-02 00:17:20.936107,2019-12-02 00:18:05.936107,2019-12-02 00:59:05.455917,2019-12-02 00:59:50.455917,2019-12-02 01:12:12.711683,Replace,6,44,42,-1 days +22:50:45.000000000,0 days 00:17:20.936107000
1,2019-12-02 01:11:00.000000,2019-12-02 01:11:50.000000,2019-12-02 01:32:54.417297,2019-12-02 01:33:44.417297,2019-12-02 02:03:51.058652,2019-12-02 02:04:41.058652,2019-12-02 02:28:36.112540,Replace,6,44,42,0 days 00:00:50.000000000,0 days 00:21:54.417297000
2,2019-12-02 02:22:00.000000,2019-12-02 02:22:45.000000,2019-12-02 02:40:06.320642,2019-12-02 02:40:34.336499,,,,Onsite,6,44,42,0 days 00:00:45.000000000,0 days 00:17:49.336499000
3,2019-12-02 03:26:00.000000,2019-12-02 03:26:45.000000,2019-12-02 03:43:54.196669,2019-12-02 03:44:11.008591,,,,Onsite,6,44,42,0 days 00:00:45.000000000,0 days 00:17:26.008591000
4,2019-12-02 04:34:00.000000,2019-12-02 04:34:45.000000,2019-12-02 04:56:02.000303,2019-12-02 04:56:47.000303,2019-12-02 05:36:46.654819,2019-12-02 05:37:31.654819,2019-12-02 05:52:55.358763,Replace,6,44,42,0 days 00:00:45.000000000,0 days 00:22:02.000303000
5,2019-12-02 05:46:00.000000,2019-12-02 05:46:25.000000,2019-12-02 06:03:10.130843,2019-12-02 06:03:35.130843,2019-12-02 06:39:25.615247,2019-12-02 06:39:50.615247,2019-12-02 07:01:49.867883,Replace,6,44,42,0 days 00:00:25.000000000,0 days 00:17:10.130843000
6,2019-12-02 06:41:00.000000,2019-12-02 06:41:35.000000,2019-12-02 07:00:41.592736,2019-12-02 07:01:16.592736,2019-12-02 07:50:45.857265,2019-12-02 07:51:20.857265,2019-12-02 08:07:47.906257,Replace,6,44,42,0 days 00:00:35.000000000,0 days 00:19:41.592736000
7,2019-12-02 07:55:00.000000,2019-12-02 07:55:55.000000,2019-12-02 08:16:42.238114,2019-12-02 08:17:37.238114,2019-12-02 08:51:08.280540,2019-12-02 08:52:03.280540,2019-12-02 09:05:55.618853,Replace,6,44,42,0 days 00:00:55.000000000,0 days 00:21:42.238114000
8,2019-12-02 09:07:00.000000,2019-12-02 09:07:35.000000,2019-12-02 09:27:17.075020,2019-12-02 09:27:52.075020,2019-12-02 10:04:36.896784,2019-12-02 10:05:11.896784,2019-12-02 10:23:18.163806,Replace,6,44,42,0 days 00:00:35.000000000,0 days 00:20:17.075020000
9,2019-12-02 10:27:00.000000,2019-12-02 10:27:45.000000,2019-12-02 10:46:29.624205,2019-12-02 10:47:14.624205,2019-12-02 11:17:00.084924,2019-12-02 11:17:45.084924,2019-12-02 11:34:27.523153,Replace,6,44,42,0 days 00:00:45.000000000,0 days 00:19:29.624205000
10,2019-12-02 11:43:00.000000,2019-12-02 11:43:50.000000,2019-12-02 12:01:18.216341,2019-12-02 12:01:35.646452,,,,Onsite,6,44,42,0 days 00:00:50.000000000,0 days 00:17:45.646452000
11,2019-12-02 12:56:00.000000,2019-12-02 12:56:25.000000,2019-12-02 13:09:25.461341,2019-12-02 13:09:50.461341,2019-12-02 13:55:26.686300,2019-12-02 13:55:51.686300,2019-12-02 14:11:02.328048,Replace,6,44,42,0 days 00:00:25.000000000,0 days 00:13:25.461341000
12,2019-12-02 13:59:00.000000,2019-12-02 13:59:50.000000,2019-12-02 14:17:49.096887,2019-12-02 14:18:39.096887,2019-12-02 14:54:18.260603,2019-12-02 14:55:08.260603,2019-12-02 15:07:14.806130,Replace,6,44,42,0 days 00:00:50.000000000,0 days 00:18:49.096887000
13,2019-12-02 15:16:00.000000,2019-12-02 15:16:45.000000,2019-12-02 15:31:54.322794,2019-12-02 15:32:39.322794,2019-12-02 16:03:38.851494,2019-12-02 16:04:23.851494,2019-12-02 16:19:59.910275,Replace,6,44,42,0 days 00:00:45.000000000,0 days 00:15:54.322794000
14,2019-12-02 16:30:00.000000,2019-12-02 16:30:50.000000,2019-12-02 16:47:16.813895,2019-12-02 16:48:06.813895,2019-12-02 17:22:25.055148,2019-12-02 17:23:15.055148,2019-12-02 17:44:01.778749,Replace,6,44,42,0 days 00:00:50.000000000,0 days 00:17:16.813895000
15,2019-12-02 17:39:00.000000,2019-12-02 17:39:45.000000,2019-12-02 17:55:09.419903,2019-12-02 17:55:54.419903,2019-12-02 18:21:00.691306,2019-12-02 18:21:45.691306,2019-12-02 18:38:30.122999,Replace,6,44,42,0 days 00:00:45.000000000,0 days 00:16:09.419903000
16,2019-12-02 18:45:00.000000,2019-12-02 18:45:45.000000,2019-12-02 19:00:59.613188,2019-12-02 19:01:44.613188,2019-12-02 19:42:04.946415,2019-12-02 19:42:49.946415,2019-12-02 20:02:06.206376,Replace,6,44,42,0 days 00:00:45.000000000,0 days 00:15:59.613188000
17,2019-12-02 20:10:00.000000,2019-12-02 20:10:45.000000,2019-12-02 20:24:35.217353,2019-12-02 20:25:20.217353,2019-12-02 20:56:01.131697,2019-12-02 20:56:46.131697,2019-12-02 21:13:24.086354,Replace,6,44,42,0 days 00:00:45.000000000,0 days 00:14:35.217353000
18,2019-12-02 21:22:00.000000,2019-12-02 21:22:45.000000,2019-12-02 21:40:01.667392,2019-12-02 21:40:46.667392,2019-12-02 22:11:08.242711,2019-12-02 22:11:53.242711,2019-12-02 22:29:08.768822,Replace,6,44,42,0 days 00:00:45.000000000,0 days 00:18:01.667392000
19,2019-12-02 22:20:00.000000,2019-12-02 22:20:35.000000,2019-12-02 22:27:12.205048,2019-12-02 22:27:14.701957,,,,Onsite,6,44,42,0 days 00:00:35.000000000,0 days 00:06:39.701957000
0,2019-12-02 01:02:00.000000,2019-12-02 00:00:30.000000,2019-12-02 00:12:45.520097,2019-12-02 00:13:22.621119,,,,Onsite,7,44,42,-1 days +22:58:30.000000000,0 days 00:12:52.621119000
1,2019-12-02 01:07:00.000000,2019-12-02 01:07:35.000000,2019-12-02 01:21:12.942489,2019-12-02 01:21:47.942489,2019-12-02 02:04:53.787801,2019-12-02 02:05:28.787801,2019-12-02 02:21:40.230193,Replace,7,44,42,0 days 00:00:35.000000000,0 days 00:14:12.942489000
2,2019-12-02 02:21:00.000000,2019-12-02 02:21:45.000000,2019-12-02 02:37:23.102436,2019-12-02 02:38:08.102436,2019-12-02 03:10:50.854145,2019-12-02 03:11:35.854145,2019-12-02 03:25:34.276388,Replace,7,44,42,0 days 00:00:45.000000000,0 days 00:16:23.102436000
3,2019-12-02 03:15:00.000000,2019-12-02 03:15:45.000000,2019-12-02 03:33:16.629292,2019-12-02 03:33:34.096814,,,,Onsite,7,44,42,0 days 00:00:45.000000000,0 days 00:17:49.096814000
4,2019-12-02 04:10:00.000000,2019-12-02 04:10:45.000000,2019-12-02 04:28:42.728337,2019-12-02 04:29:27.728337,2019-12-02 04:51:12.856681,2019-12-02 04:51:57.856681,2019-12-02 05:09:16.057716,Replace,7,44,42,0 days 00:00:45.000000000,0 days 00:18:42.728337000
5,2019-12-02 05:19:00.000000,2019-12-02 05:19:35.000000,2019-12-02 05:37:29.266775,2019-12-02 05:38:04.266775,2019-12-02 06:16:42.355227,2019-12-02 06:17:17.355227,2019-12-02 06:37:32.817625,Replace,7,44,42,0 days 00:00:35.000000000,0 days 00:18:29.266775000
6,2019-12-02 06:16:00.000000,2019-12-02 06:16:30.000000,2019-12-02 06:30:25.073552,2019-12-02 06:30:55.073552,2019-12-02 07:06:05.579386,2019-12-02 07:06:35.579386,2019-12-02 07:24:44.787836,Replace,7,44,42,0 days 00:00:30.000000000,0 days 00:14:25.073552000
7,2019-12-02 07:42:00.000000,2019-12-02 07:42:50.000000,2019-12-02 07:57:41.633411,2019-12-02 07:58:31.633411,2019-12-02 08:45:17.881012,2019-12-02 08:46:07.881012,2019-12-02 09:08:46.882490,Replace,7,44,42,0 days 00:00:50.000000000,0 days 00:15:41.633411000
8,2019-12-02 08:55:00.000000,2019-12-02 08:55:50.000000,2019-12-02 09:14:52.152276,2019-12-02 09:15:42.152276,2019-12-02 09:45:55.359689,2019-12-02 09:46:45.359689,2019-12-02 10:07:54.925596,Replace,7,44,42,0 days 00:00:50.000000000,0 days 00:19:52.152276000
9,2019-12-02 10:15:00.000000,2019-12-02 10:15:35.000000,2019-12-02 10:34:13.805812,2019-12-02 10:34:48.805812,2019-12-02 10:57:41.974623,2019-12-02 10:58:16.974623,2019-12-02 11:13:29.575014,Replace,7,44,42,0 days 00:00:35.000000000,0 days 00:19:13.805812000
10,2019-12-02 11:17:00.000000,2019-12-02 11:17:25.000000,2019-12-02 11:36:20.985389,2019-12-02 11:36:45.985389,2019-12-02 12:06:10.784163,2019-12-02 12:06:35.784163,2019-12-02 12:18:36.538778,Replace,7,44,42,0 days 00:00:25.000000000,0 days 00:19:20.985389000
11,2019-12-02 12:25:00.000000,2019-12-02 12:25:55.000000,2019-12-02 12:45:54.131522,2019-12-02 12:46:02.143464,,,,Onsite,7,44,42,0 days 00:00:55.000000000,0 days 00:20:07.143464000
12,2019-12-02 13:34:00.000000,2019-12-02 13:34:35.000000,2019-12-02 13:50:05.516296,2019-12-02 13:50:40.516296,2019-12-02 14:13:34.480469,2019-12-02 14:14:09.480469,2019-12-02 14:35:55.621887,Replace,7,44,42,0 days 00:00:35.000000000,0 days 00:16:05.516296000
13,2019-12-02 14:50:00.000000,2019-12-02 14:50:50.000000,2019-12-02 15:07:57.684408,2019-12-02 15:08:47.684408,2019-12-02 15:31:46.777075,2019-12-02 15:32:36.777075,2019-12-02 15:46:29.125231,Replace,7,44,42,0 days 00:00:50.000000000,0 days 00:17:57.684408000
14,2019-12-02 15:59:00.000000,2019-12-02 15:59:50.000000,2019-12-02 16:19:33.753539,2019-12-02 16:20:23.753539,2019-12-02 17:04:39.222252,2019-12-02 17:05:29.222252,2019-12-02 17:19:10.382235,Replace,7,44,42,0 days 00:00:50.000000000,0 days 00:20:33.753539000
15,2019-12-02 16:57:00.000000,2019-12-02 16:57:25.000000,2019-12-02 17:11:41.551021,2019-12-02 17:12:06.551021,2019-12-02 17:43:54.334793,2019-12-02 17:44:19.334793,2019-12-02 18:06:37.624682,Replace,7,44,42,0 days 00:00:25.000000000,0 days 00:14:41.551021000
16,2019-12-02 18:14:00.000000,2019-12-02 18:14:35.000000,2019-12-02 18:28:40.390827,2019-12-02 18:28:58.220515,,,,Onsite,7,44,42,0 days 00:00:35.000000000,0 days 00:14:23.220515000
17,2019-12-02 19:19:00.000000,2019-12-02 19:19:35.000000,2019-12-02 19:33:57.881905,2019-12-02 19:34:19.438691,,,,Onsite,7,44,42,0 days 00:00:35.000000000,0 days 00:14:44.438691000
18,2019-12-02 20:29:00.000000,2019-12-02 20:29:55.000000,2019-12-02 20:49:05.709233,2019-12-02 20:50:00.709233,2019-12-02 21:19:49.603071,2019-12-02 21:20:44.603071,2019-12-02 21:37:13.669152,Replace,7,44,42,0 days 00:00:55.000000000,0 days 00:20:05.709233000
19,2019-12-02 21:35:00.000000,2019-12-02 21:35:45.000000,2019-12-02 21:50:00.523252,2019-12-02 21:50:45.523252,2019-12-02 22:19:23.712925,2019-12-02 22:20:08.712925,2019-12-02 22:35:20.033993,Replace,7,44,42,0 days 00:00:45.000000000,0 days 00:15:00.523252000
20,2019-12-02 22:37:00.000000,2019-12-02 22:37:55.000000,2019-12-02 22:49:39.764634,2019-12-02 22:49:50.722361,,,,Onsite,7,44,42,0 days 00:00:55.000000000,0 days 00:11:55.722361000
0,2019-12-02 01:10:00.000000,2019-12-02 00:00:45.000000,2019-12-02 00:15:10.501911,2019-12-02 00:15:55.501911,2019-12-02 00:59:36.806094,2019-12-02 01:00:21.806094,2019-12-02 01:23:23.971444,Replace,8,44,42,-1 days +22:50:45.000000000,0 days 00:15:10.501911000
1,2019-12-02 01:04:00.000000,2019-12-02 01:04:45.000000,2019-12-02 01:23:26.420747,2019-12-02 01:24:11.420747,2019-12-02 02:00:05.595599,2019-12-02 02:00:50.595599,2019-12-02 02:19:02.987088,Replace,8,44,42,0 days 00:00:45.000000000,0 days 00:19:26.420747000
2,2019-12-02 02:16:00.000000,2019-12-02 02:16:45.000000,2019-12-02 02:33:23.661173,2019-12-02 02:34:08.661173,2019-12-02 03:11:43.744552,2019-12-02 03:12:28.744552,2019-12-02 03:29:36.803773,Replace,8,44,42,0 days 00:00:45.000000000,0 days 00:17:23.661173000
3,2019-12-02 03:18:00.000000,2019-12-02 03:18:45.000000,2019-12-02 03:31:01.856955,2019-12-02 03:31:46.856955,2019-12-02 04:19:07.547103,2019-12-02 04:19:52.547103,2019-12-02 04:34:31.950125,Replace,8,44,42,0 days 00:00:45.000000000,0 days 00:13:01.856955000
4,2019-12-02 04:38:00.000000,2019-12-02 04:38:30.000000,2019-12-02 04:53:01.165775,2019-12-02 04:53:11.726983,,,,Onsite,8,44,42,0 days 00:00:30.000000000,0 days 00:14:41.726983000
5,2019-12-02 05:42:00.000000,2019-12-02 05:42:30.000000,2019-12-02 06:00:37.124764,2019-12-02 06:01:07.124764,2019-12-02 06:33:12.365845,2019-12-02 06:33:42.365845,2019-12-02 06:44:59.537218,Replace,8,44,42,0 days 00:00:30.000000000,0 days 00:18:37.124764000
6,2019-12-02 06:51:00.000000,2019-12-02 06:51:55.000000,2019-12-02 07:05:28.803316,2019-12-02 07:05:36.837676,,,,Onsite,8,44,42,0 days 00:00:55.000000000,0 days 00:13:41.837676000
7,2019-12-02 07:39:00.000000,2019-12-02 07:39:45.000000,2019-12-02 07:59:09.001944,2019-12-02 07:59:42.327561,,,,Onsite,8,44,42,0 days 00:00:45.000000000,0 days 00:19:57.327561000
8,2019-12-02 08:37:00.000000,2019-12-02 08:37:35.000000,2019-12-02 08:55:26.629762,2019-12-02 08:56:01.629762,2019-12-02 09:42:46.979310,2019-12-02 09:43:21.979310,2019-12-02 10:01:47.583158,Replace,8,44,42,0 days 00:00:35.000000000,0 days 00:18:26.629762000
9,2019-12-02 09:58:00.000000,2019-12-02 09:58:35.000000,2019-12-02 10:13:50.972600,2019-12-02 10:14:07.714090,,,,Onsite,8,44,42,0 days 00:00:35.000000000,0 days 00:15:32.714090000
10,2019-12-02 11:14:00.000000,2019-12-02 11:14:45.000000,2019-12-02 11:26:23.524317,2019-12-02 11:27:08.524317,2019-12-02 12:13:20.259299,2019-12-02 12:14:05.259299,2019-12-02 12:34:07.999354,Replace,8,44,42,0 days 00:00:45.000000000,0 days 00:12:23.524317000
11,2019-12-02 12:25:00.000000,2019-12-02 12:25:45.000000,2019-12-02 12:42:05.476502,2019-12-02 12:42:50.476502,2019-12-02 13:10:04.320578,2019-12-02 13:10:49.320578,2019-12-02 13:31:27.726852,Replace,8,44,42,0 days 00:00:45.000000000,0 days 00:17:05.476502000
12,2019-12-02 13:21:00.000000,2019-12-02 13:21:50.000000,2019-12-02 13:35:59.874809,2019-12-02 13:36:49.874809,2019-12-02 14:00:43.102423,2019-12-02 14:01:33.102423,2019-12-02 14:20:05.169937,Replace,8,44,42,0 days 00:00:50.000000000,0 days 00:14:59.874809000
13,2019-12-02 14:13:00.000000,2019-12-02 14:13:30.000000,2019-12-02 14:29:34.316125,2019-12-02 14:29:56.803323,,,,Onsite,8,44,42,0 days 00:00:30.000000000,0 days 00:16:26.803323000
14,2019-12-02 15:21:00.000000,2019-12-02 15:21:35.000000,2019-12-02 15:33:58.279324,2019-12-02 15:34:33.279324,2019-12-02 16:20:48.879083,2019-12-02 16:21:23.879083,2019-12-02 16:37:54.254101,Replace,8,44,42,0 days 00:00:35.000000000,0 days 00:12:58.279324000
15,2019-12-02 16:31:00.000000,2019-12-02 16:31:30.000000,2019-12-02 16:50:57.371547,2019-12-02 16:51:27.371547,2019-12-02 17:36:03.688345,2019-12-02 17:36:33.688345,2019-12-02 17:55:20.001546,Replace,8,44,42,0 days 00:00:30.000000000,0 days 00:19:57.371547000
16,2019-12-02 17:29:00.000000,2019-12-02 17:29:35.000000,2019-12-02 17:45:18.184841,2019-12-02 17:45:53.184841,2019-12-02 18:18:19.051408,2019-12-02 18:18:54.051408,2019-12-02 18:34:20.113558,Replace,8,44,42,0 days 00:00:35.000000000,0 days 00:16:18.184841000
17,2019-12-02 18:25:00.000000,2019-12-02 18:25:45.000000,2019-12-02 18:41:27.189485,2019-12-02 18:42:12.189485,2019-12-02 19:20:43.498613,2019-12-02 19:21:28.498613,2019-12-02 19:41:30.359353,Replace,8,44,42,0 days 00:00:45.000000000,0 days 00:16:27.189485000
18,2019-12-02 19:29:00.000000,2019-12-02 19:29:45.000000,2019-12-02 19:40:20.952026,2019-12-02 19:41:05.952026,2019-12-02 20:21:10.131349,2019-12-02 20:21:55.131349,2019-12-02 20:38:12.249728,Replace,8,44,42,0 days 00:00:45.000000000,0 days 00:11:20.952026000
19,2019-12-02 20:36:00.000000,2019-12-02 20:36:35.000000,2019-12-02 20:51:24.149419,2019-12-02 20:51:33.890984,,,,Onsite,8,44,42,0 days 00:00:35.000000000,0 days 00:14:58.890984000
0,2019-12-02 01:11:00.000000,2019-12-02 00:00:25.000000,2019-12-02 00:12:36.591468,2019-12-02 00:12:48.996599,,,,Onsite,9,44,42,-1 days +22:49:25.000000000,0 days 00:12:23.996599000
1,2019-12-02 01:00:00.000000,2019-12-02 01:00:35.000000,2019-12-02 01:17:42.528013,2019-12-02 01:18:17.528013,2019-12-02 01:46:15.164330,2019-12-02 01:46:50.164330,2019-12-02 02:06:22.485419,Replace,9,44,42,0 days 00:00:35.000000000,0 days 00:17:42.528013000
2,2019-12-02 02:02:00.000000,2019-12-02 02:02:35.000000,2019-12-02 02:20:13.290388,2019-12-02 02:20:26.965128,,,,Onsite,9,44,42,0 days 00:00:35.000000000,0 days 00:17:51.965128000
3,2019-12-02 03:10:00.000000,2019-12-02 03:10:45.000000,2019-12-02 03:27:32.782547,2019-12-02 03:28:17.782547,2019-12-02 03:55:40.875151,2019-12-02 03:56:25.875151,2019-12-02 04:17:11.250620,Replace,9,44,42,0 days 00:00:45.000000000,0 days 00:17:32.782547000
4,2019-12-02 04:00:00.000000,2019-12-02 04:00:45.000000,2019-12-02 04:14:31.554117,2019-12-02 04:15:16.554117,2019-12-02 04:48:48.667673,2019-12-02 04:49:33.667673,2019-12-02 05:02:55.233779,Replace,9,44,42,0 days 00:00:45.000000000,0 days 00:14:31.554117000
5,2019-12-02 05:05:00.000000,2019-12-02 05:05:55.000000,2019-12-02 05:21:07.907262,2019-12-02 05:21:17.710667,,,,Onsite,9,44,42,0 days 00:00:55.000000000,0 days 00:15:22.710667000
6,2019-12-02 06:06:00.000000,2019-12-02 06:06:30.000000,2019-12-02 06:28:29.413898,2019-12-02 06:28:59.413898,2019-12-02 06:59:28.959203,2019-12-02 06:59:58.959203,2019-12-02 07:22:03.940269,Replace,9,44,42,0 days 00:00:30.000000000,0 days 00:22:29.413898000
7,2019-12-02 07:24:00.000000,2019-12-02 07:24:45.000000,2019-12-02 07:43:08.823312,2019-12-02 07:43:20.912488,,,,Onsite,9,44,42,0 days 00:00:45.000000000,0 days 00:18:35.912488000
8,2019-12-02 08:29:00.000000,2019-12-02 08:29:25.000000,2019-12-02 08:44:10.011081,2019-12-02 08:44:35.011081,2019-12-02 09:15:38.190648,2019-12-02 09:16:03.190648,2019-12-02 09:32:24.065234,Replace,9,44,42,0 days 00:00:25.000000000,0 days 00:15:10.011081000
9,2019-12-02 09:47:00.000000,2019-12-02 09:47:55.000000,2019-12-02 10:03:28.341632,2019-12-02 10:03:40.023425,,,,Onsite,9,44,42,0 days 00:00:55.000000000,0 days 00:15:45.023425000
10,2019-12-02 10:46:00.000000,2019-12-02 10:46:30.000000,2019-12-02 11:04:29.320116,2019-12-02 11:04:59.320116,2019-12-02 11:44:20.796133,2019-12-02 11:44:50.796133,2019-12-02 12:00:30.926591,Replace,9,44,42,0 days 00:00:30.000000000,0 days 00:18:29.320116000
11,2019-12-02 11:53:00.000000,2019-12-02 11:53:50.000000,2019-12-02 12:11:09.821777,2019-12-02 12:11:59.821777,2019-12-02 12:55:56.398357,2019-12-02 12:56:46.398357,2019-12-02 13:08:08.973127,Replace,9,44,42,0 days 00:00:50.000000000,0 days 00:18:09.821777000
12,2019-12-02 13:15:00.000000,2019-12-02 13:15:45.000000,2019-12-02 13:28:23.673830,2019-12-02 13:28:32.937201,,,,Onsite,9,44,42,0 days 00:00:45.000000000,0 days 00:12:47.937201000
13,2019-12-02 14:21:00.000000,2019-12-02 14:21:25.000000,2019-12-02 14:35:39.239845,2019-12-02 14:36:04.239845,2019-12-02 15:22:38.328946,2019-12-02 15:23:03.328946,2019-12-02 15:38:19.356609,Replace,9,44,42,0 days 00:00:25.000000000,0 days 00:14:39.239845000
14,2019-12-02 15:24:00.000000,2019-12-02 15:24:55.000000,2019-12-02 15:38:40.632281,2019-12-02 15:39:35.632281,2019-12-02 16:11:43.069049,2019-12-02 16:12:38.069049,2019-12-02 16:35:31.539611,Replace,9,44,42,0 days 00:00:55.000000000,0 days 00:14:40.632281000
15,2019-12-02 16:38:00.000000,2019-12-02 16:38:30.000000,2019-12-02 16:53:48.250819,2019-12-02 16:54:16.493548,,,,Onsite,9,44,42,0 days 00:00:30.000000000,0 days 00:15:46.493548000
16,2019-12-02 17:37:00.000000,2019-12-02 17:37:35.000000,2019-12-02 17:55:42.105255,2019-12-02 17:56:17.105255,2019-12-02 18:24:46.613675,2019-12-02 18:25:21.613675,2019-12-02 18:40:29.868916,Replace,9,44,42,0 days 00:00:35.000000000,0 days 00:18:42.105255000
17,2019-12-02 18:38:00.000000,2019-12-02 18:38:50.000000,2019-12-02 18:56:50.219800,2019-12-02 18:57:40.219800,2019-12-02 19:39:53.370410,2019-12-02 19:40:43.370410,2019-12-02 19:55:22.785836,Replace,9,44,42,0 days 00:00:50.000000000,0 days 00:18:50.219800000
18,2019-12-02 19:33:00.000000,2019-12-02 19:33:25.000000,2019-12-02 19:57:12.560209,2019-12-02 19:57:37.560209,2019-12-02 20:47:57.598054,2019-12-02 20:48:22.598054,2019-12-02 20:59:51.975869,Replace,9,44,42,0 days 00:00:25.000000000,0 days 00:24:12.560209000
19,2019-12-02 20:38:00.000000,2019-12-02 20:38:55.000000,2019-12-02 20:50:28.980574,2019-12-02 20:51:23.980574,2019-12-02 21:27:07.955910,2019-12-02 21:28:02.955910,2019-12-02 21:44:08.248356,Replace,9,44,42,0 days 00:00:55.000000000,0 days 00:12:28.980574000
20,2019-12-02 21:38:00.000000,2019-12-02 21:38:25.000000,2019-12-02 21:51:34.234303,2019-12-02 21:51:59.234303,2019-12-02 22:23:16.257769,2019-12-02 22:23:41.257769,2019-12-02 22:39:25.108246,Replace,9,44,42,0 days 00:00:25.000000000,0 days 00:13:34.234303000
0,2019-12-02 00:56:00.000000,2019-12-02 00:00:45.000000,2019-12-02 00:19:33.560102,2019-12-02 00:20:18.560102,2019-12-02 00:48:41.198525,2019-12-02 00:49:26.198525,2019-12-02 01:09:01.169550,Replace,1,44,43,-1 days +23:04:45.000000000,0 days 00:19:33.560102000
1,2019-12-02 01:01:00.000000,2019-12-02 01:01:35.000000,2019-12-02 01:16:13.757116,2019-12-02 01:16:48.757116,2019-12-02 01:58:21.092488,2019-12-02 01:58:56.092488,2019-12-02 02:15:19.505112,Replace,1,44,43,0 days 00:00:35.000000000,0 days 00:15:13.757116000
2,2019-12-02 02:06:00.000000,2019-12-02 02:06:25.000000,2019-12-02 02:23:10.944801,2019-12-02 02:23:15.872792,,,,Onsite,1,44,43,0 days 00:00:25.000000000,0 days 00:16:50.872792000
3,2019-12-02 03:14:00.000000,2019-12-02 03:14:30.000000,2019-12-02 03:32:09.513690,2019-12-02 03:32:39.513690,2019-12-02 04:09:26.387936,2019-12-02 04:09:56.387936,2019-12-02 04:21:52.209408,Replace,1,44,43,0 days 00:00:30.000000000,0 days 00:18:09.513690000
4,2019-12-02 05:15:00.000000,2019-12-02 05:15:45.000000,2019-12-02 05:30:36.062464,2019-12-02 05:31:21.062464,2019-12-02 06:04:46.290869,2019-12-02 06:05:31.290869,2019-12-02 06:18:36.501672,Replace,1,44,43,0 days 00:00:45.000000000,0 days 00:15:36.062464000
5,2019-12-02 04:18:00.000000,2019-12-02 04:18:35.000000,2019-12-02 04:33:28.405349,2019-12-02 04:34:03.405349,2019-12-02 05:15:38.882036,2019-12-02 05:16:13.882036,2019-12-02 05:31:08.393039,Replace,1,44,43,0 days 00:00:35.000000000,0 days 00:15:28.405349000
6,2019-12-02 06:31:00.000000,2019-12-02 06:31:55.000000,2019-12-02 06:47:31.542229,2019-12-02 06:48:26.542229,2019-12-02 07:25:51.793063,2019-12-02 07:26:46.793063,2019-12-02 07:39:50.609290,Replace,1,44,43,0 days 00:00:55.000000000,0 days 00:16:31.542229000
7,2019-12-02 07:38:00.000000,2019-12-02 07:38:25.000000,2019-12-02 07:54:21.886954,2019-12-02 07:54:46.886954,2019-12-02 08:35:34.793932,2019-12-02 08:35:59.793932,2019-12-02 08:47:39.252774,Replace,1,44,43,0 days 00:00:25.000000000,0 days 00:16:21.886954000
8,2019-12-02 08:55:00.000000,2019-12-02 08:55:25.000000,2019-12-02 09:12:25.263676,2019-12-02 09:12:50.263676,2019-12-02 10:06:35.021751,2019-12-02 10:07:00.021751,2019-12-02 10:20:57.228319,Replace,1,44,43,0 days 00:00:25.000000000,0 days 00:17:25.263676000
9,2019-12-02 09:59:00.000000,2019-12-02 09:59:35.000000,2019-12-02 10:16:05.604332,2019-12-02 10:16:40.604332,2019-12-02 11:04:48.763711,2019-12-02 11:05:23.763711,2019-12-02 11:20:37.508135,Replace,1,44,43,0 days 00:00:35.000000000,0 days 00:17:05.604332000
10,2019-12-02 10:55:00.000000,2019-12-02 10:55:45.000000,2019-12-02 11:15:53.109496,2019-12-02 11:16:38.109496,2019-12-02 11:48:51.275003,2019-12-02 11:49:36.275003,2019-12-02 12:04:48.924959,Replace,1,44,43,0 days 00:00:45.000000000,0 days 00:20:53.109496000
11,2019-12-02 11:59:00.000000,2019-12-02 11:59:45.000000,2019-12-02 12:11:53.167087,2019-12-02 12:12:38.167087,2019-12-02 13:04:47.671901,2019-12-02 13:05:32.671901,2019-12-02 13:27:27.525782,Replace,1,44,43,0 days 00:00:45.000000000,0 days 00:12:53.167087000
12,2019-12-02 13:03:00.000000,2019-12-02 13:03:45.000000,2019-12-02 13:21:41.914041,2019-12-02 13:21:49.860429,,,,Onsite,1,44,43,0 days 00:00:45.000000000,0 days 00:18:04.860429000
13,2019-12-02 14:24:00.000000,2019-12-02 14:24:50.000000,2019-12-02 14:43:57.619387,2019-12-02 14:44:47.619387,2019-12-02 15:19:17.182267,2019-12-02 15:20:07.182267,2019-12-02 15:37:50.856846,Replace,1,44,43,0 days 00:00:50.000000000,0 days 00:19:57.619387000
14,2019-12-02 15:42:00.000000,2019-12-02 15:42:45.000000,2019-12-02 15:55:30.512625,2019-12-02 15:56:01.040980,,,,Onsite,1,44,43,0 days 00:00:45.000000000,0 days 00:13:16.040980000
15,2019-12-02 16:50:00.000000,2019-12-02 16:50:55.000000,2019-12-02 17:05:39.184015,2019-12-02 17:06:03.396979,,,,Onsite,1,44,43,0 days 00:00:55.000000000,0 days 00:15:08.396979000
16,2019-12-02 17:50:00.000000,2019-12-02 17:50:45.000000,2019-12-02 18:11:54.403026,2019-12-02 18:11:58.724096,,,,Onsite,1,44,43,0 days 00:00:45.000000000,0 days 00:21:13.724096000
17,2019-12-02 18:52:00.000000,2019-12-02 18:52:30.000000,2019-12-02 19:12:52.641298,2019-12-02 19:13:22.641298,2019-12-02 19:54:43.311303,2019-12-02 19:55:13.311303,2019-12-02 20:13:09.555523,Replace,1,44,43,0 days 00:00:30.000000000,0 days 00:20:52.641298000
18,2019-12-02 20:11:00.000000,2019-12-02 20:11:35.000000,2019-12-02 20:31:00.887470,2019-12-02 20:31:21.398043,,,,Onsite,1,44,43,0 days 00:00:35.000000000,0 days 00:19:46.398043000
19,2019-12-02 21:22:00.000000,2019-12-02 21:22:35.000000,2019-12-02 21:37:20.826758,2019-12-02 21:37:55.826758,2019-12-02 22:08:11.290860,2019-12-02 22:08:46.290860,2019-12-02 22:25:57.121117,Replace,1,44,43,0 days 00:00:35.000000000,0 days 00:15:20.826758000
20,2019-12-02 22:19:00.000000,2019-12-02 22:19:45.000000,2019-12-02 22:39:14.167885,2019-12-02 22:39:25.727559,,,,Onsite,1,44,43,0 days 00:00:45.000000000,0 days 00:19:40.727559000
0,2019-12-02 00:54:00.000000,2019-12-02 00:00:55.000000,2019-12-02 00:11:10.849045,2019-12-02 00:12:05.849045,2019-12-02 00:56:20.765685,2019-12-02 00:57:15.765685,2019-12-02 01:14:56.032060,Replace,2,44,43,-1 days +23:06:55.000000000,0 days 00:11:10.849045000
1,2019-12-02 01:05:00.000000,2019-12-02 01:05:35.000000,2019-12-02 01:21:42.559403,2019-12-02 01:22:17.559403,2019-12-02 01:49:46.520642,2019-12-02 01:50:21.520642,2019-12-02 02:04:17.917130,Replace,2,44,43,0 days 00:00:35.000000000,0 days 00:16:42.559403000
2,2019-12-02 02:06:00.000000,2019-12-02 02:06:30.000000,2019-12-02 02:25:47.770030,2019-12-02 02:26:17.770030,2019-12-02 03:11:10.490548,2019-12-02 03:11:40.490548,2019-12-02 03:24:24.182815,Replace,2,44,43,0 days 00:00:30.000000000,0 days 00:19:47.770030000
3,2019-12-02 03:15:00.000000,2019-12-02 03:15:45.000000,2019-12-02 03:32:38.346524,2019-12-02 03:33:23.346524,2019-12-02 04:08:18.604291,2019-12-02 04:09:03.604291,2019-12-02 04:23:11.568347,Replace,2,44,43,0 days 00:00:45.000000000,0 days 00:17:38.346524000
4,2019-12-02 04:24:00.000000,2019-12-02 04:24:35.000000,2019-12-02 04:36:18.804663,2019-12-02 04:36:53.804663,2019-12-02 05:02:12.165657,2019-12-02 05:02:47.165657,2019-12-02 05:23:49.906621,Replace,2,44,43,0 days 00:00:35.000000000,0 days 00:12:18.804663000
5,2019-12-02 05:29:00.000000,2019-12-02 05:29:35.000000,2019-12-02 05:40:07.212215,2019-12-02 05:40:24.147136,,,,Onsite,2,44,43,0 days 00:00:35.000000000,0 days 00:10:49.147136000
6,2019-12-02 06:31:00.000000,2019-12-02 06:31:35.000000,2019-12-02 06:49:14.817904,2019-12-02 06:49:22.998078,,,,Onsite,2,44,43,0 days 00:00:35.000000000,0 days 00:17:47.998078000
7,2019-12-02 07:40:00.000000,2019-12-02 07:40:45.000000,2019-12-02 08:01:46.674996,2019-12-02 08:02:31.674996,2019-12-02 08:24:56.729379,2019-12-02 08:25:41.729379,2019-12-02 08:42:09.624253,Replace,2,44,43,0 days 00:00:45.000000000,0 days 00:21:46.674996000
8,2019-12-02 08:59:00.000000,2019-12-02 08:59:55.000000,2019-12-02 09:16:10.638501,2019-12-02 09:16:15.662580,,,,Onsite,2,44,43,0 days 00:00:55.000000000,0 days 00:16:20.662580000
9,2019-12-02 10:12:00.000000,2019-12-02 10:12:30.000000,2019-12-02 10:27:15.523449,2019-12-02 10:27:45.523449,2019-12-02 10:51:06.702430,2019-12-02 10:51:36.702430,2019-12-02 11:12:16.873133,Replace,2,44,43,0 days 00:00:30.000000000,0 days 00:15:15.523449000
10,2019-12-02 11:18:00.000000,2019-12-02 11:18:55.000000,2019-12-02 11:34:37.236790,2019-12-02 11:34:43.299437,,,,Onsite,2,44,43,0 days 00:00:55.000000000,0 days 00:15:48.299437000
11,2019-12-02 12:24:00.000000,2019-12-02 12:24:35.000000,2019-12-02 12:46:13.311440,2019-12-02 12:46:48.311440,2019-12-02 13:41:15.547692,2019-12-02 13:41:50.547692,2019-12-02 13:54:54.945621,Replace,2,44,43,0 days 00:00:35.000000000,0 days 00:22:13.311440000
12,2019-12-02 13:56:00.000000,2019-12-02 13:56:25.000000,2019-12-02 14:09:20.984215,2019-12-02 14:09:45.984215,2019-12-02 14:39:45.600130,2019-12-02 14:40:10.600130,2019-12-02 15:02:04.980284,Replace,2,44,43,0 days 00:00:25.000000000,0 days 00:13:20.984215000
13,2019-12-02 15:13:00.000000,2019-12-02 15:13:45.000000,2019-12-02 15:33:00.584862,2019-12-02 15:33:45.584862,2019-12-02 16:14:07.072175,2019-12-02 16:14:52.072175,2019-12-02 16:28:05.330672,Replace,2,44,43,0 days 00:00:45.000000000,0 days 00:20:00.584862000
14,2019-12-02 16:20:00.000000,2019-12-02 16:20:25.000000,2019-12-02 16:36:46.604689,2019-12-02 16:37:11.604689,2019-12-02 17:24:00.309155,2019-12-02 17:24:25.309155,2019-12-02 17:40:31.114040,Replace,2,44,43,0 days 00:00:25.000000000,0 days 00:16:46.604689000
15,2019-12-02 17:38:00.000000,2019-12-02 17:38:50.000000,2019-12-02 17:56:37.128325,2019-12-02 17:57:27.128325,2019-12-02 18:29:47.616917,2019-12-02 18:30:37.616917,2019-12-02 18:46:06.405307,Replace,2,44,43,0 days 00:00:50.000000000,0 days 00:18:37.128325000
16,2019-12-02 18:48:00.000000,2019-12-02 18:48:30.000000,2019-12-02 19:06:35.318449,2019-12-02 19:07:05.318449,2019-12-02 19:55:22.145138,2019-12-02 19:55:52.145138,2019-12-02 20:12:01.355118,Replace,2,44,43,0 days 00:00:30.000000000,0 days 00:18:35.318449000
17,2019-12-02 19:51:00.000000,2019-12-02 19:51:35.000000,2019-12-02 20:07:09.188491,2019-12-02 20:07:33.316800,,,,Onsite,2,44,43,0 days 00:00:35.000000000,0 days 00:15:58.316800000
18,2019-12-02 20:39:00.000000,2019-12-02 20:39:30.000000,2019-12-02 20:57:53.405700,2019-12-02 20:58:00.370233,,,,Onsite,2,44,43,0 days 00:00:30.000000000,0 days 00:18:30.370233000
0,2019-12-02 00:58:00.000000,2019-12-02 00:00:45.000000,2019-12-02 00:15:28.445907,2019-12-02 00:15:44.951776,,,,Onsite,3,44,43,-1 days +23:02:45.000000000,0 days 00:14:59.951776000
1,2019-12-02 00:57:00.000000,2019-12-02 00:57:25.000000,2019-12-02 01:15:35.459860,2019-12-02 01:15:37.591647,,,,Onsite,3,44,43,0 days 00:00:25.000000000,0 days 00:18:12.591647000
2,2019-12-02 02:06:00.000000,2019-12-02 02:06:25.000000,2019-12-02 02:19:49.914257,2019-12-02 02:20:02.478766,,,,Onsite,3,44,43,0 days 00:00:25.000000000,0 days 00:13:37.478766000
3,2019-12-02 03:11:00.000000,2019-12-02 03:11:45.000000,2019-12-02 03:22:37.357390,2019-12-02 03:23:22.357390,2019-12-02 04:09:43.812054,2019-12-02 04:10:28.812054,2019-12-02 04:32:19.803961,Replace,3,44,43,0 days 00:00:45.000000000,0 days 00:11:37.357390000
4,2019-12-02 04:17:00.000000,2019-12-02 04:17:45.000000,2019-12-02 04:35:42.343552,2019-12-02 04:35:52.516221,,,,Onsite,3,44,43,0 days 00:00:45.000000000,0 days 00:18:07.516221000
5,2019-12-02 05:22:00.000000,2019-12-02 05:22:45.000000,2019-12-02 05:41:10.765076,2019-12-02 05:41:17.469888,,,,Onsite,3,44,43,0 days 00:00:45.000000000,0 days 00:18:32.469888000
6,2019-12-02 06:44:00.000000,2019-12-02 06:44:35.000000,2019-12-02 06:59:11.393156,2019-12-02 06:59:46.393156,2019-12-02 07:51:13.426498,2019-12-02 07:51:48.426498,2019-12-02 08:09:38.503480,Replace,3,44,43,0 days 00:00:35.000000000,0 days 00:15:11.393156000
7,2019-12-02 07:43:00.000000,2019-12-02 07:43:25.000000,2019-12-02 08:00:15.515629,2019-12-02 08:00:40.515629,2019-12-02 08:35:43.371205,2019-12-02 08:36:08.371205,2019-12-02 08:50:05.312212,Replace,3,44,43,0 days 00:00:25.000000000,0 days 00:17:15.515629000
8,2019-12-02 08:42:00.000000,2019-12-02 08:42:45.000000,2019-12-02 08:58:29.873970,2019-12-02 08:58:41.979034,,,,Onsite,3,44,43,0 days 00:00:45.000000000,0 days 00:15:56.979034000
9,2019-12-02 09:45:00.000000,2019-12-02 09:45:30.000000,2019-12-02 09:55:57.409207,2019-12-02 09:56:11.628578,,,,Onsite,3,44,43,0 days 00:00:30.000000000,0 days 00:10:41.628578000
10,2019-12-02 10:55:00.000000,2019-12-02 10:55:35.000000,2019-12-02 11:16:33.068126,2019-12-02 11:17:08.068126,2019-12-02 12:07:06.489874,2019-12-02 12:07:41.489874,2019-12-02 12:24:57.928711,Replace,3,44,43,0 days 00:00:35.000000000,0 days 00:21:33.068126000
11,2019-12-02 11:59:00.000000,2019-12-02 11:59:30.000000,2019-12-02 12:14:53.017521,2019-12-02 12:15:16.674481,,,,Onsite,3,44,43,0 days 00:00:30.000000000,0 days 00:15:46.674481000
12,2019-12-02 13:02:00.000000,2019-12-02 13:02:55.000000,2019-12-02 13:23:30.470091,2019-12-02 13:23:36.156548,,,,Onsite,3,44,43,0 days 00:00:55.000000000,0 days 00:20:41.156548000
13,2019-12-02 14:06:00.000000,2019-12-02 14:06:45.000000,2019-12-02 14:25:02.842031,2019-12-02 14:25:47.842031,2019-12-02 15:00:58.903370,2019-12-02 15:01:43.903370,2019-12-02 15:15:44.304099,Replace,3,44,43,0 days 00:00:45.000000000,0 days 00:19:02.842031000
14,2019-12-02 15:19:00.000000,2019-12-02 15:19:35.000000,2019-12-02 15:33:16.112944,2019-12-02 15:33:51.112944,2019-12-02 16:21:37.213497,2019-12-02 16:22:12.213497,2019-12-02 16:41:27.676164,Replace,3,44,43,0 days 00:00:35.000000000,0 days 00:14:16.112944000
15,2019-12-02 16:30:00.000000,2019-12-02 16:30:35.000000,2019-12-02 16:47:55.167556,2019-12-02 16:48:04.482613,,,,Onsite,3,44,43,0 days 00:00:35.000000000,0 days 00:17:29.482613000
16,2019-12-02 17:41:00.000000,2019-12-02 17:41:45.000000,2019-12-02 18:00:16.971314,2019-12-02 18:01:01.971314,2019-12-02 18:42:53.430800,2019-12-02 18:43:38.430800,2019-12-02 18:59:20.449151,Replace,3,44,43,0 days 00:00:45.000000000,0 days 00:19:16.971314000
17,2019-12-02 19:05:00.000000,2019-12-02 19:05:35.000000,2019-12-02 19:18:53.589433,2019-12-02 19:19:28.589433,2019-12-02 19:54:45.877119,2019-12-02 19:55:20.877119,2019-12-02 20:10:14.140243,Replace,3,44,43,0 days 00:00:35.000000000,0 days 00:13:53.589433000
18,2019-12-02 20:06:00.000000,2019-12-02 20:06:30.000000,2019-12-02 20:19:39.631161,2019-12-02 20:20:09.631161,2019-12-02 21:00:58.619443,2019-12-02 21:01:28.619443,2019-12-02 21:21:12.783552,Replace,3,44,43,0 days 00:00:30.000000000,0 days 00:13:39.631161000
19,2019-12-02 21:12:00.000000,2019-12-02 21:12:50.000000,2019-12-02 21:31:36.518544,2019-12-02 21:32:26.518544,2019-12-02 21:57:20.026909,2019-12-02 21:58:10.026909,2019-12-02 22:16:43.836334,Replace,3,44,43,0 days 00:00:50.000000000,0 days 00:19:36.518544000
0,2019-12-02 01:15:00.000000,2019-12-02 00:00:55.000000,2019-12-02 00:14:54.306781,2019-12-02 00:15:49.306781,2019-12-02 00:46:58.883147,2019-12-02 00:47:53.883147,2019-12-02 01:07:17.602514,Replace,4,44,43,-1 days +22:45:55.000000000,0 days 00:14:54.306781000
1,2019-12-02 01:27:00.000000,2019-12-02 01:27:45.000000,2019-12-02 01:43:37.197038,2019-12-02 01:43:47.798761,,,,Onsite,4,44,43,0 days 00:00:45.000000000,0 days 00:16:02.798761000
2,2019-12-02 02:28:00.000000,2019-12-02 02:28:50.000000,2019-12-02 02:45:04.956057,2019-12-02 02:45:08.563331,,,,Onsite,4,44,43,0 days 00:00:50.000000000,0 days 00:16:18.563331000
3,2019-12-02 03:28:00.000000,2019-12-02 03:28:30.000000,2019-12-02 03:44:31.007185,2019-12-02 03:45:01.007185,2019-12-02 04:29:07.108876,2019-12-02 04:29:37.108876,2019-12-02 04:53:40.022422,Replace,4,44,43,0 days 00:00:30.000000000,0 days 00:16:31.007185000
4,2019-12-02 04:45:00.000000,2019-12-02 04:45:25.000000,2019-12-02 05:00:04.011605,2019-12-02 05:00:19.528150,,,,Onsite,4,44,43,0 days 00:00:25.000000000,0 days 00:14:54.528150000
5,2019-12-02 06:12:00.000000,2019-12-02 06:12:45.000000,2019-12-02 06:30:36.874475,2019-12-02 06:31:21.874475,2019-12-02 07:07:32.686462,2019-12-02 07:08:17.686462,2019-12-02 07:19:03.928268,Replace,4,44,43,0 days 00:00:45.000000000,0 days 00:18:36.874475000
6,2019-12-02 07:22:00.000000,2019-12-02 07:22:30.000000,2019-12-02 07:39:19.321012,2019-12-02 07:39:32.724825,,,,Onsite,4,44,43,0 days 00:00:30.000000000,0 days 00:17:02.724825000
7,2019-12-02 08:26:00.000000,2019-12-02 08:26:45.000000,2019-12-02 08:42:31.811233,2019-12-02 08:42:46.313301,,,,Onsite,4,44,43,0 days 00:00:45.000000000,0 days 00:16:01.313301000
8,2019-12-02 09:25:00.000000,2019-12-02 09:25:45.000000,2019-12-02 09:36:59.445962,2019-12-02 09:37:44.445962,2019-12-02 10:14:36.989726,2019-12-02 10:15:21.989726,2019-12-02 10:31:07.736406,Replace,4,44,43,0 days 00:00:45.000000000,0 days 00:11:59.445962000
9,2019-12-02 10:44:00.000000,2019-12-02 10:44:55.000000,2019-12-02 11:03:15.313830,2019-12-02 11:04:10.313830,2019-12-02 11:28:07.810968,2019-12-02 11:29:02.810968,2019-12-02 11:47:45.432541,Replace,4,44,43,0 days 00:00:55.000000000,0 days 00:19:15.313830000
10,2019-12-02 11:48:00.000000,2019-12-02 11:48:35.000000,2019-12-02 12:07:32.276034,2019-12-02 12:07:51.597207,,,,Onsite,4,44,43,0 days 00:00:35.000000000,0 days 00:19:16.597207000
11,2019-12-02 13:01:00.000000,2019-12-02 13:01:55.000000,2019-12-02 13:21:10.844658,2019-12-02 13:22:05.844658,2019-12-02 14:00:47.430193,2019-12-02 14:01:42.430193,2019-12-02 14:20:20.936595,Replace,4,44,43,0 days 00:00:55.000000000,0 days 00:20:10.844658000
12,2019-12-02 15:15:00.000000,2019-12-02 15:15:55.000000,2019-12-02 15:30:29.140958,2019-12-02 15:31:24.140958,2019-12-02 15:57:06.415533,2019-12-02 15:58:01.415533,2019-12-02 16:11:49.426547,Replace,4,44,43,0 days 00:00:55.000000000,0 days 00:15:29.140958000
13,2019-12-02 13:57:00.000000,2019-12-02 13:57:45.000000,2019-12-02 14:17:10.278149,2019-12-02 14:17:55.278149,2019-12-02 15:15:44.373288,2019-12-02 15:16:29.373288,2019-12-02 15:38:14.510797,Replace,4,44,43,0 days 00:00:45.000000000,0 days 00:20:10.278149000
14,2019-12-02 16:21:00.000000,2019-12-02 16:21:45.000000,2019-12-02 16:40:03.725296,2019-12-02 16:40:20.670121,,,,Onsite,4,44,43,0 days 00:00:45.000000000,0 days 00:18:35.670121000
15,2019-12-02 17:20:00.000000,2019-12-02 17:20:45.000000,2019-12-02 17:41:50.482823,2019-12-02 17:42:12.388576,,,,Onsite,4,44,43,0 days 00:00:45.000000000,0 days 00:21:27.388576000
16,2019-12-02 18:21:00.000000,2019-12-02 18:21:45.000000,2019-12-02 18:36:59.330595,2019-12-02 18:37:44.330595,2019-12-02 19:12:25.807238,2019-12-02 19:13:10.807238,2019-12-02 19:30:36.508149,Replace,4,44,43,0 days 00:00:45.000000000,0 days 00:15:59.330595000
17,2019-12-02 19:23:00.000000,2019-12-02 19:23:55.000000,2019-12-02 19:35:22.737940,2019-12-02 19:36:17.737940,2019-12-02 20:22:58.517037,2019-12-02 20:23:53.517037,2019-12-02 20:41:28.426093,Replace,4,44,43,0 days 00:00:55.000000000,0 days 00:12:22.737940000
18,2019-12-02 20:31:00.000000,2019-12-02 20:31:50.000000,2019-12-02 20:48:43.042246,2019-12-02 20:49:33.042246,2019-12-02 21:32:09.655621,2019-12-02 21:32:59.655621,2019-12-02 21:47:14.327192,Replace,4,44,43,0 days 00:00:50.000000000,0 days 00:17:43.042246000
19,2019-12-02 21:35:00.000000,2019-12-02 21:35:35.000000,2019-12-02 21:51:00.419981,2019-12-02 21:51:35.419981,2019-12-02 22:36:24.240403,2019-12-02 22:36:59.240403,2019-12-02 22:52:50.779146,Replace,4,44,43,0 days 00:00:35.000000000,0 days 00:16:00.419981000
0,2019-12-02 01:02:00.000000,2019-12-02 00:00:45.000000,2019-12-02 00:13:16.117598,2019-12-02 00:13:28.998116,,,,Onsite,5,44,43,-1 days +22:58:45.000000000,0 days 00:12:43.998116000
1,2019-12-02 01:01:00.000000,2019-12-02 01:01:45.000000,2019-12-02 01:13:35.412279,2019-12-02 01:14:20.412279,2019-12-02 01:41:25.941471,2019-12-02 01:42:10.941471,2019-12-02 01:56:59.575715,Replace,5,44,43,0 days 00:00:45.000000000,0 days 00:12:35.412279000
2,2019-12-02 01:57:00.000000,2019-12-02 01:57:55.000000,2019-12-02 02:15:50.359421,2019-12-02 02:16:25.361630,,,,Onsite,5,44,43,0 days 00:00:55.000000000,0 days 00:18:30.361630000
3,2019-12-02 02:55:00.000000,2019-12-02 02:55:50.000000,2019-12-02 03:09:00.309818,2019-12-02 03:09:50.309818,2019-12-02 03:40:34.962200,2019-12-02 03:41:24.962200,2019-12-02 03:54:33.437620,Replace,5,44,43,0 days 00:00:50.000000000,0 days 00:14:00.309818000
4,2019-12-02 04:13:00.000000,2019-12-02 04:13:35.000000,2019-12-02 04:29:15.999247,2019-12-02 04:29:24.121995,,,,Onsite,5,44,43,0 days 00:00:35.000000000,0 days 00:15:49.121995000
5,2019-12-02 05:14:00.000000,2019-12-02 05:14:45.000000,2019-12-02 05:36:35.843861,2019-12-02 05:37:20.843861,2019-12-02 06:24:50.926121,2019-12-02 06:25:35.926121,2019-12-02 06:45:14.872754,Replace,5,44,43,0 days 00:00:45.000000000,0 days 00:22:35.843861000
6,2019-12-02 06:23:00.000000,2019-12-02 06:23:35.000000,2019-12-02 06:36:03.149591,2019-12-02 06:36:38.149591,2019-12-02 07:10:11.058825,2019-12-02 07:10:46.058825,2019-12-02 07:28:00.005110,Replace,5,44,43,0 days 00:00:35.000000000,0 days 00:13:03.149591000
7,2019-12-02 07:47:00.000000,2019-12-02 07:47:30.000000,2019-12-02 08:02:28.844378,2019-12-02 08:02:58.844378,2019-12-02 08:44:24.036235,2019-12-02 08:44:54.036235,2019-12-02 09:03:48.247123,Replace,5,44,43,0 days 00:00:30.000000000,0 days 00:15:28.844378000
8,2019-12-02 08:50:00.000000,2019-12-02 08:50:55.000000,2019-12-02 09:01:09.183967,2019-12-02 09:02:04.183967,2019-12-02 09:22:36.607164,2019-12-02 09:23:31.607164,2019-12-02 09:40:40.889063,Replace,5,44,43,0 days 00:00:55.000000000,0 days 00:11:09.183967000
9,2019-12-02 09:49:00.000000,2019-12-02 09:49:35.000000,2019-12-02 10:12:25.392596,2019-12-02 10:13:00.392596,2019-12-02 10:46:18.166286,2019-12-02 10:46:53.166286,2019-12-02 11:05:29.559555,Replace,5,44,43,0 days 00:00:35.000000000,0 days 00:23:25.392596000
10,2019-12-02 11:02:00.000000,2019-12-02 11:02:35.000000,2019-12-02 11:17:32.502402,2019-12-02 11:17:57.623784,,,,Onsite,5,44,43,0 days 00:00:35.000000000,0 days 00:15:22.623784000
11,2019-12-02 13:09:00.000000,2019-12-02 13:09:45.000000,2019-12-02 13:25:01.468352,2019-12-02 13:25:46.468352,2019-12-02 13:53:10.398431,2019-12-02 13:53:55.398431,2019-12-02 14:13:56.497725,Replace,5,44,43,0 days 00:00:45.000000000,0 days 00:16:01.468352000
12,2019-12-02 12:08:00.000000,2019-12-02 12:08:45.000000,2019-12-02 12:27:41.584796,2019-12-02 12:28:26.584796,2019-12-02 13:09:20.526448,2019-12-02 13:10:05.526448,2019-12-02 13:31:37.802484,Replace,5,44,43,0 days 00:00:45.000000000,0 days 00:19:41.584796000
13,2019-12-02 14:16:00.000000,2019-12-02 14:16:25.000000,2019-12-02 14:32:46.006741,2019-12-02 14:33:11.006741,2019-12-02 15:20:40.784499,2019-12-02 15:21:05.784499,2019-12-02 15:41:20.032715,Replace,5,44,43,0 days 00:00:25.000000000,0 days 00:16:46.006741000
14,2019-12-02 15:30:00.000000,2019-12-02 15:30:25.000000,2019-12-02 15:44:47.856357,2019-12-02 15:45:12.856357,2019-12-02 16:24:33.991772,2019-12-02 16:24:58.991772,2019-12-02 16:46:07.062687,Replace,5,44,43,0 days 00:00:25.000000000,0 days 00:14:47.856357000
15,2019-12-02 16:36:00.000000,2019-12-02 16:36:55.000000,2019-12-02 16:50:16.839953,2019-12-02 16:51:11.839953,2019-12-02 17:25:39.961362,2019-12-02 17:26:34.961362,2019-12-02 17:40:55.819048,Replace,5,44,43,0 days 00:00:55.000000000,0 days 00:14:16.839953000
16,2019-12-02 17:54:00.000000,2019-12-02 17:54:35.000000,2019-12-02 18:10:53.092538,2019-12-02 18:11:28.092538,2019-12-02 18:44:17.000461,2019-12-02 18:44:52.000461,2019-12-02 18:58:22.860485,Replace,5,44,43,0 days 00:00:35.000000000,0 days 00:16:53.092538000
17,2019-12-02 18:55:00.000000,2019-12-02 18:55:25.000000,2019-12-02 19:09:30.852049,2019-12-02 19:09:55.852049,2019-12-02 19:48:25.259826,2019-12-02 19:48:50.259826,2019-12-02 20:01:18.030630,Replace,5,44,43,0 days 00:00:25.000000000,0 days 00:14:30.852049000
18,2019-12-02 20:07:00.000000,2019-12-02 20:07:55.000000,2019-12-02 20:24:41.561048,2019-12-02 20:24:58.018153,,,,Onsite,5,44,43,0 days 00:00:55.000000000,0 days 00:17:03.018153000
19,2019-12-02 21:06:00.000000,2019-12-02 21:06:50.000000,2019-12-02 21:22:25.388226,2019-12-02 21:23:15.388226,2019-12-02 21:57:10.006984,2019-12-02 21:58:00.006984,2019-12-02 22:15:11.510146,Replace,5,44,43,0 days 00:00:50.000000000,0 days 00:16:25.388226000
0,2019-12-02 01:18:00.000000,2019-12-02 00:00:45.000000,2019-12-02 00:18:10.632025,2019-12-02 00:18:55.632025,2019-12-02 01:03:04.850082,2019-12-02 01:03:49.850082,2019-12-02 01:18:56.009375,Replace,6,44,43,-1 days +22:42:45.000000000,0 days 00:18:10.632025000
1,2019-12-02 01:01:00.000000,2019-12-02 01:01:45.000000,2019-12-02 01:20:24.331769,2019-12-02 01:21:09.331769,2019-12-02 01:48:47.213881,2019-12-02 01:49:32.213881,2019-12-02 02:13:27.295737,Replace,6,44,43,0 days 00:00:45.000000000,0 days 00:19:24.331769000
2,2019-12-02 02:20:00.000000,2019-12-02 02:20:45.000000,2019-12-02 02:35:37.463830,2019-12-02 02:36:01.830472,,,,Onsite,6,44,43,0 days 00:00:45.000000000,0 days 00:15:16.830472000
3,2019-12-02 03:24:00.000000,2019-12-02 03:24:30.000000,2019-12-02 03:41:16.941218,2019-12-02 03:41:46.941218,2019-12-02 04:26:08.739183,2019-12-02 04:26:38.739183,2019-12-02 04:39:15.064725,Replace,6,44,43,0 days 00:00:30.000000000,0 days 00:17:16.941218000
4,2019-12-02 04:38:00.000000,2019-12-02 04:38:55.000000,2019-12-02 04:54:10.904789,2019-12-02 04:55:05.904789,2019-12-02 05:48:55.276680,2019-12-02 05:49:50.276680,2019-12-02 06:08:24.926387,Replace,6,44,43,0 days 00:00:55.000000000,0 days 00:16:10.904789000
5,2019-12-02 05:38:00.000000,2019-12-02 05:38:30.000000,2019-12-02 05:48:35.815341,2019-12-02 05:49:05.815341,2019-12-02 06:22:57.876906,2019-12-02 06:23:27.876906,2019-12-02 06:41:29.777254,Replace,6,44,43,0 days 00:00:30.000000000,0 days 00:10:35.815341000
6,2019-12-02 06:42:00.000000,2019-12-02 06:42:35.000000,2019-12-02 06:52:56.890547,2019-12-02 06:53:22.235562,,,,Onsite,6,44,43,0 days 00:00:35.000000000,0 days 00:10:47.235562000
7,2019-12-02 08:00:00.000000,2019-12-02 08:00:55.000000,2019-12-02 08:10:30.040771,2019-12-02 08:11:25.040771,2019-12-02 08:58:39.761496,2019-12-02 08:59:34.761496,2019-12-02 09:22:55.181838,Replace,6,44,43,0 days 00:00:55.000000000,0 days 00:10:30.040771000
8,2019-12-02 09:19:00.000000,2019-12-02 09:19:35.000000,2019-12-02 09:34:36.863598,2019-12-02 09:35:11.863598,2019-12-02 10:26:54.744331,2019-12-02 10:27:29.744331,2019-12-02 10:43:15.252431,Replace,6,44,43,0 days 00:00:35.000000000,0 days 00:15:36.863598000
9,2019-12-02 10:24:00.000000,2019-12-02 10:24:35.000000,2019-12-02 10:40:35.517067,2019-12-02 10:41:10.517067,2019-12-02 11:17:57.759240,2019-12-02 11:18:32.759240,2019-12-02 11:40:57.476487,Replace,6,44,43,0 days 00:00:35.000000000,0 days 00:16:35.517067000
10,2019-12-02 11:30:00.000000,2019-12-02 11:30:25.000000,2019-12-02 11:49:38.893155,2019-12-02 11:49:52.253395,,,,Onsite,6,44,43,0 days 00:00:25.000000000,0 days 00:19:27.253395000
11,2019-12-02 12:43:00.000000,2019-12-02 12:43:55.000000,2019-12-02 13:02:37.033331,2019-12-02 13:03:32.033331,2019-12-02 13:37:22.051433,2019-12-02 13:38:17.051433,2019-12-02 13:49:37.307500,Replace,6,44,43,0 days 00:00:55.000000000,0 days 00:19:37.033331000
12,2019-12-02 13:51:00.000000,2019-12-02 13:51:45.000000,2019-12-02 14:06:35.840767,2019-12-02 14:07:20.840767,2019-12-02 14:52:42.288070,2019-12-02 14:53:27.288070,2019-12-02 15:12:58.751159,Replace,6,44,43,0 days 00:00:45.000000000,0 days 00:15:35.840767000
13,2019-12-02 15:07:00.000000,2019-12-02 15:07:45.000000,2019-12-02 15:24:53.319846,2019-12-02 15:25:38.319846,2019-12-02 15:57:37.540608,2019-12-02 15:58:22.540608,2019-12-02 16:14:05.119257,Replace,6,44,43,0 days 00:00:45.000000000,0 days 00:17:53.319846000
14,2019-12-02 16:12:00.000000,2019-12-02 16:12:30.000000,2019-12-02 16:35:50.810179,2019-12-02 16:36:20.810179,2019-12-02 17:17:20.582696,2019-12-02 17:17:50.582696,2019-12-02 17:35:15.417636,Replace,6,44,43,0 days 00:00:30.000000000,0 days 00:23:50.810179000
15,2019-12-02 17:36:00.000000,2019-12-02 17:36:45.000000,2019-12-02 17:50:27.915673,2019-12-02 17:50:49.050238,,,,Onsite,6,44,43,0 days 00:00:45.000000000,0 days 00:14:04.050238000
16,2019-12-02 18:48:00.000000,2019-12-02 18:48:35.000000,2019-12-02 19:05:51.036667,2019-12-02 19:06:26.036667,2019-12-02 19:48:24.643843,2019-12-02 19:48:59.643843,2019-12-02 20:03:20.780095,Replace,6,44,43,0 days 00:00:35.000000000,0 days 00:17:51.036667000
17,2019-12-02 19:41:00.000000,2019-12-02 19:41:30.000000,2019-12-02 19:58:19.533851,2019-12-02 19:58:49.533851,2019-12-02 20:27:32.607966,2019-12-02 20:28:02.607966,2019-12-02 20:42:47.554502,Replace,6,44,43,0 days 00:00:30.000000000,0 days 00:17:19.533851000
18,2019-12-02 20:57:00.000000,2019-12-02 20:57:30.000000,2019-12-02 21:14:20.309851,2019-12-02 21:14:41.909160,,,,Onsite,6,44,43,0 days 00:00:30.000000000,0 days 00:17:11.909160000
19,2019-12-02 21:59:00.000000,2019-12-02 21:59:45.000000,2019-12-02 22:17:27.313338,2019-12-02 22:17:39.325864,,,,Onsite,6,44,43,0 days 00:00:45.000000000,0 days 00:17:54.325864000
0,2019-12-02 01:11:00.000000,2019-12-02 00:00:35.000000,2019-12-02 00:20:40.794129,2019-12-02 00:21:15.794129,2019-12-02 00:51:32.709091,2019-12-02 00:52:07.709091,2019-12-02 01:12:41.661957,Replace,7,44,43,-1 days +22:49:35.000000000,0 days 00:20:40.794129000
1,2019-12-02 00:57:00.000000,2019-12-02 00:57:45.000000,2019-12-02 01:14:16.043531,2019-12-02 01:15:01.043531,2019-12-02 01:39:27.098692,2019-12-02 01:40:12.098692,2019-12-02 01:55:58.828215,Replace,7,44,43,0 days 00:00:45.000000000,0 days 00:17:16.043531000
2,2019-12-02 02:03:00.000000,2019-12-02 02:03:45.000000,2019-12-02 02:17:09.610970,2019-12-02 02:17:54.610970,2019-12-02 02:49:27.635321,2019-12-02 02:50:12.635321,2019-12-02 03:11:10.418165,Replace,7,44,43,0 days 00:00:45.000000000,0 days 00:14:09.610970000
3,2019-12-02 03:17:00.000000,2019-12-02 03:17:25.000000,2019-12-02 03:33:23.430602,2019-12-02 03:33:48.430602,2019-12-02 04:16:27.239532,2019-12-02 04:16:52.239532,2019-12-02 04:29:53.415483,Replace,7,44,43,0 days 00:00:25.000000000,0 days 00:16:23.430602000
4,2019-12-02 04:14:00.000000,2019-12-02 04:14:55.000000,2019-12-02 04:30:31.418559,2019-12-02 04:31:26.418559,2019-12-02 05:13:27.437903,2019-12-02 05:14:22.437903,2019-12-02 05:28:39.984130,Replace,7,44,43,0 days 00:00:55.000000000,0 days 00:16:31.418559000
5,2019-12-02 05:26:00.000000,2019-12-02 05:26:45.000000,2019-12-02 05:45:22.684307,2019-12-02 05:46:07.684307,2019-12-02 06:09:02.464472,2019-12-02 06:09:47.464472,2019-12-02 06:30:20.315956,Replace,7,44,43,0 days 00:00:45.000000000,0 days 00:19:22.684307000
6,2019-12-02 06:33:00.000000,2019-12-02 06:33:45.000000,2019-12-02 06:48:53.657686,2019-12-02 06:49:13.745191,,,,Onsite,7,44,43,0 days 00:00:45.000000000,0 days 00:15:28.745191000
7,2019-12-02 07:36:00.000000,2019-12-02 07:36:25.000000,2019-12-02 07:49:03.214733,2019-12-02 07:49:21.430810,,,,Onsite,7,44,43,0 days 00:00:25.000000000,0 days 00:12:56.430810000
8,2019-12-02 08:41:00.000000,2019-12-02 08:41:30.000000,2019-12-02 08:56:52.331390,2019-12-02 08:56:57.771609,,,,Onsite,7,44,43,0 days 00:00:30.000000000,0 days 00:15:27.771609000
9,2019-12-02 09:41:00.000000,2019-12-02 09:41:50.000000,2019-12-02 09:56:23.156526,2019-12-02 09:56:36.018218,,,,Onsite,7,44,43,0 days 00:00:50.000000000,0 days 00:14:46.018218000
10,2019-12-02 10:49:00.000000,2019-12-02 10:49:25.000000,2019-12-02 11:05:00.780140,2019-12-02 11:05:25.780140,2019-12-02 11:43:58.376811,2019-12-02 11:44:23.376811,2019-12-02 11:57:41.360410,Replace,7,44,43,0 days 00:00:25.000000000,0 days 00:16:00.780140000
11,2019-12-02 12:04:00.000000,2019-12-02 12:04:50.000000,2019-12-02 12:18:22.835340,2019-12-02 12:19:12.835340,2019-12-02 12:52:32.063301,2019-12-02 12:53:22.063301,2019-12-02 13:07:13.788443,Replace,7,44,43,0 days 00:00:50.000000000,0 days 00:14:22.835340000
12,2019-12-02 13:08:00.000000,2019-12-02 13:08:25.000000,2019-12-02 13:20:28.695243,2019-12-02 13:20:45.938739,,,,Onsite,7,44,43,0 days 00:00:25.000000000,0 days 00:12:20.938739000
13,2019-12-02 14:19:00.000000,2019-12-02 14:19:55.000000,2019-12-02 14:32:03.923980,2019-12-02 14:32:12.878317,,,,Onsite,7,44,43,0 days 00:00:55.000000000,0 days 00:12:17.878317000
14,2019-12-02 15:32:00.000000,2019-12-02 15:32:35.000000,2019-12-02 15:46:57.376295,2019-12-02 15:47:32.376295,2019-12-02 16:17:59.632888,2019-12-02 16:18:34.632888,2019-12-02 16:33:24.761987,Replace,7,44,43,0 days 00:00:35.000000000,0 days 00:14:57.376295000
15,2019-12-02 16:39:00.000000,2019-12-02 16:39:45.000000,2019-12-02 16:57:06.573310,2019-12-02 16:57:21.052491,,,,Onsite,7,44,43,0 days 00:00:45.000000000,0 days 00:17:36.052491000
16,2019-12-02 17:47:00.000000,2019-12-02 17:47:35.000000,2019-12-02 18:01:51.373101,2019-12-02 18:02:26.373101,2019-12-02 18:33:01.268001,2019-12-02 18:33:36.268001,2019-12-02 18:47:18.331141,Replace,7,44,43,0 days 00:00:35.000000000,0 days 00:14:51.373101000
17,2019-12-02 19:00:00.000000,2019-12-02 19:00:30.000000,2019-12-02 19:15:38.643886,2019-12-02 19:15:49.234819,,,,Onsite,7,44,43,0 days 00:00:30.000000000,0 days 00:15:19.234819000
18,2019-12-02 20:07:00.000000,2019-12-02 20:07:25.000000,2019-12-02 20:24:21.881443,2019-12-02 20:24:30.089617,,,,Onsite,7,44,43,0 days 00:00:25.000000000,0 days 00:17:05.089617000
19,2019-12-02 21:09:00.000000,2019-12-02 21:09:25.000000,2019-12-02 21:24:17.565803,2019-12-02 21:24:42.565803,2019-12-02 22:12:11.374096,2019-12-02 22:12:36.374096,2019-12-02 22:24:00.670897,Replace,7,44,43,0 days 00:00:25.000000000,0 days 00:15:17.565803000
0,2019-12-02 00:53:00.000000,2019-12-02 00:53:50.000000,2019-12-02 01:10:40.878493,2019-12-02 01:11:30.878493,2019-12-02 01:49:04.741320,2019-12-02 01:49:54.741320,2019-12-02 02:01:03.191999,Replace,8,44,43,0 days 00:00:50.000000000,0 days 00:17:40.878493000
1,2019-12-02 01:14:00.000000,2019-12-02 00:00:35.000000,2019-12-02 00:19:05.816358,2019-12-02 00:19:40.816358,2019-12-02 00:52:52.785469,2019-12-02 00:53:27.785469,2019-12-02 01:06:34.497559,Replace,8,44,43,-1 days +22:46:35.000000000,0 days 00:19:05.816358000
2,2019-12-02 02:30:00.000000,2019-12-02 02:30:55.000000,2019-12-02 02:44:48.581266,2019-12-02 02:45:43.581266,2019-12-02 03:16:29.944442,2019-12-02 03:17:24.944442,2019-12-02 03:36:27.604395,Replace,8,44,43,0 days 00:00:55.000000000,0 days 00:14:48.581266000
3,2019-12-02 03:37:00.000000,2019-12-02 03:37:45.000000,2019-12-02 03:54:08.075011,2019-12-02 03:54:18.269386,,,,Onsite,8,44,43,0 days 00:00:45.000000000,0 days 00:16:33.269386000
4,2019-12-02 04:38:00.000000,2019-12-02 04:38:45.000000,2019-12-02 04:57:01.856164,2019-12-02 04:57:34.485551,,,,Onsite,8,44,43,0 days 00:00:45.000000000,0 days 00:18:49.485551000
5,2019-12-02 05:45:00.000000,2019-12-02 05:45:45.000000,2019-12-02 06:01:02.827316,2019-12-02 06:01:15.823676,,,,Onsite,8,44,43,0 days 00:00:45.000000000,0 days 00:15:30.823676000
6,2019-12-02 06:56:00.000000,2019-12-02 06:56:30.000000,2019-12-02 07:07:30.972242,2019-12-02 07:08:02.913955,,,,Onsite,8,44,43,0 days 00:00:30.000000000,0 days 00:11:32.913955000
7,2019-12-02 08:12:00.000000,2019-12-02 08:12:30.000000,2019-12-02 08:31:32.259718,2019-12-02 08:32:02.259718,2019-12-02 09:11:00.417689,2019-12-02 09:11:30.417689,2019-12-02 09:29:34.085041,Replace,8,44,43,0 days 00:00:30.000000000,0 days 00:19:32.259718000
8,2019-12-02 09:27:00.000000,2019-12-02 09:27:35.000000,2019-12-02 09:42:26.065795,2019-12-02 09:43:01.065795,2019-12-02 10:39:01.709809,2019-12-02 10:39:36.709809,2019-12-02 10:56:29.859675,Replace,8,44,43,0 days 00:00:35.000000000,0 days 00:15:26.065795000
9,2019-12-02 10:19:00.000000,2019-12-02 10:19:25.000000,2019-12-02 10:36:00.465899,2019-12-02 10:36:30.500129,,,,Onsite,8,44,43,0 days 00:00:25.000000000,0 days 00:17:05.500129000
10,2019-12-02 11:24:00.000000,2019-12-02 11:24:55.000000,2019-12-02 11:42:28.633140,2019-12-02 11:42:45.590966,,,,Onsite,8,44,43,0 days 00:00:55.000000000,0 days 00:17:50.590966000
11,2019-12-02 12:44:00.000000,2019-12-02 12:44:35.000000,2019-12-02 13:00:24.231507,2019-12-02 13:00:59.231507,2019-12-02 13:49:37.131230,2019-12-02 13:50:12.131230,2019-12-02 14:09:06.774056,Replace,8,44,43,0 days 00:00:35.000000000,0 days 00:16:24.231507000
12,2019-12-02 13:48:00.000000,2019-12-02 13:48:45.000000,2019-12-02 13:58:32.364933,2019-12-02 13:58:41.851409,,,,Onsite,8,44,43,0 days 00:00:45.000000000,0 days 00:09:56.851409000
13,2019-12-02 14:50:00.000000,2019-12-02 14:50:50.000000,2019-12-02 15:01:41.035118,2019-12-02 15:02:01.124981,,,,Onsite,8,44,43,0 days 00:00:50.000000000,0 days 00:11:11.124981000
14,2019-12-02 15:54:00.000000,2019-12-02 15:54:45.000000,2019-12-02 16:08:03.976941,2019-12-02 16:08:48.976941,2019-12-02 16:43:30.260622,2019-12-02 16:44:15.260622,2019-12-02 16:59:11.373585,Replace,8,44,43,0 days 00:00:45.000000000,0 days 00:14:03.976941000
15,2019-12-02 17:16:00.000000,2019-12-02 17:16:45.000000,2019-12-02 17:32:05.176005,2019-12-02 17:32:50.176005,2019-12-02 18:02:41.978211,2019-12-02 18:03:26.978211,2019-12-02 18:20:39.874738,Replace,8,44,43,0 days 00:00:45.000000000,0 days 00:16:05.176005000
16,2019-12-02 18:30:00.000000,2019-12-02 18:30:55.000000,2019-12-02 18:42:46.604236,2019-12-02 18:43:04.936731,,,,Onsite,8,44,43,0 days 00:00:55.000000000,0 days 00:12:09.936731000
17,2019-12-02 19:29:00.000000,2019-12-02 19:29:30.000000,2019-12-02 19:47:42.614868,2019-12-02 19:48:12.614868,2019-12-02 20:14:32.420393,2019-12-02 20:15:02.420393,2019-12-02 20:37:11.088542,Replace,8,44,43,0 days 00:00:30.000000000,0 days 00:18:42.614868000
18,2019-12-02 20:36:00.000000,2019-12-02 20:36:45.000000,2019-12-02 20:54:13.009940,2019-12-02 20:54:32.584119,,,,Onsite,8,44,43,0 days 00:00:45.000000000,0 days 00:17:47.584119000
19,2019-12-02 21:38:00.000000,2019-12-02 21:38:25.000000,2019-12-02 21:49:44.561237,2019-12-02 21:49:53.629803,,,,Onsite,8,44,43,0 days 00:00:25.000000000,0 days 00:11:28.629803000
0,2019-12-02 01:03:00.000000,2019-12-02 00:00:30.000000,2019-12-02 00:21:38.612830,2019-12-02 00:21:52.919429,,,,Onsite,9,44,43,-1 days +22:57:30.000000000,0 days 00:21:22.919429000
1,2019-12-02 02:05:00.000000,2019-12-02 02:05:25.000000,2019-12-02 02:23:57.194369,2019-12-02 02:24:22.194369,2019-12-02 02:52:46.535231,2019-12-02 02:53:11.535231,2019-12-02 03:11:17.842654,Replace,9,44,43,0 days 00:00:25.000000000,0 days 00:18:57.194369000
2,2019-12-02 01:01:00.000000,2019-12-02 01:01:25.000000,2019-12-02 01:19:01.191093,2019-12-02 01:19:26.191093,2019-12-02 02:05:15.331826,2019-12-02 02:05:40.331826,2019-12-02 02:23:43.267244,Replace,9,44,43,0 days 00:00:25.000000000,0 days 00:18:01.191093000
3,2019-12-02 03:17:00.000000,2019-12-02 03:17:50.000000,2019-12-02 03:37:08.730425,2019-12-02 03:37:58.730425,2019-12-02 04:18:53.212602,2019-12-02 04:19:43.212602,2019-12-02 04:36:40.231175,Replace,9,44,43,0 days 00:00:50.000000000,0 days 00:20:08.730425000
4,2019-12-02 04:46:00.000000,2019-12-02 04:46:35.000000,2019-12-02 05:01:56.052628,2019-12-02 05:02:31.052628,2019-12-02 05:36:27.122132,2019-12-02 05:37:02.122132,2019-12-02 05:53:19.738429,Replace,9,44,43,0 days 00:00:35.000000000,0 days 00:15:56.052628000
5,2019-12-02 05:48:00.000000,2019-12-02 05:48:50.000000,2019-12-02 06:13:20.428168,2019-12-02 06:13:41.054396,,,,Onsite,9,44,43,0 days 00:00:50.000000000,0 days 00:24:51.054396000
6,2019-12-02 07:03:00.000000,2019-12-02 07:03:45.000000,2019-12-02 07:20:07.710237,2019-12-02 07:20:52.710237,2019-12-02 07:52:21.329044,2019-12-02 07:53:06.329044,2019-12-02 08:08:59.712700,Replace,9,44,43,0 days 00:00:45.000000000,0 days 00:17:07.710237000
7,2019-12-02 08:24:00.000000,2019-12-02 08:24:55.000000,2019-12-02 08:40:00.265695,2019-12-02 08:40:27.458501,,,,Onsite,9,44,43,0 days 00:00:55.000000000,0 days 00:15:32.458501000
8,2019-12-02 09:35:00.000000,2019-12-02 09:35:30.000000,2019-12-02 09:50:35.603189,2019-12-02 09:50:48.553682,,,,Onsite,9,44,43,0 days 00:00:30.000000000,0 days 00:15:18.553682000
9,2019-12-02 10:55:00.000000,2019-12-02 10:55:55.000000,2019-12-02 11:13:27.521355,2019-12-02 11:13:36.486777,,,,Onsite,9,44,43,0 days 00:00:55.000000000,0 days 00:17:41.486777000
10,2019-12-02 12:05:00.000000,2019-12-02 12:05:55.000000,2019-12-02 12:22:49.983940,2019-12-02 12:23:08.144725,,,,Onsite,9,44,43,0 days 00:00:55.000000000,0 days 00:17:13.144725000
11,2019-12-02 12:58:00.000000,2019-12-02 12:58:45.000000,2019-12-02 13:16:32.985340,2019-12-02 13:17:17.985340,2019-12-02 13:48:13.246647,2019-12-02 13:48:58.246647,2019-12-02 14:06:03.905878,Replace,9,44,43,0 days 00:00:45.000000000,0 days 00:18:32.985340000
12,2019-12-02 14:15:00.000000,2019-12-02 14:15:30.000000,2019-12-02 14:34:54.427379,2019-12-02 14:35:09.545998,,,,Onsite,9,44,43,0 days 00:00:30.000000000,0 days 00:19:39.545998000
13,2019-12-02 15:22:00.000000,2019-12-02 15:22:50.000000,2019-12-02 15:36:06.654924,2019-12-02 15:36:29.215958,,,,Onsite,9,44,43,0 days 00:00:50.000000000,0 days 00:13:39.215958000
14,2019-12-02 16:36:00.000000,2019-12-02 16:36:55.000000,2019-12-02 16:48:12.508362,2019-12-02 16:49:07.508362,2019-12-02 17:30:00.990138,2019-12-02 17:30:55.990138,2019-12-02 17:49:26.909232,Replace,9,44,43,0 days 00:00:55.000000000,0 days 00:12:12.508362000
15,2019-12-02 17:47:00.000000,2019-12-02 17:47:45.000000,2019-12-02 17:59:49.481692,2019-12-02 18:00:34.481692,2019-12-02 18:36:43.738321,2019-12-02 18:37:28.738321,2019-12-02 18:50:10.602559,Replace,9,44,43,0 days 00:00:45.000000000,0 days 00:12:49.481692000
16,2019-12-02 19:00:00.000000,2019-12-02 19:00:55.000000,2019-12-02 19:19:16.051778,2019-12-02 19:19:28.251458,,,,Onsite,9,44,43,0 days 00:00:55.000000000,0 days 00:18:33.251458000
17,2019-12-02 20:13:00.000000,2019-12-02 20:13:55.000000,2019-12-02 20:29:09.004090,2019-12-02 20:29:32.722403,,,,Onsite,9,44,43,0 days 00:00:55.000000000,0 days 00:15:37.722403000
18,2019-12-02 21:14:00.000000,2019-12-02 21:14:25.000000,2019-12-02 21:35:23.379506,2019-12-02 21:35:48.379506,2019-12-02 22:28:44.860252,2019-12-02 22:29:09.860252,2019-12-02 22:44:48.796574,Replace,9,44,43,0 days 00:00:25.000000000,0 days 00:21:23.379506000
0,2019-12-02 01:14:00.000000,2019-12-02 00:00:50.000000,2019-12-02 00:19:47.084969,2019-12-02 00:20:14.282748,,,,Onsite,1,44,44,-1 days +22:46:50.000000000,0 days 00:19:24.282748000
1,2019-12-02 01:13:00.000000,2019-12-02 01:13:35.000000,2019-12-02 01:25:24.547825,2019-12-02 01:25:26.421666,,,,Onsite,1,44,44,0 days 00:00:35.000000000,0 days 00:11:51.421666000
2,2019-12-02 02:17:00.000000,2019-12-02 02:17:45.000000,2019-12-02 02:33:21.969908,2019-12-02 02:33:28.999846,,,,Onsite,1,44,44,0 days 00:00:45.000000000,0 days 00:15:43.999846000
3,2019-12-02 03:16:00.000000,2019-12-02 03:16:50.000000,2019-12-02 03:30:08.942315,2019-12-02 03:30:58.942315,2019-12-02 04:01:21.613900,2019-12-02 04:02:11.613900,2019-12-02 04:25:51.913614,Replace,1,44,44,0 days 00:00:50.000000000,0 days 00:14:08.942315000
4,2019-12-02 04:27:00.000000,2019-12-02 04:27:25.000000,2019-12-02 04:43:57.404725,2019-12-02 04:44:22.404725,2019-12-02 05:16:14.371615,2019-12-02 05:16:39.371615,2019-12-02 05:30:42.342003,Replace,1,44,44,0 days 00:00:25.000000000,0 days 00:16:57.404725000
5,2019-12-02 05:35:00.000000,2019-12-02 05:35:30.000000,2019-12-02 05:53:31.163502,2019-12-02 05:53:44.764549,,,,Onsite,1,44,44,0 days 00:00:30.000000000,0 days 00:18:14.764549000
6,2019-12-02 06:43:00.000000,2019-12-02 06:43:25.000000,2019-12-02 06:58:06.215761,2019-12-02 06:58:16.550082,,,,Onsite,1,44,44,0 days 00:00:25.000000000,0 days 00:14:51.550082000
7,2019-12-02 07:47:00.000000,2019-12-02 07:47:45.000000,2019-12-02 08:00:49.351738,2019-12-02 08:01:34.351738,2019-12-02 08:30:26.280498,2019-12-02 08:31:11.280498,2019-12-02 08:48:12.615824,Replace,1,44,44,0 days 00:00:45.000000000,0 days 00:13:49.351738000
8,2019-12-02 08:59:00.000000,2019-12-02 08:59:55.000000,2019-12-02 09:16:42.431004,2019-12-02 09:17:37.431004,2019-12-02 09:52:30.901129,2019-12-02 09:53:25.901129,2019-12-02 10:11:12.833422,Replace,1,44,44,0 days 00:00:55.000000000,0 days 00:17:42.431004000
9,2019-12-02 10:24:00.000000,2019-12-02 10:24:25.000000,2019-12-02 10:45:21.523684,2019-12-02 10:45:46.523684,2019-12-02 11:12:36.789354,2019-12-02 11:13:01.789354,2019-12-02 11:34:18.996001,Replace,1,44,44,0 days 00:00:25.000000000,0 days 00:21:21.523684000
10,2019-12-02 11:44:00.000000,2019-12-02 11:44:50.000000,2019-12-02 11:58:41.301444,2019-12-02 11:59:31.301444,2019-12-02 12:47:52.511239,2019-12-02 12:48:42.511239,2019-12-02 13:09:02.417678,Replace,1,44,44,0 days 00:00:50.000000000,0 days 00:14:41.301444000
11,2019-12-02 12:54:00.000000,2019-12-02 12:54:45.000000,2019-12-02 13:11:45.304780,2019-12-02 13:11:53.449650,,,,Onsite,1,44,44,0 days 00:00:45.000000000,0 days 00:17:08.449650000
12,2019-12-02 14:01:00.000000,2019-12-02 14:01:50.000000,2019-12-02 14:20:20.518544,2019-12-02 14:20:30.951570,,,,Onsite,1,44,44,0 days 00:00:50.000000000,0 days 00:18:40.951570000
13,2019-12-02 15:14:00.000000,2019-12-02 15:14:35.000000,2019-12-02 15:29:59.171553,2019-12-02 15:30:34.171553,2019-12-02 16:19:47.646694,2019-12-02 16:20:22.646694,2019-12-02 16:41:25.109034,Replace,1,44,44,0 days 00:00:35.000000000,0 days 00:15:59.171553000
14,2019-12-02 16:29:00.000000,2019-12-02 16:29:45.000000,2019-12-02 16:44:52.446433,2019-12-02 16:45:37.446433,2019-12-02 17:11:21.566035,2019-12-02 17:12:06.566035,2019-12-02 17:27:19.511894,Replace,1,44,44,0 days 00:00:45.000000000,0 days 00:15:52.446433000
15,2019-12-02 17:34:00.000000,2019-12-02 17:34:45.000000,2019-12-02 17:48:46.701401,2019-12-02 17:49:31.701401,2019-12-02 18:33:45.310006,2019-12-02 18:34:30.310006,2019-12-02 18:49:41.600899,Replace,1,44,44,0 days 00:00:45.000000000,0 days 00:14:46.701401000
16,2019-12-02 18:37:00.000000,2019-12-02 18:37:50.000000,2019-12-02 18:56:18.405554,2019-12-02 18:57:08.405554,2019-12-02 19:27:48.949374,2019-12-02 19:28:38.949374,2019-12-02 19:45:11.370805,Replace,1,44,44,0 days 00:00:50.000000000,0 days 00:19:18.405554000
17,2019-12-02 19:28:00.000000,2019-12-02 19:28:25.000000,2019-12-02 19:46:37.608619,2019-12-02 19:47:02.608619,2019-12-02 20:22:02.123890,2019-12-02 20:22:27.123890,2019-12-02 20:45:04.102165,Replace,1,44,44,0 days 00:00:25.000000000,0 days 00:18:37.608619000
18,2019-12-02 20:39:00.000000,2019-12-02 20:39:30.000000,2019-12-02 20:56:33.137506,2019-12-02 20:56:43.420478,,,,Onsite,1,44,44,0 days 00:00:30.000000000,0 days 00:17:13.420478000
19,2019-12-02 21:49:00.000000,2019-12-02 21:49:55.000000,2019-12-02 22:03:48.805585,2019-12-02 22:03:57.814284,,,,Onsite,1,44,44,0 days 00:00:55.000000000,0 days 00:14:02.814284000
0,2019-12-02 01:02:00.000000,2019-12-02 00:00:35.000000,2019-12-02 00:19:20.297994,2019-12-02 00:19:55.297994,2019-12-02 01:12:09.289122,2019-12-02 01:12:44.289122,2019-12-02 01:30:59.174287,Replace,2,44,44,-1 days +22:58:35.000000000,0 days 00:19:20.297994000
1,2019-12-02 01:17:00.000000,2019-12-02 01:17:30.000000,2019-12-02 01:32:01.076145,2019-12-02 01:32:24.800345,,,,Onsite,2,44,44,0 days 00:00:30.000000000,0 days 00:14:54.800345000
2,2019-12-02 02:33:00.000000,2019-12-02 02:33:25.000000,2019-12-02 02:53:57.257645,2019-12-02 02:54:22.257645,2019-12-02 03:35:13.634816,2019-12-02 03:35:38.634816,2019-12-02 03:56:56.750655,Replace,2,44,44,0 days 00:00:25.000000000,0 days 00:20:57.257645000
3,2019-12-02 03:41:00.000000,2019-12-02 03:41:30.000000,2019-12-02 04:02:32.006957,2019-12-02 04:03:02.006957,2019-12-02 04:29:59.378460,2019-12-02 04:30:29.378460,2019-12-02 04:47:24.710154,Replace,2,44,44,0 days 00:00:30.000000000,0 days 00:21:32.006957000
4,2019-12-02 04:38:00.000000,2019-12-02 04:38:30.000000,2019-12-02 04:54:23.539218,2019-12-02 04:54:53.539218,2019-12-02 05:36:48.474061,2019-12-02 05:37:18.474061,2019-12-02 05:56:59.774488,Replace,2,44,44,0 days 00:00:30.000000000,0 days 00:16:23.539218000
5,2019-12-02 05:30:00.000000,2019-12-02 05:30:45.000000,2019-12-02 05:45:40.944628,2019-12-02 05:46:25.944628,2019-12-02 06:13:07.869029,2019-12-02 06:13:52.869029,2019-12-02 06:33:16.863273,Replace,2,44,44,0 days 00:00:45.000000000,0 days 00:15:40.944628000
6,2019-12-02 06:28:00.000000,2019-12-02 06:28:35.000000,2019-12-02 06:45:59.887114,2019-12-02 06:46:34.887114,2019-12-02 07:09:10.784747,2019-12-02 07:09:45.784747,2019-12-02 07:25:34.677008,Replace,2,44,44,0 days 00:00:35.000000000,0 days 00:17:59.887114000
7,2019-12-02 07:34:00.000000,2019-12-02 07:34:50.000000,2019-12-02 07:55:15.263238,2019-12-02 07:56:05.263238,2019-12-02 08:36:00.437513,2019-12-02 08:36:50.437513,2019-12-02 08:54:59.176307,Replace,2,44,44,0 days 00:00:50.000000000,0 days 00:21:15.263238000
8,2019-12-02 08:40:00.000000,2019-12-02 08:40:45.000000,2019-12-02 08:53:50.036968,2019-12-02 08:54:35.036968,2019-12-02 09:25:40.867908,2019-12-02 09:26:25.867908,2019-12-02 09:39:35.377454,Replace,2,44,44,0 days 00:00:45.000000000,0 days 00:13:50.036968000
9,2019-12-02 09:40:00.000000,2019-12-02 09:40:30.000000,2019-12-02 09:54:05.852273,2019-12-02 09:54:35.852273,2019-12-02 10:19:08.513145,2019-12-02 10:19:38.513145,2019-12-02 10:32:52.255130,Replace,2,44,44,0 days 00:00:30.000000000,0 days 00:14:05.852273000
10,2019-12-02 10:49:00.000000,2019-12-02 10:49:30.000000,2019-12-02 11:09:56.726207,2019-12-02 11:10:21.496132,,,,Onsite,2,44,44,0 days 00:00:30.000000000,0 days 00:20:51.496132000
11,2019-12-02 12:03:00.000000,2019-12-02 12:03:35.000000,2019-12-02 12:17:39.287009,2019-12-02 12:18:14.287009,2019-12-02 12:44:44.946202,2019-12-02 12:45:19.946202,2019-12-02 13:00:26.806773,Replace,2,44,44,0 days 00:00:35.000000000,0 days 00:14:39.287009000
12,2019-12-02 13:21:00.000000,2019-12-02 13:21:45.000000,2019-12-02 13:37:17.880182,2019-12-02 13:37:26.970233,,,,Onsite,2,44,44,0 days 00:00:45.000000000,0 days 00:15:41.970233000
13,2019-12-02 14:41:00.000000,2019-12-02 14:41:45.000000,2019-12-02 14:59:36.718119,2019-12-02 14:59:53.342032,,,,Onsite,2,44,44,0 days 00:00:45.000000000,0 days 00:18:08.342032000
14,2019-12-02 15:58:00.000000,2019-12-02 15:58:55.000000,2019-12-02 16:14:09.999677,2019-12-02 16:15:04.999677,2019-12-02 16:40:02.865256,2019-12-02 16:40:57.865256,2019-12-02 16:53:26.524496,Replace,2,44,44,0 days 00:00:55.000000000,0 days 00:16:09.999677000
15,2019-12-02 16:54:00.000000,2019-12-02 16:54:55.000000,2019-12-02 17:12:40.104601,2019-12-02 17:13:35.104601,2019-12-02 17:59:49.695446,2019-12-02 18:00:44.695446,2019-12-02 18:16:45.189703,Replace,2,44,44,0 days 00:00:55.000000000,0 days 00:18:40.104601000
16,2019-12-02 17:59:00.000000,2019-12-02 17:59:25.000000,2019-12-02 18:19:10.283901,2019-12-02 18:19:35.283901,2019-12-02 18:42:59.545963,2019-12-02 18:43:24.545963,2019-12-02 19:05:40.165062,Replace,2,44,44,0 days 00:00:25.000000000,0 days 00:20:10.283901000
17,2019-12-02 19:11:00.000000,2019-12-02 19:11:35.000000,2019-12-02 19:27:51.551558,2019-12-02 19:28:26.551558,2019-12-02 20:25:12.241084,2019-12-02 20:25:47.241084,2019-12-02 20:38:35.841669,Replace,2,44,44,0 days 00:00:35.000000000,0 days 00:16:51.551558000
18,2019-12-02 20:14:00.000000,2019-12-02 20:14:25.000000,2019-12-02 20:29:20.957143,2019-12-02 20:29:45.957143,2019-12-02 21:05:56.052333,2019-12-02 21:06:21.052333,2019-12-02 21:22:33.891556,Replace,2,44,44,0 days 00:00:25.000000000,0 days 00:15:20.957143000
19,2019-12-02 21:46:00.000000,2019-12-02 21:46:55.000000,2019-12-02 22:01:33.371609,2019-12-02 22:01:53.892310,,,,Onsite,2,44,44,0 days 00:00:55.000000000,0 days 00:14:58.892310000
0,2019-12-02 01:20:00.000000,2019-12-02 00:00:45.000000,2019-12-02 00:14:29.402316,2019-12-02 00:14:49.186188,,,,Onsite,3,44,44,-1 days +22:40:45.000000000,0 days 00:14:04.186188000
1,2019-12-02 01:00:00.000000,2019-12-02 01:00:25.000000,2019-12-02 01:19:55.246715,2019-12-02 01:20:20.246715,2019-12-02 02:00:54.462448,2019-12-02 02:01:19.462448,2019-12-02 02:22:31.374668,Replace,3,44,44,0 days 00:00:25.000000000,0 days 00:19:55.246715000
2,2019-12-02 02:18:00.000000,2019-12-02 02:18:45.000000,2019-12-02 02:38:20.884720,2019-12-02 02:39:05.884720,2019-12-02 03:10:45.558179,2019-12-02 03:11:30.558179,2019-12-02 03:27:27.484912,Replace,3,44,44,0 days 00:00:45.000000000,0 days 00:20:20.884720000
3,2019-12-02 03:31:00.000000,2019-12-02 03:31:45.000000,2019-12-02 03:46:27.628932,2019-12-02 03:46:46.411347,,,,Onsite,3,44,44,0 days 00:00:45.000000000,0 days 00:15:01.411347000
4,2019-12-02 04:46:00.000000,2019-12-02 04:46:45.000000,2019-12-02 05:02:37.246133,2019-12-02 05:03:22.246133,2019-12-02 06:01:53.362269,2019-12-02 06:02:38.362269,2019-12-02 06:26:54.374891,Replace,3,44,44,0 days 00:00:45.000000000,0 days 00:16:37.246133000
5,2019-12-02 05:47:00.000000,2019-12-02 05:47:50.000000,2019-12-02 06:01:38.823482,2019-12-02 06:01:56.940742,,,,Onsite,3,44,44,0 days 00:00:50.000000000,0 days 00:14:06.940742000
6,2019-12-02 06:51:00.000000,2019-12-02 06:51:45.000000,2019-12-02 07:11:37.510772,2019-12-02 07:11:50.393509,,,,Onsite,3,44,44,0 days 00:00:45.000000000,0 days 00:20:05.393509000
7,2019-12-02 08:12:00.000000,2019-12-02 08:12:30.000000,2019-12-02 08:25:14.422668,2019-12-02 08:25:44.422668,2019-12-02 09:12:22.175398,2019-12-02 09:12:52.175398,2019-12-02 09:25:53.280048,Replace,3,44,44,0 days 00:00:30.000000000,0 days 00:13:14.422668000
8,2019-12-02 10:48:00.000000,2019-12-02 10:48:55.000000,2019-12-02 11:11:26.864713,2019-12-02 11:11:43.519985,,,,Onsite,3,44,44,0 days 00:00:55.000000000,0 days 00:22:48.519985000
9,2019-12-02 09:28:00.000000,2019-12-02 09:28:50.000000,2019-12-02 09:45:10.967122,2019-12-02 09:46:00.967122,2019-12-02 10:32:54.336998,2019-12-02 10:33:44.336998,2019-12-02 10:48:12.495847,Replace,3,44,44,0 days 00:00:50.000000000,0 days 00:17:10.967122000
10,2019-12-02 11:53:00.000000,2019-12-02 11:53:35.000000,2019-12-02 12:07:26.059497,2019-12-02 12:07:47.363983,,,,Onsite,3,44,44,0 days 00:00:35.000000000,0 days 00:14:12.363983000
11,2019-12-02 12:59:00.000000,2019-12-02 12:59:25.000000,2019-12-02 13:16:21.580020,2019-12-02 13:16:46.580020,2019-12-02 13:41:02.924439,2019-12-02 13:41:27.924439,2019-12-02 13:58:53.228472,Replace,3,44,44,0 days 00:00:25.000000000,0 days 00:17:21.580020000
12,2019-12-02 14:18:00.000000,2019-12-02 14:18:35.000000,2019-12-02 14:34:48.294449,2019-12-02 14:35:17.865215,,,,Onsite,3,44,44,0 days 00:00:35.000000000,0 days 00:16:42.865215000
13,2019-12-02 15:25:00.000000,2019-12-02 15:25:35.000000,2019-12-02 15:37:13.107653,2019-12-02 15:37:48.107653,2019-12-02 16:20:05.039701,2019-12-02 16:20:40.039701,2019-12-02 16:33:44.309477,Replace,3,44,44,0 days 00:00:35.000000000,0 days 00:12:13.107653000
14,2019-12-02 16:31:00.000000,2019-12-02 16:31:25.000000,2019-12-02 16:51:14.495064,2019-12-02 16:51:39.495064,2019-12-02 17:21:55.535444,2019-12-02 17:22:20.535444,2019-12-02 17:37:45.493301,Replace,3,44,44,0 days 00:00:25.000000000,0 days 00:20:14.495064000
15,2019-12-02 17:50:00.000000,2019-12-02 17:50:45.000000,2019-12-02 18:05:11.379953,2019-12-02 18:05:56.379953,2019-12-02 18:42:18.741478,2019-12-02 18:43:03.741478,2019-12-02 19:00:57.103986,Replace,3,44,44,0 days 00:00:45.000000000,0 days 00:15:11.379953000
16,2019-12-02 19:00:00.000000,2019-12-02 19:00:50.000000,2019-12-02 19:11:01.051764,2019-12-02 19:11:23.043923,,,,Onsite,3,44,44,0 days 00:00:50.000000000,0 days 00:10:33.043923000
17,2019-12-02 19:58:00.000000,2019-12-02 19:58:45.000000,2019-12-02 20:15:01.590711,2019-12-02 20:15:46.590711,2019-12-02 20:51:30.664372,2019-12-02 20:52:15.664372,2019-12-02 21:09:15.312762,Replace,3,44,44,0 days 00:00:45.000000000,0 days 00:17:01.590711000
18,2019-12-02 20:59:00.000000,2019-12-02 20:59:55.000000,2019-12-02 21:12:52.253939,2019-12-02 21:13:25.303285,,,,Onsite,3,44,44,0 days 00:00:55.000000000,0 days 00:13:30.303285000
0,2019-12-02 01:10:00.000000,2019-12-02 00:00:45.000000,2019-12-02 00:10:23.953453,2019-12-02 00:11:08.953453,2019-12-02 00:47:55.573925,2019-12-02 00:48:40.573925,2019-12-02 01:07:20.865413,Replace,4,44,44,-1 days +22:50:45.000000000,0 days 00:10:23.953453000
1,2019-12-02 01:12:00.000000,2019-12-02 01:12:35.000000,2019-12-02 01:24:28.886243,2019-12-02 01:24:54.830923,,,,Onsite,4,44,44,0 days 00:00:35.000000000,0 days 00:12:19.830923000
2,2019-12-02 02:34:00.000000,2019-12-02 02:34:55.000000,2019-12-02 02:45:53.482172,2019-12-02 02:46:48.482172,2019-12-02 03:30:19.932750,2019-12-02 03:31:14.932750,2019-12-02 03:52:22.260957,Replace,4,44,44,0 days 00:00:55.000000000,0 days 00:11:53.482172000
3,2019-12-02 03:55:00.000000,2019-12-02 03:55:35.000000,2019-12-02 04:09:49.774644,2019-12-02 04:10:09.177247,,,,Onsite,4,44,44,0 days 00:00:35.000000000,0 days 00:14:34.177247000
4,2019-12-02 05:12:00.000000,2019-12-02 05:12:35.000000,2019-12-02 05:28:17.600084,2019-12-02 05:28:23.301760,,,,Onsite,4,44,44,0 days 00:00:35.000000000,0 days 00:15:48.301760000
5,2019-12-02 06:19:00.000000,2019-12-02 06:19:45.000000,2019-12-02 06:31:42.973059,2019-12-02 06:32:27.973059,2019-12-02 07:10:17.015925,2019-12-02 07:11:02.015925,2019-12-02 07:27:15.786453,Replace,4,44,44,0 days 00:00:45.000000000,0 days 00:12:42.973059000
6,2019-12-02 07:19:00.000000,2019-12-02 07:19:50.000000,2019-12-02 07:34:08.505260,2019-12-02 07:34:58.505260,2019-12-02 08:10:47.378603,2019-12-02 08:11:37.378603,2019-12-02 08:24:26.268924,Replace,4,44,44,0 days 00:00:50.000000000,0 days 00:15:08.505260000
7,2019-12-02 08:22:00.000000,2019-12-02 08:22:55.000000,2019-12-02 08:39:34.420514,2019-12-02 08:40:29.420514,2019-12-02 09:06:12.313478,2019-12-02 09:07:07.313478,2019-12-02 09:25:59.353527,Replace,4,44,44,0 days 00:00:55.000000000,0 days 00:17:34.420514000
8,2019-12-02 09:34:00.000000,2019-12-02 09:34:35.000000,2019-12-02 09:50:18.791952,2019-12-02 09:50:50.793039,,,,Onsite,4,44,44,0 days 00:00:35.000000000,0 days 00:16:15.793039000
9,2019-12-02 10:54:00.000000,2019-12-02 10:54:45.000000,2019-12-02 11:10:23.020069,2019-12-02 11:10:44.023579,,,,Onsite,4,44,44,0 days 00:00:45.000000000,0 days 00:15:59.023579000
10,2019-12-02 12:12:00.000000,2019-12-02 12:12:45.000000,2019-12-02 12:33:09.292977,2019-12-02 12:33:54.292977,2019-12-02 12:59:41.279975,2019-12-02 13:00:26.279975,2019-12-02 13:11:39.606795,Replace,4,44,44,0 days 00:00:45.000000000,0 days 00:21:09.292977000
11,2019-12-02 13:05:00.000000,2019-12-02 13:05:45.000000,2019-12-02 13:23:54.539947,2019-12-02 13:24:02.859189,,,,Onsite,4,44,44,0 days 00:00:45.000000000,0 days 00:18:17.859189000
12,2019-12-02 14:30:00.000000,2019-12-02 14:30:50.000000,2019-12-02 14:43:12.789040,2019-12-02 14:44:02.789040,2019-12-02 15:18:51.885761,2019-12-02 15:19:41.885761,2019-12-02 15:32:58.416562,Replace,4,44,44,0 days 00:00:50.000000000,0 days 00:13:12.789040000
13,2019-12-02 15:33:00.000000,2019-12-02 15:33:30.000000,2019-12-02 15:49:15.347280,2019-12-02 15:49:45.347280,2019-12-02 16:21:48.712401,2019-12-02 16:22:18.712401,2019-12-02 16:38:07.314394,Replace,4,44,44,0 days 00:00:30.000000000,0 days 00:16:15.347280000
14,2019-12-02 16:41:00.000000,2019-12-02 16:41:35.000000,2019-12-02 16:54:18.508865,2019-12-02 16:54:53.508865,2019-12-02 17:45:07.343707,2019-12-02 17:45:42.343707,2019-12-02 17:58:34.710073,Replace,4,44,44,0 days 00:00:35.000000000,0 days 00:13:18.508865000
15,2019-12-02 17:36:00.000000,2019-12-02 17:36:55.000000,2019-12-02 17:56:38.507262,2019-12-02 17:57:33.507262,2019-12-02 18:42:30.101390,2019-12-02 18:43:25.101390,2019-12-02 19:00:13.551588,Replace,4,44,44,0 days 00:00:55.000000000,0 days 00:20:38.507262000
16,2019-12-02 18:51:00.000000,2019-12-02 18:51:45.000000,2019-12-02 19:05:57.845074,2019-12-02 19:06:05.155614,,,,Onsite,4,44,44,0 days 00:00:45.000000000,0 days 00:14:20.155614000
17,2019-12-02 19:58:00.000000,2019-12-02 19:58:45.000000,2019-12-02 20:23:32.574877,2019-12-02 20:24:17.574877,2019-12-02 20:54:11.780297,2019-12-02 20:54:56.780297,2019-12-02 21:12:01.124244,Replace,4,44,44,0 days 00:00:45.000000000,0 days 00:25:32.574877000
18,2019-12-02 21:12:00.000000,2019-12-02 21:12:30.000000,2019-12-02 21:30:49.171968,2019-12-02 21:31:19.171968,2019-12-02 22:06:28.542385,2019-12-02 22:06:58.542385,2019-12-02 22:21:35.549798,Replace,4,44,44,0 days 00:00:30.000000000,0 days 00:18:49.171968000
19,2019-12-02 22:20:00.000000,2019-12-02 22:20:45.000000,2019-12-02 22:40:30.424078,2019-12-02 22:40:43.506813,,,,Onsite,4,44,44,0 days 00:00:45.000000000,0 days 00:19:58.506813000
0,2019-12-02 01:04:00.000000,2019-12-02 00:00:35.000000,2019-12-02 00:19:09.519369,2019-12-02 00:19:44.519369,2019-12-02 01:14:13.980795,2019-12-02 01:14:48.980795,2019-12-02 01:31:54.059139,Replace,5,44,44,-1 days +22:56:35.000000000,0 days 00:19:09.519369000
1,2019-12-02 01:05:00.000000,2019-12-02 01:05:25.000000,2019-12-02 01:22:29.545955,2019-12-02 01:22:54.545955,2019-12-02 02:06:04.583005,2019-12-02 02:06:29.583005,2019-12-02 02:21:32.673038,Replace,5,44,44,0 days 00:00:25.000000000,0 days 00:17:29.545955000
2,2019-12-02 02:02:00.000000,2019-12-02 02:02:35.000000,2019-12-02 02:22:05.419946,2019-12-02 02:22:16.299770,,,,Onsite,5,44,44,0 days 00:00:35.000000000,0 days 00:19:41.299770000
3,2019-12-02 03:14:00.000000,2019-12-02 03:14:35.000000,2019-12-02 03:33:55.621097,2019-12-02 03:34:30.621097,2019-12-02 04:02:24.207074,2019-12-02 04:02:59.207074,2019-12-02 04:20:08.360452,Replace,5,44,44,0 days 00:00:35.000000000,0 days 00:19:55.621097000
4,2019-12-02 04:18:00.000000,2019-12-02 04:18:35.000000,2019-12-02 04:36:03.581497,2019-12-02 04:36:38.581497,2019-12-02 05:07:29.283159,2019-12-02 05:08:04.283159,2019-12-02 05:26:02.820721,Replace,5,44,44,0 days 00:00:35.000000000,0 days 00:18:03.581497000
5,2019-12-02 05:42:00.000000,2019-12-02 05:42:25.000000,2019-12-02 06:00:25.268335,2019-12-02 06:00:37.984171,,,,Onsite,5,44,44,0 days 00:00:25.000000000,0 days 00:18:12.984171000
6,2019-12-02 06:57:00.000000,2019-12-02 06:57:25.000000,2019-12-02 07:13:37.814542,2019-12-02 07:14:02.814542,2019-12-02 07:54:05.731943,2019-12-02 07:54:30.731943,2019-12-02 08:09:42.300811,Replace,5,44,44,0 days 00:00:25.000000000,0 days 00:16:37.814542000
7,2019-12-02 08:14:00.000000,2019-12-02 08:14:45.000000,2019-12-02 08:31:48.328701,2019-12-02 08:32:33.328701,2019-12-02 09:01:06.132689,2019-12-02 09:01:51.132689,2019-12-02 09:21:04.411364,Replace,5,44,44,0 days 00:00:45.000000000,0 days 00:17:48.328701000
8,2019-12-02 09:03:00.000000,2019-12-02 09:03:45.000000,2019-12-02 09:22:51.895006,2019-12-02 09:23:36.895006,2019-12-02 10:14:10.229735,2019-12-02 10:14:55.229735,2019-12-02 10:32:26.343423,Replace,5,44,44,0 days 00:00:45.000000000,0 days 00:19:51.895006000
9,2019-12-02 10:21:00.000000,2019-12-02 10:21:45.000000,2019-12-02 10:40:59.979535,2019-12-02 10:41:44.979535,2019-12-02 11:08:49.876540,2019-12-02 11:09:34.876540,2019-12-02 11:24:40.795402,Replace,5,44,44,0 days 00:00:45.000000000,0 days 00:19:59.979535000
10,2019-12-02 11:16:00.000000,2019-12-02 11:16:30.000000,2019-12-02 11:30:49.919098,2019-12-02 11:31:19.919098,2019-12-02 12:04:06.068504,2019-12-02 12:04:36.068504,2019-12-02 12:18:49.921234,Replace,5,44,44,0 days 00:00:30.000000000,0 days 00:14:49.919098000
11,2019-12-02 12:27:00.000000,2019-12-02 12:27:45.000000,2019-12-02 12:44:55.253622,2019-12-02 12:45:40.253622,2019-12-02 13:17:17.690949,2019-12-02 13:18:02.690949,2019-12-02 13:30:59.108368,Replace,5,44,44,0 days 00:00:45.000000000,0 days 00:17:55.253622000
12,2019-12-02 13:33:00.000000,2019-12-02 13:33:30.000000,2019-12-02 13:45:55.118913,2019-12-02 13:46:25.118913,2019-12-02 14:15:50.314391,2019-12-02 14:16:20.314391,2019-12-02 14:26:51.174301,Replace,5,44,44,0 days 00:00:30.000000000,0 days 00:12:55.118913000
13,2019-12-02 14:31:00.000000,2019-12-02 14:31:35.000000,2019-12-02 14:45:27.587073,2019-12-02 14:46:02.587073,2019-12-02 15:12:43.040174,2019-12-02 15:13:18.040174,2019-12-02 15:30:03.819092,Replace,5,44,44,0 days 00:00:35.000000000,0 days 00:14:27.587073000
14,2019-12-02 15:42:00.000000,2019-12-02 15:42:35.000000,2019-12-02 15:54:04.184992,2019-12-02 15:54:39.184992,2019-12-02 16:33:42.482810,2019-12-02 16:34:17.482810,2019-12-02 16:46:14.006761,Replace,5,44,44,0 days 00:00:35.000000000,0 days 00:12:04.184992000
15,2019-12-02 16:47:00.000000,2019-12-02 16:47:25.000000,2019-12-02 17:02:02.629374,2019-12-02 17:02:27.629374,2019-12-02 17:32:20.883595,2019-12-02 17:32:45.883595,2019-12-02 17:48:43.741015,Replace,5,44,44,0 days 00:00:25.000000000,0 days 00:15:02.629374000
16,2019-12-02 17:43:00.000000,2019-12-02 17:43:55.000000,2019-12-02 17:59:01.895339,2019-12-02 17:59:17.252230,,,,Onsite,5,44,44,0 days 00:00:55.000000000,0 days 00:15:22.252230000
17,2019-12-02 19:01:00.000000,2019-12-02 19:01:30.000000,2019-12-02 19:21:30.287922,2019-12-02 19:21:42.020449,,,,Onsite,5,44,44,0 days 00:00:30.000000000,0 days 00:20:12.020449000
18,2019-12-02 20:11:00.000000,2019-12-02 20:11:25.000000,2019-12-02 20:28:37.624331,2019-12-02 20:28:43.434938,,,,Onsite,5,44,44,0 days 00:00:25.000000000,0 days 00:17:18.434938000
19,2019-12-02 21:25:00.000000,2019-12-02 21:25:35.000000,2019-12-02 21:42:10.702015,2019-12-02 21:42:45.702015,2019-12-02 22:20:53.958795,2019-12-02 22:21:28.958795,2019-12-02 22:36:18.540790,Replace,5,44,44,0 days 00:00:35.000000000,0 days 00:17:10.702015000
0,2019-12-02 01:11:00.000000,2019-12-02 00:00:50.000000,2019-12-02 00:16:42.893764,2019-12-02 00:17:32.893764,2019-12-02 00:44:15.181608,2019-12-02 00:45:05.181608,2019-12-02 00:59:48.790180,Replace,6,44,44,-1 days +22:49:50.000000000,0 days 00:16:42.893764000
1,2019-12-02 00:57:00.000000,2019-12-02 00:57:35.000000,2019-12-02 01:11:29.749422,2019-12-02 01:11:46.451690,,,,Onsite,6,44,44,0 days 00:00:35.000000000,0 days 00:14:11.451690000
2,2019-12-02 02:19:00.000000,2019-12-02 02:19:35.000000,2019-12-02 02:38:37.655733,2019-12-02 02:39:12.655733,2019-12-02 03:10:16.245614,2019-12-02 03:10:51.245614,2019-12-02 03:30:11.009153,Replace,6,44,44,0 days 00:00:35.000000000,0 days 00:19:37.655733000
3,2019-12-02 03:24:00.000000,2019-12-02 03:24:55.000000,2019-12-02 03:41:05.135578,2019-12-02 03:41:15.053655,,,,Onsite,6,44,44,0 days 00:00:55.000000000,0 days 00:16:20.053655000
4,2019-12-02 04:46:00.000000,2019-12-02 04:46:45.000000,2019-12-02 05:04:22.212325,2019-12-02 05:04:44.174625,,,,Onsite,6,44,44,0 days 00:00:45.000000000,0 days 00:17:59.174625000
5,2019-12-02 06:00:00.000000,2019-12-02 06:00:50.000000,2019-12-02 06:20:52.564611,2019-12-02 06:21:10.428102,,,,Onsite,6,44,44,0 days 00:00:50.000000000,0 days 00:20:20.428102000
6,2019-12-02 07:17:00.000000,2019-12-02 07:17:30.000000,2019-12-02 07:30:41.590869,2019-12-02 07:30:52.953463,,,,Onsite,6,44,44,0 days 00:00:30.000000000,0 days 00:13:22.953463000
7,2019-12-02 08:32:00.000000,2019-12-02 08:32:25.000000,2019-12-02 08:52:29.349593,2019-12-02 08:52:42.734937,,,,Onsite,6,44,44,0 days 00:00:25.000000000,0 days 00:20:17.734937000
8,2019-12-02 09:46:00.000000,2019-12-02 09:46:45.000000,2019-12-02 10:00:47.541546,2019-12-02 10:01:32.541546,2019-12-02 10:46:05.294700,2019-12-02 10:46:50.294700,2019-12-02 11:04:55.342253,Replace,6,44,44,0 days 00:00:45.000000000,0 days 00:14:47.541546000
9,2019-12-02 10:50:00.000000,2019-12-02 10:50:35.000000,2019-12-02 11:05:08.245710,2019-12-02 11:05:43.245710,2019-12-02 11:41:41.680524,2019-12-02 11:42:16.680524,2019-12-02 12:00:26.166911,Replace,6,44,44,0 days 00:00:35.000000000,0 days 00:15:08.245710000
10,2019-12-02 11:50:00.000000,2019-12-02 11:50:45.000000,2019-12-02 12:07:44.759768,2019-12-02 12:08:09.144437,,,,Onsite,6,44,44,0 days 00:00:45.000000000,0 days 00:17:24.144437000
11,2019-12-02 13:05:00.000000,2019-12-02 13:05:50.000000,2019-12-02 13:21:38.691187,2019-12-02 13:22:28.691187,2019-12-02 14:05:53.705410,2019-12-02 14:06:43.705410,2019-12-02 14:21:49.151432,Replace,6,44,44,0 days 00:00:50.000000000,0 days 00:16:38.691187000
12,2019-12-02 14:16:00.000000,2019-12-02 14:16:50.000000,2019-12-02 14:36:47.804047,2019-12-02 14:37:37.804047,2019-12-02 15:02:48.055861,2019-12-02 15:03:38.055861,2019-12-02 15:16:33.178888,Replace,6,44,44,0 days 00:00:50.000000000,0 days 00:20:47.804047000
13,2019-12-02 15:24:00.000000,2019-12-02 15:24:55.000000,2019-12-02 15:45:34.597608,2019-12-02 15:46:29.597608,2019-12-02 16:26:16.339333,2019-12-02 16:27:11.339333,2019-12-02 16:41:49.451060,Replace,6,44,44,0 days 00:00:55.000000000,0 days 00:21:34.597608000
14,2019-12-02 16:33:00.000000,2019-12-02 16:33:35.000000,2019-12-02 16:48:40.445065,2019-12-02 16:49:15.445065,2019-12-02 17:26:47.192157,2019-12-02 17:27:22.192157,2019-12-02 17:44:03.062259,Replace,6,44,44,0 days 00:00:35.000000000,0 days 00:15:40.445065000
15,2019-12-02 17:38:00.000000,2019-12-02 17:38:45.000000,2019-12-02 17:56:14.019710,2019-12-02 17:56:18.824163,,,,Onsite,6,44,44,0 days 00:00:45.000000000,0 days 00:17:33.824163000
16,2019-12-02 18:42:00.000000,2019-12-02 18:42:55.000000,2019-12-02 18:58:54.929730,2019-12-02 18:59:49.929730,2019-12-02 19:46:17.559271,2019-12-02 19:47:12.559271,2019-12-02 20:05:11.771343,Replace,6,44,44,0 days 00:00:55.000000000,0 days 00:16:54.929730000
17,2019-12-02 19:53:00.000000,2019-12-02 19:53:35.000000,2019-12-02 20:05:30.259387,2019-12-02 20:06:05.259387,2019-12-02 20:52:52.135711,2019-12-02 20:53:27.135711,2019-12-02 21:14:20.735391,Replace,6,44,44,0 days 00:00:35.000000000,0 days 00:12:30.259387000
18,2019-12-02 21:13:00.000000,2019-12-02 21:13:35.000000,2019-12-02 21:30:59.123342,2019-12-02 21:31:13.062558,,,,Onsite,6,44,44,0 days 00:00:35.000000000,0 days 00:17:38.062558000
19,2019-12-02 22:32:00.000000,2019-12-02 22:32:30.000000,2019-12-02 22:48:07.360349,2019-12-02 22:48:16.117484,,,,Onsite,6,44,44,0 days 00:00:30.000000000,0 days 00:15:46.117484000
0,2019-12-02 01:09:00.000000,2019-12-02 00:00:50.000000,2019-12-02 00:16:39.901777,2019-12-02 00:17:29.901777,2019-12-02 00:40:35.296028,2019-12-02 00:41:25.296028,2019-12-02 00:55:39.603936,Replace,7,44,44,-1 days +22:51:50.000000000,0 days 00:16:39.901777000
1,2019-12-02 01:04:00.000000,2019-12-02 01:04:35.000000,2019-12-02 01:16:15.722179,2019-12-02 01:16:31.295040,,,,Onsite,7,44,44,0 days 00:00:35.000000000,0 days 00:11:56.295040000
2,2019-12-02 02:10:00.000000,2019-12-02 02:10:25.000000,2019-12-02 02:21:09.258820,2019-12-02 02:21:19.528612,,,,Onsite,7,44,44,0 days 00:00:25.000000000,0 days 00:10:54.528612000
3,2019-12-02 03:27:00.000000,2019-12-02 03:27:45.000000,2019-12-02 03:45:42.492375,2019-12-02 03:46:27.492375,2019-12-02 04:27:55.724710,2019-12-02 04:28:40.724710,2019-12-02 04:46:48.568724,Replace,7,44,44,0 days 00:00:45.000000000,0 days 00:18:42.492375000
4,2019-12-02 04:39:00.000000,2019-12-02 04:39:35.000000,2019-12-02 04:54:49.279469,2019-12-02 04:55:24.279469,2019-12-02 05:32:41.317285,2019-12-02 05:33:16.317285,2019-12-02 05:55:58.979276,Replace,7,44,44,0 days 00:00:35.000000000,0 days 00:15:49.279469000
5,2019-12-02 05:48:00.000000,2019-12-02 05:48:45.000000,2019-12-02 06:06:14.149630,2019-12-02 06:06:59.149630,2019-12-02 06:32:12.938065,2019-12-02 06:32:57.938065,2019-12-02 06:45:58.709411,Replace,7,44,44,0 days 00:00:45.000000000,0 days 00:18:14.149630000
6,2019-12-02 06:59:00.000000,2019-12-02 06:59:55.000000,2019-12-02 07:15:01.737329,2019-12-02 07:15:56.737329,2019-12-02 07:41:39.283101,2019-12-02 07:42:34.283101,2019-12-02 08:00:58.029844,Replace,7,44,44,0 days 00:00:55.000000000,0 days 00:16:01.737329000
7,2019-12-02 08:05:00.000000,2019-12-02 08:05:35.000000,2019-12-02 08:23:21.281243,2019-12-02 08:23:37.737465,,,,Onsite,7,44,44,0 days 00:00:35.000000000,0 days 00:18:02.737465000
8,2019-12-02 09:09:00.000000,2019-12-02 09:09:30.000000,2019-12-02 09:23:20.041285,2019-12-02 09:23:38.861074,,,,Onsite,7,44,44,0 days 00:00:30.000000000,0 days 00:14:08.861074000
9,2019-12-02 10:18:00.000000,2019-12-02 10:18:45.000000,2019-12-02 10:34:42.433872,2019-12-02 10:35:27.433872,2019-12-02 11:07:55.235443,2019-12-02 11:08:40.235443,2019-12-02 11:26:54.135286,Replace,7,44,44,0 days 00:00:45.000000000,0 days 00:16:42.433872000
10,2019-12-02 11:31:00.000000,2019-12-02 11:31:30.000000,2019-12-02 11:47:57.126550,2019-12-02 11:48:02.859588,,,,Onsite,7,44,44,0 days 00:00:30.000000000,0 days 00:16:32.859588000
11,2019-12-02 12:40:00.000000,2019-12-02 12:40:25.000000,2019-12-02 12:54:51.455404,2019-12-02 12:55:16.455404,2019-12-02 13:24:28.829744,2019-12-02 13:24:53.829744,2019-12-02 13:46:54.111916,Replace,7,44,44,0 days 00:00:25.000000000,0 days 00:14:51.455404000
12,2019-12-02 13:44:00.000000,2019-12-02 13:44:55.000000,2019-12-02 14:00:38.736650,2019-12-02 14:01:06.699206,,,,Onsite,7,44,44,0 days 00:00:55.000000000,0 days 00:16:11.699206000
13,2019-12-02 14:57:00.000000,2019-12-02 14:57:25.000000,2019-12-02 15:08:04.781489,2019-12-02 15:08:19.729667,,,,Onsite,7,44,44,0 days 00:00:25.000000000,0 days 00:10:54.729667000
14,2019-12-02 16:01:00.000000,2019-12-02 16:01:45.000000,2019-12-02 16:14:02.026655,2019-12-02 16:14:03.764456,,,,Onsite,7,44,44,0 days 00:00:45.000000000,0 days 00:12:18.764456000
15,2019-12-02 17:03:00.000000,2019-12-02 17:03:30.000000,2019-12-02 17:20:24.480252,2019-12-02 17:20:54.480252,2019-12-02 17:45:38.329564,2019-12-02 17:46:08.329564,2019-12-02 18:04:03.670895,Replace,7,44,44,0 days 00:00:30.000000000,0 days 00:17:24.480252000
16,2019-12-02 18:10:00.000000,2019-12-02 18:10:25.000000,2019-12-02 18:24:08.320441,2019-12-02 18:24:47.225571,,,,Onsite,7,44,44,0 days 00:00:25.000000000,0 days 00:14:22.225571000
17,2019-12-02 19:26:00.000000,2019-12-02 19:26:55.000000,2019-12-02 19:44:29.294723,2019-12-02 19:45:24.294723,2019-12-02 20:22:16.151413,2019-12-02 20:23:11.151413,2019-12-02 20:37:43.721049,Replace,7,44,44,0 days 00:00:55.000000000,0 days 00:18:29.294723000
18,2019-12-02 20:36:00.000000,2019-12-02 20:36:25.000000,2019-12-02 20:55:42.696253,2019-12-02 20:56:07.696253,2019-12-02 21:34:32.831642,2019-12-02 21:34:57.831642,2019-12-02 21:52:16.272958,Replace,7,44,44,0 days 00:00:25.000000000,0 days 00:19:42.696253000
0,2019-12-02 01:06:00.000000,2019-12-02 00:00:35.000000,2019-12-02 00:14:58.372737,2019-12-02 00:15:27.815369,,,,Onsite,8,44,44,-1 days +22:54:35.000000000,0 days 00:14:52.815369000
1,2019-12-02 01:17:00.000000,2019-12-02 01:17:45.000000,2019-12-02 01:34:36.267482,2019-12-02 01:35:21.267482,2019-12-02 02:09:44.468006,2019-12-02 02:10:29.468006,2019-12-02 02:23:37.163431,Replace,8,44,44,0 days 00:00:45.000000000,0 days 00:17:36.267482000
2,2019-12-02 02:20:00.000000,2019-12-02 02:20:45.000000,2019-12-02 02:41:41.235650,2019-12-02 02:42:26.235650,2019-12-02 03:36:50.702991,2019-12-02 03:37:35.702991,2019-12-02 03:55:28.808063,Replace,8,44,44,0 days 00:00:45.000000000,0 days 00:21:41.235650000
3,2019-12-02 03:45:00.000000,2019-12-02 03:45:25.000000,2019-12-02 03:59:23.158601,2019-12-02 03:59:48.158601,2019-12-02 04:24:23.563829,2019-12-02 04:24:48.563829,2019-12-02 04:37:45.115603,Replace,8,44,44,0 days 00:00:25.000000000,0 days 00:14:23.158601000
4,2019-12-02 05:05:00.000000,2019-12-02 05:05:30.000000,2019-12-02 05:17:37.367883,2019-12-02 05:17:51.045903,,,,Onsite,8,44,44,0 days 00:00:30.000000000,0 days 00:12:21.045903000
5,2019-12-02 06:26:00.000000,2019-12-02 06:26:45.000000,2019-12-02 06:41:20.029476,2019-12-02 06:41:35.418327,,,,Onsite,8,44,44,0 days 00:00:45.000000000,0 days 00:14:50.418327000
6,2019-12-02 07:31:00.000000,2019-12-02 07:31:30.000000,2019-12-02 07:44:59.398311,2019-12-02 07:45:29.398311,2019-12-02 08:09:40.431785,2019-12-02 08:10:10.431785,2019-12-02 08:23:17.325779,Replace,8,44,44,0 days 00:00:30.000000000,0 days 00:13:59.398311000
7,2019-12-02 08:52:00.000000,2019-12-02 08:52:45.000000,2019-12-02 09:12:09.775282,2019-12-02 09:12:54.775282,2019-12-02 09:40:33.492524,2019-12-02 09:41:18.492524,2019-12-02 10:00:04.154428,Replace,8,44,44,0 days 00:00:45.000000000,0 days 00:20:09.775282000
8,2019-12-02 09:59:00.000000,2019-12-02 09:59:30.000000,2019-12-02 10:15:10.297057,2019-12-02 10:15:32.793112,,,,Onsite,8,44,44,0 days 00:00:30.000000000,0 days 00:16:02.793112000
9,2019-12-02 11:25:00.000000,2019-12-02 11:25:30.000000,2019-12-02 11:37:29.715887,2019-12-02 11:37:59.715887,2019-12-02 12:02:08.318857,2019-12-02 12:02:38.318857,2019-12-02 12:22:49.582825,Replace,8,44,44,0 days 00:00:30.000000000,0 days 00:12:29.715887000
10,2019-12-02 12:26:00.000000,2019-12-02 12:26:55.000000,2019-12-02 12:45:08.535049,2019-12-02 12:45:19.862197,,,,Onsite,8,44,44,0 days 00:00:55.000000000,0 days 00:18:24.862197000
11,2019-12-02 13:40:00.000000,2019-12-02 13:40:35.000000,2019-12-02 13:55:38.857236,2019-12-02 13:55:59.221743,,,,Onsite,8,44,44,0 days 00:00:35.000000000,0 days 00:15:24.221743000
12,2019-12-02 14:54:00.000000,2019-12-02 14:54:45.000000,2019-12-02 15:07:36.578263,2019-12-02 15:08:21.578263,2019-12-02 15:33:38.498320,2019-12-02 15:34:23.498320,2019-12-02 15:48:04.713747,Replace,8,44,44,0 days 00:00:45.000000000,0 days 00:13:36.578263000
13,2019-12-02 15:51:00.000000,2019-12-02 15:51:30.000000,2019-12-02 16:09:23.634045,2019-12-02 16:09:41.561897,,,,Onsite,8,44,44,0 days 00:00:30.000000000,0 days 00:18:11.561897000
14,2019-12-02 16:59:00.000000,2019-12-02 16:59:45.000000,2019-12-02 17:17:44.915375,2019-12-02 17:17:52.156791,,,,Onsite,8,44,44,0 days 00:00:45.000000000,0 days 00:18:07.156791000
15,2019-12-02 17:54:00.000000,2019-12-02 17:54:55.000000,2019-12-02 18:06:50.146393,2019-12-02 18:06:57.888447,,,,Onsite,8,44,44,0 days 00:00:55.000000000,0 days 00:12:02.888447000
16,2019-12-02 18:54:00.000000,2019-12-02 18:54:25.000000,2019-12-02 19:16:44.087663,2019-12-02 19:17:09.087663,2019-12-02 19:50:13.764104,2019-12-02 19:50:38.764104,2019-12-02 20:06:51.945006,Replace,8,44,44,0 days 00:00:25.000000000,0 days 00:22:44.087663000
17,2019-12-02 20:11:00.000000,2019-12-02 20:11:55.000000,2019-12-02 20:31:14.454745,2019-12-02 20:32:09.454745,2019-12-02 21:17:35.900662,2019-12-02 21:18:30.900662,2019-12-02 21:32:24.069692,Replace,8,44,44,0 days 00:00:55.000000000,0 days 00:20:14.454745000
18,2019-12-02 21:11:00.000000,2019-12-02 21:11:50.000000,2019-12-02 21:30:40.131758,2019-12-02 21:31:30.131758,2019-12-02 22:03:23.827574,2019-12-02 22:04:13.827574,2019-12-02 22:15:26.608452,Replace,8,44,44,0 days 00:00:50.000000000,0 days 00:19:40.131758000
0,2019-12-02 00:58:00.000000,2019-12-02 00:58:35.000000,2019-12-02 01:15:22.594737,2019-12-02 01:15:40.387612,,,,Onsite,9,44,44,0 days 00:00:35.000000000,0 days 00:17:05.387612000
1,2019-12-02 01:12:00.000000,2019-12-02 00:00:25.000000,2019-12-02 00:15:53.065026,2019-12-02 00:16:18.065026,2019-12-02 00:41:28.770341,2019-12-02 00:41:53.770341,2019-12-02 00:58:11.981935,Replace,9,44,44,-1 days +22:48:25.000000000,0 days 00:15:53.065026000
2,2019-12-02 02:02:00.000000,2019-12-02 02:02:45.000000,2019-12-02 02:17:39.092268,2019-12-02 02:17:52.743793,,,,Onsite,9,44,44,0 days 00:00:45.000000000,0 days 00:15:07.743793000
3,2019-12-02 02:58:00.000000,2019-12-02 02:58:50.000000,2019-12-02 03:15:48.230353,2019-12-02 03:15:59.945269,,,,Onsite,9,44,44,0 days 00:00:50.000000000,0 days 00:17:09.945269000
4,2019-12-02 04:02:00.000000,2019-12-02 04:02:30.000000,2019-12-02 04:19:58.758208,2019-12-02 04:20:28.758208,2019-12-02 05:00:56.064051,2019-12-02 05:01:26.064051,2019-12-02 05:21:28.522522,Replace,9,44,44,0 days 00:00:30.000000000,0 days 00:17:58.758208000
5,2019-12-02 05:08:00.000000,2019-12-02 05:08:55.000000,2019-12-02 05:24:06.551172,2019-12-02 05:25:01.551172,2019-12-02 05:59:41.752684,2019-12-02 06:00:36.752684,2019-12-02 06:18:57.779158,Replace,9,44,44,0 days 00:00:55.000000000,0 days 00:16:06.551172000
6,2019-12-02 06:14:00.000000,2019-12-02 06:14:45.000000,2019-12-02 06:27:29.317663,2019-12-02 06:28:14.317663,2019-12-02 07:08:51.489680,2019-12-02 07:09:36.489680,2019-12-02 07:23:24.396280,Replace,9,44,44,0 days 00:00:45.000000000,0 days 00:13:29.317663000
7,2019-12-02 07:30:00.000000,2019-12-02 07:30:55.000000,2019-12-02 07:47:55.180354,2019-12-02 07:48:50.180354,2019-12-02 08:30:08.593198,2019-12-02 08:31:03.593198,2019-12-02 08:51:32.575163,Replace,9,44,44,0 days 00:00:55.000000000,0 days 00:17:55.180354000
8,2019-12-02 08:23:00.000000,2019-12-02 08:23:30.000000,2019-12-02 08:41:57.312874,2019-12-02 08:42:27.312874,2019-12-02 09:16:20.746094,2019-12-02 09:16:50.746094,2019-12-02 09:34:30.980232,Replace,9,44,44,0 days 00:00:30.000000000,0 days 00:18:57.312874000
9,2019-12-02 09:43:00.000000,2019-12-02 09:43:35.000000,2019-12-02 09:58:18.506620,2019-12-02 09:58:53.506620,2019-12-02 10:31:05.978571,2019-12-02 10:31:40.978571,2019-12-02 10:47:30.241182,Replace,9,44,44,0 days 00:00:35.000000000,0 days 00:15:18.506620000
10,2019-12-02 10:44:00.000000,2019-12-02 10:44:25.000000,2019-12-02 11:04:03.240859,2019-12-02 11:04:14.112880,,,,Onsite,9,44,44,0 days 00:00:25.000000000,0 days 00:19:49.112880000
11,2019-12-02 12:01:00.000000,2019-12-02 12:01:55.000000,2019-12-02 12:17:13.545353,2019-12-02 12:18:08.545353,2019-12-02 12:50:10.618719,2019-12-02 12:51:05.618719,2019-12-02 13:07:18.907954,Replace,9,44,44,0 days 00:00:55.000000000,0 days 00:16:13.545353000
12,2019-12-02 14:05:00.000000,2019-12-02 14:05:45.000000,2019-12-02 14:17:41.170306,2019-12-02 14:17:57.173012,,,,Onsite,9,44,44,0 days 00:00:45.000000000,0 days 00:12:12.173012000
13,2019-12-02 13:03:00.000000,2019-12-02 13:03:45.000000,2019-12-02 13:16:05.123173,2019-12-02 13:16:50.123173,2019-12-02 13:43:22.875818,2019-12-02 13:44:07.875818,2019-12-02 14:05:06.962436,Replace,9,44,44,0 days 00:00:45.000000000,0 days 00:13:05.123173000
14,2019-12-02 15:12:00.000000,2019-12-02 15:12:25.000000,2019-12-02 15:28:11.975536,2019-12-02 15:28:34.858042,,,,Onsite,9,44,44,0 days 00:00:25.000000000,0 days 00:16:09.858042000
15,2019-12-02 16:16:00.000000,2019-12-02 16:16:45.000000,2019-12-02 16:37:56.469908,2019-12-02 16:38:16.234984,,,,Onsite,9,44,44,0 days 00:00:45.000000000,0 days 00:21:31.234984000
16,2019-12-02 17:26:00.000000,2019-12-02 17:26:45.000000,2019-12-02 17:40:10.022945,2019-12-02 17:40:55.022945,2019-12-02 18:13:51.387276,2019-12-02 18:14:36.387276,2019-12-02 18:30:10.529337,Replace,9,44,44,0 days 00:00:45.000000000,0 days 00:14:10.022945000
17,2019-12-02 18:25:00.000000,2019-12-02 18:25:35.000000,2019-12-02 18:37:22.226273,2019-12-02 18:37:57.226273,2019-12-02 19:17:58.749509,2019-12-02 19:18:33.749509,2019-12-02 19:39:42.738353,Replace,9,44,44,0 days 00:00:35.000000000,0 days 00:12:22.226273000
18,2019-12-02 19:26:00.000000,2019-12-02 19:26:45.000000,2019-12-02 19:41:21.200690,2019-12-02 19:42:06.200690,2019-12-02 20:13:07.741389,2019-12-02 20:13:52.741389,2019-12-02 20:32:38.614251,Replace,9,44,44,0 days 00:00:45.000000000,0 days 00:15:21.200690000
19,2019-12-02 20:29:00.000000,2019-12-02 20:29:50.000000,2019-12-02 20:46:53.564213,2019-12-02 20:47:04.546472,,,,Onsite,9,44,44,0 days 00:00:50.000000000,0 days 00:17:14.546472000
0,2019-12-02 01:08:00.000000,2019-12-02 00:00:25.000000,2019-12-02 00:15:12.660177,2019-12-02 00:15:37.660177,2019-12-02 00:45:14.316084,2019-12-02 00:45:39.316084,2019-12-02 00:57:04.992665,Replace,1,44,45,-1 days +22:52:25.000000000,0 days 00:15:12.660177000
1,2019-12-02 01:10:00.000000,2019-12-02 01:10:45.000000,2019-12-02 01:23:41.563909,2019-12-02 01:23:49.055863,,,,Onsite,1,44,45,0 days 00:00:45.000000000,0 days 00:13:04.055863000
2,2019-12-02 02:35:00.000000,2019-12-02 02:35:50.000000,2019-12-02 02:53:22.559407,2019-12-02 02:53:37.889851,,,,Onsite,1,44,45,0 days 00:00:50.000000000,0 days 00:17:47.889851000
3,2019-12-02 03:43:00.000000,2019-12-02 03:43:45.000000,2019-12-02 04:02:55.281265,2019-12-02 04:03:40.281265,2019-12-02 04:33:57.174725,2019-12-02 04:34:42.174725,2019-12-02 04:52:25.909877,Replace,1,44,45,0 days 00:00:45.000000000,0 days 00:19:55.281265000
4,2019-12-02 05:01:00.000000,2019-12-02 05:01:50.000000,2019-12-02 05:12:50.640473,2019-12-02 05:13:40.640473,2019-12-02 06:09:47.295736,2019-12-02 06:10:37.295736,2019-12-02 06:31:47.862572,Replace,1,44,45,0 days 00:00:50.000000000,0 days 00:11:50.640473000
5,2019-12-02 06:22:00.000000,2019-12-02 06:22:35.000000,2019-12-02 06:36:55.309759,2019-12-02 06:37:30.309759,2019-12-02 07:08:56.249083,2019-12-02 07:09:31.249083,2019-12-02 07:27:45.105457,Replace,1,44,45,0 days 00:00:35.000000000,0 days 00:14:55.309759000
6,2019-12-02 07:29:00.000000,2019-12-02 07:29:55.000000,2019-12-02 07:46:59.026796,2019-12-02 07:47:54.026796,2019-12-02 08:20:07.033274,2019-12-02 08:21:02.033274,2019-12-02 08:37:48.100564,Replace,1,44,45,0 days 00:00:55.000000000,0 days 00:17:59.026796000
7,2019-12-02 08:47:00.000000,2019-12-02 08:47:30.000000,2019-12-02 09:08:09.024686,2019-12-02 09:08:39.024686,2019-12-02 09:59:59.429267,2019-12-02 10:00:29.429267,2019-12-02 10:20:30.585144,Replace,1,44,45,0 days 00:00:30.000000000,0 days 00:21:09.024686000
8,2019-12-02 10:07:00.000000,2019-12-02 10:07:45.000000,2019-12-02 10:18:56.464038,2019-12-02 10:19:14.187023,,,,Onsite,1,44,45,0 days 00:00:45.000000000,0 days 00:11:29.187023000
9,2019-12-02 11:24:00.000000,2019-12-02 11:24:45.000000,2019-12-02 11:38:40.367180,2019-12-02 11:39:01.493276,,,,Onsite,1,44,45,0 days 00:00:45.000000000,0 days 00:14:16.493276000
10,2019-12-02 12:18:00.000000,2019-12-02 12:18:45.000000,2019-12-02 12:36:12.696351,2019-12-02 12:36:57.696351,2019-12-02 13:18:46.276477,2019-12-02 13:19:31.276477,2019-12-02 13:34:36.834123,Replace,1,44,45,0 days 00:00:45.000000000,0 days 00:18:12.696351000
11,2019-12-02 13:30:00.000000,2019-12-02 13:30:35.000000,2019-12-02 13:44:47.039653,2019-12-02 13:45:22.039653,2019-12-02 14:39:11.874971,2019-12-02 14:39:46.874971,2019-12-02 15:02:18.606082,Replace,1,44,45,0 days 00:00:35.000000000,0 days 00:14:47.039653000
12,2019-12-02 14:53:00.000000,2019-12-02 14:53:55.000000,2019-12-02 15:09:56.391680,2019-12-02 15:09:59.698254,,,,Onsite,1,44,45,0 days 00:00:55.000000000,0 days 00:16:04.698254000
13,2019-12-02 15:58:00.000000,2019-12-02 15:58:55.000000,2019-12-02 16:13:21.588127,2019-12-02 16:14:16.588127,2019-12-02 16:46:05.777429,2019-12-02 16:47:00.777429,2019-12-02 16:58:29.036811,Replace,1,44,45,0 days 00:00:55.000000000,0 days 00:15:21.588127000
14,2019-12-02 17:05:00.000000,2019-12-02 17:05:50.000000,2019-12-02 17:22:45.196668,2019-12-02 17:22:53.183143,,,,Onsite,1,44,45,0 days 00:00:50.000000000,0 days 00:17:03.183143000
15,2019-12-02 18:05:00.000000,2019-12-02 18:05:50.000000,2019-12-02 18:21:43.927652,2019-12-02 18:22:33.927652,2019-12-02 18:55:07.051928,2019-12-02 18:55:57.051928,2019-12-02 19:10:49.406917,Replace,1,44,45,0 days 00:00:50.000000000,0 days 00:16:43.927652000
16,2019-12-02 18:58:00.000000,2019-12-02 18:58:55.000000,2019-12-02 19:14:29.520067,2019-12-02 19:15:24.520067,2019-12-02 19:52:04.278758,2019-12-02 19:52:59.278758,2019-12-02 20:12:50.482198,Replace,1,44,45,0 days 00:00:55.000000000,0 days 00:16:29.520067000
17,2019-12-02 20:09:00.000000,2019-12-02 20:09:55.000000,2019-12-02 20:22:01.955976,2019-12-02 20:22:28.852798,,,,Onsite,1,44,45,0 days 00:00:55.000000000,0 days 00:12:33.852798000
18,2019-12-02 21:26:00.000000,2019-12-02 21:26:45.000000,2019-12-02 21:41:52.748405,2019-12-02 21:42:37.748405,2019-12-02 22:28:15.998797,2019-12-02 22:29:00.998797,2019-12-02 22:45:37.094372,Replace,1,44,45,0 days 00:00:45.000000000,0 days 00:15:52.748405000
0,2019-12-02 01:28:00.000000,2019-12-02 00:00:25.000000,2019-12-02 00:14:49.357376,2019-12-02 00:15:14.357376,2019-12-02 00:38:29.551987,2019-12-02 00:38:54.551987,2019-12-02 00:53:11.004318,Replace,2,44,45,-1 days +22:32:25.000000000,0 days 00:14:49.357376000
1,2019-12-02 01:05:00.000000,2019-12-02 01:05:35.000000,2019-12-02 01:22:03.445397,2019-12-02 01:22:38.445397,2019-12-02 01:56:04.187683,2019-12-02 01:56:39.187683,2019-12-02 02:17:19.820971,Replace,2,44,45,0 days 00:00:35.000000000,0 days 00:17:03.445397000
2,2019-12-02 02:14:00.000000,2019-12-02 02:14:45.000000,2019-12-02 02:35:07.064861,2019-12-02 02:35:28.522673,,,,Onsite,2,44,45,0 days 00:00:45.000000000,0 days 00:20:43.522673000
3,2019-12-02 03:30:00.000000,2019-12-02 03:30:25.000000,2019-12-02 03:46:24.277991,2019-12-02 03:46:49.277991,2019-12-02 04:39:59.463807,2019-12-02 04:40:24.463807,2019-12-02 04:59:07.211441,Replace,2,44,45,0 days 00:00:25.000000000,0 days 00:16:24.277991000
4,2019-12-02 04:41:00.000000,2019-12-02 04:41:25.000000,2019-12-02 04:53:56.559357,2019-12-02 04:54:16.191316,,,,Onsite,2,44,45,0 days 00:00:25.000000000,0 days 00:12:51.191316000
5,2019-12-02 05:39:00.000000,2019-12-02 05:39:35.000000,2019-12-02 05:58:43.933203,2019-12-02 05:59:18.933203,2019-12-02 06:22:47.604553,2019-12-02 06:23:22.604553,2019-12-02 06:39:17.427826,Replace,2,44,45,0 days 00:00:35.000000000,0 days 00:19:43.933203000
6,2019-12-02 06:46:00.000000,2019-12-02 06:46:35.000000,2019-12-02 07:02:49.297895,2019-12-02 07:02:57.097726,,,,Onsite,2,44,45,0 days 00:00:35.000000000,0 days 00:16:22.097726000
7,2019-12-02 08:01:00.000000,2019-12-02 08:01:50.000000,2019-12-02 08:13:43.355684,2019-12-02 08:14:33.355684,2019-12-02 08:43:07.641568,2019-12-02 08:43:57.641568,2019-12-02 09:04:48.123155,Replace,2,44,45,0 days 00:00:50.000000000,0 days 00:12:43.355684000
8,2019-12-02 09:21:00.000000,2019-12-02 09:21:45.000000,2019-12-02 09:35:51.821664,2019-12-02 09:36:09.926308,,,,Onsite,2,44,45,0 days 00:00:45.000000000,0 days 00:14:24.926308000
9,2019-12-02 10:41:00.000000,2019-12-02 10:41:30.000000,2019-12-02 10:57:25.102178,2019-12-02 10:57:30.664893,,,,Onsite,2,44,45,0 days 00:00:30.000000000,0 days 00:16:00.664893000
10,2019-12-02 11:49:00.000000,2019-12-02 11:49:35.000000,2019-12-02 12:01:08.674986,2019-12-02 12:01:43.674986,2019-12-02 12:37:09.170721,2019-12-02 12:37:44.170721,2019-12-02 12:54:55.901517,Replace,2,44,45,0 days 00:00:35.000000000,0 days 00:12:08.674986000
11,2019-12-02 12:57:00.000000,2019-12-02 12:57:35.000000,2019-12-02 13:10:52.625881,2019-12-02 13:11:27.625881,2019-12-02 13:46:29.579728,2019-12-02 13:47:04.579728,2019-12-02 14:02:30.342964,Replace,2,44,45,0 days 00:00:35.000000000,0 days 00:13:52.625881000
12,2019-12-02 14:04:00.000000,2019-12-02 14:04:45.000000,2019-12-02 14:21:11.341944,2019-12-02 14:21:29.776482,,,,Onsite,2,44,45,0 days 00:00:45.000000000,0 days 00:16:44.776482000
13,2019-12-02 15:15:00.000000,2019-12-02 15:15:45.000000,2019-12-02 15:30:07.389990,2019-12-02 15:30:26.718348,,,,Onsite,2,44,45,0 days 00:00:45.000000000,0 days 00:14:41.718348000
14,2019-12-02 16:17:00.000000,2019-12-02 16:17:45.000000,2019-12-02 16:31:09.780699,2019-12-02 16:31:19.032436,,,,Onsite,2,44,45,0 days 00:00:45.000000000,0 days 00:13:34.032436000
15,2019-12-02 17:28:00.000000,2019-12-02 17:28:50.000000,2019-12-02 17:44:17.334519,2019-12-02 17:45:07.334519,2019-12-02 18:16:44.044040,2019-12-02 18:17:34.044040,2019-12-02 18:37:22.353211,Replace,2,44,45,0 days 00:00:50.000000000,0 days 00:16:17.334519000
16,2019-12-02 18:31:00.000000,2019-12-02 18:31:35.000000,2019-12-02 18:48:58.440265,2019-12-02 18:49:33.440265,2019-12-02 19:35:14.866146,2019-12-02 19:35:49.866146,2019-12-02 19:58:47.738671,Replace,2,44,45,0 days 00:00:35.000000000,0 days 00:17:58.440265000
17,2019-12-02 19:34:00.000000,2019-12-02 19:34:25.000000,2019-12-02 19:52:56.492860,2019-12-02 19:53:21.492860,2019-12-02 20:24:54.852322,2019-12-02 20:25:19.852322,2019-12-02 20:43:06.080312,Replace,2,44,45,0 days 00:00:25.000000000,0 days 00:18:56.492860000
18,2019-12-02 20:31:00.000000,2019-12-02 20:31:55.000000,2019-12-02 20:50:46.640111,2019-12-02 20:51:41.640111,2019-12-02 21:21:14.175973,2019-12-02 21:22:09.175973,2019-12-02 21:37:27.558927,Replace,2,44,45,0 days 00:00:55.000000000,0 days 00:19:46.640111000
0,2019-12-02 01:04:00.000000,2019-12-02 00:00:45.000000,2019-12-02 00:11:01.230364,2019-12-02 00:11:09.089192,,,,Onsite,3,44,45,-1 days +22:56:45.000000000,0 days 00:10:24.089192000
1,2019-12-02 01:06:00.000000,2019-12-02 01:06:55.000000,2019-12-02 01:20:59.317833,2019-12-02 01:21:54.317833,2019-12-02 02:01:57.222511,2019-12-02 02:02:52.222511,2019-12-02 02:23:26.590550,Replace,3,44,45,0 days 00:00:55.000000000,0 days 00:14:59.317833000
2,2019-12-02 02:16:00.000000,2019-12-02 02:16:55.000000,2019-12-02 02:29:45.327785,2019-12-02 02:30:02.033493,,,,Onsite,3,44,45,0 days 00:00:55.000000000,0 days 00:13:07.033493000
3,2019-12-02 03:22:00.000000,2019-12-02 03:22:55.000000,2019-12-02 03:33:43.134986,2019-12-02 03:33:55.813189,,,,Onsite,3,44,45,0 days 00:00:55.000000000,0 days 00:11:00.813189000
4,2019-12-02 04:45:00.000000,2019-12-02 04:45:45.000000,2019-12-02 04:59:41.372124,2019-12-02 05:00:02.040529,,,,Onsite,3,44,45,0 days 00:00:45.000000000,0 days 00:14:17.040529000
5,2019-12-02 05:56:00.000000,2019-12-02 05:56:45.000000,2019-12-02 06:17:53.592380,2019-12-02 06:18:38.592380,2019-12-02 06:43:16.956729,2019-12-02 06:44:01.956729,2019-12-02 07:03:02.201052,Replace,3,44,45,0 days 00:00:45.000000000,0 days 00:21:53.592380000
6,2019-12-02 07:06:00.000000,2019-12-02 07:06:45.000000,2019-12-02 07:25:56.760369,2019-12-02 07:26:41.760369,2019-12-02 08:12:59.281174,2019-12-02 08:13:44.281174,2019-12-02 08:27:12.331321,Replace,3,44,45,0 days 00:00:45.000000000,0 days 00:19:56.760369000
7,2019-12-02 08:13:00.000000,2019-12-02 08:13:25.000000,2019-12-02 08:36:46.334139,2019-12-02 08:37:11.334139,2019-12-02 09:07:00.780731,2019-12-02 09:07:25.780731,2019-12-02 09:26:48.208825,Replace,3,44,45,0 days 00:00:25.000000000,0 days 00:23:46.334139000
8,2019-12-02 09:08:00.000000,2019-12-02 09:08:25.000000,2019-12-02 09:20:03.162742,2019-12-02 09:20:28.162742,2019-12-02 09:51:38.950606,2019-12-02 09:52:03.950606,2019-12-02 10:07:55.377585,Replace,3,44,45,0 days 00:00:25.000000000,0 days 00:12:03.162742000
9,2019-12-02 10:20:00.000000,2019-12-02 10:20:50.000000,2019-12-02 10:36:33.642008,2019-12-02 10:36:53.559446,,,,Onsite,3,44,45,0 days 00:00:50.000000000,0 days 00:16:03.559446000
10,2019-12-02 11:36:00.000000,2019-12-02 11:36:30.000000,2019-12-02 11:51:21.008404,2019-12-02 11:51:33.918419,,,,Onsite,3,44,45,0 days 00:00:30.000000000,0 days 00:15:03.918419000
11,2019-12-02 12:52:00.000000,2019-12-02 12:52:35.000000,2019-12-02 13:01:59.773252,2019-12-02 13:02:15.986704,,,,Onsite,3,44,45,0 days 00:00:35.000000000,0 days 00:09:40.986704000
12,2019-12-02 13:59:00.000000,2019-12-02 13:59:50.000000,2019-12-02 14:17:26.847419,2019-12-02 14:17:40.150126,,,,Onsite,3,44,45,0 days 00:00:50.000000000,0 days 00:17:50.150126000
13,2019-12-02 15:19:00.000000,2019-12-02 15:19:50.000000,2019-12-02 15:34:33.243902,2019-12-02 15:35:23.243902,2019-12-02 16:12:15.963943,2019-12-02 16:13:05.963943,2019-12-02 16:35:45.332189,Replace,3,44,45,0 days 00:00:50.000000000,0 days 00:15:33.243902000
14,2019-12-02 16:37:00.000000,2019-12-02 16:37:45.000000,2019-12-02 16:56:58.143390,2019-12-02 16:57:43.143390,2019-12-02 17:30:52.593549,2019-12-02 17:31:37.593549,2019-12-02 17:48:11.756239,Replace,3,44,45,0 days 00:00:45.000000000,0 days 00:19:58.143390000
15,2019-12-02 17:42:00.000000,2019-12-02 17:42:25.000000,2019-12-02 18:02:07.085565,2019-12-02 18:02:31.457052,,,,Onsite,3,44,45,0 days 00:00:25.000000000,0 days 00:20:06.457052000
16,2019-12-02 18:53:00.000000,2019-12-02 18:53:35.000000,2019-12-02 19:13:46.637879,2019-12-02 19:14:21.637879,2019-12-02 19:37:11.471801,2019-12-02 19:37:46.471801,2019-12-02 19:54:25.846237,Replace,3,44,45,0 days 00:00:35.000000000,0 days 00:20:46.637879000
17,2019-12-02 20:15:00.000000,2019-12-02 20:15:30.000000,2019-12-02 20:28:13.199396,2019-12-02 20:28:43.199396,2019-12-02 20:58:35.554702,2019-12-02 20:59:05.554702,2019-12-02 21:14:43.396318,Replace,3,44,45,0 days 00:00:30.000000000,0 days 00:13:13.199396000
18,2019-12-02 21:22:00.000000,2019-12-02 21:22:25.000000,2019-12-02 21:42:08.990141,2019-12-02 21:42:37.307930,,,,Onsite,3,44,45,0 days 00:00:25.000000000,0 days 00:20:12.307930000
19,2019-12-02 22:33:00.000000,2019-12-02 22:33:25.000000,2019-12-02 22:51:11.932007,2019-12-02 22:51:27.451788,,,,Onsite,3,44,45,0 days 00:00:25.000000000,0 days 00:18:02.451788000
0,2019-12-02 01:04:00.000000,2019-12-02 00:00:55.000000,2019-12-02 00:14:22.263004,2019-12-02 00:15:17.263004,2019-12-02 00:57:04.664099,2019-12-02 00:57:59.664099,2019-12-02 01:15:15.724010,Replace,4,44,45,-1 days +22:56:55.000000000,0 days 00:14:22.263004000
1,2019-12-02 00:58:00.000000,2019-12-02 00:58:45.000000,2019-12-02 01:13:11.640205,2019-12-02 01:13:56.640205,2019-12-02 01:47:51.765433,2019-12-02 01:48:36.765433,2019-12-02 02:07:02.159912,Replace,4,44,45,0 days 00:00:45.000000000,0 days 00:15:11.640205000
2,2019-12-02 02:10:00.000000,2019-12-02 02:10:45.000000,2019-12-02 02:30:39.366063,2019-12-02 02:31:24.366063,2019-12-02 03:02:26.577020,2019-12-02 03:03:11.577020,2019-12-02 03:24:47.972231,Replace,4,44,45,0 days 00:00:45.000000000,0 days 00:20:39.366063000
3,2019-12-02 03:05:00.000000,2019-12-02 03:05:50.000000,2019-12-02 03:25:16.152103,2019-12-02 03:26:06.152103,2019-12-02 03:49:43.611661,2019-12-02 03:50:33.611661,2019-12-02 04:07:25.336338,Replace,4,44,45,0 days 00:00:50.000000000,0 days 00:20:16.152103000
4,2019-12-02 04:24:00.000000,2019-12-02 04:24:25.000000,2019-12-02 04:37:27.348072,2019-12-02 04:37:52.348072,2019-12-02 05:05:37.211509,2019-12-02 05:06:02.211509,2019-12-02 05:19:33.527788,Replace,4,44,45,0 days 00:00:25.000000000,0 days 00:13:27.348072000
5,2019-12-02 05:27:00.000000,2019-12-02 05:27:55.000000,2019-12-02 05:45:20.437203,2019-12-02 05:46:15.437203,2019-12-02 06:17:16.007551,2019-12-02 06:18:11.007551,2019-12-02 06:29:09.219093,Replace,4,44,45,0 days 00:00:55.000000000,0 days 00:18:20.437203000
6,2019-12-02 06:41:00.000000,2019-12-02 06:41:25.000000,2019-12-02 06:55:46.525274,2019-12-02 06:56:11.525274,2019-12-02 07:36:45.637388,2019-12-02 07:37:10.637388,2019-12-02 08:00:16.250419,Replace,4,44,45,0 days 00:00:25.000000000,0 days 00:14:46.525274000
7,2019-12-02 07:49:00.000000,2019-12-02 07:49:45.000000,2019-12-02 08:04:16.645097,2019-12-02 08:05:01.645097,2019-12-02 08:33:07.433692,2019-12-02 08:33:52.433692,2019-12-02 08:51:15.741021,Replace,4,44,45,0 days 00:00:45.000000000,0 days 00:15:16.645097000
8,2019-12-02 08:52:00.000000,2019-12-02 08:52:25.000000,2019-12-02 09:08:18.073635,2019-12-02 09:08:29.401983,,,,Onsite,4,44,45,0 days 00:00:25.000000000,0 days 00:16:04.401983000
9,2019-12-02 10:04:00.000000,2019-12-02 10:04:55.000000,2019-12-02 10:22:38.320078,2019-12-02 10:23:33.320078,2019-12-02 11:11:01.157232,2019-12-02 11:11:56.157232,2019-12-02 11:25:00.028555,Replace,4,44,45,0 days 00:00:55.000000000,0 days 00:18:38.320078000
10,2019-12-02 11:30:00.000000,2019-12-02 11:30:45.000000,2019-12-02 11:46:26.197793,2019-12-02 11:47:11.197793,2019-12-02 12:14:42.735541,2019-12-02 12:15:27.735541,2019-12-02 12:26:24.175069,Replace,4,44,45,0 days 00:00:45.000000000,0 days 00:16:26.197793000
11,2019-12-02 12:47:00.000000,2019-12-02 12:47:45.000000,2019-12-02 13:02:32.990301,2019-12-02 13:02:58.811123,,,,Onsite,4,44,45,0 days 00:00:45.000000000,0 days 00:15:13.811123000
12,2019-12-02 14:01:00.000000,2019-12-02 14:01:45.000000,2019-12-02 14:19:43.141182,2019-12-02 14:20:28.141182,2019-12-02 14:51:47.344849,2019-12-02 14:52:32.344849,2019-12-02 15:13:21.367962,Replace,4,44,45,0 days 00:00:45.000000000,0 days 00:18:43.141182000
13,2019-12-02 15:10:00.000000,2019-12-02 15:10:45.000000,2019-12-02 15:28:57.856778,2019-12-02 15:29:42.856778,2019-12-02 15:57:27.091261,2019-12-02 15:58:12.091261,2019-12-02 16:18:13.317221,Replace,4,44,45,0 days 00:00:45.000000000,0 days 00:18:57.856778000
14,2019-12-02 16:51:00.000000,2019-12-02 16:51:25.000000,2019-12-02 17:09:06.304365,2019-12-02 17:09:19.530150,,,,Onsite,4,44,45,0 days 00:00:25.000000000,0 days 00:17:54.530150000
15,2019-12-02 15:58:00.000000,2019-12-02 15:58:25.000000,2019-12-02 16:18:00.569002,2019-12-02 16:18:25.569002,2019-12-02 16:40:39.728813,2019-12-02 16:41:04.728813,2019-12-02 16:58:07.982987,Replace,4,44,45,0 days 00:00:25.000000000,0 days 00:20:00.569002000
16,2019-12-02 17:54:00.000000,2019-12-02 17:54:25.000000,2019-12-02 18:11:35.067866,2019-12-02 18:11:47.423920,,,,Onsite,4,44,45,0 days 00:00:25.000000000,0 days 00:17:22.423920000
17,2019-12-02 19:08:00.000000,2019-12-02 19:08:55.000000,2019-12-02 19:27:04.387450,2019-12-02 19:27:06.399610,,,,Onsite,4,44,45,0 days 00:00:55.000000000,0 days 00:18:11.399610000
18,2019-12-02 20:26:00.000000,2019-12-02 20:26:35.000000,2019-12-02 20:43:59.031723,2019-12-02 20:44:34.031723,2019-12-02 21:12:25.493226,2019-12-02 21:13:00.493226,2019-12-02 21:32:33.899251,Replace,4,44,45,0 days 00:00:35.000000000,0 days 00:17:59.031723000
19,2019-12-02 21:33:00.000000,2019-12-02 21:33:50.000000,2019-12-02 21:48:26.413586,2019-12-02 21:49:16.413586,2019-12-02 22:30:15.062081,2019-12-02 22:31:05.062081,2019-12-02 22:45:01.722100,Replace,4,44,45,0 days 00:00:50.000000000,0 days 00:15:26.413586000
20,2019-12-02 22:41:00.000000,2019-12-02 22:41:55.000000,2019-12-02 22:56:28.381424,2019-12-02 22:56:43.109331,,,,Onsite,4,44,45,0 days 00:00:55.000000000,0 days 00:14:48.109331000
0,2019-12-02 01:03:00.000000,2019-12-02 00:00:45.000000,2019-12-02 00:16:52.146764,2019-12-02 00:17:37.146764,2019-12-02 00:48:22.854589,2019-12-02 00:49:07.854589,2019-12-02 01:08:56.717798,Replace,5,44,45,-1 days +22:57:45.000000000,0 days 00:16:52.146764000
1,2019-12-02 01:01:00.000000,2019-12-02 01:01:55.000000,2019-12-02 01:18:18.845524,2019-12-02 01:18:30.934933,,,,Onsite,5,44,45,0 days 00:00:55.000000000,0 days 00:16:35.934933000
2,2019-12-02 02:17:00.000000,2019-12-02 02:17:35.000000,2019-12-02 02:31:14.468119,2019-12-02 02:31:43.098744,,,,Onsite,5,44,45,0 days 00:00:35.000000000,0 days 00:14:08.098744000
3,2019-12-02 03:36:00.000000,2019-12-02 03:36:45.000000,2019-12-02 03:51:56.654889,2019-12-02 03:52:41.654889,2019-12-02 04:23:40.395773,2019-12-02 04:24:25.395773,2019-12-02 04:36:55.142414,Replace,5,44,45,0 days 00:00:45.000000000,0 days 00:15:56.654889000
4,2019-12-02 04:52:00.000000,2019-12-02 04:52:30.000000,2019-12-02 05:10:59.024832,2019-12-02 05:11:29.024832,2019-12-02 05:50:58.260004,2019-12-02 05:51:28.260004,2019-12-02 06:06:38.329530,Replace,5,44,45,0 days 00:00:30.000000000,0 days 00:18:59.024832000
5,2019-12-02 05:53:00.000000,2019-12-02 05:53:45.000000,2019-12-02 06:12:18.666654,2019-12-02 06:12:33.280259,,,,Onsite,5,44,45,0 days 00:00:45.000000000,0 days 00:18:48.280259000
6,2019-12-02 06:51:00.000000,2019-12-02 06:51:30.000000,2019-12-02 07:09:07.600222,2019-12-02 07:09:18.028954,,,,Onsite,5,44,45,0 days 00:00:30.000000000,0 days 00:17:48.028954000
7,2019-12-02 08:05:00.000000,2019-12-02 08:05:30.000000,2019-12-02 08:22:33.466291,2019-12-02 08:22:53.196265,,,,Onsite,5,44,45,0 days 00:00:30.000000000,0 days 00:17:23.196265000
8,2019-12-02 09:10:00.000000,2019-12-02 09:10:45.000000,2019-12-02 09:20:48.117715,2019-12-02 09:21:33.117715,2019-12-02 09:57:10.933756,2019-12-02 09:57:55.933756,2019-12-02 10:16:38.320530,Replace,5,44,45,0 days 00:00:45.000000000,0 days 00:10:48.117715000
9,2019-12-02 10:20:00.000000,2019-12-02 10:20:55.000000,2019-12-02 10:36:29.254086,2019-12-02 10:37:24.254086,2019-12-02 11:02:35.173617,2019-12-02 11:03:30.173617,2019-12-02 11:17:45.925118,Replace,5,44,45,0 days 00:00:55.000000000,0 days 00:16:29.254086000
10,2019-12-02 11:37:00.000000,2019-12-02 11:37:45.000000,2019-12-02 11:58:43.445522,2019-12-02 11:59:28.445522,2019-12-02 12:24:01.139375,2019-12-02 12:24:46.139375,2019-12-02 12:47:16.308148,Replace,5,44,45,0 days 00:00:45.000000000,0 days 00:21:43.445522000
11,2019-12-02 12:56:00.000000,2019-12-02 12:56:25.000000,2019-12-02 13:15:52.603767,2019-12-02 13:16:17.603767,2019-12-02 13:40:01.785658,2019-12-02 13:40:26.785658,2019-12-02 13:55:00.772538,Replace,5,44,45,0 days 00:00:25.000000000,0 days 00:19:52.603767000
12,2019-12-02 14:00:00.000000,2019-12-02 14:00:30.000000,2019-12-02 14:15:23.209154,2019-12-02 14:15:31.825546,,,,Onsite,5,44,45,0 days 00:00:30.000000000,0 days 00:15:01.825546000
13,2019-12-02 15:06:00.000000,2019-12-02 15:06:35.000000,2019-12-02 15:20:52.140898,2019-12-02 15:21:27.140898,2019-12-02 16:01:51.903670,2019-12-02 16:02:26.903670,2019-12-02 16:16:35.243227,Replace,5,44,45,0 days 00:00:35.000000000,0 days 00:14:52.140898000
14,2019-12-02 16:25:00.000000,2019-12-02 16:25:45.000000,2019-12-02 16:38:26.407172,2019-12-02 16:38:40.038057,,,,Onsite,5,44,45,0 days 00:00:45.000000000,0 days 00:12:55.038057000
15,2019-12-02 17:31:00.000000,2019-12-02 17:31:45.000000,2019-12-02 17:49:34.356553,2019-12-02 17:49:51.954790,,,,Onsite,5,44,45,0 days 00:00:45.000000000,0 days 00:18:06.954790000
16,2019-12-02 18:47:00.000000,2019-12-02 18:47:25.000000,2019-12-02 19:03:20.618213,2019-12-02 19:03:45.618213,2019-12-02 19:40:13.583795,2019-12-02 19:40:38.583795,2019-12-02 19:58:14.629932,Replace,5,44,45,0 days 00:00:25.000000000,0 days 00:16:20.618213000
17,2019-12-02 19:42:00.000000,2019-12-02 19:42:30.000000,2019-12-02 19:56:37.097050,2019-12-02 19:57:07.097050,2019-12-02 20:26:52.289486,2019-12-02 20:27:22.289486,2019-12-02 20:40:44.427873,Replace,5,44,45,0 days 00:00:30.000000000,0 days 00:14:37.097050000
18,2019-12-02 21:14:00.000000,2019-12-02 21:14:35.000000,2019-12-02 21:29:15.763532,2019-12-02 21:29:50.763532,2019-12-02 22:06:14.388501,2019-12-02 22:06:49.388501,2019-12-02 22:19:25.456359,Replace,5,44,45,0 days 00:00:35.000000000,0 days 00:15:15.763532000
19,2019-12-02 22:39:00.000000,2019-12-02 22:39:30.000000,2019-12-02 22:58:03.882433,2019-12-02 22:58:22.971128,,,,Onsite,5,44,45,0 days 00:00:30.000000000,0 days 00:18:52.971128000
0,2019-12-02 01:05:00.000000,2019-12-02 00:00:50.000000,2019-12-02 00:15:39.239111,2019-12-02 00:16:29.239111,2019-12-02 00:48:04.871125,2019-12-02 00:48:54.871125,2019-12-02 01:05:07.425889,Replace,6,44,45,-1 days +22:55:50.000000000,0 days 00:15:39.239111000
1,2019-12-02 01:19:00.000000,2019-12-02 01:19:35.000000,2019-12-02 01:38:34.131261,2019-12-02 01:39:09.131261,2019-12-02 02:18:38.880046,2019-12-02 02:19:13.880046,2019-12-02 02:34:18.458792,Replace,6,44,45,0 days 00:00:35.000000000,0 days 00:19:34.131261000
2,2019-12-02 02:24:00.000000,2019-12-02 02:24:55.000000,2019-12-02 02:38:52.201879,2019-12-02 02:39:47.201879,2019-12-02 03:16:53.546975,2019-12-02 03:17:48.546975,2019-12-02 03:38:33.655014,Replace,6,44,45,0 days 00:00:55.000000000,0 days 00:14:52.201879000
3,2019-12-02 03:45:00.000000,2019-12-02 03:45:25.000000,2019-12-02 04:05:08.811032,2019-12-02 04:05:10.366783,,,,Onsite,6,44,45,0 days 00:00:25.000000000,0 days 00:19:45.366783000
4,2019-12-02 04:53:00.000000,2019-12-02 04:53:45.000000,2019-12-02 05:08:04.141430,2019-12-02 05:08:49.141430,2019-12-02 05:56:32.942446,2019-12-02 05:57:17.942446,2019-12-02 06:13:21.773021,Replace,6,44,45,0 days 00:00:45.000000000,0 days 00:15:04.141430000
5,2019-12-02 05:52:00.000000,2019-12-02 05:52:25.000000,2019-12-02 06:04:26.851240,2019-12-02 06:04:51.851240,2019-12-02 06:50:29.797955,2019-12-02 06:50:54.797955,2019-12-02 07:09:46.371773,Replace,6,44,45,0 days 00:00:25.000000000,0 days 00:12:26.851240000
6,2019-12-02 06:58:00.000000,2019-12-02 06:58:25.000000,2019-12-02 07:12:10.647656,2019-12-02 07:12:35.647656,2019-12-02 07:56:25.521557,2019-12-02 07:56:50.521557,2019-12-02 08:09:34.793249,Replace,6,44,45,0 days 00:00:25.000000000,0 days 00:14:10.647656000
7,2019-12-02 08:09:00.000000,2019-12-02 08:09:25.000000,2019-12-02 08:23:32.287876,2019-12-02 08:23:42.385417,,,,Onsite,6,44,45,0 days 00:00:25.000000000,0 days 00:14:17.385417000
8,2019-12-02 09:28:00.000000,2019-12-02 09:28:45.000000,2019-12-02 09:42:23.739448,2019-12-02 09:42:42.823757,,,,Onsite,6,44,45,0 days 00:00:45.000000000,0 days 00:13:57.823757000
9,2019-12-02 10:25:00.000000,2019-12-02 10:25:55.000000,2019-12-02 10:45:29.594164,2019-12-02 10:46:24.594164,2019-12-02 11:36:21.536796,2019-12-02 11:37:16.536796,2019-12-02 11:52:16.680227,Replace,6,44,45,0 days 00:00:55.000000000,0 days 00:20:29.594164000
10,2019-12-02 11:42:00.000000,2019-12-02 11:42:45.000000,2019-12-02 11:57:32.066398,2019-12-02 11:58:17.066398,2019-12-02 12:35:27.674772,2019-12-02 12:36:12.674772,2019-12-02 12:48:40.620707,Replace,6,44,45,0 days 00:00:45.000000000,0 days 00:15:32.066398000
11,2019-12-02 12:42:00.000000,2019-12-02 12:42:45.000000,2019-12-02 13:02:12.144787,2019-12-02 13:02:57.144787,2019-12-02 13:34:33.284730,2019-12-02 13:35:18.284730,2019-12-02 13:50:18.326077,Replace,6,44,45,0 days 00:00:45.000000000,0 days 00:20:12.144787000
12,2019-12-02 13:56:00.000000,2019-12-02 13:56:45.000000,2019-12-02 14:14:51.005684,2019-12-02 14:15:36.005684,2019-12-02 14:41:40.946306,2019-12-02 14:42:25.946306,2019-12-02 14:58:26.750201,Replace,6,44,45,0 days 00:00:45.000000000,0 days 00:18:51.005684000
13,2019-12-02 15:07:00.000000,2019-12-02 15:07:30.000000,2019-12-02 15:24:56.765712,2019-12-02 15:25:26.765712,2019-12-02 16:05:13.762495,2019-12-02 16:05:43.762495,2019-12-02 16:25:17.732491,Replace,6,44,45,0 days 00:00:30.000000000,0 days 00:17:56.765712000
14,2019-12-02 15:59:00.000000,2019-12-02 15:59:45.000000,2019-12-02 16:14:24.557049,2019-12-02 16:14:34.519934,,,,Onsite,6,44,45,0 days 00:00:45.000000000,0 days 00:14:49.519934000
15,2019-12-02 17:02:00.000000,2019-12-02 17:02:35.000000,2019-12-02 17:15:06.664665,2019-12-02 17:15:41.664665,2019-12-02 17:46:46.665966,2019-12-02 17:47:21.665966,2019-12-02 18:03:41.828787,Replace,6,44,45,0 days 00:00:35.000000000,0 days 00:13:06.664665000
16,2019-12-02 18:17:00.000000,2019-12-02 18:17:35.000000,2019-12-02 18:32:13.504582,2019-12-02 18:32:48.504582,2019-12-02 19:07:08.142653,2019-12-02 19:07:43.142653,2019-12-02 19:23:39.066760,Replace,6,44,45,0 days 00:00:35.000000000,0 days 00:15:13.504582000
17,2019-12-02 19:24:00.000000,2019-12-02 19:24:25.000000,2019-12-02 19:40:02.792808,2019-12-02 19:40:27.792808,2019-12-02 20:23:50.636091,2019-12-02 20:24:15.636091,2019-12-02 20:36:40.918145,Replace,6,44,45,0 days 00:00:25.000000000,0 days 00:16:02.792808000
18,2019-12-02 20:33:00.000000,2019-12-02 20:33:35.000000,2019-12-02 20:48:28.065001,2019-12-02 20:49:03.065001,2019-12-02 21:14:43.448691,2019-12-02 21:15:18.448691,2019-12-02 21:33:45.373455,Replace,6,44,45,0 days 00:00:35.000000000,0 days 00:15:28.065001000
0,2019-12-02 01:14:00.000000,2019-12-02 00:00:35.000000,2019-12-02 00:11:11.851978,2019-12-02 00:11:21.696571,,,,Onsite,7,44,45,-1 days +22:46:35.000000000,0 days 00:10:46.696571000
1,2019-12-02 01:11:00.000000,2019-12-02 01:11:35.000000,2019-12-02 01:23:25.786882,2019-12-02 01:23:28.291332,,,,Onsite,7,44,45,0 days 00:00:35.000000000,0 days 00:11:53.291332000
2,2019-12-02 02:11:00.000000,2019-12-02 02:11:45.000000,2019-12-02 02:25:17.783804,2019-12-02 02:25:59.276794,,,,Onsite,7,44,45,0 days 00:00:45.000000000,0 days 00:14:14.276794000
3,2019-12-02 03:19:00.000000,2019-12-02 03:19:50.000000,2019-12-02 03:32:09.606829,2019-12-02 03:32:59.606829,2019-12-02 04:05:22.317809,2019-12-02 04:06:12.317809,2019-12-02 04:27:15.236264,Replace,7,44,45,0 days 00:00:50.000000000,0 days 00:13:09.606829000
4,2019-12-02 04:25:00.000000,2019-12-02 04:25:30.000000,2019-12-02 04:44:36.486008,2019-12-02 04:45:06.486008,2019-12-02 05:16:08.140651,2019-12-02 05:16:38.140651,2019-12-02 05:36:46.616811,Replace,7,44,45,0 days 00:00:30.000000000,0 days 00:19:36.486008000
5,2019-12-02 05:35:00.000000,2019-12-02 05:35:35.000000,2019-12-02 05:51:09.448971,2019-12-02 05:51:44.448971,2019-12-02 06:29:03.198927,2019-12-02 06:29:38.198927,2019-12-02 06:41:43.944214,Replace,7,44,45,0 days 00:00:35.000000000,0 days 00:16:09.448971000
6,2019-12-02 06:53:00.000000,2019-12-02 06:53:45.000000,2019-12-02 07:11:17.463621,2019-12-02 07:12:02.463621,2019-12-02 07:49:47.403110,2019-12-02 07:50:32.403110,2019-12-02 08:04:29.347764,Replace,7,44,45,0 days 00:00:45.000000000,0 days 00:18:17.463621000
7,2019-12-02 07:59:00.000000,2019-12-02 07:59:45.000000,2019-12-02 08:10:53.464168,2019-12-02 08:11:02.735002,,,,Onsite,7,44,45,0 days 00:00:45.000000000,0 days 00:11:17.735002000
8,2019-12-02 09:04:00.000000,2019-12-02 09:04:30.000000,2019-12-02 09:21:23.161247,2019-12-02 09:21:53.161247,2019-12-02 10:10:01.291795,2019-12-02 10:10:31.291795,2019-12-02 10:27:54.578758,Replace,7,44,45,0 days 00:00:30.000000000,0 days 00:17:23.161247000
9,2019-12-02 10:05:00.000000,2019-12-02 10:05:45.000000,2019-12-02 10:19:11.452722,2019-12-02 10:19:56.452722,2019-12-02 10:49:36.023396,2019-12-02 10:50:21.023396,2019-12-02 11:08:52.862268,Replace,7,44,45,0 days 00:00:45.000000000,0 days 00:14:11.452722000
10,2019-12-02 11:15:00.000000,2019-12-02 11:15:45.000000,2019-12-02 11:29:46.342331,2019-12-02 11:30:31.342331,2019-12-02 12:09:38.481382,2019-12-02 12:10:23.481382,2019-12-02 12:25:46.609749,Replace,7,44,45,0 days 00:00:45.000000000,0 days 00:14:46.342331000
11,2019-12-02 12:27:00.000000,2019-12-02 12:27:30.000000,2019-12-02 12:41:36.099066,2019-12-02 12:42:08.974682,,,,Onsite,7,44,45,0 days 00:00:30.000000000,0 days 00:14:38.974682000
12,2019-12-02 13:35:00.000000,2019-12-02 13:35:30.000000,2019-12-02 13:49:33.711851,2019-12-02 13:50:03.711851,2019-12-02 14:18:51.972583,2019-12-02 14:19:21.972583,2019-12-02 14:35:06.277022,Replace,7,44,45,0 days 00:00:30.000000000,0 days 00:14:33.711851000
13,2019-12-02 14:54:00.000000,2019-12-02 14:54:45.000000,2019-12-02 15:13:33.770862,2019-12-02 15:14:18.770862,2019-12-02 16:06:47.338559,2019-12-02 16:07:32.338559,2019-12-02 16:24:56.664995,Replace,7,44,45,0 days 00:00:45.000000000,0 days 00:19:33.770862000
14,2019-12-02 16:13:00.000000,2019-12-02 16:13:25.000000,2019-12-02 16:32:23.305403,2019-12-02 16:32:33.122544,,,,Onsite,7,44,45,0 days 00:00:25.000000000,0 days 00:19:08.122544000
15,2019-12-02 17:18:00.000000,2019-12-02 17:18:45.000000,2019-12-02 17:38:53.454452,2019-12-02 17:39:38.454452,2019-12-02 18:08:11.450724,2019-12-02 18:08:56.450724,2019-12-02 18:24:41.897227,Replace,7,44,45,0 days 00:00:45.000000000,0 days 00:20:53.454452000
16,2019-12-02 18:38:00.000000,2019-12-02 18:38:25.000000,2019-12-02 18:50:11.572935,2019-12-02 18:50:36.572935,2019-12-02 19:15:17.439553,2019-12-02 19:15:42.439553,2019-12-02 19:32:03.868169,Replace,7,44,45,0 days 00:00:25.000000000,0 days 00:12:11.572935000
17,2019-12-02 19:47:00.000000,2019-12-02 19:47:50.000000,2019-12-02 20:07:40.680880,2019-12-02 20:08:30.680880,2019-12-02 21:03:17.388703,2019-12-02 21:04:07.388703,2019-12-02 21:16:41.162966,Replace,7,44,45,0 days 00:00:50.000000000,0 days 00:20:40.680880000
18,2019-12-02 20:46:00.000000,2019-12-02 20:46:30.000000,2019-12-02 21:08:15.704417,2019-12-02 21:08:45.704417,2019-12-02 21:36:03.057664,2019-12-02 21:36:33.057664,2019-12-02 21:58:12.178623,Replace,7,44,45,0 days 00:00:30.000000000,0 days 00:22:15.704417000
19,2019-12-02 21:57:00.000000,2019-12-02 21:57:35.000000,2019-12-02 22:16:42.963337,2019-12-02 22:17:07.368527,,,,Onsite,7,44,45,0 days 00:00:35.000000000,0 days 00:19:32.368527000
0,2019-12-02 00:59:00.000000,2019-12-02 00:59:55.000000,2019-12-02 01:13:27.097262,2019-12-02 01:13:32.010266,,,,Onsite,8,44,45,0 days 00:00:55.000000000,0 days 00:13:37.010266000
1,2019-12-02 01:15:00.000000,2019-12-02 00:00:45.000000,2019-12-02 00:13:33.322755,2019-12-02 00:14:18.322755,2019-12-02 00:47:02.882871,2019-12-02 00:47:47.882871,2019-12-02 00:59:10.610533,Replace,8,44,45,-1 days +22:45:45.000000000,0 days 00:13:33.322755000
2,2019-12-02 02:07:00.000000,2019-12-02 02:07:45.000000,2019-12-02 02:20:26.712363,2019-12-02 02:21:11.712363,2019-12-02 02:56:22.693528,2019-12-02 02:57:07.693528,2019-12-02 03:13:18.485413,Replace,8,44,45,0 days 00:00:45.000000000,0 days 00:13:26.712363000
3,2019-12-02 03:06:00.000000,2019-12-02 03:06:55.000000,2019-12-02 03:21:38.630431,2019-12-02 03:22:33.630431,2019-12-02 03:59:07.748594,2019-12-02 04:00:02.748594,2019-12-02 04:18:13.507126,Replace,8,44,45,0 days 00:00:55.000000000,0 days 00:15:38.630431000
4,2019-12-02 04:07:00.000000,2019-12-02 04:07:30.000000,2019-12-02 04:16:49.308675,2019-12-02 04:17:19.308675,2019-12-02 04:47:20.658134,2019-12-02 04:47:50.658134,2019-12-02 05:04:45.140644,Replace,8,44,45,0 days 00:00:30.000000000,0 days 00:09:49.308675000
5,2019-12-02 05:13:00.000000,2019-12-02 05:13:25.000000,2019-12-02 05:30:27.915315,2019-12-02 05:30:45.861572,,,,Onsite,8,44,45,0 days 00:00:25.000000000,0 days 00:17:20.861572000
6,2019-12-02 06:24:00.000000,2019-12-02 06:24:45.000000,2019-12-02 06:41:27.313178,2019-12-02 06:42:12.313178,2019-12-02 07:13:31.459016,2019-12-02 07:14:16.459016,2019-12-02 07:28:08.626891,Replace,8,44,45,0 days 00:00:45.000000000,0 days 00:17:27.313178000
7,2019-12-02 07:40:00.000000,2019-12-02 07:40:45.000000,2019-12-02 07:59:11.612732,2019-12-02 07:59:21.583407,,,,Onsite,8,44,45,0 days 00:00:45.000000000,0 days 00:18:36.583407000
8,2019-12-02 08:55:00.000000,2019-12-02 08:55:50.000000,2019-12-02 09:16:34.382496,2019-12-02 09:17:24.382496,2019-12-02 10:05:01.880632,2019-12-02 10:05:51.880632,2019-12-02 10:19:04.848049,Replace,8,44,45,0 days 00:00:50.000000000,0 days 00:21:34.382496000
9,2019-12-02 09:58:00.000000,2019-12-02 09:58:45.000000,2019-12-02 10:17:57.115562,2019-12-02 10:18:12.326093,,,,Onsite,8,44,45,0 days 00:00:45.000000000,0 days 00:19:27.326093000
10,2019-12-02 10:59:00.000000,2019-12-02 10:59:30.000000,2019-12-02 11:12:04.263288,2019-12-02 11:12:34.263288,2019-12-02 11:50:24.368640,2019-12-02 11:50:54.368640,2019-12-02 12:09:27.452046,Replace,8,44,45,0 days 00:00:30.000000000,0 days 00:13:04.263288000
11,2019-12-02 12:03:00.000000,2019-12-02 12:03:45.000000,2019-12-02 12:21:29.474372,2019-12-02 12:21:40.390007,,,,Onsite,8,44,45,0 days 00:00:45.000000000,0 days 00:17:55.390007000
12,2019-12-02 13:15:00.000000,2019-12-02 13:15:55.000000,2019-12-02 13:30:02.021775,2019-12-02 13:30:57.021775,2019-12-02 14:23:53.168590,2019-12-02 14:24:48.168590,2019-12-02 14:40:59.622862,Replace,8,44,45,0 days 00:00:55.000000000,0 days 00:15:02.021775000
13,2019-12-02 14:23:00.000000,2019-12-02 14:23:35.000000,2019-12-02 14:42:53.505374,2019-12-02 14:43:12.132769,,,,Onsite,8,44,45,0 days 00:00:35.000000000,0 days 00:19:37.132769000
14,2019-12-02 15:33:00.000000,2019-12-02 15:33:45.000000,2019-12-02 15:51:01.859093,2019-12-02 15:51:14.978971,,,,Onsite,8,44,45,0 days 00:00:45.000000000,0 days 00:17:29.978971000
15,2019-12-02 16:45:00.000000,2019-12-02 16:45:45.000000,2019-12-02 17:00:37.882738,2019-12-02 17:01:22.882738,2019-12-02 17:28:16.996813,2019-12-02 17:29:01.996813,2019-12-02 17:46:12.244078,Replace,8,44,45,0 days 00:00:45.000000000,0 days 00:15:37.882738000
16,2019-12-02 17:52:00.000000,2019-12-02 17:52:55.000000,2019-12-02 18:11:43.995450,2019-12-02 18:12:38.995450,2019-12-02 19:04:09.280034,2019-12-02 19:05:04.280034,2019-12-02 19:22:15.542464,Replace,8,44,45,0 days 00:00:55.000000000,0 days 00:19:43.995450000
17,2019-12-02 19:00:00.000000,2019-12-02 19:00:45.000000,2019-12-02 19:16:35.085275,2019-12-02 19:17:20.085275,2019-12-02 19:54:04.010033,2019-12-02 19:54:49.010033,2019-12-02 20:12:21.893332,Replace,8,44,45,0 days 00:00:45.000000000,0 days 00:16:35.085275000
18,2019-12-02 20:01:00.000000,2019-12-02 20:01:35.000000,2019-12-02 20:20:49.735702,2019-12-02 20:21:24.735702,2019-12-02 20:56:22.181570,2019-12-02 20:56:57.181570,2019-12-02 21:09:28.838137,Replace,8,44,45,0 days 00:00:35.000000000,0 days 00:19:49.735702000
19,2019-12-02 21:05:00.000000,2019-12-02 21:05:30.000000,2019-12-02 21:22:48.949769,2019-12-02 21:23:18.949769,2019-12-02 22:03:25.041526,2019-12-02 22:03:55.041526,2019-12-02 22:23:03.847251,Replace,8,44,45,0 days 00:00:30.000000000,0 days 00:17:48.949769000
20,2019-12-02 22:09:00.000000,2019-12-02 22:09:30.000000,2019-12-02 22:22:33.606577,2019-12-02 22:23:04.699725,,,,Onsite,8,44,45,0 days 00:00:30.000000000,0 days 00:13:34.699725000
0,2019-12-02 01:25:00.000000,2019-12-02 00:00:55.000000,2019-12-02 00:15:38.166292,2019-12-02 00:16:33.166292,2019-12-02 00:45:09.942896,2019-12-02 00:46:04.942896,2019-12-02 01:02:01.116799,Replace,9,44,45,-1 days +22:35:55.000000000,0 days 00:15:38.166292000
1,2019-12-02 01:09:00.000000,2019-12-02 01:09:50.000000,2019-12-02 01:24:16.386854,2019-12-02 01:25:06.386854,2019-12-02 02:07:43.051827,2019-12-02 02:08:33.051827,2019-12-02 02:30:23.032763,Replace,9,44,45,0 days 00:00:50.000000000,0 days 00:15:16.386854000
2,2019-12-02 02:18:00.000000,2019-12-02 02:18:35.000000,2019-12-02 02:37:27.511334,2019-12-02 02:38:02.511334,2019-12-02 03:10:32.166588,2019-12-02 03:11:07.166588,2019-12-02 03:32:28.741610,Replace,9,44,45,0 days 00:00:35.000000000,0 days 00:19:27.511334000
3,2019-12-02 03:18:00.000000,2019-12-02 03:18:45.000000,2019-12-02 03:30:32.136761,2019-12-02 03:30:57.466875,,,,Onsite,9,44,45,0 days 00:00:45.000000000,0 days 00:12:12.466875000
4,2019-12-02 04:17:00.000000,2019-12-02 04:17:45.000000,2019-12-02 04:34:45.589384,2019-12-02 04:35:30.589384,2019-12-02 05:21:58.688680,2019-12-02 05:22:43.688680,2019-12-02 05:33:51.189586,Replace,9,44,45,0 days 00:00:45.000000000,0 days 00:17:45.589384000
5,2019-12-02 05:41:00.000000,2019-12-02 05:41:45.000000,2019-12-02 05:51:21.625842,2019-12-02 05:51:36.521679,,,,Onsite,9,44,45,0 days 00:00:45.000000000,0 days 00:09:51.521679000
6,2019-12-02 06:39:00.000000,2019-12-02 06:39:50.000000,2019-12-02 06:58:00.660547,2019-12-02 06:58:30.746092,,,,Onsite,9,44,45,0 days 00:00:50.000000000,0 days 00:18:40.746092000
7,2019-12-02 07:38:00.000000,2019-12-02 07:38:35.000000,2019-12-02 07:48:56.812158,2019-12-02 07:49:05.245197,,,,Onsite,9,44,45,0 days 00:00:35.000000000,0 days 00:10:30.245197000
8,2019-12-02 08:45:00.000000,2019-12-02 08:45:45.000000,2019-12-02 09:07:29.610420,2019-12-02 09:07:42.214421,,,,Onsite,9,44,45,0 days 00:00:45.000000000,0 days 00:21:57.214421000
9,2019-12-02 09:49:00.000000,2019-12-02 09:49:25.000000,2019-12-02 10:05:44.149651,2019-12-02 10:05:51.663312,,,,Onsite,9,44,45,0 days 00:00:25.000000000,0 days 00:16:26.663312000
10,2019-12-02 10:56:00.000000,2019-12-02 10:56:50.000000,2019-12-02 11:14:01.095874,2019-12-02 11:14:51.095874,2019-12-02 12:00:11.746616,2019-12-02 12:01:01.746616,2019-12-02 12:17:07.150403,Replace,9,44,45,0 days 00:00:50.000000000,0 days 00:18:01.095874000
11,2019-12-02 11:50:00.000000,2019-12-02 11:50:25.000000,2019-12-02 12:07:33.315711,2019-12-02 12:07:37.497085,,,,Onsite,9,44,45,0 days 00:00:25.000000000,0 days 00:17:12.497085000
12,2019-12-02 13:00:00.000000,2019-12-02 13:00:45.000000,2019-12-02 13:19:17.159601,2019-12-02 13:19:40.355315,,,,Onsite,9,44,45,0 days 00:00:45.000000000,0 days 00:18:55.355315000
13,2019-12-02 14:14:00.000000,2019-12-02 14:14:25.000000,2019-12-02 14:33:47.025043,2019-12-02 14:34:12.025043,2019-12-02 15:04:53.020032,2019-12-02 15:05:18.020032,2019-12-02 15:18:41.001797,Replace,9,44,45,0 days 00:00:25.000000000,0 days 00:19:47.025043000
14,2019-12-02 15:08:00.000000,2019-12-02 15:08:25.000000,2019-12-02 15:21:01.862180,2019-12-02 15:21:17.891375,,,,Onsite,9,44,45,0 days 00:00:25.000000000,0 days 00:12:52.891375000
15,2019-12-02 16:21:00.000000,2019-12-02 16:21:50.000000,2019-12-02 16:40:45.900963,2019-12-02 16:41:05.423902,,,,Onsite,9,44,45,0 days 00:00:50.000000000,0 days 00:19:15.423902000
16,2019-12-02 17:22:00.000000,2019-12-02 17:22:45.000000,2019-12-02 17:43:18.985072,2019-12-02 17:44:03.985072,2019-12-02 18:11:43.478282,2019-12-02 18:12:28.478282,2019-12-02 18:33:18.593115,Replace,9,44,45,0 days 00:00:45.000000000,0 days 00:21:18.985072000
17,2019-12-02 18:07:00.000000,2019-12-02 18:07:30.000000,2019-12-02 18:18:12.832272,2019-12-02 18:18:42.832272,2019-12-02 18:54:13.901846,2019-12-02 18:54:43.901846,2019-12-02 19:11:14.250641,Replace,9,44,45,0 days 00:00:30.000000000,0 days 00:11:12.832272000
18,2019-12-02 19:07:00.000000,2019-12-02 19:07:35.000000,2019-12-02 19:28:41.718558,2019-12-02 19:29:16.718558,2019-12-02 20:12:30.579339,2019-12-02 20:13:05.579339,2019-12-02 20:28:04.053836,Replace,9,44,45,0 days 00:00:35.000000000,0 days 00:21:41.718558000
19,2019-12-02 20:18:00.000000,2019-12-02 20:18:35.000000,2019-12-02 20:37:51.075714,2019-12-02 20:38:26.075714,2019-12-02 21:19:17.001167,2019-12-02 21:19:52.001167,2019-12-02 21:31:38.014437,Replace,9,44,45,0 days 00:00:35.000000000,0 days 00:19:51.075714000
20,2019-12-02 21:27:00.000000,2019-12-02 21:27:45.000000,2019-12-02 21:43:31.496126,2019-12-02 21:44:16.496126,2019-12-02 22:14:12.259685,2019-12-02 22:14:57.259685,2019-12-02 22:29:18.503799,Replace,9,44,45,0 days 00:00:45.000000000,0 days 00:16:31.496126000
0,2019-12-02 01:16:00.000000,2019-12-02 00:00:25.000000,2019-12-02 00:16:40.681342,2019-12-02 00:17:05.681342,2019-12-02 00:51:42.483539,2019-12-02 00:52:07.483539,2019-12-02 01:09:59.468542,Replace,1,44,46,-1 days +22:44:25.000000000,0 days 00:16:40.681342000
1,2019-12-02 01:07:00.000000,2019-12-02 01:07:35.000000,2019-12-02 01:21:11.452924,2019-12-02 01:21:46.452924,2019-12-02 01:46:18.853801,2019-12-02 01:46:53.853801,2019-12-02 02:07:44.380612,Replace,1,44,46,0 days 00:00:35.000000000,0 days 00:14:11.452924000
2,2019-12-02 02:07:00.000000,2019-12-02 02:07:25.000000,2019-12-02 02:23:56.748824,2019-12-02 02:24:17.407128,,,,Onsite,1,44,46,0 days 00:00:25.000000000,0 days 00:16:52.407128000
3,2019-12-02 03:17:00.000000,2019-12-02 03:17:50.000000,2019-12-02 03:38:37.383398,2019-12-02 03:39:27.383398,2019-12-02 04:34:52.243540,2019-12-02 04:35:42.243540,2019-12-02 04:50:15.247585,Replace,1,44,46,0 days 00:00:50.000000000,0 days 00:21:37.383398000
4,2019-12-02 04:48:00.000000,2019-12-02 04:48:45.000000,2019-12-02 05:05:03.634639,2019-12-02 05:05:15.853372,,,,Onsite,1,44,46,0 days 00:00:45.000000000,0 days 00:16:30.853372000
5,2019-12-02 06:08:00.000000,2019-12-02 06:08:50.000000,2019-12-02 06:24:30.032050,2019-12-02 06:25:20.032050,2019-12-02 07:00:43.167622,2019-12-02 07:01:33.167622,2019-12-02 07:16:41.570698,Replace,1,44,46,0 days 00:00:50.000000000,0 days 00:16:30.032050000
6,2019-12-02 07:17:00.000000,2019-12-02 07:17:45.000000,2019-12-02 07:31:38.654656,2019-12-02 07:31:43.268045,,,,Onsite,1,44,46,0 days 00:00:45.000000000,0 days 00:13:58.268045000
7,2019-12-02 08:37:00.000000,2019-12-02 08:37:55.000000,2019-12-02 08:52:05.056259,2019-12-02 08:53:00.056259,2019-12-02 09:41:03.315971,2019-12-02 09:41:58.315971,2019-12-02 09:56:27.249294,Replace,1,44,46,0 days 00:00:55.000000000,0 days 00:15:05.056259000
8,2019-12-02 10:58:00.000000,2019-12-02 10:58:55.000000,2019-12-02 11:13:59.571421,2019-12-02 11:14:25.073034,,,,Onsite,1,44,46,0 days 00:00:55.000000000,0 days 00:15:30.073034000
9,2019-12-02 09:51:00.000000,2019-12-02 09:51:50.000000,2019-12-02 10:12:10.212961,2019-12-02 10:13:00.212961,2019-12-02 10:45:02.190840,2019-12-02 10:45:52.190840,2019-12-02 10:58:07.346981,Replace,1,44,46,0 days 00:00:50.000000000,0 days 00:21:10.212961000
10,2019-12-02 12:09:00.000000,2019-12-02 12:09:50.000000,2019-12-02 12:26:28.794223,2019-12-02 12:27:18.794223,2019-12-02 13:10:04.487769,2019-12-02 13:10:54.487769,2019-12-02 13:28:46.139990,Replace,1,44,46,0 days 00:00:50.000000000,0 days 00:17:28.794223000
11,2019-12-02 13:02:00.000000,2019-12-02 13:02:45.000000,2019-12-02 13:19:09.717253,2019-12-02 13:19:54.717253,2019-12-02 14:04:35.478671,2019-12-02 14:05:20.478671,2019-12-02 14:21:36.017630,Replace,1,44,46,0 days 00:00:45.000000000,0 days 00:17:09.717253000
12,2019-12-02 14:13:00.000000,2019-12-02 14:13:45.000000,2019-12-02 14:30:33.508170,2019-12-02 14:31:18.508170,2019-12-02 15:18:03.759692,2019-12-02 15:18:48.759692,2019-12-02 15:39:36.248156,Replace,1,44,46,0 days 00:00:45.000000000,0 days 00:17:33.508170000
13,2019-12-02 15:21:00.000000,2019-12-02 15:21:55.000000,2019-12-02 15:40:54.265400,2019-12-02 15:41:03.787323,,,,Onsite,1,44,46,0 days 00:00:55.000000000,0 days 00:19:08.787323000
14,2019-12-02 16:48:00.000000,2019-12-02 16:48:50.000000,2019-12-02 17:05:28.783229,2019-12-02 17:05:36.652194,,,,Onsite,1,44,46,0 days 00:00:50.000000000,0 days 00:16:46.652194000
15,2019-12-02 18:02:00.000000,2019-12-02 18:02:30.000000,2019-12-02 18:18:15.844330,2019-12-02 18:18:45.844330,2019-12-02 18:57:53.150279,2019-12-02 18:58:23.150279,2019-12-02 19:11:05.740589,Replace,1,44,46,0 days 00:00:30.000000000,0 days 00:16:15.844330000
16,2019-12-02 19:13:00.000000,2019-12-02 19:13:45.000000,2019-12-02 19:24:26.560874,2019-12-02 19:24:50.612875,,,,Onsite,1,44,46,0 days 00:00:45.000000000,0 days 00:11:05.612875000
17,2019-12-02 20:20:00.000000,2019-12-02 20:20:45.000000,2019-12-02 20:37:17.222979,2019-12-02 20:38:02.222979,2019-12-02 21:12:46.156141,2019-12-02 21:13:31.156141,2019-12-02 21:30:31.408879,Replace,1,44,46,0 days 00:00:45.000000000,0 days 00:17:17.222979000
18,2019-12-02 21:27:00.000000,2019-12-02 21:27:55.000000,2019-12-02 21:44:37.631917,2019-12-02 21:45:32.631917,2019-12-02 22:17:13.151283,2019-12-02 22:18:08.151283,2019-12-02 22:30:03.949157,Replace,1,44,46,0 days 00:00:55.000000000,0 days 00:17:37.631917000
0,2019-12-02 00:59:00.000000,2019-12-02 00:00:30.000000,2019-12-02 00:13:40.733170,2019-12-02 00:14:10.733170,2019-12-02 00:43:18.172512,2019-12-02 00:43:48.172512,2019-12-02 01:02:02.391929,Replace,2,44,46,-1 days +23:01:30.000000000,0 days 00:13:40.733170000
1,2019-12-02 01:04:00.000000,2019-12-02 01:04:55.000000,2019-12-02 01:22:18.158407,2019-12-02 01:23:13.158407,2019-12-02 02:02:24.272770,2019-12-02 02:03:19.272770,2019-12-02 02:18:16.221769,Replace,2,44,46,0 days 00:00:55.000000000,0 days 00:18:18.158407000
2,2019-12-02 02:10:00.000000,2019-12-02 02:10:35.000000,2019-12-02 02:29:22.898740,2019-12-02 02:29:57.898740,2019-12-02 02:54:31.164569,2019-12-02 02:55:06.164569,2019-12-02 03:08:14.275302,Replace,2,44,46,0 days 00:00:35.000000000,0 days 00:19:22.898740000
3,2019-12-02 03:17:00.000000,2019-12-02 03:17:35.000000,2019-12-02 03:28:59.240943,2019-12-02 03:29:01.756586,,,,Onsite,2,44,46,0 days 00:00:35.000000000,0 days 00:11:26.756586000
4,2019-12-02 04:16:00.000000,2019-12-02 04:16:25.000000,2019-12-02 04:32:38.275536,2019-12-02 04:32:46.617285,,,,Onsite,2,44,46,0 days 00:00:25.000000000,0 days 00:16:21.617285000
5,2019-12-02 05:24:00.000000,2019-12-02 05:24:45.000000,2019-12-02 05:42:32.238867,2019-12-02 05:43:17.238867,2019-12-02 06:22:31.979082,2019-12-02 06:23:16.979082,2019-12-02 06:37:53.451173,Replace,2,44,46,0 days 00:00:45.000000000,0 days 00:18:32.238867000
6,2019-12-02 06:33:00.000000,2019-12-02 06:33:30.000000,2019-12-02 06:47:21.400607,2019-12-02 06:47:51.400607,2019-12-02 07:23:38.750193,2019-12-02 07:24:08.750193,2019-12-02 07:36:55.456885,Replace,2,44,46,0 days 00:00:30.000000000,0 days 00:14:21.400607000
7,2019-12-02 07:46:00.000000,2019-12-02 07:46:30.000000,2019-12-02 07:59:28.880083,2019-12-02 07:59:58.880083,2019-12-02 08:34:05.875449,2019-12-02 08:34:35.875449,2019-12-02 08:53:08.194512,Replace,2,44,46,0 days 00:00:30.000000000,0 days 00:13:28.880083000
8,2019-12-02 08:52:00.000000,2019-12-02 08:52:30.000000,2019-12-02 09:05:35.832451,2019-12-02 09:06:05.832451,2019-12-02 09:30:22.795094,2019-12-02 09:30:52.795094,2019-12-02 09:53:08.980152,Replace,2,44,46,0 days 00:00:30.000000000,0 days 00:13:35.832451000
9,2019-12-02 09:57:00.000000,2019-12-02 09:57:55.000000,2019-12-02 10:17:49.891259,2019-12-02 10:18:44.891259,2019-12-02 10:46:20.521924,2019-12-02 10:47:15.521924,2019-12-02 11:09:41.415372,Replace,2,44,46,0 days 00:00:55.000000000,0 days 00:20:49.891259000
10,2019-12-02 11:03:00.000000,2019-12-02 11:03:35.000000,2019-12-02 11:17:36.330561,2019-12-02 11:18:11.330561,2019-12-02 11:47:51.316977,2019-12-02 11:48:26.316977,2019-12-02 12:09:38.175864,Replace,2,44,46,0 days 00:00:35.000000000,0 days 00:14:36.330561000
11,2019-12-02 12:10:00.000000,2019-12-02 12:10:35.000000,2019-12-02 12:28:27.540190,2019-12-02 12:28:31.309530,,,,Onsite,2,44,46,0 days 00:00:35.000000000,0 days 00:17:56.309530000
12,2019-12-02 13:20:00.000000,2019-12-02 13:20:45.000000,2019-12-02 13:35:24.688579,2019-12-02 13:35:32.454696,,,,Onsite,2,44,46,0 days 00:00:45.000000000,0 days 00:14:47.454696000
13,2019-12-02 14:06:00.000000,2019-12-02 14:06:30.000000,2019-12-02 14:22:25.220749,2019-12-02 14:22:40.089055,,,,Onsite,2,44,46,0 days 00:00:30.000000000,0 days 00:16:10.089055000
14,2019-12-02 15:09:00.000000,2019-12-02 15:09:45.000000,2019-12-02 15:26:40.041193,2019-12-02 15:27:25.041193,2019-12-02 16:12:51.133119,2019-12-02 16:13:36.133119,2019-12-02 16:31:11.625391,Replace,2,44,46,0 days 00:00:45.000000000,0 days 00:17:40.041193000
15,2019-12-02 16:00:00.000000,2019-12-02 16:00:50.000000,2019-12-02 16:18:32.202501,2019-12-02 16:19:22.202501,2019-12-02 16:51:57.038308,2019-12-02 16:52:47.038308,2019-12-02 17:11:49.106779,Replace,2,44,46,0 days 00:00:50.000000000,0 days 00:18:32.202501000
16,2019-12-02 17:00:00.000000,2019-12-02 17:00:30.000000,2019-12-02 17:14:13.519479,2019-12-02 17:14:43.519479,2019-12-02 17:57:03.873189,2019-12-02 17:57:33.873189,2019-12-02 18:17:10.258898,Replace,2,44,46,0 days 00:00:30.000000000,0 days 00:14:13.519479000
17,2019-12-02 18:04:00.000000,2019-12-02 18:04:45.000000,2019-12-02 18:21:43.775979,2019-12-02 18:21:55.712906,,,,Onsite,2,44,46,0 days 00:00:45.000000000,0 days 00:17:10.712906000
18,2019-12-02 19:02:00.000000,2019-12-02 19:02:25.000000,2019-12-02 19:14:20.649310,2019-12-02 19:14:26.795222,,,,Onsite,2,44,46,0 days 00:00:25.000000000,0 days 00:12:01.795222000
19,2019-12-02 20:12:00.000000,2019-12-02 20:12:45.000000,2019-12-02 20:25:37.468226,2019-12-02 20:25:59.785676,,,,Onsite,2,44,46,0 days 00:00:45.000000000,0 days 00:13:14.785676000
20,2019-12-02 21:12:00.000000,2019-12-02 21:12:45.000000,2019-12-02 21:31:10.054706,2019-12-02 21:31:21.082924,,,,Onsite,2,44,46,0 days 00:00:45.000000000,0 days 00:18:36.082924000
0,2019-12-02 01:03:00.000000,2019-12-02 00:00:35.000000,2019-12-02 00:16:37.904641,2019-12-02 00:16:55.371988,,,,Onsite,3,44,46,-1 days +22:57:35.000000000,0 days 00:16:20.371988000
1,2019-12-02 01:06:00.000000,2019-12-02 01:06:45.000000,2019-12-02 01:23:49.353975,2019-12-02 01:24:34.353975,2019-12-02 01:52:12.792193,2019-12-02 01:52:57.792193,2019-12-02 02:08:31.906130,Replace,3,44,46,0 days 00:00:45.000000000,0 days 00:17:49.353975000
2,2019-12-02 02:17:00.000000,2019-12-02 02:17:50.000000,2019-12-02 02:34:01.806205,2019-12-02 02:34:25.053775,,,,Onsite,3,44,46,0 days 00:00:50.000000000,0 days 00:16:35.053775000
3,2019-12-02 03:22:00.000000,2019-12-02 03:22:35.000000,2019-12-02 03:39:01.494356,2019-12-02 03:39:08.259695,,,,Onsite,3,44,46,0 days 00:00:35.000000000,0 days 00:16:33.259695000
4,2019-12-02 04:20:00.000000,2019-12-02 04:20:35.000000,2019-12-02 04:37:38.352378,2019-12-02 04:38:13.352378,2019-12-02 05:10:29.289094,2019-12-02 05:11:04.289094,2019-12-02 05:32:05.323019,Replace,3,44,46,0 days 00:00:35.000000000,0 days 00:17:38.352378000
5,2019-12-02 05:29:00.000000,2019-12-02 05:29:45.000000,2019-12-02 05:41:16.471397,2019-12-02 05:41:20.570207,,,,Onsite,3,44,46,0 days 00:00:45.000000000,0 days 00:11:35.570207000
6,2019-12-02 06:37:00.000000,2019-12-02 06:37:45.000000,2019-12-02 06:52:44.644093,2019-12-02 06:53:29.644093,2019-12-02 07:18:18.358681,2019-12-02 07:19:03.358681,2019-12-02 07:36:29.920923,Replace,3,44,46,0 days 00:00:45.000000000,0 days 00:15:44.644093000
7,2019-12-02 07:48:00.000000,2019-12-02 07:48:45.000000,2019-12-02 08:05:32.250816,2019-12-02 08:05:51.305778,,,,Onsite,3,44,46,0 days 00:00:45.000000000,0 days 00:17:06.305778000
8,2019-12-02 09:05:00.000000,2019-12-02 09:05:45.000000,2019-12-02 09:19:24.377406,2019-12-02 09:20:09.377406,2019-12-02 10:06:43.422614,2019-12-02 10:07:28.422614,2019-12-02 10:30:22.510172,Replace,3,44,46,0 days 00:00:45.000000000,0 days 00:14:24.377406000
9,2019-12-02 10:08:00.000000,2019-12-02 10:08:35.000000,2019-12-02 10:29:15.577515,2019-12-02 10:29:50.577515,2019-12-02 10:56:02.898576,2019-12-02 10:56:37.898576,2019-12-02 11:13:56.647364,Replace,3,44,46,0 days 00:00:35.000000000,0 days 00:21:15.577515000
10,2019-12-02 11:32:00.000000,2019-12-02 11:32:50.000000,2019-12-02 11:50:14.375042,2019-12-02 11:51:04.375042,2019-12-02 12:21:13.528500,2019-12-02 12:22:03.528500,2019-12-02 12:37:36.760779,Replace,3,44,46,0 days 00:00:50.000000000,0 days 00:18:14.375042000
11,2019-12-02 12:34:00.000000,2019-12-02 12:34:30.000000,2019-12-02 12:51:08.994879,2019-12-02 12:51:27.914020,,,,Onsite,3,44,46,0 days 00:00:30.000000000,0 days 00:16:57.914020000
12,2019-12-02 13:28:00.000000,2019-12-02 13:28:45.000000,2019-12-02 13:45:01.664545,2019-12-02 13:45:46.664545,2019-12-02 14:13:08.732460,2019-12-02 14:13:53.732460,2019-12-02 14:27:10.354693,Replace,3,44,46,0 days 00:00:45.000000000,0 days 00:17:01.664545000
13,2019-12-02 14:25:00.000000,2019-12-02 14:25:45.000000,2019-12-02 14:42:21.740363,2019-12-02 14:42:44.009684,,,,Onsite,3,44,46,0 days 00:00:45.000000000,0 days 00:16:59.009684000
14,2019-12-02 15:29:00.000000,2019-12-02 15:29:35.000000,2019-12-02 15:41:59.325178,2019-12-02 15:42:16.924134,,,,Onsite,3,44,46,0 days 00:00:35.000000000,0 days 00:12:41.924134000
15,2019-12-02 16:48:00.000000,2019-12-02 16:48:45.000000,2019-12-02 17:05:08.713274,2019-12-02 17:05:22.799302,,,,Onsite,3,44,46,0 days 00:00:45.000000000,0 days 00:16:37.799302000
16,2019-12-02 18:02:00.000000,2019-12-02 18:02:25.000000,2019-12-02 18:20:18.559010,2019-12-02 18:20:36.733749,,,,Onsite,3,44,46,0 days 00:00:25.000000000,0 days 00:18:11.733749000
17,2019-12-02 19:03:00.000000,2019-12-02 19:03:50.000000,2019-12-02 19:19:26.052148,2019-12-02 19:20:16.052148,2019-12-02 19:47:39.982133,2019-12-02 19:48:29.982133,2019-12-02 20:09:05.967057,Replace,3,44,46,0 days 00:00:50.000000000,0 days 00:16:26.052148000
18,2019-12-02 20:16:00.000000,2019-12-02 20:16:50.000000,2019-12-02 20:38:01.475442,2019-12-02 20:38:51.475442,2019-12-02 21:18:02.804048,2019-12-02 21:18:52.804048,2019-12-02 21:31:12.186360,Replace,3,44,46,0 days 00:00:50.000000000,0 days 00:22:01.475442000
19,2019-12-02 21:26:00.000000,2019-12-02 21:26:30.000000,2019-12-02 21:39:30.282768,2019-12-02 21:40:00.282768,2019-12-02 22:16:10.954952,2019-12-02 22:16:40.954952,2019-12-02 22:32:48.266559,Replace,3,44,46,0 days 00:00:30.000000000,0 days 00:13:30.282768000
20,2019-12-02 22:24:00.000000,2019-12-02 22:24:45.000000,2019-12-02 22:41:16.715949,2019-12-02 22:41:21.612781,,,,Onsite,3,44,46,0 days 00:00:45.000000000,0 days 00:16:36.612781000
0,2019-12-02 01:10:00.000000,2019-12-02 00:00:30.000000,2019-12-02 00:11:42.502258,2019-12-02 00:12:09.719634,,,,Onsite,4,44,46,-1 days +22:50:30.000000000,0 days 00:11:39.719634000
1,2019-12-02 01:05:00.000000,2019-12-02 01:05:50.000000,2019-12-02 01:19:09.025646,2019-12-02 01:19:59.025646,2019-12-02 02:01:55.473217,2019-12-02 02:02:45.473217,2019-12-02 02:19:30.852123,Replace,4,44,46,0 days 00:00:50.000000000,0 days 00:14:09.025646000
2,2019-12-02 02:07:00.000000,2019-12-02 02:07:25.000000,2019-12-02 02:22:17.274193,2019-12-02 02:22:42.274193,2019-12-02 02:59:25.303554,2019-12-02 02:59:50.303554,2019-12-02 03:17:26.328347,Replace,4,44,46,0 days 00:00:25.000000000,0 days 00:15:17.274193000
3,2019-12-02 03:05:00.000000,2019-12-02 03:05:45.000000,2019-12-02 03:23:59.806000,2019-12-02 03:24:11.293694,,,,Onsite,4,44,46,0 days 00:00:45.000000000,0 days 00:18:26.293694000
4,2019-12-02 04:31:00.000000,2019-12-02 04:31:45.000000,2019-12-02 04:46:24.416863,2019-12-02 04:47:09.416863,2019-12-02 05:29:11.369849,2019-12-02 05:29:56.369849,2019-12-02 05:46:07.549148,Replace,4,44,46,0 days 00:00:45.000000000,0 days 00:15:24.416863000
5,2019-12-02 05:40:00.000000,2019-12-02 05:40:45.000000,2019-12-02 05:58:18.214987,2019-12-02 05:59:03.214987,2019-12-02 06:53:59.224384,2019-12-02 06:54:44.224384,2019-12-02 07:13:24.685852,Replace,4,44,46,0 days 00:00:45.000000000,0 days 00:18:18.214987000
6,2019-12-02 06:32:00.000000,2019-12-02 06:32:45.000000,2019-12-02 06:49:12.848280,2019-12-02 06:49:57.848280,2019-12-02 07:45:51.697448,2019-12-02 07:46:36.697448,2019-12-02 08:05:27.342774,Replace,4,44,46,0 days 00:00:45.000000000,0 days 00:17:12.848280000
7,2019-12-02 07:40:00.000000,2019-12-02 07:40:55.000000,2019-12-02 07:58:49.552834,2019-12-02 07:59:44.552834,2019-12-02 08:55:27.889217,2019-12-02 08:56:22.889217,2019-12-02 09:16:18.883946,Replace,4,44,46,0 days 00:00:55.000000000,0 days 00:18:49.552834000
8,2019-12-02 08:49:00.000000,2019-12-02 08:49:55.000000,2019-12-02 09:01:58.537045,2019-12-02 09:02:12.191528,,,,Onsite,4,44,46,0 days 00:00:55.000000000,0 days 00:12:17.191528000
9,2019-12-02 09:59:00.000000,2019-12-02 09:59:30.000000,2019-12-02 10:12:31.751584,2019-12-02 10:13:01.751584,2019-12-02 10:42:44.788920,2019-12-02 10:43:14.788920,2019-12-02 11:00:35.131484,Replace,4,44,46,0 days 00:00:30.000000000,0 days 00:13:31.751584000
10,2019-12-02 11:09:00.000000,2019-12-02 11:09:50.000000,2019-12-02 11:28:27.773192,2019-12-02 11:29:17.773192,2019-12-02 12:00:12.836309,2019-12-02 12:01:02.836309,2019-12-02 12:15:21.015798,Replace,4,44,46,0 days 00:00:50.000000000,0 days 00:19:27.773192000
11,2019-12-02 12:30:00.000000,2019-12-02 12:30:45.000000,2019-12-02 12:45:57.832368,2019-12-02 12:46:42.832368,2019-12-02 13:27:06.008367,2019-12-02 13:27:51.008367,2019-12-02 13:41:40.252514,Replace,4,44,46,0 days 00:00:45.000000000,0 days 00:15:57.832368000
12,2019-12-02 13:51:00.000000,2019-12-02 13:51:35.000000,2019-12-02 14:12:57.913128,2019-12-02 14:13:32.913128,2019-12-02 14:55:07.145997,2019-12-02 14:55:42.145997,2019-12-02 15:14:52.608382,Replace,4,44,46,0 days 00:00:35.000000000,0 days 00:21:57.913128000
13,2019-12-02 14:48:00.000000,2019-12-02 14:48:45.000000,2019-12-02 15:04:02.189795,2019-12-02 15:04:47.189795,2019-12-02 15:36:26.645871,2019-12-02 15:37:11.645871,2019-12-02 15:54:37.086684,Replace,4,44,46,0 days 00:00:45.000000000,0 days 00:16:02.189795000
14,2019-12-02 15:38:00.000000,2019-12-02 15:38:25.000000,2019-12-02 15:56:38.026211,2019-12-02 15:57:03.026211,2019-12-02 16:38:31.431214,2019-12-02 16:38:56.431214,2019-12-02 16:56:01.369525,Replace,4,44,46,0 days 00:00:25.000000000,0 days 00:18:38.026211000
15,2019-12-02 16:37:00.000000,2019-12-02 16:37:45.000000,2019-12-02 16:57:48.858259,2019-12-02 16:58:33.858259,2019-12-02 17:55:52.324094,2019-12-02 17:56:37.324094,2019-12-02 18:11:14.532725,Replace,4,44,46,0 days 00:00:45.000000000,0 days 00:20:48.858259000
16,2019-12-02 17:38:00.000000,2019-12-02 17:38:45.000000,2019-12-02 17:52:47.387349,2019-12-02 17:53:32.387349,2019-12-02 18:23:05.233221,2019-12-02 18:23:50.233221,2019-12-02 18:46:56.722704,Replace,4,44,46,0 days 00:00:45.000000000,0 days 00:14:47.387349000
17,2019-12-02 19:01:00.000000,2019-12-02 19:01:45.000000,2019-12-02 19:20:12.662704,2019-12-02 19:20:57.662704,2019-12-02 20:02:25.992861,2019-12-02 20:03:10.992861,2019-12-02 20:16:04.143447,Replace,4,44,46,0 days 00:00:45.000000000,0 days 00:19:12.662704000
18,2019-12-02 19:57:00.000000,2019-12-02 19:57:25.000000,2019-12-02 20:11:27.491444,2019-12-02 20:11:52.491444,2019-12-02 20:40:00.606752,2019-12-02 20:40:25.606752,2019-12-02 20:59:34.838023,Replace,4,44,46,0 days 00:00:25.000000000,0 days 00:14:27.491444000
19,2019-12-02 20:59:00.000000,2019-12-02 20:59:25.000000,2019-12-02 21:15:22.957138,2019-12-02 21:15:47.475761,,,,Onsite,4,44,46,0 days 00:00:25.000000000,0 days 00:16:22.475761000
0,2019-12-02 01:25:00.000000,2019-12-02 00:00:25.000000,2019-12-02 00:20:42.451780,2019-12-02 00:21:07.451780,2019-12-02 00:53:40.221914,2019-12-02 00:54:05.221914,2019-12-02 01:09:20.069963,Replace,5,44,46,-1 days +22:35:25.000000000,0 days 00:20:42.451780000
1,2019-12-02 01:18:00.000000,2019-12-02 01:18:45.000000,2019-12-02 01:36:14.824143,2019-12-02 01:36:59.824143,2019-12-02 02:15:49.550851,2019-12-02 02:16:34.550851,2019-12-02 02:39:24.643913,Replace,5,44,46,0 days 00:00:45.000000000,0 days 00:18:14.824143000
2,2019-12-02 02:38:00.000000,2019-12-02 02:38:45.000000,2019-12-02 02:52:55.381117,2019-12-02 02:53:40.381117,2019-12-02 03:20:50.346029,2019-12-02 03:21:35.346029,2019-12-02 03:33:29.933552,Replace,5,44,46,0 days 00:00:45.000000000,0 days 00:14:55.381117000
3,2019-12-02 03:57:00.000000,2019-12-02 03:57:50.000000,2019-12-02 04:12:12.498418,2019-12-02 04:12:23.197063,,,,Onsite,5,44,46,0 days 00:00:50.000000000,0 days 00:14:33.197063000
4,2019-12-02 05:21:00.000000,2019-12-02 05:21:25.000000,2019-12-02 05:37:16.416141,2019-12-02 05:37:41.416141,2019-12-02 06:22:38.444510,2019-12-02 06:23:03.444510,2019-12-02 06:35:23.559184,Replace,5,44,46,0 days 00:00:25.000000000,0 days 00:16:16.416141000
5,2019-12-02 06:28:00.000000,2019-12-02 06:28:25.000000,2019-12-02 06:45:40.758022,2019-12-02 06:46:05.758022,2019-12-02 07:31:15.241145,2019-12-02 07:31:40.241145,2019-12-02 07:52:27.240382,Replace,5,44,46,0 days 00:00:25.000000000,0 days 00:17:40.758022000
6,2019-12-02 07:53:00.000000,2019-12-02 07:53:35.000000,2019-12-02 08:06:30.889886,2019-12-02 08:07:05.889886,2019-12-02 08:52:31.237661,2019-12-02 08:53:06.237661,2019-12-02 09:09:08.319384,Replace,5,44,46,0 days 00:00:35.000000000,0 days 00:13:30.889886000
7,2019-12-02 09:01:00.000000,2019-12-02 09:01:25.000000,2019-12-02 09:16:46.256013,2019-12-02 09:17:11.256013,2019-12-02 09:48:17.025450,2019-12-02 09:48:42.025450,2019-12-02 10:02:40.930716,Replace,5,44,46,0 days 00:00:25.000000000,0 days 00:15:46.256013000
8,2019-12-02 10:03:00.000000,2019-12-02 10:03:55.000000,2019-12-02 10:19:15.674915,2019-12-02 10:19:18.991285,,,,Onsite,5,44,46,0 days 00:00:55.000000000,0 days 00:15:23.991285000
9,2019-12-02 11:25:00.000000,2019-12-02 11:25:45.000000,2019-12-02 11:38:06.780965,2019-12-02 11:38:51.780965,2019-12-02 12:28:39.466738,2019-12-02 12:29:24.466738,2019-12-02 12:44:42.674504,Replace,5,44,46,0 days 00:00:45.000000000,0 days 00:13:06.780965000
10,2019-12-02 12:26:00.000000,2019-12-02 12:26:55.000000,2019-12-02 12:41:34.981412,2019-12-02 12:42:29.981412,2019-12-02 13:08:35.707320,2019-12-02 13:09:30.707320,2019-12-02 13:30:01.241619,Replace,5,44,46,0 days 00:00:55.000000000,0 days 00:15:34.981412000
11,2019-12-02 13:52:00.000000,2019-12-02 13:52:25.000000,2019-12-02 14:06:14.074923,2019-12-02 14:06:39.074923,2019-12-02 14:37:08.452053,2019-12-02 14:37:33.452053,2019-12-02 14:53:09.724104,Replace,5,44,46,0 days 00:00:25.000000000,0 days 00:14:14.074923000
12,2019-12-02 15:11:00.000000,2019-12-02 15:11:30.000000,2019-12-02 15:27:04.948605,2019-12-02 15:27:28.651812,,,,Onsite,5,44,46,0 days 00:00:30.000000000,0 days 00:15:58.651812000
13,2019-12-02 16:24:00.000000,2019-12-02 16:24:35.000000,2019-12-02 16:37:16.645543,2019-12-02 16:37:51.645543,2019-12-02 17:29:18.791290,2019-12-02 17:29:53.791290,2019-12-02 17:45:38.464766,Replace,5,44,46,0 days 00:00:35.000000000,0 days 00:13:16.645543000
14,2019-12-02 17:24:00.000000,2019-12-02 17:24:55.000000,2019-12-02 17:43:15.853215,2019-12-02 17:43:25.333915,,,,Onsite,5,44,46,0 days 00:00:55.000000000,0 days 00:18:30.333915000
15,2019-12-02 18:37:00.000000,2019-12-02 18:37:45.000000,2019-12-02 18:52:31.580278,2019-12-02 18:52:57.638157,,,,Onsite,5,44,46,0 days 00:00:45.000000000,0 days 00:15:12.638157000
16,2019-12-02 19:44:00.000000,2019-12-02 19:44:25.000000,2019-12-02 20:05:31.330934,2019-12-02 20:05:53.674769,,,,Onsite,5,44,46,0 days 00:00:25.000000000,0 days 00:21:28.674769000
17,2019-12-02 21:01:00.000000,2019-12-02 21:01:25.000000,2019-12-02 21:19:45.920972,2019-12-02 21:20:10.920972,2019-12-02 21:49:54.498940,2019-12-02 21:50:19.498940,2019-12-02 22:05:38.661356,Replace,5,44,46,0 days 00:00:25.000000000,0 days 00:18:45.920972000
0,2019-12-02 01:04:00.000000,2019-12-02 00:00:30.000000,2019-12-02 00:18:27.171741,2019-12-02 00:18:57.171741,2019-12-02 00:48:20.416150,2019-12-02 00:48:50.416150,2019-12-02 01:05:45.424140,Replace,6,44,46,-1 days +22:56:30.000000000,0 days 00:18:27.171741000
1,2019-12-02 01:01:00.000000,2019-12-02 01:01:45.000000,2019-12-02 01:19:54.944707,2019-12-02 01:20:39.944707,2019-12-02 02:08:56.311952,2019-12-02 02:09:41.311952,2019-12-02 02:26:58.891438,Replace,6,44,46,0 days 00:00:45.000000000,0 days 00:18:54.944707000
2,2019-12-02 02:07:00.000000,2019-12-02 02:07:45.000000,2019-12-02 02:22:06.283885,2019-12-02 02:22:51.283885,2019-12-02 02:57:27.561443,2019-12-02 02:58:12.561443,2019-12-02 03:16:56.852231,Replace,6,44,46,0 days 00:00:45.000000000,0 days 00:15:06.283885000
3,2019-12-02 03:22:00.000000,2019-12-02 03:22:55.000000,2019-12-02 03:41:06.500606,2019-12-02 03:42:01.500606,2019-12-02 04:08:25.711813,2019-12-02 04:09:20.711813,2019-12-02 04:23:14.593162,Replace,6,44,46,0 days 00:00:55.000000000,0 days 00:19:06.500606000
4,2019-12-02 04:34:00.000000,2019-12-02 04:34:45.000000,2019-12-02 04:50:51.484435,2019-12-02 04:51:10.806239,,,,Onsite,6,44,46,0 days 00:00:45.000000000,0 days 00:16:25.806239000
5,2019-12-02 05:40:00.000000,2019-12-02 05:40:55.000000,2019-12-02 05:57:46.496564,2019-12-02 05:58:03.447283,,,,Onsite,6,44,46,0 days 00:00:55.000000000,0 days 00:17:08.447283000
6,2019-12-02 06:50:00.000000,2019-12-02 06:50:45.000000,2019-12-02 07:10:23.229451,2019-12-02 07:11:08.229451,2019-12-02 07:39:03.853687,2019-12-02 07:39:48.853687,2019-12-02 07:58:08.992589,Replace,6,44,46,0 days 00:00:45.000000000,0 days 00:20:23.229451000
7,2019-12-02 08:00:00.000000,2019-12-02 08:00:30.000000,2019-12-02 08:17:42.473104,2019-12-02 08:18:12.473104,2019-12-02 08:56:33.372974,2019-12-02 08:57:03.372974,2019-12-02 09:14:38.339189,Replace,6,44,46,0 days 00:00:30.000000000,0 days 00:17:42.473104000
8,2019-12-02 09:06:00.000000,2019-12-02 09:06:25.000000,2019-12-02 09:18:57.287978,2019-12-02 09:19:29.706874,,,,Onsite,6,44,46,0 days 00:00:25.000000000,0 days 00:13:04.706874000
9,2019-12-02 10:14:00.000000,2019-12-02 10:14:55.000000,2019-12-02 10:29:57.549767,2019-12-02 10:30:52.549767,2019-12-02 11:00:50.979176,2019-12-02 11:01:45.979176,2019-12-02 11:21:55.756350,Replace,6,44,46,0 days 00:00:55.000000000,0 days 00:15:57.549767000
10,2019-12-02 11:34:00.000000,2019-12-02 11:34:45.000000,2019-12-02 11:45:37.729465,2019-12-02 11:45:47.075162,,,,Onsite,6,44,46,0 days 00:00:45.000000000,0 days 00:11:02.075162000
11,2019-12-02 12:50:00.000000,2019-12-02 12:50:50.000000,2019-12-02 13:08:39.550920,2019-12-02 13:08:48.442980,,,,Onsite,6,44,46,0 days 00:00:50.000000000,0 days 00:17:58.442980000
12,2019-12-02 13:51:00.000000,2019-12-02 13:51:45.000000,2019-12-02 14:09:50.343231,2019-12-02 14:10:35.343231,2019-12-02 14:37:55.175748,2019-12-02 14:38:40.175748,2019-12-02 14:52:20.230742,Replace,6,44,46,0 days 00:00:45.000000000,0 days 00:18:50.343231000
13,2019-12-02 14:53:00.000000,2019-12-02 14:53:25.000000,2019-12-02 15:07:17.652364,2019-12-02 15:07:42.652364,2019-12-02 15:34:48.477740,2019-12-02 15:35:13.477740,2019-12-02 15:56:10.465871,Replace,6,44,46,0 days 00:00:25.000000000,0 days 00:14:17.652364000
14,2019-12-02 15:49:00.000000,2019-12-02 15:49:25.000000,2019-12-02 16:05:05.986641,2019-12-02 16:05:30.986641,2019-12-02 16:38:11.404687,2019-12-02 16:38:36.404687,2019-12-02 16:59:05.590586,Replace,6,44,46,0 days 00:00:25.000000000,0 days 00:16:05.986641000
15,2019-12-02 17:13:00.000000,2019-12-02 17:13:45.000000,2019-12-02 17:31:20.263239,2019-12-02 17:32:05.263239,2019-12-02 17:59:45.519539,2019-12-02 18:00:30.519539,2019-12-02 18:19:36.518670,Replace,6,44,46,0 days 00:00:45.000000000,0 days 00:18:20.263239000
16,2019-12-02 18:15:00.000000,2019-12-02 18:15:50.000000,2019-12-02 18:31:05.566395,2019-12-02 18:31:16.555760,,,,Onsite,6,44,46,0 days 00:00:50.000000000,0 days 00:15:26.555760000
17,2019-12-02 19:24:00.000000,2019-12-02 19:24:55.000000,2019-12-02 19:37:30.204046,2019-12-02 19:37:38.313934,,,,Onsite,6,44,46,0 days 00:00:55.000000000,0 days 00:12:43.313934000
18,2019-12-02 20:32:00.000000,2019-12-02 20:32:45.000000,2019-12-02 20:46:42.140498,2019-12-02 20:47:27.140498,2019-12-02 21:36:06.374928,2019-12-02 21:36:51.374928,2019-12-02 21:53:29.220383,Replace,6,44,46,0 days 00:00:45.000000000,0 days 00:14:42.140498000
19,2019-12-02 21:20:00.000000,2019-12-02 21:20:45.000000,2019-12-02 21:30:56.472080,2019-12-02 21:31:41.472080,2019-12-02 22:15:53.534131,2019-12-02 22:16:38.534131,2019-12-02 22:31:00.965897,Replace,6,44,46,0 days 00:00:45.000000000,0 days 00:10:56.472080000
0,2019-12-02 00:58:00.000000,2019-12-02 00:00:55.000000,2019-12-02 00:15:08.601550,2019-12-02 00:15:28.673980,,,,Onsite,7,44,46,-1 days +23:02:55.000000000,0 days 00:14:33.673980000
1,2019-12-02 00:47:00.000000,2019-12-02 00:47:55.000000,2019-12-02 01:01:32.858680,2019-12-02 01:02:27.858680,2019-12-02 01:47:54.378279,2019-12-02 01:48:49.378279,2019-12-02 02:02:32.918268,Replace,7,44,46,0 days 00:00:55.000000000,0 days 00:14:32.858680000
2,2019-12-02 01:46:00.000000,2019-12-02 01:46:35.000000,2019-12-02 02:09:15.903886,2019-12-02 02:09:50.903886,2019-12-02 02:55:15.801418,2019-12-02 02:55:50.801418,2019-12-02 03:10:04.307056,Replace,7,44,46,0 days 00:00:35.000000000,0 days 00:23:15.903886000
3,2019-12-02 02:43:00.000000,2019-12-02 02:43:55.000000,2019-12-02 03:03:08.825193,2019-12-02 03:03:16.325931,,,,Onsite,7,44,46,0 days 00:00:55.000000000,0 days 00:19:21.325931000
4,2019-12-02 04:03:00.000000,2019-12-02 04:03:45.000000,2019-12-02 04:23:47.997754,2019-12-02 04:23:51.596714,,,,Onsite,7,44,46,0 days 00:00:45.000000000,0 days 00:20:06.596714000
5,2019-12-02 05:16:00.000000,2019-12-02 05:16:50.000000,2019-12-02 05:28:48.256260,2019-12-02 05:29:38.256260,2019-12-02 05:53:49.181322,2019-12-02 05:54:39.181322,2019-12-02 06:12:50.036721,Replace,7,44,46,0 days 00:00:50.000000000,0 days 00:12:48.256260000
6,2019-12-02 06:31:00.000000,2019-12-02 06:31:35.000000,2019-12-02 06:49:05.043915,2019-12-02 06:49:40.043915,2019-12-02 07:27:53.741429,2019-12-02 07:28:28.741429,2019-12-02 07:42:15.424403,Replace,7,44,46,0 days 00:00:35.000000000,0 days 00:18:05.043915000
7,2019-12-02 07:40:00.000000,2019-12-02 07:40:30.000000,2019-12-02 07:57:11.290954,2019-12-02 07:57:41.290954,2019-12-02 08:28:06.393989,2019-12-02 08:28:36.393989,2019-12-02 08:44:01.739264,Replace,7,44,46,0 days 00:00:30.000000000,0 days 00:17:11.290954000
8,2019-12-02 08:42:00.000000,2019-12-02 08:42:45.000000,2019-12-02 08:58:22.203989,2019-12-02 08:58:33.283512,,,,Onsite,7,44,46,0 days 00:00:45.000000000,0 days 00:15:48.283512000
9,2019-12-02 10:53:00.000000,2019-12-02 10:53:45.000000,2019-12-02 11:07:27.839200,2019-12-02 11:08:12.839200,2019-12-02 11:38:50.800661,2019-12-02 11:39:35.800661,2019-12-02 11:54:05.198668,Replace,7,44,46,0 days 00:00:45.000000000,0 days 00:14:27.839200000
10,2019-12-02 09:48:00.000000,2019-12-02 09:48:25.000000,2019-12-02 10:04:22.784033,2019-12-02 10:04:47.784033,2019-12-02 10:35:24.674646,2019-12-02 10:35:49.674646,2019-12-02 10:53:09.318267,Replace,7,44,46,0 days 00:00:25.000000000,0 days 00:16:22.784033000
11,2019-12-02 12:11:00.000000,2019-12-02 12:11:55.000000,2019-12-02 12:26:09.851400,2019-12-02 12:26:35.267130,,,,Onsite,7,44,46,0 days 00:00:55.000000000,0 days 00:14:40.267130000
12,2019-12-02 13:33:00.000000,2019-12-02 13:33:30.000000,2019-12-02 13:46:28.804012,2019-12-02 13:46:58.804012,2019-12-02 14:35:04.749742,2019-12-02 14:35:34.749742,2019-12-02 14:51:15.672926,Replace,7,44,46,0 days 00:00:30.000000000,0 days 00:13:28.804012000
13,2019-12-02 14:30:00.000000,2019-12-02 14:30:45.000000,2019-12-02 14:43:18.208738,2019-12-02 14:44:03.208738,2019-12-02 15:20:01.671104,2019-12-02 15:20:46.671104,2019-12-02 15:41:51.075707,Replace,7,44,46,0 days 00:00:45.000000000,0 days 00:13:18.208738000
14,2019-12-02 15:42:00.000000,2019-12-02 15:42:50.000000,2019-12-02 16:05:49.579812,2019-12-02 16:06:39.579812,2019-12-02 16:30:06.764953,2019-12-02 16:30:56.764953,2019-12-02 16:45:16.400643,Replace,7,44,46,0 days 00:00:50.000000000,0 days 00:23:49.579812000
15,2019-12-02 16:58:00.000000,2019-12-02 16:58:35.000000,2019-12-02 17:15:45.205658,2019-12-02 17:15:55.820051,,,,Onsite,7,44,46,0 days 00:00:35.000000000,0 days 00:17:20.820051000
16,2019-12-02 17:56:00.000000,2019-12-02 17:56:45.000000,2019-12-02 18:16:20.580857,2019-12-02 18:16:27.029318,,,,Onsite,7,44,46,0 days 00:00:45.000000000,0 days 00:19:42.029318000
17,2019-12-02 18:58:00.000000,2019-12-02 18:58:55.000000,2019-12-02 19:14:40.545504,2019-12-02 19:15:35.545504,2019-12-02 19:58:42.864640,2019-12-02 19:59:37.864640,2019-12-02 20:18:46.838104,Replace,7,44,46,0 days 00:00:55.000000000,0 days 00:16:40.545504000
18,2019-12-02 20:12:00.000000,2019-12-02 20:12:50.000000,2019-12-02 20:28:35.534009,2019-12-02 20:29:25.534009,2019-12-02 20:53:21.722272,2019-12-02 20:54:11.722272,2019-12-02 21:07:30.824174,Replace,7,44,46,0 days 00:00:50.000000000,0 days 00:16:35.534009000
19,2019-12-02 21:23:00.000000,2019-12-02 21:23:25.000000,2019-12-02 21:37:56.630166,2019-12-02 21:38:21.630166,2019-12-02 22:19:56.850934,2019-12-02 22:20:21.850934,2019-12-02 22:43:37.815843,Replace,7,44,46,0 days 00:00:25.000000000,0 days 00:14:56.630166000
20,2019-12-02 22:22:00.000000,2019-12-02 22:22:50.000000,2019-12-02 22:42:40.943051,2019-12-02 22:42:49.063575,,,,Onsite,7,44,46,0 days 00:00:50.000000000,0 days 00:19:59.063575000
0,2019-12-02 00:59:00.000000,2019-12-02 00:00:45.000000,2019-12-02 00:15:39.117537,2019-12-02 00:15:44.750721,,,,Onsite,8,44,46,-1 days +23:01:45.000000000,0 days 00:14:59.750721000
1,2019-12-02 01:10:00.000000,2019-12-02 01:10:25.000000,2019-12-02 01:32:01.635773,2019-12-02 01:32:32.407586,,,,Onsite,8,44,46,0 days 00:00:25.000000000,0 days 00:22:07.407586000
2,2019-12-02 02:18:00.000000,2019-12-02 02:18:45.000000,2019-12-02 02:32:30.029328,2019-12-02 02:32:48.067478,,,,Onsite,8,44,46,0 days 00:00:45.000000000,0 days 00:14:03.067478000
3,2019-12-02 03:30:00.000000,2019-12-02 03:30:35.000000,2019-12-02 03:48:41.102734,2019-12-02 03:49:16.102734,2019-12-02 04:24:19.523352,2019-12-02 04:24:54.523352,2019-12-02 04:41:47.260081,Replace,8,44,46,0 days 00:00:35.000000000,0 days 00:18:41.102734000
4,2019-12-02 04:41:00.000000,2019-12-02 04:41:35.000000,2019-12-02 04:56:29.238289,2019-12-02 04:57:04.238289,2019-12-02 05:40:30.642978,2019-12-02 05:41:05.642978,2019-12-02 05:58:47.213002,Replace,8,44,46,0 days 00:00:35.000000000,0 days 00:15:29.238289000
5,2019-12-02 05:43:00.000000,2019-12-02 05:43:55.000000,2019-12-02 05:58:24.794086,2019-12-02 05:59:19.794086,2019-12-02 06:31:11.320597,2019-12-02 06:32:06.320597,2019-12-02 06:48:11.605707,Replace,8,44,46,0 days 00:00:55.000000000,0 days 00:15:24.794086000
6,2019-12-02 06:40:00.000000,2019-12-02 06:40:45.000000,2019-12-02 06:58:37.956653,2019-12-02 06:58:46.819272,,,,Onsite,8,44,46,0 days 00:00:45.000000000,0 days 00:18:01.819272000
7,2019-12-02 08:11:00.000000,2019-12-02 08:11:35.000000,2019-12-02 08:22:32.180953,2019-12-02 08:22:52.804246,,,,Onsite,8,44,46,0 days 00:00:35.000000000,0 days 00:11:17.804246000
8,2019-12-02 09:03:00.000000,2019-12-02 09:03:45.000000,2019-12-02 09:18:59.687282,2019-12-02 09:19:44.687282,2019-12-02 09:59:33.220836,2019-12-02 10:00:18.220836,2019-12-02 10:14:47.162311,Replace,8,44,46,0 days 00:00:45.000000000,0 days 00:15:59.687282000
9,2019-12-02 10:15:00.000000,2019-12-02 10:15:35.000000,2019-12-02 10:31:49.862219,2019-12-02 10:32:24.862219,2019-12-02 11:03:30.417501,2019-12-02 11:04:05.417501,2019-12-02 11:16:53.681310,Replace,8,44,46,0 days 00:00:35.000000000,0 days 00:16:49.862219000
10,2019-12-02 11:36:00.000000,2019-12-02 11:36:25.000000,2019-12-02 11:48:34.983534,2019-12-02 11:48:59.983534,2019-12-02 12:18:32.618069,2019-12-02 12:18:57.618069,2019-12-02 12:34:08.743662,Replace,8,44,46,0 days 00:00:25.000000000,0 days 00:12:34.983534000
11,2019-12-02 12:54:00.000000,2019-12-02 12:54:25.000000,2019-12-02 13:07:18.722222,2019-12-02 13:07:43.722222,2019-12-02 13:35:28.105206,2019-12-02 13:35:53.105206,2019-12-02 13:48:42.881192,Replace,8,44,46,0 days 00:00:25.000000000,0 days 00:13:18.722222000
12,2019-12-02 14:13:00.000000,2019-12-02 14:13:45.000000,2019-12-02 14:27:03.311493,2019-12-02 14:27:48.311493,2019-12-02 14:57:38.748540,2019-12-02 14:58:23.748540,2019-12-02 15:15:41.207625,Replace,8,44,46,0 days 00:00:45.000000000,0 days 00:14:03.311493000
13,2019-12-02 15:18:00.000000,2019-12-02 15:18:55.000000,2019-12-02 15:35:23.026117,2019-12-02 15:35:55.289564,,,,Onsite,8,44,46,0 days 00:00:55.000000000,0 days 00:17:00.289564000
14,2019-12-02 16:28:00.000000,2019-12-02 16:28:45.000000,2019-12-02 16:43:33.559483,2019-12-02 16:44:05.140159,,,,Onsite,8,44,46,0 days 00:00:45.000000000,0 days 00:15:20.140159000
15,2019-12-02 17:33:00.000000,2019-12-02 17:33:55.000000,2019-12-02 17:44:26.668694,2019-12-02 17:45:21.668694,2019-12-02 18:36:42.499222,2019-12-02 18:37:37.499222,2019-12-02 18:59:41.093305,Replace,8,44,46,0 days 00:00:55.000000000,0 days 00:11:26.668694000
16,2019-12-02 18:39:00.000000,2019-12-02 18:39:30.000000,2019-12-02 18:46:26.630810,2019-12-02 18:46:56.630810,2019-12-02 19:14:59.137088,2019-12-02 19:15:29.137088,2019-12-02 19:31:07.882931,Replace,8,44,46,0 days 00:00:30.000000000,0 days 00:07:26.630810000
17,2019-12-02 20:00:00.000000,2019-12-02 20:00:35.000000,2019-12-02 20:16:50.740577,2019-12-02 20:17:25.740577,2019-12-02 20:52:42.298505,2019-12-02 20:53:17.298505,2019-12-02 21:07:52.062823,Replace,8,44,46,0 days 00:00:35.000000000,0 days 00:16:50.740577000
18,2019-12-02 21:05:00.000000,2019-12-02 21:05:45.000000,2019-12-02 21:24:10.049390,2019-12-02 21:24:55.049390,2019-12-02 22:01:40.923460,2019-12-02 22:02:25.923460,2019-12-02 22:18:11.057944,Replace,8,44,46,0 days 00:00:45.000000000,0 days 00:19:10.049390000
19,2019-12-02 22:21:00.000000,2019-12-02 22:21:50.000000,2019-12-02 22:36:19.163482,2019-12-02 22:36:32.904694,,,,Onsite,8,44,46,0 days 00:00:50.000000000,0 days 00:14:42.904694000
0,2019-12-02 01:02:00.000000,2019-12-02 00:00:25.000000,2019-12-02 00:19:00.902339,2019-12-02 00:19:25.902339,2019-12-02 00:59:21.849653,2019-12-02 00:59:46.849653,2019-12-02 01:15:10.056193,Replace,9,44,46,-1 days +22:58:25.000000000,0 days 00:19:00.902339000
1,2019-12-02 01:04:00.000000,2019-12-02 01:04:45.000000,2019-12-02 01:22:04.551840,2019-12-02 01:22:49.551840,2019-12-02 01:47:15.277502,2019-12-02 01:48:00.277502,2019-12-02 02:01:14.086649,Replace,9,44,46,0 days 00:00:45.000000000,0 days 00:18:04.551840000
2,2019-12-02 01:58:00.000000,2019-12-02 01:58:50.000000,2019-12-02 02:13:58.652172,2019-12-02 02:14:12.922275,,,,Onsite,9,44,46,0 days 00:00:50.000000000,0 days 00:15:22.922275000
3,2019-12-02 03:15:00.000000,2019-12-02 03:15:30.000000,2019-12-02 03:32:32.497738,2019-12-02 03:32:41.426389,,,,Onsite,9,44,46,0 days 00:00:30.000000000,0 days 00:17:11.426389000
4,2019-12-02 04:23:00.000000,2019-12-02 04:23:35.000000,2019-12-02 04:37:36.126433,2019-12-02 04:38:11.126433,2019-12-02 05:03:48.703843,2019-12-02 05:04:23.703843,2019-12-02 05:21:53.293168,Replace,9,44,46,0 days 00:00:35.000000000,0 days 00:14:36.126433000
5,2019-12-02 05:22:00.000000,2019-12-02 05:22:30.000000,2019-12-02 05:35:28.664395,2019-12-02 05:35:58.664395,2019-12-02 06:09:02.180408,2019-12-02 06:09:32.180408,2019-12-02 06:26:57.654015,Replace,9,44,46,0 days 00:00:30.000000000,0 days 00:13:28.664395000
6,2019-12-02 06:46:00.000000,2019-12-02 06:46:35.000000,2019-12-02 06:58:47.464230,2019-12-02 06:59:02.886711,,,,Onsite,9,44,46,0 days 00:00:35.000000000,0 days 00:12:27.886711000
7,2019-12-02 09:07:00.000000,2019-12-02 09:07:45.000000,2019-12-02 09:28:34.509345,2019-12-02 09:28:54.045715,,,,Onsite,9,44,46,0 days 00:00:45.000000000,0 days 00:21:09.045715000
8,2019-12-02 07:49:00.000000,2019-12-02 07:49:30.000000,2019-12-02 08:02:56.024509,2019-12-02 08:03:26.024509,2019-12-02 08:50:16.639180,2019-12-02 08:50:46.639180,2019-12-02 09:07:26.695015,Replace,9,44,46,0 days 00:00:30.000000000,0 days 00:13:56.024509000
9,2019-12-02 10:11:00.000000,2019-12-02 10:11:55.000000,2019-12-02 10:28:33.367754,2019-12-02 10:29:28.367754,2019-12-02 11:07:08.945846,2019-12-02 11:08:03.945846,2019-12-02 11:22:45.916511,Replace,9,44,46,0 days 00:00:55.000000000,0 days 00:17:33.367754000
10,2019-12-02 11:18:00.000000,2019-12-02 11:18:30.000000,2019-12-02 11:40:33.415648,2019-12-02 11:41:03.415648,2019-12-02 12:28:18.866666,2019-12-02 12:28:48.866666,2019-12-02 12:52:23.723931,Replace,9,44,46,0 days 00:00:30.000000000,0 days 00:22:33.415648000
11,2019-12-02 12:33:00.000000,2019-12-02 12:33:25.000000,2019-12-02 12:47:33.566889,2019-12-02 12:47:46.078887,,,,Onsite,9,44,46,0 days 00:00:25.000000000,0 days 00:14:21.078887000
12,2019-12-02 13:41:00.000000,2019-12-02 13:41:35.000000,2019-12-02 13:57:33.881082,2019-12-02 13:58:08.881082,2019-12-02 14:40:38.337302,2019-12-02 14:41:13.337302,2019-12-02 14:53:26.609015,Replace,9,44,46,0 days 00:00:35.000000000,0 days 00:16:33.881082000
13,2019-12-02 14:50:00.000000,2019-12-02 14:50:55.000000,2019-12-02 15:07:49.580777,2019-12-02 15:07:54.835526,,,,Onsite,9,44,46,0 days 00:00:55.000000000,0 days 00:16:59.835526000
14,2019-12-02 15:56:00.000000,2019-12-02 15:56:30.000000,2019-12-02 16:12:23.225488,2019-12-02 16:12:29.637423,,,,Onsite,9,44,46,0 days 00:00:30.000000000,0 days 00:15:59.637423000
15,2019-12-02 17:00:00.000000,2019-12-02 17:00:55.000000,2019-12-02 17:17:55.475917,2019-12-02 17:18:50.475917,2019-12-02 17:47:40.332588,2019-12-02 17:48:35.332588,2019-12-02 18:08:23.520297,Replace,9,44,46,0 days 00:00:55.000000000,0 days 00:17:55.475917000
16,2019-12-02 18:05:00.000000,2019-12-02 18:05:50.000000,2019-12-02 18:22:22.521595,2019-12-02 18:23:12.521595,2019-12-02 18:57:02.267578,2019-12-02 18:57:52.267578,2019-12-02 19:15:02.058254,Replace,9,44,46,0 days 00:00:50.000000000,0 days 00:17:22.521595000
17,2019-12-02 19:09:00.000000,2019-12-02 19:09:35.000000,2019-12-02 19:22:01.647035,2019-12-02 19:22:27.146067,,,,Onsite,9,44,46,0 days 00:00:35.000000000,0 days 00:12:52.146067000
18,2019-12-02 20:13:00.000000,2019-12-02 20:13:25.000000,2019-12-02 20:33:05.794230,2019-12-02 20:33:30.794230,2019-12-02 21:00:44.536302,2019-12-02 21:01:09.536302,2019-12-02 21:18:26.419632,Replace,9,44,46,0 days 00:00:25.000000000,0 days 00:20:05.794230000
19,2019-12-02 21:34:00.000000,2019-12-02 21:34:45.000000,2019-12-02 21:52:05.137156,2019-12-02 21:52:28.638137,,,,Onsite,9,44,46,0 days 00:00:45.000000000,0 days 00:17:43.638137000
0,2019-12-02 01:16:00.000000,2019-12-02 00:00:50.000000,2019-12-02 00:15:51.381856,2019-12-02 00:16:41.381856,2019-12-02 00:53:49.462467,2019-12-02 00:54:39.462467,2019-12-02 01:14:58.241508,Replace,1,44,47,-1 days +22:44:50.000000000,0 days 00:15:51.381856000
1,2019-12-02 01:15:00.000000,2019-12-02 01:15:45.000000,2019-12-02 01:31:21.715392,2019-12-02 01:32:06.715392,2019-12-02 02:03:41.129246,2019-12-02 02:04:26.129246,2019-12-02 02:20:53.250378,Replace,1,44,47,0 days 00:00:45.000000000,0 days 00:16:21.715392000
2,2019-12-02 02:20:00.000000,2019-12-02 02:20:45.000000,2019-12-02 02:33:47.163262,2019-12-02 02:34:30.702899,,,,Onsite,1,44,47,0 days 00:00:45.000000000,0 days 00:13:45.702899000
3,2019-12-02 03:22:00.000000,2019-12-02 03:22:35.000000,2019-12-02 03:42:10.494981,2019-12-02 03:42:45.494981,2019-12-02 04:11:56.327447,2019-12-02 04:12:31.327447,2019-12-02 04:24:50.800935,Replace,1,44,47,0 days 00:00:35.000000000,0 days 00:20:10.494981000
4,2019-12-02 04:29:00.000000,2019-12-02 04:29:50.000000,2019-12-02 04:40:50.559336,2019-12-02 04:41:40.559336,2019-12-02 05:31:01.963566,2019-12-02 05:31:51.963566,2019-12-02 05:51:02.861012,Replace,1,44,47,0 days 00:00:50.000000000,0 days 00:11:50.559336000
5,2019-12-02 05:42:00.000000,2019-12-02 05:42:35.000000,2019-12-02 06:01:04.932870,2019-12-02 06:01:34.903906,,,,Onsite,1,44,47,0 days 00:00:35.000000000,0 days 00:18:59.903906000
6,2019-12-02 06:50:00.000000,2019-12-02 06:50:25.000000,2019-12-02 07:05:54.400835,2019-12-02 07:06:20.898197,,,,Onsite,1,44,47,0 days 00:00:25.000000000,0 days 00:15:55.898197000
7,2019-12-02 08:00:00.000000,2019-12-02 08:00:45.000000,2019-12-02 08:22:23.102114,2019-12-02 08:22:36.802539,,,,Onsite,1,44,47,0 days 00:00:45.000000000,0 days 00:21:51.802539000
8,2019-12-02 08:57:00.000000,2019-12-02 08:57:55.000000,2019-12-02 09:15:32.765149,2019-12-02 09:16:27.765149,2019-12-02 09:48:06.699155,2019-12-02 09:49:01.699155,2019-12-02 10:05:30.473025,Replace,1,44,47,0 days 00:00:55.000000000,0 days 00:18:32.765149000
9,2019-12-02 10:07:00.000000,2019-12-02 10:07:45.000000,2019-12-02 10:23:22.491744,2019-12-02 10:24:07.491744,2019-12-02 11:03:02.107953,2019-12-02 11:03:47.107953,2019-12-02 11:20:21.368398,Replace,1,44,47,0 days 00:00:45.000000000,0 days 00:16:22.491744000
10,2019-12-02 11:18:00.000000,2019-12-02 11:18:35.000000,2019-12-02 11:36:45.003282,2019-12-02 11:36:53.053040,,,,Onsite,1,44,47,0 days 00:00:35.000000000,0 days 00:18:18.053040000
11,2019-12-02 12:28:00.000000,2019-12-02 12:28:50.000000,2019-12-02 12:46:01.149077,2019-12-02 12:46:51.149077,2019-12-02 13:31:29.790330,2019-12-02 13:32:19.790330,2019-12-02 13:53:22.580208,Replace,1,44,47,0 days 00:00:50.000000000,0 days 00:18:01.149077000
12,2019-12-02 13:37:00.000000,2019-12-02 13:37:30.000000,2019-12-02 13:54:14.300910,2019-12-02 13:54:34.976334,,,,Onsite,1,44,47,0 days 00:00:30.000000000,0 days 00:17:04.976334000
13,2019-12-02 14:56:00.000000,2019-12-02 14:56:50.000000,2019-12-02 15:14:49.217462,2019-12-02 15:15:39.217462,2019-12-02 15:55:40.830055,2019-12-02 15:56:30.830055,2019-12-02 16:11:32.079883,Replace,1,44,47,0 days 00:00:50.000000000,0 days 00:18:49.217462000
14,2019-12-02 16:15:00.000000,2019-12-02 16:15:30.000000,2019-12-02 16:27:02.062364,2019-12-02 16:27:32.062364,2019-12-02 16:54:55.120682,2019-12-02 16:55:25.120682,2019-12-02 17:08:04.081577,Replace,1,44,47,0 days 00:00:30.000000000,0 days 00:12:02.062364000
15,2019-12-02 17:32:00.000000,2019-12-02 17:32:25.000000,2019-12-02 17:51:43.102277,2019-12-02 17:52:08.102277,2019-12-02 18:27:41.567669,2019-12-02 18:28:06.567669,2019-12-02 18:44:46.806297,Replace,1,44,47,0 days 00:00:25.000000000,0 days 00:19:43.102277000
16,2019-12-02 18:48:00.000000,2019-12-02 18:48:50.000000,2019-12-02 19:03:03.767332,2019-12-02 19:03:53.767332,2019-12-02 19:42:00.006003,2019-12-02 19:42:50.006003,2019-12-02 19:59:23.042818,Replace,1,44,47,0 days 00:00:50.000000000,0 days 00:15:03.767332000
17,2019-12-02 19:49:00.000000,2019-12-02 19:49:55.000000,2019-12-02 20:06:38.657872,2019-12-02 20:07:33.657872,2019-12-02 20:47:13.625510,2019-12-02 20:48:08.625510,2019-12-02 21:07:28.605183,Replace,1,44,47,0 days 00:00:55.000000000,0 days 00:17:38.657872000
18,2019-12-02 20:59:00.000000,2019-12-02 20:59:25.000000,2019-12-02 21:18:41.400467,2019-12-02 21:18:49.420889,,,,Onsite,1,44,47,0 days 00:00:25.000000000,0 days 00:19:24.420889000
0,2019-12-02 01:00:00.000000,2019-12-02 00:00:25.000000,2019-12-02 00:18:26.155928,2019-12-02 00:18:51.155928,2019-12-02 00:59:38.502013,2019-12-02 01:00:03.502013,2019-12-02 01:17:10.739935,Replace,2,44,47,-1 days +23:00:25.000000000,0 days 00:18:26.155928000
1,2019-12-02 01:04:00.000000,2019-12-02 01:04:45.000000,2019-12-02 01:20:09.473049,2019-12-02 01:20:54.473049,2019-12-02 01:46:30.629988,2019-12-02 01:47:15.629988,2019-12-02 02:02:12.022458,Replace,2,44,47,0 days 00:00:45.000000000,0 days 00:16:09.473049000
2,2019-12-02 02:18:00.000000,2019-12-02 02:18:25.000000,2019-12-02 02:36:18.458599,2019-12-02 02:36:21.232042,,,,Onsite,2,44,47,0 days 00:00:25.000000000,0 days 00:17:56.232042000
3,2019-12-02 03:38:00.000000,2019-12-02 03:38:25.000000,2019-12-02 03:59:36.040443,2019-12-02 03:59:51.146299,,,,Onsite,2,44,47,0 days 00:00:25.000000000,0 days 00:21:26.146299000
4,2019-12-02 04:34:00.000000,2019-12-02 04:34:45.000000,2019-12-02 04:48:27.704256,2019-12-02 04:49:12.704256,2019-12-02 05:19:33.817046,2019-12-02 05:20:18.817046,2019-12-02 05:35:10.591743,Replace,2,44,47,0 days 00:00:45.000000000,0 days 00:14:27.704256000
5,2019-12-02 05:53:00.000000,2019-12-02 05:53:35.000000,2019-12-02 06:11:57.625485,2019-12-02 06:12:32.625485,2019-12-02 06:45:24.011237,2019-12-02 06:45:59.011237,2019-12-02 06:59:30.304193,Replace,2,44,47,0 days 00:00:35.000000000,0 days 00:18:57.625485000
6,2019-12-02 07:02:00.000000,2019-12-02 07:02:55.000000,2019-12-02 07:23:46.841326,2019-12-02 07:24:41.841326,2019-12-02 07:59:16.752278,2019-12-02 08:00:11.752278,2019-12-02 08:15:33.353896,Replace,2,44,47,0 days 00:00:55.000000000,0 days 00:21:46.841326000
7,2019-12-02 08:12:00.000000,2019-12-02 08:12:50.000000,2019-12-02 08:31:02.952919,2019-12-02 08:31:52.952919,2019-12-02 09:11:47.810895,2019-12-02 09:12:37.810895,2019-12-02 09:32:10.396350,Replace,2,44,47,0 days 00:00:50.000000000,0 days 00:19:02.952919000
8,2019-12-02 09:13:00.000000,2019-12-02 09:13:25.000000,2019-12-02 09:29:19.809897,2019-12-02 09:29:44.809897,2019-12-02 10:05:42.627412,2019-12-02 10:06:07.627412,2019-12-02 10:24:37.044104,Replace,2,44,47,0 days 00:00:25.000000000,0 days 00:16:19.809897000
9,2019-12-02 10:25:00.000000,2019-12-02 10:25:30.000000,2019-12-02 10:40:17.892554,2019-12-02 10:40:47.892554,2019-12-02 11:10:51.797559,2019-12-02 11:11:21.797559,2019-12-02 11:25:08.658589,Replace,2,44,47,0 days 00:00:30.000000000,0 days 00:15:17.892554000
10,2019-12-02 11:30:00.000000,2019-12-02 11:30:35.000000,2019-12-02 11:48:03.983309,2019-12-02 11:48:15.513278,,,,Onsite,2,44,47,0 days 00:00:35.000000000,0 days 00:17:40.513278000
11,2019-12-02 12:31:00.000000,2019-12-02 12:31:25.000000,2019-12-02 12:42:36.482859,2019-12-02 12:43:01.482859,2019-12-02 13:19:38.426619,2019-12-02 13:20:03.426619,2019-12-02 13:36:38.013059,Replace,2,44,47,0 days 00:00:25.000000000,0 days 00:11:36.482859000
12,2019-12-02 13:34:00.000000,2019-12-02 13:34:30.000000,2019-12-02 13:49:53.028643,2019-12-02 13:50:23.028643,2019-12-02 14:41:30.458221,2019-12-02 14:42:00.458221,2019-12-02 14:58:44.266101,Replace,2,44,47,0 days 00:00:30.000000000,0 days 00:15:53.028643000
13,2019-12-02 14:45:00.000000,2019-12-02 14:45:50.000000,2019-12-02 14:58:05.799740,2019-12-02 14:58:55.799740,2019-12-02 15:48:46.171882,2019-12-02 15:49:36.171882,2019-12-02 16:09:10.382541,Replace,2,44,47,0 days 00:00:50.000000000,0 days 00:13:05.799740000
14,2019-12-02 16:06:00.000000,2019-12-02 16:06:45.000000,2019-12-02 16:20:58.783706,2019-12-02 16:21:43.783706,2019-12-02 17:06:11.576333,2019-12-02 17:06:56.576333,2019-12-02 17:25:10.716808,Replace,2,44,47,0 days 00:00:45.000000000,0 days 00:14:58.783706000
15,2019-12-02 17:15:00.000000,2019-12-02 17:15:25.000000,2019-12-02 17:28:46.560469,2019-12-02 17:28:59.325511,,,,Onsite,2,44,47,0 days 00:00:25.000000000,0 days 00:13:34.325511000
16,2019-12-02 18:25:00.000000,2019-12-02 18:25:30.000000,2019-12-02 18:44:08.192719,2019-12-02 18:44:15.627612,,,,Onsite,2,44,47,0 days 00:00:30.000000000,0 days 00:18:45.627612000
17,2019-12-02 19:44:00.000000,2019-12-02 19:44:45.000000,2019-12-02 19:59:49.937178,2019-12-02 20:00:34.937178,2019-12-02 20:38:14.856621,2019-12-02 20:38:59.856621,2019-12-02 21:01:53.882990,Replace,2,44,47,0 days 00:00:45.000000000,0 days 00:15:49.937178000
18,2019-12-02 20:50:00.000000,2019-12-02 20:50:45.000000,2019-12-02 21:02:49.314126,2019-12-02 21:03:34.314126,2019-12-02 21:31:59.497673,2019-12-02 21:32:44.497673,2019-12-02 21:54:08.797942,Replace,2,44,47,0 days 00:00:45.000000000,0 days 00:12:49.314126000
19,2019-12-02 22:11:00.000000,2019-12-02 22:11:45.000000,2019-12-02 22:29:50.992849,2019-12-02 22:30:07.759286,,,,Onsite,2,44,47,0 days 00:00:45.000000000,0 days 00:18:22.759286000
0,2019-12-02 01:03:00.000000,2019-12-02 01:03:45.000000,2019-12-02 01:17:50.819165,2019-12-02 01:18:12.687633,,,,Onsite,3,44,47,0 days 00:00:45.000000000,0 days 00:14:27.687633000
1,2019-12-02 01:14:00.000000,2019-12-02 00:00:55.000000,2019-12-02 00:21:18.720388,2019-12-02 00:22:13.720388,2019-12-02 01:02:10.549908,2019-12-02 01:03:05.549908,2019-12-02 01:24:51.876315,Replace,3,44,47,-1 days +22:46:55.000000000,0 days 00:21:18.720388000
2,2019-12-02 02:19:00.000000,2019-12-02 02:19:35.000000,2019-12-02 02:37:52.781185,2019-12-02 02:38:27.781185,2019-12-02 03:07:21.692978,2019-12-02 03:07:56.692978,2019-12-02 03:26:44.837518,Replace,3,44,47,0 days 00:00:35.000000000,0 days 00:18:52.781185000
3,2019-12-02 03:27:00.000000,2019-12-02 03:27:45.000000,2019-12-02 03:40:05.399478,2019-12-02 03:40:18.531608,,,,Onsite,3,44,47,0 days 00:00:45.000000000,0 days 00:12:33.531608000
4,2019-12-02 04:47:00.000000,2019-12-02 04:47:25.000000,2019-12-02 05:04:16.653099,2019-12-02 05:04:19.538893,,,,Onsite,3,44,47,0 days 00:00:25.000000000,0 days 00:16:54.538893000
5,2019-12-02 05:41:00.000000,2019-12-02 05:41:45.000000,2019-12-02 05:55:38.931039,2019-12-02 05:55:49.661865,,,,Onsite,3,44,47,0 days 00:00:45.000000000,0 days 00:14:04.661865000
6,2019-12-02 06:39:00.000000,2019-12-02 06:39:55.000000,2019-12-02 06:52:20.752843,2019-12-02 06:53:15.752843,2019-12-02 07:29:29.238036,2019-12-02 07:30:24.238036,2019-12-02 07:51:38.026095,Replace,3,44,47,0 days 00:00:55.000000000,0 days 00:13:20.752843000
7,2019-12-02 07:42:00.000000,2019-12-02 07:42:45.000000,2019-12-02 07:59:30.448460,2019-12-02 07:59:56.954449,,,,Onsite,3,44,47,0 days 00:00:45.000000000,0 days 00:17:11.954449000
8,2019-12-02 08:45:00.000000,2019-12-02 08:45:55.000000,2019-12-02 08:58:47.187784,2019-12-02 08:59:42.187784,2019-12-02 09:35:29.183304,2019-12-02 09:36:24.183304,2019-12-02 09:46:40.661280,Replace,3,44,47,0 days 00:00:55.000000000,0 days 00:13:47.187784000
9,2019-12-02 09:56:00.000000,2019-12-02 09:56:25.000000,2019-12-02 10:12:08.874403,2019-12-02 10:12:35.564848,,,,Onsite,3,44,47,0 days 00:00:25.000000000,0 days 00:16:10.564848000
10,2019-12-02 11:05:00.000000,2019-12-02 11:05:55.000000,2019-12-02 11:22:45.217442,2019-12-02 11:23:40.217442,2019-12-02 12:04:08.530092,2019-12-02 12:05:03.530092,2019-12-02 12:24:58.104687,Replace,3,44,47,0 days 00:00:55.000000000,0 days 00:17:45.217442000
11,2019-12-02 12:27:00.000000,2019-12-02 12:27:30.000000,2019-12-02 12:42:06.309207,2019-12-02 12:42:36.309207,2019-12-02 13:24:17.377988,2019-12-02 13:24:47.377988,2019-12-02 13:43:23.898014,Replace,3,44,47,0 days 00:00:30.000000000,0 days 00:15:06.309207000
12,2019-12-02 13:39:00.000000,2019-12-02 13:39:25.000000,2019-12-02 13:57:00.088516,2019-12-02 13:57:25.088516,2019-12-02 14:38:09.535612,2019-12-02 14:38:34.535612,2019-12-02 15:01:22.421278,Replace,3,44,47,0 days 00:00:25.000000000,0 days 00:18:00.088516000
13,2019-12-02 14:36:00.000000,2019-12-02 14:36:45.000000,2019-12-02 14:56:07.790231,2019-12-02 14:56:52.790231,2019-12-02 15:43:40.212223,2019-12-02 15:44:25.212223,2019-12-02 16:07:46.924918,Replace,3,44,47,0 days 00:00:45.000000000,0 days 00:20:07.790231000
14,2019-12-02 15:56:00.000000,2019-12-02 15:56:45.000000,2019-12-02 16:13:10.622158,2019-12-02 16:13:55.622158,2019-12-02 16:55:33.709357,2019-12-02 16:56:18.709357,2019-12-02 17:20:00.633411,Replace,3,44,47,0 days 00:00:45.000000000,0 days 00:17:10.622158000
15,2019-12-02 16:46:00.000000,2019-12-02 16:46:45.000000,2019-12-02 17:05:48.285276,2019-12-02 17:06:33.285276,2019-12-02 17:28:57.591032,2019-12-02 17:29:42.591032,2019-12-02 17:47:42.121059,Replace,3,44,47,0 days 00:00:45.000000000,0 days 00:19:48.285276000
16,2019-12-02 17:49:00.000000,2019-12-02 17:49:35.000000,2019-12-02 18:00:45.998166,2019-12-02 18:01:20.998166,2019-12-02 18:49:35.487681,2019-12-02 18:50:10.487681,2019-12-02 19:07:42.420515,Replace,3,44,47,0 days 00:00:35.000000000,0 days 00:11:45.998166000
17,2019-12-02 18:56:00.000000,2019-12-02 18:56:50.000000,2019-12-02 19:12:19.883145,2019-12-02 19:13:09.883145,2019-12-02 19:42:27.870739,2019-12-02 19:43:17.870739,2019-12-02 20:01:00.617721,Replace,3,44,47,0 days 00:00:50.000000000,0 days 00:16:19.883145000
18,2019-12-02 20:08:00.000000,2019-12-02 20:08:45.000000,2019-12-02 20:25:25.214963,2019-12-02 20:26:10.214963,2019-12-02 21:07:04.187953,2019-12-02 21:07:49.187953,2019-12-02 21:21:51.247581,Replace,3,44,47,0 days 00:00:45.000000000,0 days 00:17:25.214963000
19,2019-12-02 21:08:00.000000,2019-12-02 21:08:25.000000,2019-12-02 21:26:34.380170,2019-12-02 21:26:44.847796,,,,Onsite,3,44,47,0 days 00:00:25.000000000,0 days 00:18:19.847796000
20,2019-12-02 22:16:00.000000,2019-12-02 22:16:35.000000,2019-12-02 22:30:02.040644,2019-12-02 22:30:20.513207,,,,Onsite,3,44,47,0 days 00:00:35.000000000,0 days 00:13:45.513207000
0,2019-12-02 01:07:00.000000,2019-12-02 00:00:25.000000,2019-12-02 00:17:56.927203,2019-12-02 00:18:21.927203,2019-12-02 00:54:47.000308,2019-12-02 00:55:12.000308,2019-12-02 01:15:34.605447,Replace,4,44,47,-1 days +22:53:25.000000000,0 days 00:17:56.927203000
1,2019-12-02 01:01:00.000000,2019-12-02 01:01:45.000000,2019-12-02 01:22:59.245659,2019-12-02 01:23:20.777054,,,,Onsite,4,44,47,0 days 00:00:45.000000000,0 days 00:21:35.777054000
2,2019-12-02 02:11:00.000000,2019-12-02 02:11:50.000000,2019-12-02 02:27:21.880055,2019-12-02 02:28:11.880055,2019-12-02 03:03:08.451763,2019-12-02 03:03:58.451763,2019-12-02 03:20:21.255013,Replace,4,44,47,0 days 00:00:50.000000000,0 days 00:16:21.880055000
3,2019-12-02 03:18:00.000000,2019-12-02 03:18:50.000000,2019-12-02 03:37:51.385201,2019-12-02 03:38:41.385201,2019-12-02 04:03:31.071247,2019-12-02 04:04:21.071247,2019-12-02 04:21:36.237498,Replace,4,44,47,0 days 00:00:50.000000000,0 days 00:19:51.385201000
4,2019-12-02 04:15:00.000000,2019-12-02 04:15:35.000000,2019-12-02 04:35:12.719371,2019-12-02 04:35:30.364755,,,,Onsite,4,44,47,0 days 00:00:35.000000000,0 days 00:19:55.364755000
5,2019-12-02 05:30:00.000000,2019-12-02 05:30:50.000000,2019-12-02 05:41:39.471418,2019-12-02 05:41:54.136541,,,,Onsite,4,44,47,0 days 00:00:50.000000000,0 days 00:11:04.136541000
6,2019-12-02 06:39:00.000000,2019-12-02 06:39:45.000000,2019-12-02 06:53:02.133080,2019-12-02 06:53:21.764829,,,,Onsite,4,44,47,0 days 00:00:45.000000000,0 days 00:13:36.764829000
7,2019-12-02 07:40:00.000000,2019-12-02 07:40:50.000000,2019-12-02 08:00:46.974127,2019-12-02 08:01:36.974127,2019-12-02 08:35:18.776834,2019-12-02 08:36:08.776834,2019-12-02 08:49:22.551867,Replace,4,44,47,0 days 00:00:50.000000000,0 days 00:20:46.974127000
8,2019-12-02 08:43:00.000000,2019-12-02 08:43:55.000000,2019-12-02 08:56:48.039077,2019-12-02 08:57:43.039077,2019-12-02 09:33:20.689085,2019-12-02 09:34:15.689085,2019-12-02 09:53:48.834181,Replace,4,44,47,0 days 00:00:55.000000000,0 days 00:13:48.039077000
9,2019-12-02 09:57:00.000000,2019-12-02 09:57:45.000000,2019-12-02 10:13:23.132702,2019-12-02 10:14:08.132702,2019-12-02 10:45:21.419317,2019-12-02 10:46:06.419317,2019-12-02 11:02:03.187241,Replace,4,44,47,0 days 00:00:45.000000000,0 days 00:16:23.132702000
10,2019-12-02 11:06:00.000000,2019-12-02 11:06:45.000000,2019-12-02 11:26:08.850392,2019-12-02 11:26:53.850392,2019-12-02 12:02:06.673972,2019-12-02 12:02:51.673972,2019-12-02 12:18:27.133715,Replace,4,44,47,0 days 00:00:45.000000000,0 days 00:20:08.850392000
11,2019-12-02 12:08:00.000000,2019-12-02 12:08:30.000000,2019-12-02 12:21:44.117075,2019-12-02 12:22:14.117075,2019-12-02 13:01:17.505396,2019-12-02 13:01:47.505396,2019-12-02 13:13:47.020868,Replace,4,44,47,0 days 00:00:30.000000000,0 days 00:13:44.117075000
12,2019-12-02 13:07:00.000000,2019-12-02 13:07:35.000000,2019-12-02 13:25:33.975298,2019-12-02 13:26:08.975298,2019-12-02 14:04:23.785926,2019-12-02 14:04:58.785926,2019-12-02 14:21:16.293896,Replace,4,44,47,0 days 00:00:35.000000000,0 days 00:18:33.975298000
13,2019-12-02 14:12:00.000000,2019-12-02 14:12:30.000000,2019-12-02 14:27:57.762858,2019-12-02 14:28:27.762858,2019-12-02 14:58:55.281874,2019-12-02 14:59:25.281874,2019-12-02 15:20:45.034907,Replace,4,44,47,0 days 00:00:30.000000000,0 days 00:15:57.762858000
14,2019-12-02 15:17:00.000000,2019-12-02 15:17:45.000000,2019-12-02 15:34:54.176650,2019-12-02 15:35:39.176650,2019-12-02 16:21:13.714110,2019-12-02 16:21:58.714110,2019-12-02 16:37:53.010273,Replace,4,44,47,0 days 00:00:45.000000000,0 days 00:17:54.176650000
15,2019-12-02 16:30:00.000000,2019-12-02 16:30:45.000000,2019-12-02 16:48:33.806221,2019-12-02 16:49:18.806221,2019-12-02 17:41:04.032048,2019-12-02 17:41:49.032048,2019-12-02 18:03:45.423893,Replace,4,44,47,0 days 00:00:45.000000000,0 days 00:18:33.806221000
16,2019-12-02 17:43:00.000000,2019-12-02 17:43:35.000000,2019-12-02 18:03:23.711347,2019-12-02 18:03:58.711347,2019-12-02 18:37:27.759405,2019-12-02 18:38:02.759405,2019-12-02 18:51:22.650287,Replace,4,44,47,0 days 00:00:35.000000000,0 days 00:20:23.711347000
17,2019-12-02 19:05:00.000000,2019-12-02 19:05:30.000000,2019-12-02 19:19:13.210828,2019-12-02 19:19:43.210828,2019-12-02 19:49:29.675958,2019-12-02 19:49:59.675958,2019-12-02 20:07:29.278264,Replace,4,44,47,0 days 00:00:30.000000000,0 days 00:14:13.210828000
18,2019-12-02 20:05:00.000000,2019-12-02 20:05:35.000000,2019-12-02 20:22:50.878293,2019-12-02 20:23:02.501080,,,,Onsite,4,44,47,0 days 00:00:35.000000000,0 days 00:17:27.501080000
0,2019-12-02 01:08:00.000000,2019-12-02 00:00:55.000000,2019-12-02 00:18:47.546827,2019-12-02 00:19:02.328743,,,,Onsite,5,44,47,-1 days +22:52:55.000000000,0 days 00:18:07.328743000
1,2019-12-02 01:13:00.000000,2019-12-02 01:13:35.000000,2019-12-02 01:28:01.321930,2019-12-02 01:28:21.717551,,,,Onsite,5,44,47,0 days 00:00:35.000000000,0 days 00:14:46.717551000
2,2019-12-02 02:21:00.000000,2019-12-02 02:21:30.000000,2019-12-02 02:39:55.533780,2019-12-02 02:40:25.533780,2019-12-02 03:04:29.650228,2019-12-02 03:04:59.650228,2019-12-02 03:25:38.684168,Replace,5,44,47,0 days 00:00:30.000000000,0 days 00:18:55.533780000
3,2019-12-02 03:21:00.000000,2019-12-02 03:21:50.000000,2019-12-02 03:44:32.149454,2019-12-02 03:44:41.153223,,,,Onsite,5,44,47,0 days 00:00:50.000000000,0 days 00:22:51.153223000
4,2019-12-02 04:36:00.000000,2019-12-02 04:36:45.000000,2019-12-02 04:49:46.752410,2019-12-02 04:50:31.752410,2019-12-02 05:34:14.650971,2019-12-02 05:34:59.650971,2019-12-02 05:50:37.024031,Replace,5,44,47,0 days 00:00:45.000000000,0 days 00:13:46.752410000
5,2019-12-02 05:41:00.000000,2019-12-02 05:41:50.000000,2019-12-02 05:56:30.170709,2019-12-02 05:56:32.642899,,,,Onsite,5,44,47,0 days 00:00:50.000000000,0 days 00:14:42.642899000
6,2019-12-02 07:07:00.000000,2019-12-02 07:07:45.000000,2019-12-02 07:25:45.883275,2019-12-02 07:25:50.056097,,,,Onsite,5,44,47,0 days 00:00:45.000000000,0 days 00:18:05.056097000
7,2019-12-02 08:16:00.000000,2019-12-02 08:16:55.000000,2019-12-02 08:33:29.770961,2019-12-02 08:34:24.770961,2019-12-02 08:59:30.635895,2019-12-02 09:00:25.635895,2019-12-02 09:11:45.885244,Replace,5,44,47,0 days 00:00:55.000000000,0 days 00:17:29.770961000
8,2019-12-02 09:18:00.000000,2019-12-02 09:18:25.000000,2019-12-02 09:39:39.815387,2019-12-02 09:40:04.815387,2019-12-02 10:14:49.700260,2019-12-02 10:15:14.700260,2019-12-02 10:33:16.213873,Replace,5,44,47,0 days 00:00:25.000000000,0 days 00:21:39.815387000
9,2019-12-02 10:45:00.000000,2019-12-02 10:45:45.000000,2019-12-02 10:56:54.097452,2019-12-02 10:57:39.097452,2019-12-02 11:31:55.781757,2019-12-02 11:32:40.781757,2019-12-02 11:54:30.442240,Replace,5,44,47,0 days 00:00:45.000000000,0 days 00:11:54.097452000
10,2019-12-02 12:03:00.000000,2019-12-02 12:03:25.000000,2019-12-02 12:19:08.784702,2019-12-02 12:19:33.784702,2019-12-02 12:57:52.754799,2019-12-02 12:58:17.754799,2019-12-02 13:14:27.285399,Replace,5,44,47,0 days 00:00:25.000000000,0 days 00:16:08.784702000
11,2019-12-02 13:28:00.000000,2019-12-02 13:28:45.000000,2019-12-02 13:43:21.098801,2019-12-02 13:44:06.098801,2019-12-02 14:36:08.054040,2019-12-02 14:36:53.054040,2019-12-02 14:49:10.683573,Replace,5,44,47,0 days 00:00:45.000000000,0 days 00:15:21.098801000
12,2019-12-02 14:28:00.000000,2019-12-02 14:28:30.000000,2019-12-02 14:40:40.313284,2019-12-02 14:41:10.313284,2019-12-02 15:15:37.203519,2019-12-02 15:16:07.203519,2019-12-02 15:34:32.270235,Replace,5,44,47,0 days 00:00:30.000000000,0 days 00:12:40.313284000
13,2019-12-02 15:35:00.000000,2019-12-02 15:35:45.000000,2019-12-02 15:52:08.783872,2019-12-02 15:52:18.792291,,,,Onsite,5,44,47,0 days 00:00:45.000000000,0 days 00:16:33.792291000
14,2019-12-02 16:50:00.000000,2019-12-02 16:50:35.000000,2019-12-02 17:05:34.954782,2019-12-02 17:05:39.785287,,,,Onsite,5,44,47,0 days 00:00:35.000000000,0 days 00:15:04.785287000
15,2019-12-02 17:44:00.000000,2019-12-02 17:44:30.000000,2019-12-02 17:59:10.937627,2019-12-02 17:59:40.937627,2019-12-02 18:54:10.787562,2019-12-02 18:54:40.787562,2019-12-02 19:07:37.554120,Replace,5,44,47,0 days 00:00:30.000000000,0 days 00:15:10.937627000
16,2019-12-02 18:58:00.000000,2019-12-02 18:58:25.000000,2019-12-02 19:15:43.279171,2019-12-02 19:16:08.279171,2019-12-02 19:46:02.527430,2019-12-02 19:46:27.527430,2019-12-02 20:02:28.794849,Replace,5,44,47,0 days 00:00:25.000000000,0 days 00:17:43.279171000
17,2019-12-02 20:23:00.000000,2019-12-02 20:23:45.000000,2019-12-02 20:40:20.238074,2019-12-02 20:40:39.752437,,,,Onsite,5,44,47,0 days 00:00:45.000000000,0 days 00:16:54.752437000
18,2019-12-02 21:19:00.000000,2019-12-02 21:19:30.000000,2019-12-02 21:38:56.906547,2019-12-02 21:39:10.804214,,,,Onsite,5,44,47,0 days 00:00:30.000000000,0 days 00:19:40.804214000
19,2019-12-02 22:39:00.000000,2019-12-02 22:39:45.000000,2019-12-02 22:57:10.033272,2019-12-02 22:57:33.223461,,,,Onsite,5,44,47,0 days 00:00:45.000000000,0 days 00:17:48.223461000
0,2019-12-02 01:02:00.000000,2019-12-02 01:02:30.000000,2019-12-02 01:16:37.488041,2019-12-02 01:17:07.488041,2019-12-02 01:49:49.689897,2019-12-02 01:50:19.689897,2019-12-02 02:06:56.215171,Replace,6,44,47,0 days 00:00:30.000000000,0 days 00:14:37.488041000
1,2019-12-02 01:17:00.000000,2019-12-02 00:00:35.000000,2019-12-02 00:19:56.963063,2019-12-02 00:20:31.963063,2019-12-02 01:01:26.324390,2019-12-02 01:02:01.324390,2019-12-02 01:23:22.658780,Replace,6,44,47,-1 days +22:43:35.000000000,0 days 00:19:56.963063000
2,2019-12-02 03:15:00.000000,2019-12-02 03:15:55.000000,2019-12-02 03:25:19.210609,2019-12-02 03:26:14.210609,2019-12-02 04:03:24.428348,2019-12-02 04:04:19.428348,2019-12-02 04:17:33.082809,Replace,6,44,47,0 days 00:00:55.000000000,0 days 00:10:19.210609000
3,2019-12-02 02:10:00.000000,2019-12-02 02:10:45.000000,2019-12-02 02:28:29.520130,2019-12-02 02:29:14.520130,2019-12-02 03:15:33.542256,2019-12-02 03:16:18.542256,2019-12-02 03:37:40.919314,Replace,6,44,47,0 days 00:00:45.000000000,0 days 00:18:29.520130000
4,2019-12-02 04:18:00.000000,2019-12-02 04:18:25.000000,2019-12-02 04:35:03.929426,2019-12-02 04:35:12.546993,,,,Onsite,6,44,47,0 days 00:00:25.000000000,0 days 00:16:47.546993000
5,2019-12-02 06:51:00.000000,2019-12-02 06:51:35.000000,2019-12-02 07:06:30.292279,2019-12-02 07:07:00.611846,,,,Onsite,6,44,47,0 days 00:00:35.000000000,0 days 00:15:25.611846000
6,2019-12-02 05:38:00.000000,2019-12-02 05:38:35.000000,2019-12-02 05:53:02.554350,2019-12-02 05:53:37.554350,2019-12-02 06:28:17.064813,2019-12-02 06:28:52.064813,2019-12-02 06:51:15.269961,Replace,6,44,47,0 days 00:00:35.000000000,0 days 00:15:02.554350000
7,2019-12-02 08:06:00.000000,2019-12-02 08:06:45.000000,2019-12-02 08:17:02.718116,2019-12-02 08:17:47.718116,2019-12-02 08:48:00.165309,2019-12-02 08:48:45.165309,2019-12-02 09:06:51.958319,Replace,6,44,47,0 days 00:00:45.000000000,0 days 00:11:02.718116000
8,2019-12-02 09:06:00.000000,2019-12-02 09:06:50.000000,2019-12-02 09:20:56.593941,2019-12-02 09:21:46.593941,2019-12-02 10:01:24.613079,2019-12-02 10:02:14.613079,2019-12-02 10:21:56.876854,Replace,6,44,47,0 days 00:00:50.000000000,0 days 00:14:56.593941000
9,2019-12-02 10:17:00.000000,2019-12-02 10:17:35.000000,2019-12-02 10:29:49.629633,2019-12-02 10:30:08.469979,,,,Onsite,6,44,47,0 days 00:00:35.000000000,0 days 00:12:33.469979000
10,2019-12-02 11:23:00.000000,2019-12-02 11:23:50.000000,2019-12-02 11:39:19.207650,2019-12-02 11:40:09.207650,2019-12-02 12:04:43.145237,2019-12-02 12:05:33.145237,2019-12-02 12:21:21.861881,Replace,6,44,47,0 days 00:00:50.000000000,0 days 00:16:19.207650000
11,2019-12-02 12:25:00.000000,2019-12-02 12:25:35.000000,2019-12-02 12:42:22.472927,2019-12-02 12:42:36.414550,,,,Onsite,6,44,47,0 days 00:00:35.000000000,0 days 00:17:01.414550000
12,2019-12-02 13:35:00.000000,2019-12-02 13:35:45.000000,2019-12-02 13:46:05.076463,2019-12-02 13:46:50.076463,2019-12-02 14:14:28.954986,2019-12-02 14:15:13.954986,2019-12-02 14:28:28.849957,Replace,6,44,47,0 days 00:00:45.000000000,0 days 00:11:05.076463000
13,2019-12-02 14:46:00.000000,2019-12-02 14:46:55.000000,2019-12-02 15:04:37.365641,2019-12-02 15:05:32.365641,2019-12-02 15:47:42.646206,2019-12-02 15:48:37.646206,2019-12-02 16:04:33.391175,Replace,6,44,47,0 days 00:00:55.000000000,0 days 00:18:37.365641000
14,2019-12-02 15:53:00.000000,2019-12-02 15:53:55.000000,2019-12-02 16:10:09.550983,2019-12-02 16:11:04.550983,2019-12-02 16:44:28.390855,2019-12-02 16:45:23.390855,2019-12-02 16:59:33.497418,Replace,6,44,47,0 days 00:00:55.000000000,0 days 00:17:09.550983000
15,2019-12-02 17:12:00.000000,2019-12-02 17:12:30.000000,2019-12-02 17:32:05.044875,2019-12-02 17:32:35.044875,2019-12-02 18:13:24.821711,2019-12-02 18:13:54.821711,2019-12-02 18:35:39.464960,Replace,6,44,47,0 days 00:00:30.000000000,0 days 00:20:05.044875000
16,2019-12-02 18:30:00.000000,2019-12-02 18:30:35.000000,2019-12-02 18:50:46.591897,2019-12-02 18:51:21.591897,2019-12-02 19:25:55.740246,2019-12-02 19:26:30.740246,2019-12-02 19:45:00.869618,Replace,6,44,47,0 days 00:00:35.000000000,0 days 00:20:46.591897000
17,2019-12-02 19:23:00.000000,2019-12-02 19:23:35.000000,2019-12-02 19:39:22.370231,2019-12-02 19:39:57.370231,2019-12-02 20:26:12.376614,2019-12-02 20:26:47.376614,2019-12-02 20:38:46.995053,Replace,6,44,47,0 days 00:00:35.000000000,0 days 00:16:22.370231000
18,2019-12-02 20:31:00.000000,2019-12-02 20:31:25.000000,2019-12-02 20:46:14.201418,2019-12-02 20:46:39.201418,2019-12-02 21:37:59.831889,2019-12-02 21:38:24.831889,2019-12-02 21:54:26.594592,Replace,6,44,47,0 days 00:00:25.000000000,0 days 00:15:14.201418000
19,2019-12-02 21:40:00.000000,2019-12-02 21:40:55.000000,2019-12-02 21:56:46.951859,2019-12-02 21:57:00.494231,,,,Onsite,6,44,47,0 days 00:00:55.000000000,0 days 00:16:05.494231000
0,2019-12-02 00:53:00.000000,2019-12-02 00:00:55.000000,2019-12-02 00:18:57.615821,2019-12-02 00:19:52.615821,2019-12-02 00:58:10.466181,2019-12-02 00:59:05.466181,2019-12-02 01:19:01.232581,Replace,7,44,47,-1 days +23:07:55.000000000,0 days 00:18:57.615821000
1,2019-12-02 01:13:00.000000,2019-12-02 01:13:45.000000,2019-12-02 01:32:19.748125,2019-12-02 01:33:04.748125,2019-12-02 02:01:56.173278,2019-12-02 02:02:41.173278,2019-12-02 02:23:11.277258,Replace,7,44,47,0 days 00:00:45.000000000,0 days 00:19:19.748125000
2,2019-12-02 02:18:00.000000,2019-12-02 02:18:55.000000,2019-12-02 02:38:20.616897,2019-12-02 02:38:45.090213,,,,Onsite,7,44,47,0 days 00:00:55.000000000,0 days 00:19:50.090213000
3,2019-12-02 03:24:00.000000,2019-12-02 03:24:45.000000,2019-12-02 03:40:55.803214,2019-12-02 03:41:40.803214,2019-12-02 04:03:44.974296,2019-12-02 04:04:29.974296,2019-12-02 04:24:04.490712,Replace,7,44,47,0 days 00:00:45.000000000,0 days 00:16:55.803214000
4,2019-12-02 04:26:00.000000,2019-12-02 04:26:55.000000,2019-12-02 04:42:25.789189,2019-12-02 04:43:20.789189,2019-12-02 05:17:55.533568,2019-12-02 05:18:50.533568,2019-12-02 05:35:01.075140,Replace,7,44,47,0 days 00:00:55.000000000,0 days 00:16:25.789189000
5,2019-12-02 05:30:00.000000,2019-12-02 05:30:45.000000,2019-12-02 05:43:59.289982,2019-12-02 05:44:22.617488,,,,Onsite,7,44,47,0 days 00:00:45.000000000,0 days 00:13:37.617488000
6,2019-12-02 06:37:00.000000,2019-12-02 06:37:50.000000,2019-12-02 06:50:29.965121,2019-12-02 06:51:19.965121,2019-12-02 07:25:43.973447,2019-12-02 07:26:33.973447,2019-12-02 07:39:02.544605,Replace,7,44,47,0 days 00:00:50.000000000,0 days 00:13:29.965121000
7,2019-12-02 07:49:00.000000,2019-12-02 07:49:50.000000,2019-12-02 08:02:51.432106,2019-12-02 08:03:08.793068,,,,Onsite,7,44,47,0 days 00:00:50.000000000,0 days 00:13:18.793068000
8,2019-12-02 08:50:00.000000,2019-12-02 08:50:45.000000,2019-12-02 09:11:16.373875,2019-12-02 09:12:01.373875,2019-12-02 09:36:18.853591,2019-12-02 09:37:03.853591,2019-12-02 09:51:48.005049,Replace,7,44,47,0 days 00:00:45.000000000,0 days 00:21:16.373875000
9,2019-12-02 10:04:00.000000,2019-12-02 10:04:25.000000,2019-12-02 10:21:40.341708,2019-12-02 10:22:05.341708,2019-12-02 10:57:33.155132,2019-12-02 10:57:58.155132,2019-12-02 11:12:09.455110,Replace,7,44,47,0 days 00:00:25.000000000,0 days 00:17:40.341708000
10,2019-12-02 11:17:00.000000,2019-12-02 11:17:35.000000,2019-12-02 11:32:00.350948,2019-12-02 11:32:35.350948,2019-12-02 12:13:24.572667,2019-12-02 12:13:59.572667,2019-12-02 12:26:39.416195,Replace,7,44,47,0 days 00:00:35.000000000,0 days 00:15:00.350948000
11,2019-12-02 12:27:00.000000,2019-12-02 12:27:35.000000,2019-12-02 12:45:49.911709,2019-12-02 12:46:13.032963,,,,Onsite,7,44,47,0 days 00:00:35.000000000,0 days 00:18:38.032963000
12,2019-12-02 13:32:00.000000,2019-12-02 13:32:30.000000,2019-12-02 13:51:36.839542,2019-12-02 13:52:06.839542,2019-12-02 14:25:59.970049,2019-12-02 14:26:29.970049,2019-12-02 14:38:42.129876,Replace,7,44,47,0 days 00:00:30.000000000,0 days 00:19:36.839542000
13,2019-12-02 14:39:00.000000,2019-12-02 14:39:45.000000,2019-12-02 14:53:34.562884,2019-12-02 14:53:53.365736,,,,Onsite,7,44,47,0 days 00:00:45.000000000,0 days 00:14:08.365736000
14,2019-12-02 15:44:00.000000,2019-12-02 15:44:45.000000,2019-12-02 16:02:35.914568,2019-12-02 16:03:20.914568,2019-12-02 16:35:59.738347,2019-12-02 16:36:44.738347,2019-12-02 17:01:19.104556,Replace,7,44,47,0 days 00:00:45.000000000,0 days 00:18:35.914568000
15,2019-12-02 17:09:00.000000,2019-12-02 17:09:45.000000,2019-12-02 17:30:15.798428,2019-12-02 17:31:00.798428,2019-12-02 18:08:11.170949,2019-12-02 18:08:56.170949,2019-12-02 18:21:11.726121,Replace,7,44,47,0 days 00:00:45.000000000,0 days 00:21:15.798428000
16,2019-12-02 18:16:00.000000,2019-12-02 18:16:30.000000,2019-12-02 18:34:01.892319,2019-12-02 18:34:12.091628,,,,Onsite,7,44,47,0 days 00:00:30.000000000,0 days 00:17:42.091628000
17,2019-12-02 19:16:00.000000,2019-12-02 19:16:30.000000,2019-12-02 19:31:06.073038,2019-12-02 19:31:14.520504,,,,Onsite,7,44,47,0 days 00:00:30.000000000,0 days 00:14:44.520504000
18,2019-12-02 20:23:00.000000,2019-12-02 20:23:45.000000,2019-12-02 20:40:11.073990,2019-12-02 20:40:56.073990,2019-12-02 21:24:56.865184,2019-12-02 21:25:41.865184,2019-12-02 21:40:08.322433,Replace,7,44,47,0 days 00:00:45.000000000,0 days 00:17:11.073990000
19,2019-12-02 21:24:00.000000,2019-12-02 21:24:45.000000,2019-12-02 21:38:49.772883,2019-12-02 21:39:34.772883,2019-12-02 22:09:20.818819,2019-12-02 22:10:05.818819,2019-12-02 22:29:52.688686,Replace,7,44,47,0 days 00:00:45.000000000,0 days 00:14:49.772883000
0,2019-12-02 01:09:00.000000,2019-12-02 00:00:45.000000,2019-12-02 00:15:10.006082,2019-12-02 00:15:13.395456,,,,Onsite,8,44,47,-1 days +22:51:45.000000000,0 days 00:14:28.395456000
1,2019-12-02 01:14:00.000000,2019-12-02 01:14:45.000000,2019-12-02 01:33:40.296341,2019-12-02 01:34:04.546262,,,,Onsite,8,44,47,0 days 00:00:45.000000000,0 days 00:19:19.546262000
2,2019-12-02 02:22:00.000000,2019-12-02 02:22:35.000000,2019-12-02 02:37:29.574686,2019-12-02 02:37:56.510981,,,,Onsite,8,44,47,0 days 00:00:35.000000000,0 days 00:15:21.510981000
3,2019-12-02 04:22:00.000000,2019-12-02 04:22:55.000000,2019-12-02 04:40:20.646927,2019-12-02 04:41:15.646927,2019-12-02 05:19:35.654705,2019-12-02 05:20:30.654705,2019-12-02 05:36:44.980395,Replace,8,44,47,0 days 00:00:55.000000000,0 days 00:18:20.646927000
4,2019-12-02 03:17:00.000000,2019-12-02 03:17:35.000000,2019-12-02 03:31:18.777965,2019-12-02 03:31:53.777965,2019-12-02 04:22:11.112976,2019-12-02 04:22:46.112976,2019-12-02 04:36:49.709344,Replace,8,44,47,0 days 00:00:35.000000000,0 days 00:14:18.777965000
5,2019-12-02 05:22:00.000000,2019-12-02 05:22:45.000000,2019-12-02 05:40:55.904202,2019-12-02 05:41:40.904202,2019-12-02 06:27:19.007787,2019-12-02 06:28:04.007787,2019-12-02 06:44:42.884261,Replace,8,44,47,0 days 00:00:45.000000000,0 days 00:18:55.904202000
6,2019-12-02 06:31:00.000000,2019-12-02 06:31:45.000000,2019-12-02 06:46:43.638178,2019-12-02 06:47:03.879382,,,,Onsite,8,44,47,0 days 00:00:45.000000000,0 days 00:15:18.879382000
7,2019-12-02 07:29:00.000000,2019-12-02 07:29:45.000000,2019-12-02 07:47:40.700893,2019-12-02 07:48:25.700893,2019-12-02 08:20:22.435793,2019-12-02 08:21:07.435793,2019-12-02 08:42:38.808830,Replace,8,44,47,0 days 00:00:45.000000000,0 days 00:18:40.700893000
8,2019-12-02 08:37:00.000000,2019-12-02 08:37:45.000000,2019-12-02 08:57:22.114728,2019-12-02 08:57:40.484101,,,,Onsite,8,44,47,0 days 00:00:45.000000000,0 days 00:19:55.484101000
9,2019-12-02 09:19:00.000000,2019-12-02 09:19:50.000000,2019-12-02 09:36:35.985002,2019-12-02 09:37:25.985002,2019-12-02 10:18:02.222559,2019-12-02 10:18:52.222559,2019-12-02 10:33:27.842694,Replace,8,44,47,0 days 00:00:50.000000000,0 days 00:17:35.985002000
10,2019-12-02 10:40:00.000000,2019-12-02 10:40:55.000000,2019-12-02 10:58:43.885897,2019-12-02 10:59:38.885897,2019-12-02 11:30:11.714182,2019-12-02 11:31:06.714182,2019-12-02 11:47:14.972118,Replace,8,44,47,0 days 00:00:55.000000000,0 days 00:18:43.885897000
11,2019-12-02 11:48:00.000000,2019-12-02 11:48:50.000000,2019-12-02 12:02:56.601336,2019-12-02 12:03:18.639760,,,,Onsite,8,44,47,0 days 00:00:50.000000000,0 days 00:14:28.639760000
12,2019-12-02 12:46:00.000000,2019-12-02 12:46:30.000000,2019-12-02 13:00:35.411667,2019-12-02 13:01:05.411667,2019-12-02 13:53:35.394798,2019-12-02 13:54:05.394798,2019-12-02 14:10:18.876683,Replace,8,44,47,0 days 00:00:30.000000000,0 days 00:14:35.411667000
13,2019-12-02 13:52:00.000000,2019-12-02 13:52:50.000000,2019-12-02 14:09:29.197691,2019-12-02 14:10:19.197691,2019-12-02 14:57:46.795601,2019-12-02 14:58:36.795601,2019-12-02 15:16:12.717833,Replace,8,44,47,0 days 00:00:50.000000000,0 days 00:17:29.197691000
14,2019-12-02 15:06:00.000000,2019-12-02 15:06:30.000000,2019-12-02 15:23:09.539789,2019-12-02 15:23:39.539789,2019-12-02 15:56:52.867956,2019-12-02 15:57:22.867956,2019-12-02 16:14:08.171925,Replace,8,44,47,0 days 00:00:30.000000000,0 days 00:17:09.539789000
15,2019-12-02 16:23:00.000000,2019-12-02 16:23:45.000000,2019-12-02 16:38:52.008108,2019-12-02 16:39:37.008108,2019-12-02 17:23:22.908847,2019-12-02 17:24:07.908847,2019-12-02 17:40:28.602094,Replace,8,44,47,0 days 00:00:45.000000000,0 days 00:15:52.008108000
16,2019-12-02 17:29:00.000000,2019-12-02 17:29:50.000000,2019-12-02 17:49:53.692839,2019-12-02 17:50:43.692839,2019-12-02 18:15:31.547894,2019-12-02 18:16:21.547894,2019-12-02 18:31:43.358221,Replace,8,44,47,0 days 00:00:50.000000000,0 days 00:20:53.692839000
17,2019-12-02 18:46:00.000000,2019-12-02 18:46:25.000000,2019-12-02 19:02:32.887441,2019-12-02 19:02:51.702924,,,,Onsite,8,44,47,0 days 00:00:25.000000000,0 days 00:16:26.702924000
18,2019-12-02 19:53:00.000000,2019-12-02 19:53:55.000000,2019-12-02 20:07:38.456790,2019-12-02 20:07:58.703674,,,,Onsite,8,44,47,0 days 00:00:55.000000000,0 days 00:14:03.703674000
19,2019-12-02 22:09:00.000000,2019-12-02 22:09:35.000000,2019-12-02 22:25:34.447665,2019-12-02 22:25:45.179900,,,,Onsite,8,44,47,0 days 00:00:35.000000000,0 days 00:16:10.179900000
20,2019-12-02 20:59:00.000000,2019-12-02 20:59:35.000000,2019-12-02 21:14:29.409632,2019-12-02 21:15:04.409632,2019-12-02 21:47:57.671836,2019-12-02 21:48:32.671836,2019-12-02 22:09:26.798758,Replace,8,44,47,0 days 00:00:35.000000000,0 days 00:15:29.409632000
0,2019-12-02 01:03:00.000000,2019-12-02 00:00:50.000000,2019-12-02 00:17:36.033666,2019-12-02 00:18:26.033666,2019-12-02 01:00:47.584320,2019-12-02 01:01:37.584320,2019-12-02 01:24:56.823773,Replace,9,44,47,-1 days +22:57:50.000000000,0 days 00:17:36.033666000
1,2019-12-02 01:02:00.000000,2019-12-02 01:02:30.000000,2019-12-02 01:20:19.221732,2019-12-02 01:20:49.221732,2019-12-02 01:53:16.511413,2019-12-02 01:53:46.511413,2019-12-02 02:09:17.833822,Replace,9,44,47,0 days 00:00:30.000000000,0 days 00:18:19.221732000
2,2019-12-02 02:04:00.000000,2019-12-02 02:04:55.000000,2019-12-02 02:21:46.559771,2019-12-02 02:22:02.806597,,,,Onsite,9,44,47,0 days 00:00:55.000000000,0 days 00:17:07.806597000
3,2019-12-02 03:04:00.000000,2019-12-02 03:04:35.000000,2019-12-02 03:18:38.733200,2019-12-02 03:18:43.554230,,,,Onsite,9,44,47,0 days 00:00:35.000000000,0 days 00:14:08.554230000
4,2019-12-02 04:00:00.000000,2019-12-02 04:00:25.000000,2019-12-02 04:15:03.524467,2019-12-02 04:15:28.524467,2019-12-02 04:42:22.269216,2019-12-02 04:42:47.269216,2019-12-02 05:04:06.880600,Replace,9,44,47,0 days 00:00:25.000000000,0 days 00:15:03.524467000
5,2019-12-02 05:14:00.000000,2019-12-02 05:14:55.000000,2019-12-02 05:28:12.147584,2019-12-02 05:29:07.147584,2019-12-02 06:00:53.698533,2019-12-02 06:01:48.698533,2019-12-02 06:23:28.132124,Replace,9,44,47,0 days 00:00:55.000000000,0 days 00:14:12.147584000
6,2019-12-02 06:42:00.000000,2019-12-02 06:42:55.000000,2019-12-02 07:00:26.780512,2019-12-02 07:01:21.780512,2019-12-02 07:35:14.945209,2019-12-02 07:36:09.945209,2019-12-02 07:49:29.737531,Replace,9,44,47,0 days 00:00:55.000000000,0 days 00:18:26.780512000
7,2019-12-02 07:50:00.000000,2019-12-02 07:50:35.000000,2019-12-02 08:04:04.787693,2019-12-02 08:04:39.787693,2019-12-02 08:28:55.335092,2019-12-02 08:29:30.335092,2019-12-02 08:47:16.470183,Replace,9,44,47,0 days 00:00:35.000000000,0 days 00:14:04.787693000
8,2019-12-02 08:50:00.000000,2019-12-02 08:50:35.000000,2019-12-02 09:07:08.979943,2019-12-02 09:07:43.979943,2019-12-02 09:28:08.708030,2019-12-02 09:28:43.708030,2019-12-02 09:45:47.731173,Replace,9,44,47,0 days 00:00:35.000000000,0 days 00:17:08.979943000
9,2019-12-02 10:04:00.000000,2019-12-02 10:04:50.000000,2019-12-02 10:19:36.897812,2019-12-02 10:20:26.897812,2019-12-02 10:51:54.306669,2019-12-02 10:52:44.306669,2019-12-02 11:04:44.917168,Replace,9,44,47,0 days 00:00:50.000000000,0 days 00:15:36.897812000
10,2019-12-02 11:21:00.000000,2019-12-02 11:21:30.000000,2019-12-02 11:39:20.936250,2019-12-02 11:39:46.373466,,,,Onsite,9,44,47,0 days 00:00:30.000000000,0 days 00:18:16.373466000
11,2019-12-02 12:29:00.000000,2019-12-02 12:29:50.000000,2019-12-02 12:47:47.821219,2019-12-02 12:47:54.298046,,,,Onsite,9,44,47,0 days 00:00:50.000000000,0 days 00:18:04.298046000
12,2019-12-02 13:34:00.000000,2019-12-02 13:34:55.000000,2019-12-02 13:50:58.673692,2019-12-02 13:51:53.673692,2019-12-02 14:19:39.589289,2019-12-02 14:20:34.589289,2019-12-02 14:35:55.400423,Replace,9,44,47,0 days 00:00:55.000000000,0 days 00:16:58.673692000
13,2019-12-02 14:42:00.000000,2019-12-02 14:42:35.000000,2019-12-02 14:56:30.295294,2019-12-02 14:57:05.295294,2019-12-02 15:27:07.774793,2019-12-02 15:27:42.774793,2019-12-02 15:48:38.665415,Replace,9,44,47,0 days 00:00:35.000000000,0 days 00:14:30.295294000
14,2019-12-02 16:04:00.000000,2019-12-02 16:04:30.000000,2019-12-02 16:18:55.397998,2019-12-02 16:19:07.172421,,,,Onsite,9,44,47,0 days 00:00:30.000000000,0 days 00:14:37.172421000
15,2019-12-02 17:18:00.000000,2019-12-02 17:18:45.000000,2019-12-02 17:33:42.693738,2019-12-02 17:33:49.908288,,,,Onsite,9,44,47,0 days 00:00:45.000000000,0 days 00:15:04.908288000
16,2019-12-02 18:42:00.000000,2019-12-02 18:42:30.000000,2019-12-02 19:04:36.886372,2019-12-02 19:05:06.886372,2019-12-02 19:38:41.494896,2019-12-02 19:39:11.494896,2019-12-02 19:56:56.359730,Replace,9,44,47,0 days 00:00:30.000000000,0 days 00:22:36.886372000
17,2019-12-02 19:42:00.000000,2019-12-02 19:42:45.000000,2019-12-02 20:03:25.189337,2019-12-02 20:03:36.772036,,,,Onsite,9,44,47,0 days 00:00:45.000000000,0 days 00:20:51.772036000
18,2019-12-02 20:40:00.000000,2019-12-02 20:40:35.000000,2019-12-02 20:54:17.539408,2019-12-02 20:54:52.539408,2019-12-02 21:15:46.877511,2019-12-02 21:16:21.877511,2019-12-02 21:35:47.205232,Replace,9,44,47,0 days 00:00:35.000000000,0 days 00:14:17.539408000
19,2019-12-02 21:52:00.000000,2019-12-02 21:52:45.000000,2019-12-02 22:07:14.745493,2019-12-02 22:07:20.979585,,,,Onsite,9,44,47,0 days 00:00:45.000000000,0 days 00:14:35.979585000
0,2019-12-02 01:17:00.000000,2019-12-02 00:00:45.000000,2019-12-02 00:19:02.047201,2019-12-02 00:19:07.305295,,,,Onsite,1,44,48,-1 days +22:43:45.000000000,0 days 00:18:22.305295000
1,2019-12-02 01:04:00.000000,2019-12-02 01:04:45.000000,2019-12-02 01:21:38.760221,2019-12-02 01:22:23.760221,2019-12-02 01:51:00.221660,2019-12-02 01:51:45.221660,2019-12-02 02:09:04.669269,Replace,1,44,48,0 days 00:00:45.000000000,0 days 00:17:38.760221000
2,2019-12-02 02:10:00.000000,2019-12-02 02:10:45.000000,2019-12-02 02:23:27.827204,2019-12-02 02:24:12.827204,2019-12-02 02:53:39.607105,2019-12-02 02:54:24.607105,2019-12-02 03:11:43.438589,Replace,1,44,48,0 days 00:00:45.000000000,0 days 00:13:27.827204000
3,2019-12-02 03:30:00.000000,2019-12-02 03:30:30.000000,2019-12-02 03:42:45.665423,2019-12-02 03:43:15.665423,2019-12-02 04:16:02.334645,2019-12-02 04:16:32.334645,2019-12-02 04:35:53.238989,Replace,1,44,48,0 days 00:00:30.000000000,0 days 00:12:45.665423000
4,2019-12-02 05:00:00.000000,2019-12-02 05:00:35.000000,2019-12-02 05:14:21.140938,2019-12-02 05:14:49.862005,,,,Onsite,1,44,48,0 days 00:00:35.000000000,0 days 00:14:14.862005000
5,2019-12-02 06:24:00.000000,2019-12-02 06:24:45.000000,2019-12-02 06:44:00.621304,2019-12-02 06:44:45.621304,2019-12-02 07:17:47.549238,2019-12-02 07:18:32.549238,2019-12-02 07:38:46.057945,Replace,1,44,48,0 days 00:00:45.000000000,0 days 00:20:00.621304000
6,2019-12-02 07:36:00.000000,2019-12-02 07:36:25.000000,2019-12-02 07:55:22.497833,2019-12-02 07:55:47.497833,2019-12-02 08:36:41.011626,2019-12-02 08:37:06.011626,2019-12-02 08:53:42.421236,Replace,1,44,48,0 days 00:00:25.000000000,0 days 00:19:22.497833000
7,2019-12-02 08:38:00.000000,2019-12-02 08:38:55.000000,2019-12-02 08:56:53.908671,2019-12-02 08:57:48.908671,2019-12-02 09:27:30.825572,2019-12-02 09:28:25.825572,2019-12-02 09:42:50.831498,Replace,1,44,48,0 days 00:00:55.000000000,0 days 00:18:53.908671000
8,2019-12-02 09:45:00.000000,2019-12-02 09:45:30.000000,2019-12-02 09:58:33.088272,2019-12-02 09:58:46.602527,,,,Onsite,1,44,48,0 days 00:00:30.000000000,0 days 00:13:16.602527000
9,2019-12-02 10:59:00.000000,2019-12-02 10:59:25.000000,2019-12-02 11:21:53.457165,2019-12-02 11:22:18.457165,2019-12-02 12:08:03.917571,2019-12-02 12:08:28.917571,2019-12-02 12:24:42.621792,Replace,1,44,48,0 days 00:00:25.000000000,0 days 00:22:53.457165000
10,2019-12-02 12:11:00.000000,2019-12-02 12:11:30.000000,2019-12-02 12:25:41.331440,2019-12-02 12:25:57.461457,,,,Onsite,1,44,48,0 days 00:00:30.000000000,0 days 00:14:27.461457000
11,2019-12-02 13:17:00.000000,2019-12-02 13:17:25.000000,2019-12-02 13:31:20.188480,2019-12-02 13:31:36.485327,,,,Onsite,1,44,48,0 days 00:00:25.000000000,0 days 00:14:11.485327000
12,2019-12-02 14:23:00.000000,2019-12-02 14:23:45.000000,2019-12-02 14:37:49.633383,2019-12-02 14:38:34.633383,2019-12-02 15:26:48.594505,2019-12-02 15:27:33.594505,2019-12-02 15:44:15.102560,Replace,1,44,48,0 days 00:00:45.000000000,0 days 00:14:49.633383000
13,2019-12-02 15:42:00.000000,2019-12-02 15:42:45.000000,2019-12-02 16:05:32.319373,2019-12-02 16:05:56.573904,,,,Onsite,1,44,48,0 days 00:00:45.000000000,0 days 00:23:11.573904000
14,2019-12-02 16:52:00.000000,2019-12-02 16:52:30.000000,2019-12-02 17:09:17.587901,2019-12-02 17:09:47.587901,2019-12-02 17:54:04.933831,2019-12-02 17:54:34.933831,2019-12-02 18:09:35.861670,Replace,1,44,48,0 days 00:00:30.000000000,0 days 00:17:17.587901000
15,2019-12-02 17:55:00.000000,2019-12-02 17:55:35.000000,2019-12-02 18:11:29.371549,2019-12-02 18:12:04.371549,2019-12-02 18:48:06.738533,2019-12-02 18:48:41.738533,2019-12-02 19:00:27.163176,Replace,1,44,48,0 days 00:00:35.000000000,0 days 00:16:29.371549000
16,2019-12-02 19:23:00.000000,2019-12-02 19:23:45.000000,2019-12-02 19:39:30.001448,2019-12-02 19:39:34.916519,,,,Onsite,1,44,48,0 days 00:00:45.000000000,0 days 00:15:49.916519000
17,2019-12-02 20:40:00.000000,2019-12-02 20:40:45.000000,2019-12-02 21:00:29.630875,2019-12-02 21:01:14.630875,2019-12-02 21:23:06.374405,2019-12-02 21:23:51.374405,2019-12-02 21:42:35.842240,Replace,1,44,48,0 days 00:00:45.000000000,0 days 00:20:29.630875000
0,2019-12-02 01:13:00.000000,2019-12-02 00:00:25.000000,2019-12-02 00:18:15.878862,2019-12-02 00:18:40.878862,2019-12-02 00:50:37.099848,2019-12-02 00:51:02.099848,2019-12-02 01:05:18.159912,Replace,2,44,48,-1 days +22:47:25.000000000,0 days 00:18:15.878862000
1,2019-12-02 01:24:00.000000,2019-12-02 01:24:25.000000,2019-12-02 01:37:34.304984,2019-12-02 01:37:59.304984,2019-12-02 02:07:23.627459,2019-12-02 02:07:48.627459,2019-12-02 02:23:13.784475,Replace,2,44,48,0 days 00:00:25.000000000,0 days 00:13:34.304984000
2,2019-12-02 02:33:00.000000,2019-12-02 02:33:55.000000,2019-12-02 02:48:54.768827,2019-12-02 02:49:49.768827,2019-12-02 03:20:09.269154,2019-12-02 03:21:04.269154,2019-12-02 03:43:19.924497,Replace,2,44,48,0 days 00:00:55.000000000,0 days 00:15:54.768827000
3,2019-12-02 03:52:00.000000,2019-12-02 03:52:55.000000,2019-12-02 04:13:42.437980,2019-12-02 04:14:37.437980,2019-12-02 05:04:41.071612,2019-12-02 05:05:36.071612,2019-12-02 05:17:25.731785,Replace,2,44,48,0 days 00:00:55.000000000,0 days 00:21:42.437980000
4,2019-12-02 04:53:00.000000,2019-12-02 04:53:45.000000,2019-12-02 05:13:17.416576,2019-12-02 05:13:33.285079,,,,Onsite,2,44,48,0 days 00:00:45.000000000,0 days 00:19:48.285079000
5,2019-12-02 06:00:00.000000,2019-12-02 06:00:55.000000,2019-12-02 06:20:22.948908,2019-12-02 06:21:17.948908,2019-12-02 06:55:24.665050,2019-12-02 06:56:19.665050,2019-12-02 07:10:58.368011,Replace,2,44,48,0 days 00:00:55.000000000,0 days 00:20:22.948908000
6,2019-12-02 06:48:00.000000,2019-12-02 06:48:25.000000,2019-12-02 07:05:09.243347,2019-12-02 07:05:35.465117,,,,Onsite,2,44,48,0 days 00:00:25.000000000,0 days 00:17:10.465117000
7,2019-12-02 07:46:00.000000,2019-12-02 07:46:25.000000,2019-12-02 08:05:42.770361,2019-12-02 08:06:07.770361,2019-12-02 08:30:31.874282,2019-12-02 08:30:56.874282,2019-12-02 08:49:53.872081,Replace,2,44,48,0 days 00:00:25.000000000,0 days 00:19:42.770361000
8,2019-12-02 09:07:00.000000,2019-12-02 09:07:55.000000,2019-12-02 09:27:06.664318,2019-12-02 09:27:19.379338,,,,Onsite,2,44,48,0 days 00:00:55.000000000,0 days 00:19:24.379338000
9,2019-12-02 10:26:00.000000,2019-12-02 10:26:45.000000,2019-12-02 10:39:00.200330,2019-12-02 10:39:25.386431,,,,Onsite,2,44,48,0 days 00:00:45.000000000,0 days 00:12:40.386431000
10,2019-12-02 11:23:00.000000,2019-12-02 11:23:30.000000,2019-12-02 11:40:57.001728,2019-12-02 11:41:15.435830,,,,Onsite,2,44,48,0 days 00:00:30.000000000,0 days 00:17:45.435830000
11,2019-12-02 12:37:00.000000,2019-12-02 12:37:45.000000,2019-12-02 12:48:04.076845,2019-12-02 12:48:49.076845,2019-12-02 13:23:14.176267,2019-12-02 13:23:59.176267,2019-12-02 13:43:23.636834,Replace,2,44,48,0 days 00:00:45.000000000,0 days 00:11:04.076845000
12,2019-12-02 13:42:00.000000,2019-12-02 13:42:55.000000,2019-12-02 14:00:57.901985,2019-12-02 14:01:00.155290,,,,Onsite,2,44,48,0 days 00:00:55.000000000,0 days 00:18:05.155290000
13,2019-12-02 14:48:00.000000,2019-12-02 14:48:35.000000,2019-12-02 15:01:37.993013,2019-12-02 15:02:12.993013,2019-12-02 15:32:16.486396,2019-12-02 15:32:51.486396,2019-12-02 15:50:15.406782,Replace,2,44,48,0 days 00:00:35.000000000,0 days 00:13:37.993013000
14,2019-12-02 15:53:00.000000,2019-12-02 15:53:45.000000,2019-12-02 16:07:26.960726,2019-12-02 16:08:11.960726,2019-12-02 16:33:27.612132,2019-12-02 16:34:12.612132,2019-12-02 16:48:33.465323,Replace,2,44,48,0 days 00:00:45.000000000,0 days 00:14:26.960726000
15,2019-12-02 16:53:00.000000,2019-12-02 16:53:55.000000,2019-12-02 17:10:26.594638,2019-12-02 17:11:21.594638,2019-12-02 17:37:35.281492,2019-12-02 17:38:30.281492,2019-12-02 17:53:07.330856,Replace,2,44,48,0 days 00:00:55.000000000,0 days 00:17:26.594638000
16,2019-12-02 17:46:00.000000,2019-12-02 17:46:55.000000,2019-12-02 18:03:23.333073,2019-12-02 18:04:18.333073,2019-12-02 18:34:09.433116,2019-12-02 18:35:04.433116,2019-12-02 18:53:55.833111,Replace,2,44,48,0 days 00:00:55.000000000,0 days 00:17:23.333073000
17,2019-12-02 18:56:00.000000,2019-12-02 18:56:35.000000,2019-12-02 19:11:06.770657,2019-12-02 19:11:41.770657,2019-12-02 19:51:44.852963,2019-12-02 19:52:19.852963,2019-12-02 20:08:46.830742,Replace,2,44,48,0 days 00:00:35.000000000,0 days 00:15:06.770657000
18,2019-12-02 20:00:00.000000,2019-12-02 20:00:45.000000,2019-12-02 20:12:53.932426,2019-12-02 20:13:03.903379,,,,Onsite,2,44,48,0 days 00:00:45.000000000,0 days 00:12:18.903379000
19,2019-12-02 21:07:00.000000,2019-12-02 21:07:55.000000,2019-12-02 21:29:11.249264,2019-12-02 21:30:06.249264,2019-12-02 21:58:09.905290,2019-12-02 21:59:04.905290,2019-12-02 22:18:34.807658,Replace,2,44,48,0 days 00:00:55.000000000,0 days 00:22:11.249264000
20,2019-12-02 22:09:00.000000,2019-12-02 22:09:35.000000,2019-12-02 22:24:37.096964,2019-12-02 22:24:49.281905,,,,Onsite,2,44,48,0 days 00:00:35.000000000,0 days 00:15:14.281905000
0,2019-12-02 00:54:00.000000,2019-12-02 00:00:25.000000,2019-12-02 00:13:40.152190,2019-12-02 00:14:05.152190,2019-12-02 00:52:04.553653,2019-12-02 00:52:29.553653,2019-12-02 01:07:28.895185,Replace,3,44,48,-1 days +23:06:25.000000000,0 days 00:13:40.152190000
1,2019-12-02 01:13:00.000000,2019-12-02 01:13:55.000000,2019-12-02 01:31:36.464481,2019-12-02 01:31:53.881329,,,,Onsite,3,44,48,0 days 00:00:55.000000000,0 days 00:17:58.881329000
2,2019-12-02 02:04:00.000000,2019-12-02 02:04:55.000000,2019-12-02 02:21:47.654625,2019-12-02 02:22:06.152488,,,,Onsite,3,44,48,0 days 00:00:55.000000000,0 days 00:17:11.152488000
3,2019-12-02 02:54:00.000000,2019-12-02 02:54:35.000000,2019-12-02 03:12:21.795774,2019-12-02 03:12:42.134968,,,,Onsite,3,44,48,0 days 00:00:35.000000000,0 days 00:18:07.134968000
4,2019-12-02 04:12:00.000000,2019-12-02 04:12:30.000000,2019-12-02 04:24:18.252692,2019-12-02 04:24:48.252692,2019-12-02 05:10:16.381055,2019-12-02 05:10:46.381055,2019-12-02 05:25:10.779861,Replace,3,44,48,0 days 00:00:30.000000000,0 days 00:12:18.252692000
5,2019-12-02 05:27:00.000000,2019-12-02 05:27:45.000000,2019-12-02 05:47:56.626893,2019-12-02 05:48:21.622434,,,,Onsite,3,44,48,0 days 00:00:45.000000000,0 days 00:20:36.622434000
6,2019-12-02 06:22:00.000000,2019-12-02 06:22:25.000000,2019-12-02 06:34:17.179795,2019-12-02 06:34:42.179795,2019-12-02 07:11:05.158152,2019-12-02 07:11:30.158152,2019-12-02 07:35:16.831536,Replace,3,44,48,0 days 00:00:25.000000000,0 days 00:12:17.179795000
7,2019-12-02 07:43:00.000000,2019-12-02 07:43:35.000000,2019-12-02 08:05:15.216337,2019-12-02 08:05:50.216337,2019-12-02 08:38:11.922211,2019-12-02 08:38:46.922211,2019-12-02 08:55:50.061970,Replace,3,44,48,0 days 00:00:35.000000000,0 days 00:22:15.216337000
8,2019-12-02 08:44:00.000000,2019-12-02 08:44:45.000000,2019-12-02 09:01:23.271413,2019-12-02 09:02:08.271413,2019-12-02 09:24:44.901072,2019-12-02 09:25:29.901072,2019-12-02 09:40:30.563175,Replace,3,44,48,0 days 00:00:45.000000000,0 days 00:17:23.271413000
9,2019-12-02 09:53:00.000000,2019-12-02 09:53:30.000000,2019-12-02 10:09:35.927891,2019-12-02 10:10:05.927891,2019-12-02 10:53:10.064731,2019-12-02 10:53:40.064731,2019-12-02 11:06:33.665107,Replace,3,44,48,0 days 00:00:30.000000000,0 days 00:16:35.927891000
10,2019-12-02 10:51:00.000000,2019-12-02 10:51:45.000000,2019-12-02 11:06:12.303499,2019-12-02 11:06:36.061255,,,,Onsite,3,44,48,0 days 00:00:45.000000000,0 days 00:14:51.061255000
11,2019-12-02 11:51:00.000000,2019-12-02 11:51:50.000000,2019-12-02 12:11:22.933505,2019-12-02 12:12:12.933505,2019-12-02 12:53:08.889208,2019-12-02 12:53:58.889208,2019-12-02 13:12:03.776496,Replace,3,44,48,0 days 00:00:50.000000000,0 days 00:20:22.933505000
12,2019-12-02 12:59:00.000000,2019-12-02 12:59:45.000000,2019-12-02 13:14:33.744691,2019-12-02 13:14:48.802802,,,,Onsite,3,44,48,0 days 00:00:45.000000000,0 days 00:15:03.802802000
13,2019-12-02 14:00:00.000000,2019-12-02 14:00:55.000000,2019-12-02 14:19:31.292099,2019-12-02 14:19:40.121348,,,,Onsite,3,44,48,0 days 00:00:55.000000000,0 days 00:18:45.121348000
14,2019-12-02 15:10:00.000000,2019-12-02 15:10:35.000000,2019-12-02 15:28:12.004685,2019-12-02 15:28:47.004685,2019-12-02 15:55:03.036834,2019-12-02 15:55:38.036834,2019-12-02 16:13:53.051173,Replace,3,44,48,0 days 00:00:35.000000000,0 days 00:18:12.004685000
15,2019-12-02 16:12:00.000000,2019-12-02 16:12:45.000000,2019-12-02 16:30:47.798381,2019-12-02 16:31:32.798381,2019-12-02 16:57:36.843136,2019-12-02 16:58:21.843136,2019-12-02 17:20:57.130860,Replace,3,44,48,0 days 00:00:45.000000000,0 days 00:18:47.798381000
16,2019-12-02 17:27:00.000000,2019-12-02 17:27:45.000000,2019-12-02 17:41:45.704190,2019-12-02 17:42:30.704190,2019-12-02 18:09:10.986398,2019-12-02 18:09:55.986398,2019-12-02 18:29:10.852112,Replace,3,44,48,0 days 00:00:45.000000000,0 days 00:14:45.704190000
17,2019-12-02 18:34:00.000000,2019-12-02 18:34:45.000000,2019-12-02 18:51:33.051415,2019-12-02 18:51:42.925056,,,,Onsite,3,44,48,0 days 00:00:45.000000000,0 days 00:16:57.925056000
18,2019-12-02 19:21:00.000000,2019-12-02 19:21:50.000000,2019-12-02 19:33:14.692858,2019-12-02 19:33:33.554153,,,,Onsite,3,44,48,0 days 00:00:50.000000000,0 days 00:11:43.554153000
19,2019-12-02 20:30:00.000000,2019-12-02 20:30:55.000000,2019-12-02 20:48:34.438526,2019-12-02 20:48:39.500523,,,,Onsite,3,44,48,0 days 00:00:55.000000000,0 days 00:17:44.500523000
20,2019-12-02 21:44:00.000000,2019-12-02 21:44:45.000000,2019-12-02 22:02:27.899834,2019-12-02 22:03:12.899834,2019-12-02 22:29:36.087374,2019-12-02 22:30:21.087374,2019-12-02 22:42:01.230985,Replace,3,44,48,0 days 00:00:45.000000000,0 days 00:18:27.899834000
0,2019-12-02 01:06:00.000000,2019-12-02 00:00:45.000000,2019-12-02 00:17:10.548053,2019-12-02 00:17:37.351739,,,,Onsite,4,44,48,-1 days +22:54:45.000000000,0 days 00:16:52.351739000
1,2019-12-02 01:06:00.000000,2019-12-02 01:06:50.000000,2019-12-02 01:22:54.861872,2019-12-02 01:23:44.861872,2019-12-02 02:15:11.779581,2019-12-02 02:16:01.779581,2019-12-02 02:30:54.673564,Replace,4,44,48,0 days 00:00:50.000000000,0 days 00:16:54.861872000
2,2019-12-02 02:06:00.000000,2019-12-02 02:06:45.000000,2019-12-02 02:22:11.289256,2019-12-02 02:22:56.289256,2019-12-02 03:15:48.634013,2019-12-02 03:16:33.634013,2019-12-02 03:30:45.531213,Replace,4,44,48,0 days 00:00:45.000000000,0 days 00:16:11.289256000
3,2019-12-02 03:08:00.000000,2019-12-02 03:08:45.000000,2019-12-02 03:29:29.897782,2019-12-02 03:30:14.897782,2019-12-02 04:23:53.974658,2019-12-02 04:24:38.974658,2019-12-02 04:46:49.634706,Replace,4,44,48,0 days 00:00:45.000000000,0 days 00:21:29.897782000
4,2019-12-02 04:06:00.000000,2019-12-02 04:06:45.000000,2019-12-02 04:19:24.574016,2019-12-02 04:19:58.148187,,,,Onsite,4,44,48,0 days 00:00:45.000000000,0 days 00:13:13.148187000
5,2019-12-02 05:23:00.000000,2019-12-02 05:23:45.000000,2019-12-02 05:37:52.827828,2019-12-02 05:38:37.827828,2019-12-02 06:16:46.807069,2019-12-02 06:17:31.807069,2019-12-02 06:37:14.042658,Replace,4,44,48,0 days 00:00:45.000000000,0 days 00:14:52.827828000
6,2019-12-02 06:34:00.000000,2019-12-02 06:34:55.000000,2019-12-02 06:48:55.035187,2019-12-02 06:49:50.035187,2019-12-02 07:23:26.965558,2019-12-02 07:24:21.965558,2019-12-02 07:39:59.672357,Replace,4,44,48,0 days 00:00:55.000000000,0 days 00:14:55.035187000
7,2019-12-02 07:39:00.000000,2019-12-02 07:39:45.000000,2019-12-02 07:52:02.059447,2019-12-02 07:52:11.476205,,,,Onsite,4,44,48,0 days 00:00:45.000000000,0 days 00:12:26.476205000
8,2019-12-02 08:48:00.000000,2019-12-02 08:48:45.000000,2019-12-02 09:13:51.456269,2019-12-02 09:14:36.456269,2019-12-02 09:59:13.432036,2019-12-02 09:59:58.432036,2019-12-02 10:13:17.248725,Replace,4,44,48,0 days 00:00:45.000000000,0 days 00:25:51.456269000
9,2019-12-02 09:53:00.000000,2019-12-02 09:53:35.000000,2019-12-02 10:07:29.173695,2019-12-02 10:08:04.173695,2019-12-02 10:47:44.229011,2019-12-02 10:48:19.229011,2019-12-02 11:06:14.266656,Replace,4,44,48,0 days 00:00:35.000000000,0 days 00:14:29.173695000
10,2019-12-02 11:00:00.000000,2019-12-02 11:00:35.000000,2019-12-02 11:15:10.562309,2019-12-02 11:15:15.314455,,,,Onsite,4,44,48,0 days 00:00:35.000000000,0 days 00:14:40.314455000
11,2019-12-02 12:18:00.000000,2019-12-02 12:18:30.000000,2019-12-02 12:37:12.585130,2019-12-02 12:37:39.260725,,,,Onsite,4,44,48,0 days 00:00:30.000000000,0 days 00:19:09.260725000
12,2019-12-02 13:33:00.000000,2019-12-02 13:33:25.000000,2019-12-02 13:47:11.661599,2019-12-02 13:47:36.661599,2019-12-02 14:12:07.954904,2019-12-02 14:12:32.954904,2019-12-02 14:31:31.864245,Replace,4,44,48,0 days 00:00:25.000000000,0 days 00:14:11.661599000
13,2019-12-02 14:46:00.000000,2019-12-02 14:46:30.000000,2019-12-02 15:02:55.000805,2019-12-02 15:02:58.478276,,,,Onsite,4,44,48,0 days 00:00:30.000000000,0 days 00:16:28.478276000
14,2019-12-02 15:50:00.000000,2019-12-02 15:50:25.000000,2019-12-02 16:06:56.362467,2019-12-02 16:07:21.362467,2019-12-02 16:39:59.955064,2019-12-02 16:40:24.955064,2019-12-02 17:01:40.729864,Replace,4,44,48,0 days 00:00:25.000000000,0 days 00:16:56.362467000
15,2019-12-02 16:37:00.000000,2019-12-02 16:37:55.000000,2019-12-02 16:51:55.438548,2019-12-02 16:52:50.438548,2019-12-02 17:43:15.376453,2019-12-02 17:44:10.376453,2019-12-02 18:06:23.658269,Replace,4,44,48,0 days 00:00:55.000000000,0 days 00:14:55.438548000
16,2019-12-02 17:39:00.000000,2019-12-02 17:39:35.000000,2019-12-02 18:00:24.918404,2019-12-02 18:00:59.918404,2019-12-02 18:34:00.814043,2019-12-02 18:34:35.814043,2019-12-02 18:56:18.761490,Replace,4,44,48,0 days 00:00:35.000000000,0 days 00:21:24.918404000
17,2019-12-02 18:33:00.000000,2019-12-02 18:33:35.000000,2019-12-02 18:49:08.874639,2019-12-02 18:49:36.227093,,,,Onsite,4,44,48,0 days 00:00:35.000000000,0 days 00:16:01.227093000
18,2019-12-02 19:30:00.000000,2019-12-02 19:30:35.000000,2019-12-02 19:46:09.843693,2019-12-02 19:46:13.487057,,,,Onsite,4,44,48,0 days 00:00:35.000000000,0 days 00:15:38.487057000
19,2019-12-02 20:42:00.000000,2019-12-02 20:42:45.000000,2019-12-02 20:54:32.995132,2019-12-02 20:55:17.995132,2019-12-02 21:43:19.546522,2019-12-02 21:44:04.546522,2019-12-02 21:58:49.659888,Replace,4,44,48,0 days 00:00:45.000000000,0 days 00:12:32.995132000
0,2019-12-02 01:07:00.000000,2019-12-02 00:00:50.000000,2019-12-02 00:18:49.321785,2019-12-02 00:19:39.321785,2019-12-02 01:05:11.286811,2019-12-02 01:06:01.286811,2019-12-02 01:23:17.691438,Replace,5,44,48,-1 days +22:53:50.000000000,0 days 00:18:49.321785000
1,2019-12-02 01:11:00.000000,2019-12-02 01:11:35.000000,2019-12-02 01:35:58.867750,2019-12-02 01:36:33.867750,2019-12-02 02:04:40.171146,2019-12-02 02:05:15.171146,2019-12-02 02:21:33.118684,Replace,5,44,48,0 days 00:00:35.000000000,0 days 00:24:58.867750000
2,2019-12-02 02:20:00.000000,2019-12-02 02:20:45.000000,2019-12-02 02:36:46.472783,2019-12-02 02:37:31.472783,2019-12-02 03:07:17.960282,2019-12-02 03:08:02.960282,2019-12-02 03:24:18.849855,Replace,5,44,48,0 days 00:00:45.000000000,0 days 00:16:46.472783000
3,2019-12-02 03:33:00.000000,2019-12-02 03:33:30.000000,2019-12-02 03:46:25.179495,2019-12-02 03:46:50.093605,,,,Onsite,5,44,48,0 days 00:00:30.000000000,0 days 00:13:20.093605000
4,2019-12-02 04:29:00.000000,2019-12-02 04:29:50.000000,2019-12-02 04:43:07.212582,2019-12-02 04:43:25.551732,,,,Onsite,5,44,48,0 days 00:00:50.000000000,0 days 00:13:35.551732000
5,2019-12-02 05:45:00.000000,2019-12-02 05:45:55.000000,2019-12-02 06:02:01.193722,2019-12-02 06:02:56.193722,2019-12-02 06:45:20.607554,2019-12-02 06:46:15.607554,2019-12-02 07:04:26.084476,Replace,5,44,48,0 days 00:00:55.000000000,0 days 00:17:01.193722000
6,2019-12-02 06:57:00.000000,2019-12-02 06:57:25.000000,2019-12-02 07:12:31.235565,2019-12-02 07:12:56.235565,2019-12-02 08:02:14.565723,2019-12-02 08:02:39.565723,2019-12-02 08:17:16.497468,Replace,5,44,48,0 days 00:00:25.000000000,0 days 00:15:31.235565000
7,2019-12-02 08:07:00.000000,2019-12-02 08:07:25.000000,2019-12-02 08:21:25.116636,2019-12-02 08:22:01.990352,,,,Onsite,5,44,48,0 days 00:00:25.000000000,0 days 00:14:36.990352000
8,2019-12-02 09:11:00.000000,2019-12-02 09:11:45.000000,2019-12-02 09:23:46.223213,2019-12-02 09:24:31.223213,2019-12-02 09:59:24.746268,2019-12-02 10:00:09.746268,2019-12-02 10:14:53.153370,Replace,5,44,48,0 days 00:00:45.000000000,0 days 00:12:46.223213000
9,2019-12-02 10:31:00.000000,2019-12-02 10:31:35.000000,2019-12-02 10:51:04.002263,2019-12-02 10:51:18.627799,,,,Onsite,5,44,48,0 days 00:00:35.000000000,0 days 00:19:43.627799000
10,2019-12-02 11:38:00.000000,2019-12-02 11:38:50.000000,2019-12-02 11:56:38.556120,2019-12-02 11:57:28.556120,2019-12-02 12:35:56.240870,2019-12-02 12:36:46.240870,2019-12-02 12:55:59.264117,Replace,5,44,48,0 days 00:00:50.000000000,0 days 00:18:38.556120000
11,2019-12-02 12:38:00.000000,2019-12-02 12:38:45.000000,2019-12-02 13:01:03.531600,2019-12-02 13:01:48.531600,2019-12-02 13:40:55.822979,2019-12-02 13:41:40.822979,2019-12-02 14:02:02.804598,Replace,5,44,48,0 days 00:00:45.000000000,0 days 00:23:03.531600000
12,2019-12-02 13:36:00.000000,2019-12-02 13:36:55.000000,2019-12-02 13:54:04.338513,2019-12-02 13:54:59.338513,2019-12-02 14:30:08.243005,2019-12-02 14:31:03.243005,2019-12-02 14:42:55.117962,Replace,5,44,48,0 days 00:00:55.000000000,0 days 00:18:04.338513000
13,2019-12-02 14:38:00.000000,2019-12-02 14:38:35.000000,2019-12-02 14:53:07.543156,2019-12-02 14:53:42.543156,2019-12-02 15:31:29.906750,2019-12-02 15:32:04.906750,2019-12-02 15:49:21.808003,Replace,5,44,48,0 days 00:00:35.000000000,0 days 00:15:07.543156000
14,2019-12-02 15:43:00.000000,2019-12-02 15:43:45.000000,2019-12-02 15:53:51.481546,2019-12-02 15:54:36.481546,2019-12-02 16:36:28.904377,2019-12-02 16:37:13.904377,2019-12-02 16:49:07.263010,Replace,5,44,48,0 days 00:00:45.000000000,0 days 00:10:51.481546000
15,2019-12-02 16:48:00.000000,2019-12-02 16:48:45.000000,2019-12-02 17:07:14.495870,2019-12-02 17:07:24.399220,,,,Onsite,5,44,48,0 days 00:00:45.000000000,0 days 00:18:39.399220000
16,2019-12-02 17:59:00.000000,2019-12-02 17:59:45.000000,2019-12-02 18:18:13.414786,2019-12-02 18:18:58.414786,2019-12-02 18:58:20.691571,2019-12-02 18:59:05.691571,2019-12-02 19:12:20.062055,Replace,5,44,48,0 days 00:00:45.000000000,0 days 00:19:13.414786000
17,2019-12-02 19:12:00.000000,2019-12-02 19:12:50.000000,2019-12-02 19:32:23.926616,2019-12-02 19:33:13.926616,2019-12-02 20:08:28.663749,2019-12-02 20:09:18.663749,2019-12-02 20:34:11.418933,Replace,5,44,48,0 days 00:00:50.000000000,0 days 00:20:23.926616000
18,2019-12-02 20:19:00.000000,2019-12-02 20:19:45.000000,2019-12-02 20:31:47.824446,2019-12-02 20:32:32.824446,2019-12-02 21:07:46.801161,2019-12-02 21:08:31.801161,2019-12-02 21:22:10.846333,Replace,5,44,48,0 days 00:00:45.000000000,0 days 00:12:47.824446000
19,2019-12-02 21:24:00.000000,2019-12-02 21:24:30.000000,2019-12-02 21:43:47.238599,2019-12-02 21:44:17.238599,2019-12-02 22:11:46.344369,2019-12-02 22:12:16.344369,2019-12-02 22:28:50.548451,Replace,5,44,48,0 days 00:00:30.000000000,0 days 00:19:47.238599000
20,2019-12-02 22:40:00.000000,2019-12-02 22:40:55.000000,2019-12-02 22:58:07.468638,2019-12-02 22:58:33.399616,,,,Onsite,5,44,48,0 days 00:00:55.000000000,0 days 00:17:38.399616000
0,2019-12-02 01:05:00.000000,2019-12-02 00:00:50.000000,2019-12-02 00:17:04.376381,2019-12-02 00:17:54.376381,2019-12-02 00:44:56.505032,2019-12-02 00:45:46.505032,2019-12-02 01:01:13.639395,Replace,6,44,48,-1 days +22:55:50.000000000,0 days 00:17:04.376381000
1,2019-12-02 02:10:00.000000,2019-12-02 02:10:30.000000,2019-12-02 02:23:53.274852,2019-12-02 02:24:09.895343,,,,Onsite,6,44,48,0 days 00:00:30.000000000,0 days 00:13:39.895343000
2,2019-12-02 01:05:00.000000,2019-12-02 01:05:45.000000,2019-12-02 01:21:09.943760,2019-12-02 01:21:54.943760,2019-12-02 02:09:36.506466,2019-12-02 02:10:21.506466,2019-12-02 02:28:59.961806,Replace,6,44,48,0 days 00:00:45.000000000,0 days 00:16:09.943760000
3,2019-12-02 03:28:00.000000,2019-12-02 03:28:55.000000,2019-12-02 03:46:44.983353,2019-12-02 03:47:39.983353,2019-12-02 04:22:32.244641,2019-12-02 04:23:27.244641,2019-12-02 04:39:01.751869,Replace,6,44,48,0 days 00:00:55.000000000,0 days 00:18:44.983353000
4,2019-12-02 04:34:00.000000,2019-12-02 04:34:35.000000,2019-12-02 04:47:42.934280,2019-12-02 04:47:52.437619,,,,Onsite,6,44,48,0 days 00:00:35.000000000,0 days 00:13:17.437619000
5,2019-12-02 05:49:00.000000,2019-12-02 05:49:45.000000,2019-12-02 06:06:13.426120,2019-12-02 06:06:28.829892,,,,Onsite,6,44,48,0 days 00:00:45.000000000,0 days 00:16:43.829892000
6,2019-12-02 06:45:00.000000,2019-12-02 06:45:35.000000,2019-12-02 06:59:29.654702,2019-12-02 07:00:07.497024,,,,Onsite,6,44,48,0 days 00:00:35.000000000,0 days 00:14:32.497024000
7,2019-12-02 08:07:00.000000,2019-12-02 08:07:30.000000,2019-12-02 08:24:32.745579,2019-12-02 08:24:52.948356,,,,Onsite,6,44,48,0 days 00:00:30.000000000,0 days 00:17:22.948356000
8,2019-12-02 09:04:00.000000,2019-12-02 09:04:35.000000,2019-12-02 09:20:27.611992,2019-12-02 09:21:02.611992,2019-12-02 09:57:02.421906,2019-12-02 09:57:37.421906,2019-12-02 10:10:27.320922,Replace,6,44,48,0 days 00:00:35.000000000,0 days 00:16:27.611992000
9,2019-12-02 11:05:00.000000,2019-12-02 11:05:35.000000,2019-12-02 11:21:54.321971,2019-12-02 11:22:04.024116,,,,Onsite,6,44,48,0 days 00:00:35.000000000,0 days 00:16:29.024116000
10,2019-12-02 10:06:00.000000,2019-12-02 10:06:50.000000,2019-12-02 10:21:23.733401,2019-12-02 10:22:13.733401,2019-12-02 11:04:42.183566,2019-12-02 11:05:32.183566,2019-12-02 11:27:58.800374,Replace,6,44,48,0 days 00:00:50.000000000,0 days 00:15:23.733401000
11,2019-12-02 11:56:00.000000,2019-12-02 11:56:30.000000,2019-12-02 12:07:55.630538,2019-12-02 12:08:25.630538,2019-12-02 12:39:35.090758,2019-12-02 12:40:05.090758,2019-12-02 12:53:08.835030,Replace,6,44,48,0 days 00:00:30.000000000,0 days 00:11:55.630538000
12,2019-12-02 13:00:00.000000,2019-12-02 13:00:35.000000,2019-12-02 13:18:51.810951,2019-12-02 13:19:26.810951,2019-12-02 13:43:47.175834,2019-12-02 13:44:22.175834,2019-12-02 13:59:25.380215,Replace,6,44,48,0 days 00:00:35.000000000,0 days 00:18:51.810951000
13,2019-12-02 14:00:00.000000,2019-12-02 14:00:45.000000,2019-12-02 14:17:56.941058,2019-12-02 14:18:15.005879,,,,Onsite,6,44,48,0 days 00:00:45.000000000,0 days 00:17:30.005879000
14,2019-12-02 15:12:00.000000,2019-12-02 15:12:55.000000,2019-12-02 15:31:04.139085,2019-12-02 15:31:59.139085,2019-12-02 16:01:41.591311,2019-12-02 16:02:36.591311,2019-12-02 16:15:36.741639,Replace,6,44,48,0 days 00:00:55.000000000,0 days 00:19:04.139085000
15,2019-12-02 16:20:00.000000,2019-12-02 16:20:55.000000,2019-12-02 16:34:34.636226,2019-12-02 16:35:29.636226,2019-12-02 17:11:20.232694,2019-12-02 17:12:15.232694,2019-12-02 17:34:56.756814,Replace,6,44,48,0 days 00:00:55.000000000,0 days 00:14:34.636226000
16,2019-12-02 17:35:00.000000,2019-12-02 17:35:45.000000,2019-12-02 17:46:12.508961,2019-12-02 17:46:57.508961,2019-12-02 18:30:57.380332,2019-12-02 18:31:42.380332,2019-12-02 18:44:30.393086,Replace,6,44,48,0 days 00:00:45.000000000,0 days 00:11:12.508961000
17,2019-12-02 18:36:00.000000,2019-12-02 18:36:45.000000,2019-12-02 18:51:53.896630,2019-12-02 18:52:38.896630,2019-12-02 19:22:06.125626,2019-12-02 19:22:51.125626,2019-12-02 19:35:58.996837,Replace,6,44,48,0 days 00:00:45.000000000,0 days 00:15:53.896630000
18,2019-12-02 19:42:00.000000,2019-12-02 19:42:25.000000,2019-12-02 19:56:38.521254,2019-12-02 19:56:55.987535,,,,Onsite,6,44,48,0 days 00:00:25.000000000,0 days 00:14:30.987535000
19,2019-12-02 20:49:00.000000,2019-12-02 20:49:50.000000,2019-12-02 21:00:21.471872,2019-12-02 21:01:11.471872,2019-12-02 21:35:06.954121,2019-12-02 21:35:56.954121,2019-12-02 21:52:13.938360,Replace,6,44,48,0 days 00:00:50.000000000,0 days 00:11:21.471872000
20,2019-12-02 21:43:00.000000,2019-12-02 21:43:55.000000,2019-12-02 22:04:47.180675,2019-12-02 22:05:42.180675,2019-12-02 22:42:29.414496,2019-12-02 22:43:24.414496,2019-12-02 22:59:29.348098,Replace,6,44,48,0 days 00:00:55.000000000,0 days 00:21:47.180675000
0,2019-12-02 01:13:00.000000,2019-12-02 00:00:45.000000,2019-12-02 00:25:07.844868,2019-12-02 00:25:52.844868,2019-12-02 00:59:27.870619,2019-12-02 01:00:12.870619,2019-12-02 01:18:23.705742,Replace,7,44,48,-1 days +22:47:45.000000000,0 days 00:25:07.844868000
1,2019-12-02 01:14:00.000000,2019-12-02 01:14:25.000000,2019-12-02 01:33:25.778004,2019-12-02 01:33:41.951464,,,,Onsite,7,44,48,0 days 00:00:25.000000000,0 days 00:19:16.951464000
2,2019-12-02 02:27:00.000000,2019-12-02 02:27:45.000000,2019-12-02 02:45:11.625714,2019-12-02 02:45:56.625714,2019-12-02 03:19:55.689499,2019-12-02 03:20:40.689499,2019-12-02 03:37:43.125451,Replace,7,44,48,0 days 00:00:45.000000000,0 days 00:18:11.625714000
3,2019-12-02 03:32:00.000000,2019-12-02 03:32:30.000000,2019-12-02 03:50:12.846846,2019-12-02 03:50:42.846846,2019-12-02 04:22:32.747862,2019-12-02 04:23:02.747862,2019-12-02 04:46:22.423972,Replace,7,44,48,0 days 00:00:30.000000000,0 days 00:18:12.846846000
4,2019-12-02 04:33:00.000000,2019-12-02 04:33:55.000000,2019-12-02 04:51:58.547860,2019-12-02 04:52:53.547860,2019-12-02 05:17:49.573547,2019-12-02 05:18:44.573547,2019-12-02 05:35:48.121557,Replace,7,44,48,0 days 00:00:55.000000000,0 days 00:18:58.547860000
5,2019-12-02 05:43:00.000000,2019-12-02 05:43:35.000000,2019-12-02 05:59:28.207763,2019-12-02 06:00:03.207763,2019-12-02 06:45:06.988114,2019-12-02 06:45:41.988114,2019-12-02 07:01:18.541221,Replace,7,44,48,0 days 00:00:35.000000000,0 days 00:16:28.207763000
6,2019-12-02 06:56:00.000000,2019-12-02 06:56:30.000000,2019-12-02 07:15:24.181168,2019-12-02 07:15:54.181168,2019-12-02 07:39:12.132114,2019-12-02 07:39:42.132114,2019-12-02 07:56:59.721265,Replace,7,44,48,0 days 00:00:30.000000000,0 days 00:19:24.181168000
7,2019-12-02 07:57:00.000000,2019-12-02 07:57:45.000000,2019-12-02 08:14:32.917763,2019-12-02 08:14:54.603732,,,,Onsite,7,44,48,0 days 00:00:45.000000000,0 days 00:17:09.603732000
8,2019-12-02 08:57:00.000000,2019-12-02 08:57:35.000000,2019-12-02 09:12:55.483886,2019-12-02 09:13:07.710600,,,,Onsite,7,44,48,0 days 00:00:35.000000000,0 days 00:15:32.710600000
9,2019-12-02 10:12:00.000000,2019-12-02 10:12:25.000000,2019-12-02 10:28:53.152556,2019-12-02 10:29:18.152556,2019-12-02 11:14:04.517090,2019-12-02 11:14:29.517090,2019-12-02 11:31:56.570239,Replace,7,44,48,0 days 00:00:25.000000000,0 days 00:16:53.152556000
10,2019-12-02 11:19:00.000000,2019-12-02 11:19:45.000000,2019-12-02 11:37:19.481643,2019-12-02 11:38:04.481643,2019-12-02 12:27:24.033970,2019-12-02 12:28:09.033970,2019-12-02 12:45:41.784160,Replace,7,44,48,0 days 00:00:45.000000000,0 days 00:18:19.481643000
11,2019-12-02 12:25:00.000000,2019-12-02 12:25:45.000000,2019-12-02 12:43:22.935624,2019-12-02 12:43:32.659782,,,,Onsite,7,44,48,0 days 00:00:45.000000000,0 days 00:17:47.659782000
12,2019-12-02 13:31:00.000000,2019-12-02 13:31:35.000000,2019-12-02 13:50:05.702629,2019-12-02 13:50:16.873771,,,,Onsite,7,44,48,0 days 00:00:35.000000000,0 days 00:18:41.873771000
13,2019-12-02 14:37:00.000000,2019-12-02 14:37:35.000000,2019-12-02 14:48:14.824269,2019-12-02 14:48:49.824269,2019-12-02 15:18:03.083041,2019-12-02 15:18:38.083041,2019-12-02 15:32:17.682421,Replace,7,44,48,0 days 00:00:35.000000000,0 days 00:11:14.824269000
14,2019-12-02 15:45:00.000000,2019-12-02 15:45:50.000000,2019-12-02 16:01:18.866454,2019-12-02 16:02:08.866454,2019-12-02 16:43:04.772373,2019-12-02 16:43:54.772373,2019-12-02 17:03:12.367051,Replace,7,44,48,0 days 00:00:50.000000000,0 days 00:16:18.866454000
15,2019-12-02 17:08:00.000000,2019-12-02 17:08:35.000000,2019-12-02 17:27:42.322796,2019-12-02 17:28:17.322796,2019-12-02 18:09:32.213341,2019-12-02 18:10:07.213341,2019-12-02 18:23:03.327527,Replace,7,44,48,0 days 00:00:35.000000000,0 days 00:19:42.322796000
16,2019-12-02 18:11:00.000000,2019-12-02 18:11:25.000000,2019-12-02 18:31:50.610985,2019-12-02 18:32:15.610985,2019-12-02 19:02:19.851052,2019-12-02 19:02:44.851052,2019-12-02 19:18:40.009454,Replace,7,44,48,0 days 00:00:25.000000000,0 days 00:20:50.610985000
17,2019-12-02 19:23:00.000000,2019-12-02 19:23:35.000000,2019-12-02 19:38:21.817652,2019-12-02 19:38:38.739050,,,,Onsite,7,44,48,0 days 00:00:35.000000000,0 days 00:15:03.739050000
18,2019-12-02 21:33:00.000000,2019-12-02 21:33:35.000000,2019-12-02 21:45:23.865963,2019-12-02 21:45:44.161258,,,,Onsite,7,44,48,0 days 00:00:35.000000000,0 days 00:12:09.161258000
19,2019-12-02 20:24:00.000000,2019-12-02 20:24:35.000000,2019-12-02 20:40:01.753217,2019-12-02 20:40:36.753217,2019-12-02 21:13:17.213312,2019-12-02 21:13:52.213312,2019-12-02 21:33:01.126740,Replace,7,44,48,0 days 00:00:35.000000000,0 days 00:16:01.753217000
20,2019-12-02 22:40:00.000000,2019-12-02 22:40:30.000000,2019-12-02 22:56:13.255753,2019-12-02 22:56:39.919170,,,,Onsite,7,44,48,0 days 00:00:30.000000000,0 days 00:16:09.919170000
0,2019-12-02 01:16:00.000000,2019-12-02 00:00:45.000000,2019-12-02 00:20:00.100077,2019-12-02 00:20:45.100077,2019-12-02 00:53:21.979304,2019-12-02 00:54:06.979304,2019-12-02 01:15:37.000808,Replace,8,44,48,-1 days +22:44:45.000000000,0 days 00:20:00.100077000
1,2019-12-02 01:15:00.000000,2019-12-02 01:15:35.000000,2019-12-02 01:36:37.059412,2019-12-02 01:36:49.064741,,,,Onsite,8,44,48,0 days 00:00:35.000000000,0 days 00:21:14.064741000
2,2019-12-02 02:29:00.000000,2019-12-02 02:29:45.000000,2019-12-02 02:44:16.775889,2019-12-02 02:44:20.053213,,,,Onsite,8,44,48,0 days 00:00:45.000000000,0 days 00:14:35.053213000
3,2019-12-02 03:30:00.000000,2019-12-02 03:30:25.000000,2019-12-02 03:49:30.743733,2019-12-02 03:49:42.206378,,,,Onsite,8,44,48,0 days 00:00:25.000000000,0 days 00:19:17.206378000
4,2019-12-02 04:38:00.000000,2019-12-02 04:38:35.000000,2019-12-02 04:46:41.191361,2019-12-02 04:47:16.191361,2019-12-02 05:31:59.236102,2019-12-02 05:32:34.236102,2019-12-02 05:51:18.212512,Replace,8,44,48,0 days 00:00:35.000000000,0 days 00:08:41.191361000
5,2019-12-02 05:40:00.000000,2019-12-02 05:40:35.000000,2019-12-02 05:59:39.485060,2019-12-02 05:59:52.368410,,,,Onsite,8,44,48,0 days 00:00:35.000000000,0 days 00:19:17.368410000
6,2019-12-02 06:48:00.000000,2019-12-02 06:48:30.000000,2019-12-02 07:08:02.559166,2019-12-02 07:08:32.559166,2019-12-02 07:41:05.294756,2019-12-02 07:41:35.294756,2019-12-02 07:56:43.630168,Replace,8,44,48,0 days 00:00:30.000000000,0 days 00:20:02.559166000
7,2019-12-02 07:50:00.000000,2019-12-02 07:50:45.000000,2019-12-02 08:09:32.775937,2019-12-02 08:10:17.775937,2019-12-02 08:33:02.008959,2019-12-02 08:33:47.008959,2019-12-02 08:50:38.843200,Replace,8,44,48,0 days 00:00:45.000000000,0 days 00:19:32.775937000
8,2019-12-02 09:06:00.000000,2019-12-02 09:06:45.000000,2019-12-02 09:20:23.184470,2019-12-02 09:20:35.609501,,,,Onsite,8,44,48,0 days 00:00:45.000000000,0 days 00:13:50.609501000
9,2019-12-02 10:14:00.000000,2019-12-02 10:14:45.000000,2019-12-02 10:24:53.568397,2019-12-02 10:25:05.060797,,,,Onsite,8,44,48,0 days 00:00:45.000000000,0 days 00:10:20.060797000
10,2019-12-02 11:28:00.000000,2019-12-02 11:28:45.000000,2019-12-02 11:36:53.284255,2019-12-02 11:37:38.284255,2019-12-02 12:22:12.156195,2019-12-02 12:22:57.156195,2019-12-02 12:42:30.765719,Replace,8,44,48,0 days 00:00:45.000000000,0 days 00:08:53.284255000
11,2019-12-02 12:28:00.000000,2019-12-02 12:28:35.000000,2019-12-02 12:49:20.446439,2019-12-02 12:49:39.737444,,,,Onsite,8,44,48,0 days 00:00:35.000000000,0 days 00:21:04.737444000
12,2019-12-02 13:29:00.000000,2019-12-02 13:29:45.000000,2019-12-02 13:47:09.613593,2019-12-02 13:47:54.613593,2019-12-02 14:20:53.166962,2019-12-02 14:21:38.166962,2019-12-02 14:35:50.989754,Replace,8,44,48,0 days 00:00:45.000000000,0 days 00:18:09.613593000
13,2019-12-02 14:39:00.000000,2019-12-02 14:39:25.000000,2019-12-02 15:02:10.028479,2019-12-02 15:02:22.352723,,,,Onsite,8,44,48,0 days 00:00:25.000000000,0 days 00:22:57.352723000
14,2019-12-02 15:42:00.000000,2019-12-02 15:42:25.000000,2019-12-02 15:55:24.220313,2019-12-02 15:55:49.220313,2019-12-02 16:45:45.239176,2019-12-02 16:46:10.239176,2019-12-02 17:09:16.948049,Replace,8,44,48,0 days 00:00:25.000000000,0 days 00:13:24.220313000
15,2019-12-02 16:49:00.000000,2019-12-02 16:49:25.000000,2019-12-02 17:07:17.215890,2019-12-02 17:07:42.215890,2019-12-02 17:45:53.846441,2019-12-02 17:46:18.846441,2019-12-02 17:59:58.636770,Replace,8,44,48,0 days 00:00:25.000000000,0 days 00:18:17.215890000
16,2019-12-02 18:06:00.000000,2019-12-02 18:06:45.000000,2019-12-02 18:23:47.379957,2019-12-02 18:23:52.111913,,,,Onsite,8,44,48,0 days 00:00:45.000000000,0 days 00:17:07.111913000
17,2019-12-02 19:11:00.000000,2019-12-02 19:11:50.000000,2019-12-02 19:25:29.648934,2019-12-02 19:25:38.774307,,,,Onsite,8,44,48,0 days 00:00:50.000000000,0 days 00:13:48.774307000
18,2019-12-02 20:36:00.000000,2019-12-02 20:36:35.000000,2019-12-02 20:54:54.726587,2019-12-02 20:55:29.726587,2019-12-02 21:31:39.712299,2019-12-02 21:32:14.712299,2019-12-02 21:47:39.649264,Replace,8,44,48,0 days 00:00:35.000000000,0 days 00:18:54.726587000
19,2019-12-02 21:29:00.000000,2019-12-02 21:29:45.000000,2019-12-02 21:49:15.936549,2019-12-02 21:50:00.936549,2019-12-02 22:17:38.194923,2019-12-02 22:18:23.194923,2019-12-02 22:33:42.241430,Replace,8,44,48,0 days 00:00:45.000000000,0 days 00:20:15.936549000
20,2019-12-02 22:37:00.000000,2019-12-02 22:37:25.000000,2019-12-02 22:50:22.127372,2019-12-02 22:50:30.373522,,,,Onsite,8,44,48,0 days 00:00:25.000000000,0 days 00:13:05.373522000
0,2019-12-02 00:59:00.000000,2019-12-02 00:00:45.000000,2019-12-02 00:14:29.119481,2019-12-02 00:14:55.996679,,,,Onsite,9,44,48,-1 days +23:01:45.000000000,0 days 00:14:10.996679000
1,2019-12-02 01:12:00.000000,2019-12-02 01:12:55.000000,2019-12-02 01:30:54.035357,2019-12-02 01:30:58.746106,,,,Onsite,9,44,48,0 days 00:00:55.000000000,0 days 00:18:03.746106000
2,2019-12-02 01:57:00.000000,2019-12-02 01:57:45.000000,2019-12-02 02:12:28.929174,2019-12-02 02:12:47.812012,,,,Onsite,9,44,48,0 days 00:00:45.000000000,0 days 00:15:02.812012000
3,2019-12-02 03:05:00.000000,2019-12-02 03:05:50.000000,2019-12-02 03:15:19.497549,2019-12-02 03:16:09.497549,2019-12-02 03:50:40.778471,2019-12-02 03:51:30.778471,2019-12-02 04:04:48.122355,Replace,9,44,48,0 days 00:00:50.000000000,0 days 00:10:19.497549000
4,2019-12-02 04:07:00.000000,2019-12-02 04:07:45.000000,2019-12-02 04:21:10.245671,2019-12-02 04:21:25.022403,,,,Onsite,9,44,48,0 days 00:00:45.000000000,0 days 00:13:40.022403000
5,2019-12-02 05:11:00.000000,2019-12-02 05:11:30.000000,2019-12-02 05:26:04.986586,2019-12-02 05:26:17.556175,,,,Onsite,9,44,48,0 days 00:00:30.000000000,0 days 00:14:47.556175000
6,2019-12-02 06:30:00.000000,2019-12-02 06:30:30.000000,2019-12-02 06:40:02.126345,2019-12-02 06:40:32.126345,2019-12-02 07:26:29.254471,2019-12-02 07:26:59.254471,2019-12-02 07:48:02.407321,Replace,9,44,48,0 days 00:00:30.000000000,0 days 00:10:02.126345000
7,2019-12-02 07:36:00.000000,2019-12-02 07:36:25.000000,2019-12-02 07:51:19.954827,2019-12-02 07:51:43.185310,,,,Onsite,9,44,48,0 days 00:00:25.000000000,0 days 00:15:18.185310000
8,2019-12-02 08:46:00.000000,2019-12-02 08:46:50.000000,2019-12-02 09:05:52.390731,2019-12-02 09:06:42.390731,2019-12-02 10:03:41.928494,2019-12-02 10:04:31.928494,2019-12-02 10:23:19.939310,Replace,9,44,48,0 days 00:00:50.000000000,0 days 00:19:52.390731000
9,2019-12-02 10:05:00.000000,2019-12-02 10:05:30.000000,2019-12-02 10:22:12.036692,2019-12-02 10:22:42.036692,2019-12-02 10:59:26.434916,2019-12-02 10:59:56.434916,2019-12-02 11:15:43.997583,Replace,9,44,48,0 days 00:00:30.000000000,0 days 00:17:12.036692000
10,2019-12-02 11:10:00.000000,2019-12-02 11:10:55.000000,2019-12-02 11:27:34.249834,2019-12-02 11:28:29.249834,2019-12-02 12:04:36.390030,2019-12-02 12:05:31.390030,2019-12-02 12:28:09.408066,Replace,9,44,48,0 days 00:00:55.000000000,0 days 00:17:34.249834000
11,2019-12-02 12:21:00.000000,2019-12-02 12:21:35.000000,2019-12-02 12:36:22.862783,2019-12-02 12:36:57.862783,2019-12-02 13:10:39.786444,2019-12-02 13:11:14.786444,2019-12-02 13:30:05.843456,Replace,9,44,48,0 days 00:00:35.000000000,0 days 00:15:22.862783000
12,2019-12-02 13:28:00.000000,2019-12-02 13:28:50.000000,2019-12-02 13:44:13.905408,2019-12-02 13:44:32.416013,,,,Onsite,9,44,48,0 days 00:00:50.000000000,0 days 00:15:42.416013000
13,2019-12-02 14:40:00.000000,2019-12-02 14:40:55.000000,2019-12-02 14:54:05.931533,2019-12-02 14:55:00.931533,2019-12-02 15:45:52.469326,2019-12-02 15:46:47.469326,2019-12-02 15:59:53.489026,Replace,9,44,48,0 days 00:00:55.000000000,0 days 00:14:05.931533000
14,2019-12-02 15:51:00.000000,2019-12-02 15:51:50.000000,2019-12-02 16:08:09.104365,2019-12-02 16:08:33.219599,,,,Onsite,9,44,48,0 days 00:00:50.000000000,0 days 00:16:43.219599000
15,2019-12-02 17:12:00.000000,2019-12-02 17:12:30.000000,2019-12-02 17:29:36.454807,2019-12-02 17:30:06.454807,2019-12-02 18:27:36.729462,2019-12-02 18:28:06.729462,2019-12-02 18:44:16.797491,Replace,9,44,48,0 days 00:00:30.000000000,0 days 00:17:36.454807000
16,2019-12-02 18:21:00.000000,2019-12-02 18:21:30.000000,2019-12-02 18:36:15.978514,2019-12-02 18:36:41.888805,,,,Onsite,9,44,48,0 days 00:00:30.000000000,0 days 00:15:11.888805000
17,2019-12-02 19:31:00.000000,2019-12-02 19:31:55.000000,2019-12-02 19:49:43.892960,2019-12-02 19:50:38.892960,2019-12-02 20:22:03.882377,2019-12-02 20:22:58.882377,2019-12-02 20:36:26.270824,Replace,9,44,48,0 days 00:00:55.000000000,0 days 00:18:43.892960000
18,2019-12-02 20:31:00.000000,2019-12-02 20:31:30.000000,2019-12-02 20:46:26.472947,2019-12-02 20:46:46.180556,,,,Onsite,9,44,48,0 days 00:00:30.000000000,0 days 00:15:16.180556000
19,2019-12-02 21:30:00.000000,2019-12-02 21:30:35.000000,2019-12-02 21:42:50.086001,2019-12-02 21:43:03.852851,,,,Onsite,9,44,48,0 days 00:00:35.000000000,0 days 00:12:28.852851000
20,2019-12-02 22:34:00.000000,2019-12-02 22:34:50.000000,2019-12-02 22:50:35.457929,2019-12-02 22:50:57.810235,,,,Onsite,9,44,48,0 days 00:00:50.000000000,0 days 00:16:07.810235000
0,2019-12-02 01:01:00.000000,2019-12-02 00:00:50.000000,2019-12-02 00:15:43.929241,2019-12-02 00:15:59.508420,,,,Onsite,1,44,49,-1 days +22:59:50.000000000,0 days 00:15:09.508420000
1,2019-12-02 01:01:00.000000,2019-12-02 01:01:45.000000,2019-12-02 01:19:17.990801,2019-12-02 01:20:02.990801,2019-12-02 01:56:45.289779,2019-12-02 01:57:30.289779,2019-12-02 02:14:48.459470,Replace,1,44,49,0 days 00:00:45.000000000,0 days 00:18:17.990801000
2,2019-12-02 02:20:00.000000,2019-12-02 02:20:55.000000,2019-12-02 02:38:03.299253,2019-12-02 02:38:58.299253,2019-12-02 03:07:00.100806,2019-12-02 03:07:55.100806,2019-12-02 03:29:01.777441,Replace,1,44,49,0 days 00:00:55.000000000,0 days 00:18:03.299253000
3,2019-12-02 03:20:00.000000,2019-12-02 03:20:45.000000,2019-12-02 03:39:10.127087,2019-12-02 03:39:26.534416,,,,Onsite,1,44,49,0 days 00:00:45.000000000,0 days 00:18:41.534416000
4,2019-12-02 04:20:00.000000,2019-12-02 04:20:35.000000,2019-12-02 04:32:56.283172,2019-12-02 04:33:23.276278,,,,Onsite,1,44,49,0 days 00:00:35.000000000,0 days 00:12:48.276278000
5,2019-12-02 05:30:00.000000,2019-12-02 05:30:55.000000,2019-12-02 05:45:07.803850,2019-12-02 05:45:27.199535,,,,Onsite,1,44,49,0 days 00:00:55.000000000,0 days 00:14:32.199535000
6,2019-12-02 06:40:00.000000,2019-12-02 06:40:55.000000,2019-12-02 06:57:11.852073,2019-12-02 06:57:31.467265,,,,Onsite,1,44,49,0 days 00:00:55.000000000,0 days 00:16:36.467265000
7,2019-12-02 07:52:00.000000,2019-12-02 07:52:25.000000,2019-12-02 08:09:15.911693,2019-12-02 08:09:20.635060,,,,Onsite,1,44,49,0 days 00:00:25.000000000,0 days 00:16:55.635060000
8,2019-12-02 08:41:00.000000,2019-12-02 08:41:50.000000,2019-12-02 08:54:40.845073,2019-12-02 08:54:46.008496,,,,Onsite,1,44,49,0 days 00:00:50.000000000,0 days 00:12:56.008496000
9,2019-12-02 09:52:00.000000,2019-12-02 09:52:35.000000,2019-12-02 10:09:33.635216,2019-12-02 10:10:08.635216,2019-12-02 10:55:36.345784,2019-12-02 10:56:11.345784,2019-12-02 11:09:42.000212,Replace,1,44,49,0 days 00:00:35.000000000,0 days 00:17:33.635216000
10,2019-12-02 10:59:00.000000,2019-12-02 10:59:30.000000,2019-12-02 11:17:37.452657,2019-12-02 11:18:07.452657,2019-12-02 11:56:41.485681,2019-12-02 11:57:11.485681,2019-12-02 12:08:12.268643,Replace,1,44,49,0 days 00:00:30.000000000,0 days 00:18:37.452657000
11,2019-12-02 12:01:00.000000,2019-12-02 12:01:45.000000,2019-12-02 12:23:07.927479,2019-12-02 12:23:52.927479,2019-12-02 12:47:33.442349,2019-12-02 12:48:18.442349,2019-12-02 13:08:58.048602,Replace,1,44,49,0 days 00:00:45.000000000,0 days 00:22:07.927479000
12,2019-12-02 13:05:00.000000,2019-12-02 13:05:35.000000,2019-12-02 13:22:09.867151,2019-12-02 13:22:44.867151,2019-12-02 13:50:51.730785,2019-12-02 13:51:26.730785,2019-12-02 14:15:18.960528,Replace,1,44,49,0 days 00:00:35.000000000,0 days 00:17:09.867151000
13,2019-12-02 13:55:00.000000,2019-12-02 13:55:55.000000,2019-12-02 14:06:54.732696,2019-12-02 14:07:18.585900,,,,Onsite,1,44,49,0 days 00:00:55.000000000,0 days 00:11:23.585900000
14,2019-12-02 15:04:00.000000,2019-12-02 15:04:45.000000,2019-12-02 15:18:55.169536,2019-12-02 15:19:40.169536,2019-12-02 15:50:24.022518,2019-12-02 15:51:09.022518,2019-12-02 16:06:58.970680,Replace,1,44,49,0 days 00:00:45.000000000,0 days 00:14:55.169536000
15,2019-12-02 16:23:00.000000,2019-12-02 16:23:35.000000,2019-12-02 16:41:48.684541,2019-12-02 16:42:19.372982,,,,Onsite,1,44,49,0 days 00:00:35.000000000,0 days 00:18:44.372982000
16,2019-12-02 17:48:00.000000,2019-12-02 17:48:30.000000,2019-12-02 18:03:27.199668,2019-12-02 18:03:35.905283,,,,Onsite,1,44,49,0 days 00:00:30.000000000,0 days 00:15:05.905283000
17,2019-12-02 19:09:00.000000,2019-12-02 19:09:55.000000,2019-12-02 19:26:04.174935,2019-12-02 19:26:59.174935,2019-12-02 20:07:43.858540,2019-12-02 20:08:38.858540,2019-12-02 20:23:43.264204,Replace,1,44,49,0 days 00:00:55.000000000,0 days 00:17:04.174935000
18,2019-12-02 20:45:00.000000,2019-12-02 20:45:30.000000,2019-12-02 21:00:51.136905,2019-12-02 21:01:21.136905,2019-12-02 21:34:19.908063,2019-12-02 21:34:49.908063,2019-12-02 21:48:47.709700,Replace,1,44,49,0 days 00:00:30.000000000,0 days 00:15:51.136905000
19,2019-12-02 21:42:00.000000,2019-12-02 21:42:55.000000,2019-12-02 22:03:12.932627,2019-12-02 22:04:07.932627,2019-12-02 22:37:48.951120,2019-12-02 22:38:43.951120,2019-12-02 22:54:48.424111,Replace,1,44,49,0 days 00:00:55.000000000,0 days 00:21:12.932627000
0,2019-12-02 00:58:00.000000,2019-12-02 00:00:45.000000,2019-12-02 00:17:04.533637,2019-12-02 00:17:49.533637,2019-12-02 00:59:38.544131,2019-12-02 01:00:23.544131,2019-12-02 01:22:29.635356,Replace,2,44,49,-1 days +23:02:45.000000000,0 days 00:17:04.533637000
1,2019-12-02 01:07:00.000000,2019-12-02 01:07:30.000000,2019-12-02 01:25:17.969350,2019-12-02 01:25:28.292561,,,,Onsite,2,44,49,0 days 00:00:30.000000000,0 days 00:17:58.292561000
2,2019-12-02 02:30:00.000000,2019-12-02 02:30:45.000000,2019-12-02 02:50:52.260691,2019-12-02 02:51:37.260691,2019-12-02 03:23:35.408142,2019-12-02 03:24:20.408142,2019-12-02 03:34:59.725555,Replace,2,44,49,0 days 00:00:45.000000000,0 days 00:20:52.260691000
3,2019-12-02 03:45:00.000000,2019-12-02 03:45:50.000000,2019-12-02 04:02:54.205628,2019-12-02 04:03:44.205628,2019-12-02 04:30:15.902856,2019-12-02 04:31:05.902856,2019-12-02 04:44:15.693278,Replace,2,44,49,0 days 00:00:50.000000000,0 days 00:17:54.205628000
4,2019-12-02 04:46:00.000000,2019-12-02 04:46:45.000000,2019-12-02 05:06:20.679391,2019-12-02 05:07:05.679391,2019-12-02 06:06:16.038050,2019-12-02 06:07:01.038050,2019-12-02 06:29:36.580470,Replace,2,44,49,0 days 00:00:45.000000000,0 days 00:20:20.679391000
5,2019-12-02 05:48:00.000000,2019-12-02 05:48:25.000000,2019-12-02 06:09:08.691433,2019-12-02 06:09:33.691433,2019-12-02 06:48:29.991342,2019-12-02 06:48:54.991342,2019-12-02 07:09:46.859508,Replace,2,44,49,0 days 00:00:25.000000000,0 days 00:21:08.691433000
6,2019-12-02 06:57:00.000000,2019-12-02 06:57:45.000000,2019-12-02 07:11:22.288423,2019-12-02 07:12:07.288423,2019-12-02 07:57:38.947598,2019-12-02 07:58:23.947598,2019-12-02 08:10:56.143481,Replace,2,44,49,0 days 00:00:45.000000000,0 days 00:14:22.288423000
7,2019-12-02 07:59:00.000000,2019-12-02 07:59:35.000000,2019-12-02 08:17:52.776882,2019-12-02 08:18:04.788523,,,,Onsite,2,44,49,0 days 00:00:35.000000000,0 days 00:18:29.788523000
8,2019-12-02 09:03:00.000000,2019-12-02 09:03:45.000000,2019-12-02 09:21:15.533043,2019-12-02 09:22:00.533043,2019-12-02 09:47:22.129581,2019-12-02 09:48:07.129581,2019-12-02 10:01:34.787443,Replace,2,44,49,0 days 00:00:45.000000000,0 days 00:18:15.533043000
9,2019-12-02 10:13:00.000000,2019-12-02 10:13:25.000000,2019-12-02 10:34:35.952359,2019-12-02 10:34:43.076898,,,,Onsite,2,44,49,0 days 00:00:25.000000000,0 days 00:21:18.076898000
10,2019-12-02 11:25:00.000000,2019-12-02 11:25:45.000000,2019-12-02 11:43:20.657856,2019-12-02 11:43:32.959770,,,,Onsite,2,44,49,0 days 00:00:45.000000000,0 days 00:17:47.959770000
11,2019-12-02 12:37:00.000000,2019-12-02 12:37:55.000000,2019-12-02 12:52:04.896084,2019-12-02 12:52:59.896084,2019-12-02 13:37:01.985782,2019-12-02 13:37:56.985782,2019-12-02 13:50:26.528424,Replace,2,44,49,0 days 00:00:55.000000000,0 days 00:15:04.896084000
12,2019-12-02 13:52:00.000000,2019-12-02 13:52:30.000000,2019-12-02 14:10:53.489857,2019-12-02 14:10:55.658419,,,,Onsite,2,44,49,0 days 00:00:30.000000000,0 days 00:18:25.658419000
13,2019-12-02 14:57:00.000000,2019-12-02 14:57:55.000000,2019-12-02 15:15:17.464399,2019-12-02 15:16:12.464399,2019-12-02 15:52:42.739112,2019-12-02 15:53:37.739112,2019-12-02 16:09:46.440140,Replace,2,44,49,0 days 00:00:55.000000000,0 days 00:18:17.464399000
14,2019-12-02 15:54:00.000000,2019-12-02 15:54:55.000000,2019-12-02 16:06:45.099028,2019-12-02 16:07:40.099028,2019-12-02 16:46:29.698045,2019-12-02 16:47:24.698045,2019-12-02 17:00:37.828748,Replace,2,44,49,0 days 00:00:55.000000000,0 days 00:12:45.099028000
15,2019-12-02 17:03:00.000000,2019-12-02 17:03:50.000000,2019-12-02 17:23:05.765611,2019-12-02 17:23:55.765611,2019-12-02 18:04:03.184861,2019-12-02 18:04:53.184861,2019-12-02 18:18:10.101353,Replace,2,44,49,0 days 00:00:50.000000000,0 days 00:20:05.765611000
16,2019-12-02 17:58:00.000000,2019-12-02 17:58:45.000000,2019-12-02 18:13:50.093291,2019-12-02 18:14:06.796928,,,,Onsite,2,44,49,0 days 00:00:45.000000000,0 days 00:15:21.796928000
17,2019-12-02 18:57:00.000000,2019-12-02 18:57:25.000000,2019-12-02 19:16:18.537119,2019-12-02 19:16:25.933385,,,,Onsite,2,44,49,0 days 00:00:25.000000000,0 days 00:19:00.933385000
18,2019-12-02 20:07:00.000000,2019-12-02 20:07:35.000000,2019-12-02 20:25:27.268575,2019-12-02 20:26:02.268575,2019-12-02 21:19:06.999990,2019-12-02 21:19:41.999990,2019-12-02 21:33:44.626127,Replace,2,44,49,0 days 00:00:35.000000000,0 days 00:18:27.268575000
19,2019-12-02 21:08:00.000000,2019-12-02 21:08:55.000000,2019-12-02 21:22:21.345859,2019-12-02 21:22:34.643408,,,,Onsite,2,44,49,0 days 00:00:55.000000000,0 days 00:13:39.643408000
20,2019-12-02 22:29:00.000000,2019-12-02 22:29:25.000000,2019-12-02 22:44:02.311838,2019-12-02 22:44:06.215935,,,,Onsite,2,44,49,0 days 00:00:25.000000000,0 days 00:14:41.215935000
0,2019-12-02 01:05:00.000000,2019-12-02 00:00:45.000000,2019-12-02 00:19:15.655310,2019-12-02 00:19:44.225418,,,,Onsite,3,44,49,-1 days +22:55:45.000000000,0 days 00:18:59.225418000
1,2019-12-02 01:25:00.000000,2019-12-02 01:25:45.000000,2019-12-02 01:41:14.329605,2019-12-02 01:41:57.367909,,,,Onsite,3,44,49,0 days 00:00:45.000000000,0 days 00:16:12.367909000
2,2019-12-02 02:25:00.000000,2019-12-02 02:25:30.000000,2019-12-02 02:39:38.198149,2019-12-02 02:40:08.198149,2019-12-02 03:19:21.653456,2019-12-02 03:19:51.653456,2019-12-02 03:33:02.036224,Replace,3,44,49,0 days 00:00:30.000000000,0 days 00:14:38.198149000
3,2019-12-02 03:33:00.000000,2019-12-02 03:33:45.000000,2019-12-02 03:48:49.126181,2019-12-02 03:49:34.126181,2019-12-02 04:35:26.143370,2019-12-02 04:36:11.143370,2019-12-02 04:55:24.712782,Replace,3,44,49,0 days 00:00:45.000000000,0 days 00:15:49.126181000
4,2019-12-02 04:39:00.000000,2019-12-02 04:39:45.000000,2019-12-02 04:53:35.466401,2019-12-02 04:53:44.927585,,,,Onsite,3,44,49,0 days 00:00:45.000000000,0 days 00:13:59.927585000
5,2019-12-02 05:59:00.000000,2019-12-02 05:59:25.000000,2019-12-02 06:17:54.256409,2019-12-02 06:18:19.256409,2019-12-02 06:52:58.761339,2019-12-02 06:53:23.761339,2019-12-02 07:10:05.802453,Replace,3,44,49,0 days 00:00:25.000000000,0 days 00:18:54.256409000
6,2019-12-02 07:24:00.000000,2019-12-02 07:24:30.000000,2019-12-02 07:42:44.370890,2019-12-02 07:43:14.370890,2019-12-02 08:17:45.239602,2019-12-02 08:18:15.239602,2019-12-02 08:33:27.257387,Replace,3,44,49,0 days 00:00:30.000000000,0 days 00:18:44.370890000
7,2019-12-02 08:26:00.000000,2019-12-02 08:26:45.000000,2019-12-02 08:43:22.311222,2019-12-02 08:44:07.311222,2019-12-02 09:23:45.540621,2019-12-02 09:24:30.540621,2019-12-02 09:37:55.214419,Replace,3,44,49,0 days 00:00:45.000000000,0 days 00:17:22.311222000
8,2019-12-02 09:38:00.000000,2019-12-02 09:38:55.000000,2019-12-02 09:56:28.964920,2019-12-02 09:56:43.053897,,,,Onsite,3,44,49,0 days 00:00:55.000000000,0 days 00:17:48.053897000
9,2019-12-02 11:59:00.000000,2019-12-02 11:59:55.000000,2019-12-02 12:13:53.080784,2019-12-02 12:14:48.080784,2019-12-02 12:50:21.298302,2019-12-02 12:51:16.298302,2019-12-02 13:09:32.727914,Replace,3,44,49,0 days 00:00:55.000000000,0 days 00:14:53.080784000
10,2019-12-02 12:57:00.000000,2019-12-02 12:57:55.000000,2019-12-02 13:18:23.404434,2019-12-02 13:18:49.243781,,,,Onsite,3,44,49,0 days 00:00:55.000000000,0 days 00:20:54.243781000
11,2019-12-02 11:03:00.000000,2019-12-02 11:03:55.000000,2019-12-02 11:21:08.331087,2019-12-02 11:22:03.331087,2019-12-02 11:59:14.131812,2019-12-02 12:00:09.131812,2019-12-02 12:16:26.825372,Replace,3,44,49,0 days 00:00:55.000000000,0 days 00:18:08.331087000
12,2019-12-02 13:57:00.000000,2019-12-02 13:57:30.000000,2019-12-02 14:14:58.011244,2019-12-02 14:15:28.735898,,,,Onsite,3,44,49,0 days 00:00:30.000000000,0 days 00:17:58.735898000
13,2019-12-02 15:07:00.000000,2019-12-02 15:07:55.000000,2019-12-02 15:23:30.353881,2019-12-02 15:23:48.559964,,,,Onsite,3,44,49,0 days 00:00:55.000000000,0 days 00:15:53.559964000
14,2019-12-02 16:04:00.000000,2019-12-02 16:04:25.000000,2019-12-02 16:22:26.375643,2019-12-02 16:22:35.173493,,,,Onsite,3,44,49,0 days 00:00:25.000000000,0 days 00:18:10.173493000
15,2019-12-02 17:24:00.000000,2019-12-02 17:24:50.000000,2019-12-02 17:41:17.202085,2019-12-02 17:42:07.202085,2019-12-02 18:18:38.403359,2019-12-02 18:19:28.403359,2019-12-02 18:36:16.280093,Replace,3,44,49,0 days 00:00:50.000000000,0 days 00:17:17.202085000
16,2019-12-02 18:28:00.000000,2019-12-02 18:28:50.000000,2019-12-02 18:48:28.873436,2019-12-02 18:49:03.506693,,,,Onsite,3,44,49,0 days 00:00:50.000000000,0 days 00:20:13.506693000
17,2019-12-02 19:28:00.000000,2019-12-02 19:28:25.000000,2019-12-02 19:44:23.747393,2019-12-02 19:44:44.664510,,,,Onsite,3,44,49,0 days 00:00:25.000000000,0 days 00:16:19.664510000
18,2019-12-02 20:30:00.000000,2019-12-02 20:30:50.000000,2019-12-02 20:55:16.634516,2019-12-02 20:56:06.634516,2019-12-02 21:38:26.028385,2019-12-02 21:39:16.028385,2019-12-02 21:56:39.663511,Replace,3,44,49,0 days 00:00:50.000000000,0 days 00:25:16.634516000
0,2019-12-02 01:11:00.000000,2019-12-02 00:00:45.000000,2019-12-02 00:20:41.735291,2019-12-02 00:20:46.920441,,,,Onsite,4,44,49,-1 days +22:49:45.000000000,0 days 00:20:01.920441000
1,2019-12-02 01:06:00.000000,2019-12-02 01:06:45.000000,2019-12-02 01:20:43.025757,2019-12-02 01:21:28.025757,2019-12-02 01:51:50.906238,2019-12-02 01:52:35.906238,2019-12-02 02:08:21.883847,Replace,4,44,49,0 days 00:00:45.000000000,0 days 00:14:43.025757000
2,2019-12-02 02:14:00.000000,2019-12-02 02:14:35.000000,2019-12-02 02:32:03.761301,2019-12-02 02:32:38.761301,2019-12-02 02:56:07.287315,2019-12-02 02:56:42.287315,2019-12-02 03:16:49.389387,Replace,4,44,49,0 days 00:00:35.000000000,0 days 00:18:03.761301000
3,2019-12-02 03:14:00.000000,2019-12-02 03:14:35.000000,2019-12-02 03:33:03.525421,2019-12-02 03:33:38.525421,2019-12-02 04:01:03.694201,2019-12-02 04:01:38.694201,2019-12-02 04:18:34.100302,Replace,4,44,49,0 days 00:00:35.000000000,0 days 00:19:03.525421000
4,2019-12-02 04:38:00.000000,2019-12-02 04:38:50.000000,2019-12-02 04:57:30.571096,2019-12-02 04:58:20.571096,2019-12-02 05:26:24.940261,2019-12-02 05:27:14.940261,2019-12-02 05:43:53.946108,Replace,4,44,49,0 days 00:00:50.000000000,0 days 00:19:30.571096000
5,2019-12-02 05:48:00.000000,2019-12-02 05:48:45.000000,2019-12-02 06:03:25.108782,2019-12-02 06:03:42.583488,,,,Onsite,4,44,49,0 days 00:00:45.000000000,0 days 00:14:57.583488000
6,2019-12-02 06:58:00.000000,2019-12-02 06:58:45.000000,2019-12-02 07:17:31.076152,2019-12-02 07:18:16.076152,2019-12-02 07:55:58.350912,2019-12-02 07:56:43.350912,2019-12-02 08:14:36.523269,Replace,4,44,49,0 days 00:00:45.000000000,0 days 00:19:31.076152000
7,2019-12-02 08:04:00.000000,2019-12-02 08:04:35.000000,2019-12-02 08:24:53.834197,2019-12-02 08:25:28.834197,2019-12-02 08:58:52.734636,2019-12-02 08:59:27.734636,2019-12-02 09:17:08.207851,Replace,4,44,49,0 days 00:00:35.000000000,0 days 00:20:53.834197000
8,2019-12-02 09:23:00.000000,2019-12-02 09:23:30.000000,2019-12-02 09:43:46.277113,2019-12-02 09:44:04.459393,,,,Onsite,4,44,49,0 days 00:00:30.000000000,0 days 00:20:34.459393000
9,2019-12-02 10:40:00.000000,2019-12-02 10:40:30.000000,2019-12-02 10:59:12.750603,2019-12-02 10:59:19.629311,,,,Onsite,4,44,49,0 days 00:00:30.000000000,0 days 00:18:49.629311000
10,2019-12-02 11:56:00.000000,2019-12-02 11:56:30.000000,2019-12-02 12:15:07.827863,2019-12-02 12:15:37.827863,2019-12-02 12:38:46.531384,2019-12-02 12:39:16.531384,2019-12-02 12:59:47.304678,Replace,4,44,49,0 days 00:00:30.000000000,0 days 00:19:07.827863000
11,2019-12-02 13:11:00.000000,2019-12-02 13:11:50.000000,2019-12-02 13:26:31.401632,2019-12-02 13:26:54.367073,,,,Onsite,4,44,49,0 days 00:00:50.000000000,0 days 00:15:04.367073000
12,2019-12-02 14:30:00.000000,2019-12-02 14:30:50.000000,2019-12-02 14:41:49.354057,2019-12-02 14:42:39.354057,2019-12-02 15:20:44.099803,2019-12-02 15:21:34.099803,2019-12-02 15:40:30.870127,Replace,4,44,49,0 days 00:00:50.000000000,0 days 00:11:49.354057000
13,2019-12-02 15:35:00.000000,2019-12-02 15:35:30.000000,2019-12-02 15:52:44.939023,2019-12-02 15:53:14.939023,2019-12-02 16:18:04.126328,2019-12-02 16:18:34.126328,2019-12-02 16:38:18.473795,Replace,4,44,49,0 days 00:00:30.000000000,0 days 00:17:44.939023000
14,2019-12-02 16:30:00.000000,2019-12-02 16:30:45.000000,2019-12-02 16:47:46.329306,2019-12-02 16:48:31.329306,2019-12-02 17:35:21.483479,2019-12-02 17:36:06.483479,2019-12-02 17:48:23.513357,Replace,4,44,49,0 days 00:00:45.000000000,0 days 00:17:46.329306000
15,2019-12-02 17:49:00.000000,2019-12-02 17:49:25.000000,2019-12-02 18:03:35.074785,2019-12-02 18:03:53.674548,,,,Onsite,4,44,49,0 days 00:00:25.000000000,0 days 00:14:28.674548000
16,2019-12-02 18:52:00.000000,2019-12-02 18:52:25.000000,2019-12-02 19:13:24.902962,2019-12-02 19:13:49.902962,2019-12-02 20:00:33.993982,2019-12-02 20:00:58.993982,2019-12-02 20:17:00.558505,Replace,4,44,49,0 days 00:00:25.000000000,0 days 00:21:24.902962000
17,2019-12-02 19:58:00.000000,2019-12-02 19:58:45.000000,2019-12-02 20:17:04.930722,2019-12-02 20:17:30.733572,,,,Onsite,4,44,49,0 days 00:00:45.000000000,0 days 00:18:45.733572000
18,2019-12-02 21:01:00.000000,2019-12-02 21:01:30.000000,2019-12-02 21:16:06.170785,2019-12-02 21:16:36.170785,2019-12-02 21:53:02.935766,2019-12-02 21:53:32.935766,2019-12-02 22:08:43.747865,Replace,4,44,49,0 days 00:00:30.000000000,0 days 00:15:06.170785000
0,2019-12-02 01:15:00.000000,2019-12-02 00:00:30.000000,2019-12-02 00:19:14.839742,2019-12-02 00:19:44.839742,2019-12-02 00:54:15.528408,2019-12-02 00:54:45.528408,2019-12-02 01:10:29.671203,Replace,5,44,49,-1 days +22:45:30.000000000,0 days 00:19:14.839742000
1,2019-12-02 01:09:00.000000,2019-12-02 01:09:55.000000,2019-12-02 01:26:59.737347,2019-12-02 01:27:09.433089,,,,Onsite,5,44,49,0 days 00:00:55.000000000,0 days 00:17:14.433089000
2,2019-12-02 02:07:00.000000,2019-12-02 02:07:45.000000,2019-12-02 02:25:02.530287,2019-12-02 02:25:47.530287,2019-12-02 03:00:38.076396,2019-12-02 03:01:23.076396,2019-12-02 03:17:24.516714,Replace,5,44,49,0 days 00:00:45.000000000,0 days 00:18:02.530287000
3,2019-12-02 03:08:00.000000,2019-12-02 03:08:35.000000,2019-12-02 03:28:21.260335,2019-12-02 03:28:56.260335,2019-12-02 03:52:19.340356,2019-12-02 03:52:54.340356,2019-12-02 04:10:49.110937,Replace,5,44,49,0 days 00:00:35.000000000,0 days 00:20:21.260335000
4,2019-12-02 04:13:00.000000,2019-12-02 04:13:35.000000,2019-12-02 04:27:13.419839,2019-12-02 04:27:48.419839,2019-12-02 05:20:19.257481,2019-12-02 05:20:54.257481,2019-12-02 05:37:45.469325,Replace,5,44,49,0 days 00:00:35.000000000,0 days 00:14:13.419839000
5,2019-12-02 05:27:00.000000,2019-12-02 05:27:45.000000,2019-12-02 05:41:57.449069,2019-12-02 05:42:05.161392,,,,Onsite,5,44,49,0 days 00:00:45.000000000,0 days 00:14:20.161392000
6,2019-12-02 06:45:00.000000,2019-12-02 06:45:45.000000,2019-12-02 07:03:05.111871,2019-12-02 07:03:50.111871,2019-12-02 07:46:40.890589,2019-12-02 07:47:25.890589,2019-12-02 08:06:26.104072,Replace,5,44,49,0 days 00:00:45.000000000,0 days 00:18:05.111871000
7,2019-12-02 07:57:00.000000,2019-12-02 07:57:45.000000,2019-12-02 08:12:00.565922,2019-12-02 08:12:07.074410,,,,Onsite,5,44,49,0 days 00:00:45.000000000,0 days 00:14:22.074410000
8,2019-12-02 08:57:00.000000,2019-12-02 08:57:35.000000,2019-12-02 09:13:10.097687,2019-12-02 09:13:27.665144,,,,Onsite,5,44,49,0 days 00:00:35.000000000,0 days 00:15:52.665144000
9,2019-12-02 10:06:00.000000,2019-12-02 10:06:45.000000,2019-12-02 10:23:03.590350,2019-12-02 10:23:48.590350,2019-12-02 10:51:49.635387,2019-12-02 10:52:34.635387,2019-12-02 11:07:16.195758,Replace,5,44,49,0 days 00:00:45.000000000,0 days 00:17:03.590350000
10,2019-12-02 11:04:00.000000,2019-12-02 11:04:30.000000,2019-12-02 11:22:20.796842,2019-12-02 11:22:41.081884,,,,Onsite,5,44,49,0 days 00:00:30.000000000,0 days 00:18:11.081884000
11,2019-12-02 12:17:00.000000,2019-12-02 12:17:35.000000,2019-12-02 12:35:11.750479,2019-12-02 12:35:46.750479,2019-12-02 13:09:45.055625,2019-12-02 13:10:20.055625,2019-12-02 13:31:25.988712,Replace,5,44,49,0 days 00:00:35.000000000,0 days 00:18:11.750479000
12,2019-12-02 13:34:00.000000,2019-12-02 13:34:30.000000,2019-12-02 13:46:15.004548,2019-12-02 13:46:37.945098,,,,Onsite,5,44,49,0 days 00:00:30.000000000,0 days 00:12:07.945098000
13,2019-12-02 14:32:00.000000,2019-12-02 14:32:35.000000,2019-12-02 14:49:02.186965,2019-12-02 14:49:35.683580,,,,Onsite,5,44,49,0 days 00:00:35.000000000,0 days 00:17:00.683580000
14,2019-12-02 15:47:00.000000,2019-12-02 15:47:45.000000,2019-12-02 16:01:25.779798,2019-12-02 16:01:32.063542,,,,Onsite,5,44,49,0 days 00:00:45.000000000,0 days 00:13:47.063542000
15,2019-12-02 16:51:00.000000,2019-12-02 16:51:45.000000,2019-12-02 17:08:27.214682,2019-12-02 17:09:12.214682,2019-12-02 17:56:18.702973,2019-12-02 17:57:03.702973,2019-12-02 18:12:43.282476,Replace,5,44,49,0 days 00:00:45.000000000,0 days 00:17:27.214682000
16,2019-12-02 17:50:00.000000,2019-12-02 17:50:45.000000,2019-12-02 18:11:59.397638,2019-12-02 18:12:44.397638,2019-12-02 18:46:55.442600,2019-12-02 18:47:40.442600,2019-12-02 19:02:07.236810,Replace,5,44,49,0 days 00:00:45.000000000,0 days 00:21:59.397638000
17,2019-12-02 20:22:00.000000,2019-12-02 20:22:30.000000,2019-12-02 20:44:14.452162,2019-12-02 20:44:44.452162,2019-12-02 21:06:38.755319,2019-12-02 21:07:08.755319,2019-12-02 21:22:57.903366,Replace,5,44,49,0 days 00:00:30.000000000,0 days 00:22:14.452162000
18,2019-12-02 19:06:00.000000,2019-12-02 19:06:55.000000,2019-12-02 19:26:47.046539,2019-12-02 19:27:42.046539,2019-12-02 20:21:10.935172,2019-12-02 20:22:05.935172,2019-12-02 20:37:55.090187,Replace,5,44,49,0 days 00:00:55.000000000,0 days 00:20:47.046539000
19,2019-12-02 21:30:00.000000,2019-12-02 21:30:45.000000,2019-12-02 21:48:28.750600,2019-12-02 21:48:43.829319,,,,Onsite,5,44,49,0 days 00:00:45.000000000,0 days 00:17:58.829319000
0,2019-12-02 01:10:00.000000,2019-12-02 00:00:55.000000,2019-12-02 00:16:39.339621,2019-12-02 00:16:56.921641,,,,Onsite,6,44,49,-1 days +22:50:55.000000000,0 days 00:16:01.921641000
1,2019-12-02 00:59:00.000000,2019-12-02 00:59:55.000000,2019-12-02 01:22:05.258777,2019-12-02 01:23:00.258777,2019-12-02 02:11:48.740573,2019-12-02 02:12:43.740573,2019-12-02 02:30:26.486532,Replace,6,44,49,0 days 00:00:55.000000000,0 days 00:23:05.258777000
2,2019-12-02 02:07:00.000000,2019-12-02 02:07:35.000000,2019-12-02 02:21:46.375076,2019-12-02 02:22:21.375076,2019-12-02 02:51:16.818785,2019-12-02 02:51:51.818785,2019-12-02 03:07:45.002797,Replace,6,44,49,0 days 00:00:35.000000000,0 days 00:14:46.375076000
3,2019-12-02 03:18:00.000000,2019-12-02 03:18:45.000000,2019-12-02 03:31:53.476794,2019-12-02 03:32:38.476794,2019-12-02 04:08:44.403808,2019-12-02 04:09:29.403808,2019-12-02 04:22:11.850035,Replace,6,44,49,0 days 00:00:45.000000000,0 days 00:13:53.476794000
4,2019-12-02 04:25:00.000000,2019-12-02 04:25:25.000000,2019-12-02 04:39:08.820780,2019-12-02 04:39:28.247528,,,,Onsite,6,44,49,0 days 00:00:25.000000000,0 days 00:14:03.247528000
5,2019-12-02 05:43:00.000000,2019-12-02 05:43:35.000000,2019-12-02 05:57:27.256466,2019-12-02 05:57:43.667796,,,,Onsite,6,44,49,0 days 00:00:35.000000000,0 days 00:14:08.667796000
6,2019-12-02 07:00:00.000000,2019-12-02 07:00:30.000000,2019-12-02 07:13:06.490538,2019-12-02 07:13:22.170785,,,,Onsite,6,44,49,0 days 00:00:30.000000000,0 days 00:12:52.170785000
7,2019-12-02 08:17:00.000000,2019-12-02 08:17:45.000000,2019-12-02 08:30:56.680322,2019-12-02 08:31:07.306607,,,,Onsite,6,44,49,0 days 00:00:45.000000000,0 days 00:13:22.306607000
8,2019-12-02 09:22:00.000000,2019-12-02 09:22:45.000000,2019-12-02 09:38:08.304582,2019-12-02 09:38:15.124328,,,,Onsite,6,44,49,0 days 00:00:45.000000000,0 days 00:15:30.124328000
9,2019-12-02 10:32:00.000000,2019-12-02 10:32:45.000000,2019-12-02 10:42:58.516730,2019-12-02 10:43:43.516730,2019-12-02 11:23:21.709580,2019-12-02 11:24:06.709580,2019-12-02 11:41:44.053350,Replace,6,44,49,0 days 00:00:45.000000000,0 days 00:10:58.516730000
10,2019-12-02 11:42:00.000000,2019-12-02 11:42:25.000000,2019-12-02 12:02:50.032403,2019-12-02 12:02:56.775973,,,,Onsite,6,44,49,0 days 00:00:25.000000000,0 days 00:20:31.775973000
11,2019-12-02 12:46:00.000000,2019-12-02 12:46:45.000000,2019-12-02 13:04:20.524632,2019-12-02 13:04:28.035748,,,,Onsite,6,44,49,0 days 00:00:45.000000000,0 days 00:17:43.035748000
12,2019-12-02 14:04:00.000000,2019-12-02 14:04:35.000000,2019-12-02 14:26:45.697329,2019-12-02 14:27:24.042017,,,,Onsite,6,44,49,0 days 00:00:35.000000000,0 days 00:22:49.042017000
13,2019-12-02 15:23:00.000000,2019-12-02 15:23:25.000000,2019-12-02 15:40:48.258200,2019-12-02 15:41:06.018368,,,,Onsite,6,44,49,0 days 00:00:25.000000000,0 days 00:17:41.018368000
14,2019-12-02 16:25:00.000000,2019-12-02 16:25:55.000000,2019-12-02 16:40:10.022733,2019-12-02 16:40:16.712569,,,,Onsite,6,44,49,0 days 00:00:55.000000000,0 days 00:14:21.712569000
15,2019-12-02 17:46:00.000000,2019-12-02 17:46:45.000000,2019-12-02 18:03:53.277928,2019-12-02 18:04:38.277928,2019-12-02 18:36:49.519078,2019-12-02 18:37:34.519078,2019-12-02 18:58:06.086823,Replace,6,44,49,0 days 00:00:45.000000000,0 days 00:17:53.277928000
16,2019-12-02 18:47:00.000000,2019-12-02 18:47:35.000000,2019-12-02 19:04:32.748931,2019-12-02 19:05:07.748931,2019-12-02 19:38:19.967391,2019-12-02 19:38:54.967391,2019-12-02 19:59:57.905614,Replace,6,44,49,0 days 00:00:35.000000000,0 days 00:17:32.748931000
17,2019-12-02 19:58:00.000000,2019-12-02 19:58:30.000000,2019-12-02 20:15:16.241075,2019-12-02 20:15:19.795361,,,,Onsite,6,44,49,0 days 00:00:30.000000000,0 days 00:16:49.795361000
18,2019-12-02 21:07:00.000000,2019-12-02 21:07:45.000000,2019-12-02 21:20:16.194316,2019-12-02 21:21:01.194316,2019-12-02 21:45:49.974664,2019-12-02 21:46:34.974664,2019-12-02 22:07:50.004523,Replace,6,44,49,0 days 00:00:45.000000000,0 days 00:13:16.194316000
0,2019-12-02 01:08:00.000000,2019-12-02 00:00:30.000000,2019-12-02 00:18:52.074555,2019-12-02 00:19:24.547981,,,,Onsite,7,44,49,-1 days +22:52:30.000000000,0 days 00:18:54.547981000
1,2019-12-02 01:08:00.000000,2019-12-02 01:08:35.000000,2019-12-02 01:23:42.848704,2019-12-02 01:23:57.064240,,,,Onsite,7,44,49,0 days 00:00:35.000000000,0 days 00:15:22.064240000
2,2019-12-02 01:57:00.000000,2019-12-02 01:57:25.000000,2019-12-02 02:17:48.581798,2019-12-02 02:18:13.581798,2019-12-02 02:46:28.704607,2019-12-02 02:46:53.704607,2019-12-02 03:09:49.766724,Replace,7,44,49,0 days 00:00:25.000000000,0 days 00:20:48.581798000
3,2019-12-02 03:07:00.000000,2019-12-02 03:07:45.000000,2019-12-02 03:19:58.977556,2019-12-02 03:20:43.977556,2019-12-02 04:06:51.606311,2019-12-02 04:07:36.606311,2019-12-02 04:20:24.880753,Replace,7,44,49,0 days 00:00:45.000000000,0 days 00:12:58.977556000
4,2019-12-02 04:11:00.000000,2019-12-02 04:11:35.000000,2019-12-02 04:25:30.638307,2019-12-02 04:25:40.451711,,,,Onsite,7,44,49,0 days 00:00:35.000000000,0 days 00:14:05.451711000
5,2019-12-02 05:21:00.000000,2019-12-02 05:21:25.000000,2019-12-02 05:33:56.601776,2019-12-02 05:34:00.437132,,,,Onsite,7,44,49,0 days 00:00:25.000000000,0 days 00:12:35.437132000
6,2019-12-02 06:32:00.000000,2019-12-02 06:32:25.000000,2019-12-02 06:47:33.104291,2019-12-02 06:47:47.450802,,,,Onsite,7,44,49,0 days 00:00:25.000000000,0 days 00:15:22.450802000
7,2019-12-02 07:41:00.000000,2019-12-02 07:41:30.000000,2019-12-02 07:57:45.422297,2019-12-02 07:58:07.312981,,,,Onsite,7,44,49,0 days 00:00:30.000000000,0 days 00:16:37.312981000
8,2019-12-02 08:41:00.000000,2019-12-02 08:41:45.000000,2019-12-02 08:59:02.149105,2019-12-02 08:59:47.149105,2019-12-02 09:44:06.638306,2019-12-02 09:44:51.638306,2019-12-02 10:07:22.152277,Replace,7,44,49,0 days 00:00:45.000000000,0 days 00:18:02.149105000
9,2019-12-02 09:51:00.000000,2019-12-02 09:51:50.000000,2019-12-02 10:07:17.186168,2019-12-02 10:08:07.186168,2019-12-02 10:37:46.405610,2019-12-02 10:38:36.405610,2019-12-02 10:56:17.817626,Replace,7,44,49,0 days 00:00:50.000000000,0 days 00:16:17.186168000
10,2019-12-02 10:59:00.000000,2019-12-02 10:59:45.000000,2019-12-02 11:21:59.803894,2019-12-02 11:22:44.803894,2019-12-02 11:50:01.655393,2019-12-02 11:50:46.655393,2019-12-02 12:07:31.047133,Replace,7,44,49,0 days 00:00:45.000000000,0 days 00:22:59.803894000
11,2019-12-02 12:09:00.000000,2019-12-02 12:09:35.000000,2019-12-02 12:24:19.266954,2019-12-02 12:24:54.266954,2019-12-02 12:54:14.556308,2019-12-02 12:54:49.556308,2019-12-02 13:09:50.230644,Replace,7,44,49,0 days 00:00:35.000000000,0 days 00:15:19.266954000
12,2019-12-02 13:15:00.000000,2019-12-02 13:15:35.000000,2019-12-02 13:29:28.241197,2019-12-02 13:29:33.492742,,,,Onsite,7,44,49,0 days 00:00:35.000000000,0 days 00:13:58.492742000
13,2019-12-02 14:21:00.000000,2019-12-02 14:21:45.000000,2019-12-02 14:35:40.538912,2019-12-02 14:36:25.538912,2019-12-02 15:29:59.154504,2019-12-02 15:30:44.154504,2019-12-02 15:46:33.913926,Replace,7,44,49,0 days 00:00:45.000000000,0 days 00:14:40.538912000
14,2019-12-02 15:26:00.000000,2019-12-02 15:26:45.000000,2019-12-02 15:43:14.387424,2019-12-02 15:43:19.710019,,,,Onsite,7,44,49,0 days 00:00:45.000000000,0 days 00:16:34.710019000
15,2019-12-02 16:31:00.000000,2019-12-02 16:31:30.000000,2019-12-02 16:48:08.123682,2019-12-02 16:48:38.123682,2019-12-02 17:24:20.449153,2019-12-02 17:24:50.449153,2019-12-02 17:47:31.057919,Replace,7,44,49,0 days 00:00:30.000000000,0 days 00:17:08.123682000
16,2019-12-02 17:39:00.000000,2019-12-02 17:39:25.000000,2019-12-02 17:56:27.639007,2019-12-02 17:56:48.781450,,,,Onsite,7,44,49,0 days 00:00:25.000000000,0 days 00:17:23.781450000
17,2019-12-02 18:44:00.000000,2019-12-02 18:44:45.000000,2019-12-02 19:03:26.211528,2019-12-02 19:03:36.379986,,,,Onsite,7,44,49,0 days 00:00:45.000000000,0 days 00:18:51.379986000
18,2019-12-02 20:01:00.000000,2019-12-02 20:01:45.000000,2019-12-02 20:15:22.722831,2019-12-02 20:16:07.722831,2019-12-02 20:48:27.733080,2019-12-02 20:49:12.733080,2019-12-02 21:04:19.278326,Replace,7,44,49,0 days 00:00:45.000000000,0 days 00:14:22.722831000
19,2019-12-02 21:24:00.000000,2019-12-02 21:24:30.000000,2019-12-02 21:37:49.174484,2019-12-02 21:38:19.174484,2019-12-02 22:08:25.726012,2019-12-02 22:08:55.726012,2019-12-02 22:19:56.738257,Replace,7,44,49,0 days 00:00:30.000000000,0 days 00:13:49.174484000
0,2019-12-02 01:17:00.000000,2019-12-02 00:00:35.000000,2019-12-02 00:18:51.999681,2019-12-02 00:19:26.999681,2019-12-02 00:45:29.874117,2019-12-02 00:46:04.874117,2019-12-02 01:02:56.748864,Replace,8,44,49,-1 days +22:43:35.000000000,0 days 00:18:51.999681000
1,2019-12-02 01:15:00.000000,2019-12-02 01:15:45.000000,2019-12-02 01:33:18.851786,2019-12-02 01:34:03.851786,2019-12-02 01:57:29.704334,2019-12-02 01:58:14.704334,2019-12-02 02:15:38.408478,Replace,8,44,49,0 days 00:00:45.000000000,0 days 00:18:18.851786000
2,2019-12-02 02:17:00.000000,2019-12-02 02:17:25.000000,2019-12-02 02:32:50.640254,2019-12-02 02:32:59.612397,,,,Onsite,8,44,49,0 days 00:00:25.000000000,0 days 00:15:34.612397000
3,2019-12-02 03:07:00.000000,2019-12-02 03:07:30.000000,2019-12-02 03:24:36.037357,2019-12-02 03:24:51.169861,,,,Onsite,8,44,49,0 days 00:00:30.000000000,0 days 00:17:21.169861000
4,2019-12-02 04:30:00.000000,2019-12-02 04:30:50.000000,2019-12-02 04:46:12.080062,2019-12-02 04:47:02.080062,2019-12-02 05:24:06.416236,2019-12-02 05:24:56.416236,2019-12-02 05:43:44.162683,Replace,8,44,49,0 days 00:00:50.000000000,0 days 00:16:12.080062000
5,2019-12-02 05:45:00.000000,2019-12-02 05:45:35.000000,2019-12-02 06:02:08.678712,2019-12-02 06:02:27.449856,,,,Onsite,8,44,49,0 days 00:00:35.000000000,0 days 00:16:52.449856000
6,2019-12-02 06:54:00.000000,2019-12-02 06:54:45.000000,2019-12-02 07:13:43.574192,2019-12-02 07:14:28.574192,2019-12-02 07:35:55.134729,2019-12-02 07:36:40.134729,2019-12-02 07:52:00.715774,Replace,8,44,49,0 days 00:00:45.000000000,0 days 00:19:43.574192000
7,2019-12-02 08:03:00.000000,2019-12-02 08:03:55.000000,2019-12-02 08:21:57.792275,2019-12-02 08:22:09.992188,,,,Onsite,8,44,49,0 days 00:00:55.000000000,0 days 00:18:14.992188000
8,2019-12-02 09:05:00.000000,2019-12-02 09:05:45.000000,2019-12-02 09:19:16.563126,2019-12-02 09:20:01.563126,2019-12-02 09:49:56.333336,2019-12-02 09:50:41.333336,2019-12-02 10:06:57.782434,Replace,8,44,49,0 days 00:00:45.000000000,0 days 00:14:16.563126000
9,2019-12-02 10:11:00.000000,2019-12-02 10:11:45.000000,2019-12-02 10:27:49.216128,2019-12-02 10:28:34.216128,2019-12-02 10:56:47.581355,2019-12-02 10:57:32.581355,2019-12-02 11:13:51.772817,Replace,8,44,49,0 days 00:00:45.000000000,0 days 00:16:49.216128000
10,2019-12-02 11:11:00.000000,2019-12-02 11:11:45.000000,2019-12-02 11:28:20.663851,2019-12-02 11:29:05.663851,2019-12-02 12:07:54.746796,2019-12-02 12:08:39.746796,2019-12-02 12:18:55.792516,Replace,8,44,49,0 days 00:00:45.000000000,0 days 00:17:20.663851000
11,2019-12-02 12:11:00.000000,2019-12-02 12:11:55.000000,2019-12-02 12:32:55.961332,2019-12-02 12:33:20.245200,,,,Onsite,8,44,49,0 days 00:00:55.000000000,0 days 00:21:25.245200000
12,2019-12-02 13:21:00.000000,2019-12-02 13:21:25.000000,2019-12-02 13:35:41.513043,2019-12-02 13:36:19.185222,,,,Onsite,8,44,49,0 days 00:00:25.000000000,0 days 00:14:54.185222000
13,2019-12-02 14:44:00.000000,2019-12-02 14:44:35.000000,2019-12-02 15:00:55.773357,2019-12-02 15:01:10.630206,,,,Onsite,8,44,49,0 days 00:00:35.000000000,0 days 00:16:35.630206000
14,2019-12-02 15:47:00.000000,2019-12-02 15:47:50.000000,2019-12-02 16:05:21.555468,2019-12-02 16:06:11.555468,2019-12-02 16:45:11.223541,2019-12-02 16:46:01.223541,2019-12-02 17:00:03.600050,Replace,8,44,49,0 days 00:00:50.000000000,0 days 00:18:21.555468000
15,2019-12-02 16:55:00.000000,2019-12-02 16:55:45.000000,2019-12-02 17:05:06.210723,2019-12-02 17:05:07.672979,,,,Onsite,8,44,49,0 days 00:00:45.000000000,0 days 00:09:22.672979000
16,2019-12-02 17:59:00.000000,2019-12-02 17:59:55.000000,2019-12-02 18:17:11.360684,2019-12-02 18:18:06.360684,2019-12-02 18:49:34.356950,2019-12-02 18:50:29.356950,2019-12-02 19:05:13.602313,Replace,8,44,49,0 days 00:00:55.000000000,0 days 00:18:11.360684000
17,2019-12-02 19:16:00.000000,2019-12-02 19:16:30.000000,2019-12-02 19:31:24.858932,2019-12-02 19:31:54.858932,2019-12-02 20:10:16.644512,2019-12-02 20:10:46.644512,2019-12-02 20:23:26.967711,Replace,8,44,49,0 days 00:00:30.000000000,0 days 00:15:24.858932000
18,2019-12-02 20:21:00.000000,2019-12-02 20:21:35.000000,2019-12-02 20:35:41.762934,2019-12-02 20:35:58.504813,,,,Onsite,8,44,49,0 days 00:00:35.000000000,0 days 00:14:23.504813000
19,2019-12-02 21:27:00.000000,2019-12-02 21:27:25.000000,2019-12-02 21:46:09.976613,2019-12-02 21:46:40.374843,,,,Onsite,8,44,49,0 days 00:00:25.000000000,0 days 00:19:15.374843000
0,2019-12-02 00:56:00.000000,2019-12-02 00:00:55.000000,2019-12-02 00:13:11.289224,2019-12-02 00:13:32.661206,,,,Onsite,9,44,49,-1 days +23:04:55.000000000,0 days 00:12:37.661206000
1,2019-12-02 01:18:00.000000,2019-12-02 01:18:35.000000,2019-12-02 01:30:58.860415,2019-12-02 01:31:33.860415,2019-12-02 01:54:30.833213,2019-12-02 01:55:05.833213,2019-12-02 02:14:45.487386,Replace,9,44,49,0 days 00:00:35.000000000,0 days 00:12:58.860415000
2,2019-12-02 02:18:00.000000,2019-12-02 02:18:55.000000,2019-12-02 02:32:14.320013,2019-12-02 02:33:09.320013,2019-12-02 03:15:47.460512,2019-12-02 03:16:42.460512,2019-12-02 03:37:58.850651,Replace,9,44,49,0 days 00:00:55.000000000,0 days 00:14:14.320013000
3,2019-12-02 03:30:00.000000,2019-12-02 03:30:45.000000,2019-12-02 03:49:16.713750,2019-12-02 03:50:01.713750,2019-12-02 04:23:13.749448,2019-12-02 04:23:58.749448,2019-12-02 04:48:32.277517,Replace,9,44,49,0 days 00:00:45.000000000,0 days 00:19:16.713750000
4,2019-12-02 04:38:00.000000,2019-12-02 04:38:50.000000,2019-12-02 04:54:35.418824,2019-12-02 04:54:45.736277,,,,Onsite,9,44,49,0 days 00:00:50.000000000,0 days 00:15:55.736277000
5,2019-12-02 05:45:00.000000,2019-12-02 05:45:45.000000,2019-12-02 06:05:18.784053,2019-12-02 06:06:03.784053,2019-12-02 06:28:28.980480,2019-12-02 06:29:13.980480,2019-12-02 06:45:08.540809,Replace,9,44,49,0 days 00:00:45.000000000,0 days 00:20:18.784053000
6,2019-12-02 07:01:00.000000,2019-12-02 07:01:30.000000,2019-12-02 07:15:42.144966,2019-12-02 07:15:53.386153,,,,Onsite,9,44,49,0 days 00:00:30.000000000,0 days 00:14:23.386153000
7,2019-12-02 08:15:00.000000,2019-12-02 08:15:35.000000,2019-12-02 08:29:45.367282,2019-12-02 08:30:20.367282,2019-12-02 09:12:14.173998,2019-12-02 09:12:49.173998,2019-12-02 09:29:25.096482,Replace,9,44,49,0 days 00:00:35.000000000,0 days 00:14:45.367282000
8,2019-12-02 09:18:00.000000,2019-12-02 09:18:45.000000,2019-12-02 09:31:07.431403,2019-12-02 09:31:52.431403,2019-12-02 10:07:57.478843,2019-12-02 10:08:42.478843,2019-12-02 10:26:38.162266,Replace,9,44,49,0 days 00:00:45.000000000,0 days 00:13:07.431403000
9,2019-12-02 10:16:00.000000,2019-12-02 10:16:25.000000,2019-12-02 10:31:05.555104,2019-12-02 10:31:14.874840,,,,Onsite,9,44,49,0 days 00:00:25.000000000,0 days 00:14:49.874840000
10,2019-12-02 11:37:00.000000,2019-12-02 11:37:45.000000,2019-12-02 11:58:57.542299,2019-12-02 11:59:05.852973,,,,Onsite,9,44,49,0 days 00:00:45.000000000,0 days 00:21:20.852973000
11,2019-12-02 12:48:00.000000,2019-12-02 12:48:55.000000,2019-12-02 12:57:37.708316,2019-12-02 12:57:57.145842,,,,Onsite,9,44,49,0 days 00:00:55.000000000,0 days 00:09:02.145842000
12,2019-12-02 13:38:00.000000,2019-12-02 13:38:45.000000,2019-12-02 13:57:21.904213,2019-12-02 13:58:06.904213,2019-12-02 14:28:47.644096,2019-12-02 14:29:32.644096,2019-12-02 14:44:29.964909,Replace,9,44,49,0 days 00:00:45.000000000,0 days 00:19:21.904213000
13,2019-12-02 14:45:00.000000,2019-12-02 14:45:35.000000,2019-12-02 15:00:33.002776,2019-12-02 15:01:08.002776,2019-12-02 15:26:34.502649,2019-12-02 15:27:09.502649,2019-12-02 15:40:46.831788,Replace,9,44,49,0 days 00:00:35.000000000,0 days 00:15:33.002776000
14,2019-12-02 16:01:00.000000,2019-12-02 16:01:55.000000,2019-12-02 16:19:47.812407,2019-12-02 16:20:42.812407,2019-12-02 16:58:01.124436,2019-12-02 16:58:56.124436,2019-12-02 17:13:17.313363,Replace,9,44,49,0 days 00:00:55.000000000,0 days 00:18:47.812407000
15,2019-12-02 17:05:00.000000,2019-12-02 17:05:50.000000,2019-12-02 17:22:02.046654,2019-12-02 17:22:52.046654,2019-12-02 17:58:15.902527,2019-12-02 17:59:05.902527,2019-12-02 18:13:56.477710,Replace,9,44,49,0 days 00:00:50.000000000,0 days 00:17:02.046654000
16,2019-12-02 18:25:00.000000,2019-12-02 18:25:35.000000,2019-12-02 18:37:53.624415,2019-12-02 18:38:28.624415,2019-12-02 19:08:12.382233,2019-12-02 19:08:47.382233,2019-12-02 19:23:18.704702,Replace,9,44,49,0 days 00:00:35.000000000,0 days 00:12:53.624415000
17,2019-12-02 19:44:00.000000,2019-12-02 19:44:45.000000,2019-12-02 20:02:09.882975,2019-12-02 20:02:28.365485,,,,Onsite,9,44,49,0 days 00:00:45.000000000,0 days 00:17:43.365485000
18,2019-12-02 20:44:00.000000,2019-12-02 20:44:55.000000,2019-12-02 21:00:22.285945,2019-12-02 21:00:42.893609,,,,Onsite,9,44,49,0 days 00:00:55.000000000,0 days 00:15:47.893609000
19,2019-12-02 21:56:00.000000,2019-12-02 21:56:45.000000,2019-12-02 22:15:25.334639,2019-12-02 22:15:33.315165,,,,Onsite,9,44,49,0 days 00:00:45.000000000,0 days 00:18:48.315165000
0,2019-12-02 01:14:00.000000,2019-12-02 00:00:35.000000,2019-12-02 00:12:48.578382,2019-12-02 00:13:23.578382,2019-12-02 01:03:35.948982,2019-12-02 01:04:10.948982,2019-12-02 01:19:24.830531,Replace,1,44,50,-1 days +22:46:35.000000000,0 days 00:12:48.578382000
1,2019-12-02 01:17:00.000000,2019-12-02 01:17:45.000000,2019-12-02 01:34:25.544502,2019-12-02 01:34:33.801147,,,,Onsite,1,44,50,0 days 00:00:45.000000000,0 days 00:16:48.801147000
2,2019-12-02 02:17:00.000000,2019-12-02 02:17:45.000000,2019-12-02 02:39:58.451522,2019-12-02 02:40:43.451522,2019-12-02 03:15:10.084382,2019-12-02 03:15:55.084382,2019-12-02 03:30:05.567353,Replace,1,44,50,0 days 00:00:45.000000000,0 days 00:22:58.451522000
3,2019-12-02 03:20:00.000000,2019-12-02 03:20:55.000000,2019-12-02 03:38:15.039639,2019-12-02 03:39:10.039639,2019-12-02 04:24:12.660073,2019-12-02 04:25:07.660073,2019-12-02 04:38:30.309694,Replace,1,44,50,0 days 00:00:55.000000000,0 days 00:18:15.039639000
4,2019-12-02 04:35:00.000000,2019-12-02 04:35:55.000000,2019-12-02 04:56:27.414083,2019-12-02 04:56:31.740806,,,,Onsite,1,44,50,0 days 00:00:55.000000000,0 days 00:20:36.740806000
5,2019-12-02 05:43:00.000000,2019-12-02 05:43:55.000000,2019-12-02 06:01:50.090897,2019-12-02 06:02:09.170242,,,,Onsite,1,44,50,0 days 00:00:55.000000000,0 days 00:18:14.170242000
6,2019-12-02 06:47:00.000000,2019-12-02 06:47:50.000000,2019-12-02 07:06:55.123448,2019-12-02 07:07:07.847803,,,,Onsite,1,44,50,0 days 00:00:50.000000000,0 days 00:19:17.847803000
7,2019-12-02 07:44:00.000000,2019-12-02 07:44:45.000000,2019-12-02 08:01:43.715082,2019-12-02 08:02:28.715082,2019-12-02 08:35:34.605210,2019-12-02 08:36:19.605210,2019-12-02 08:56:32.860656,Replace,1,44,50,0 days 00:00:45.000000000,0 days 00:17:43.715082000
8,2019-12-02 08:50:00.000000,2019-12-02 08:50:35.000000,2019-12-02 09:09:39.283759,2019-12-02 09:10:14.283759,2019-12-02 09:33:42.518578,2019-12-02 09:34:17.518578,2019-12-02 09:48:53.578341,Replace,1,44,50,0 days 00:00:35.000000000,0 days 00:19:39.283759000
9,2019-12-02 10:09:00.000000,2019-12-02 10:09:45.000000,2019-12-02 10:27:00.745746,2019-12-02 10:27:45.745746,2019-12-02 11:08:26.695209,2019-12-02 11:09:11.695209,2019-12-02 11:29:03.183641,Replace,1,44,50,0 days 00:00:45.000000000,0 days 00:18:00.745746000
10,2019-12-02 11:12:00.000000,2019-12-02 11:12:35.000000,2019-12-02 11:29:55.216368,2019-12-02 11:30:13.550849,,,,Onsite,1,44,50,0 days 00:00:35.000000000,0 days 00:17:38.550849000
11,2019-12-02 12:34:00.000000,2019-12-02 12:34:45.000000,2019-12-02 12:52:09.251687,2019-12-02 12:52:54.251687,2019-12-02 13:19:34.765820,2019-12-02 13:20:19.765820,2019-12-02 13:40:23.146634,Replace,1,44,50,0 days 00:00:45.000000000,0 days 00:18:09.251687000
12,2019-12-02 13:29:00.000000,2019-12-02 13:29:55.000000,2019-12-02 13:42:30.739592,2019-12-02 13:43:25.739592,2019-12-02 14:11:30.996343,2019-12-02 14:12:25.996343,2019-12-02 14:29:50.537914,Replace,1,44,50,0 days 00:00:55.000000000,0 days 00:13:30.739592000
13,2019-12-02 14:50:00.000000,2019-12-02 14:50:50.000000,2019-12-02 15:06:02.506612,2019-12-02 15:06:52.506612,2019-12-02 15:45:36.866755,2019-12-02 15:46:26.866755,2019-12-02 15:57:58.701061,Replace,1,44,50,0 days 00:00:50.000000000,0 days 00:16:02.506612000
14,2019-12-02 15:57:00.000000,2019-12-02 15:57:45.000000,2019-12-02 16:21:24.144196,2019-12-02 16:22:09.144196,2019-12-02 16:48:17.322947,2019-12-02 16:49:02.322947,2019-12-02 17:02:26.573006,Replace,1,44,50,0 days 00:00:45.000000000,0 days 00:24:24.144196000
15,2019-12-02 17:06:00.000000,2019-12-02 17:06:25.000000,2019-12-02 17:23:29.905814,2019-12-02 17:23:54.905814,2019-12-02 18:21:37.410505,2019-12-02 18:22:02.410505,2019-12-02 18:42:14.626508,Replace,1,44,50,0 days 00:00:25.000000000,0 days 00:17:29.905814000
16,2019-12-02 18:06:00.000000,2019-12-02 18:06:55.000000,2019-12-02 18:25:57.320611,2019-12-02 18:26:52.320611,2019-12-02 19:21:45.081888,2019-12-02 19:22:40.081888,2019-12-02 19:40:00.337832,Replace,1,44,50,0 days 00:00:55.000000000,0 days 00:19:57.320611000
17,2019-12-02 19:13:00.000000,2019-12-02 19:13:45.000000,2019-12-02 19:37:13.436772,2019-12-02 19:37:21.747590,,,,Onsite,1,44,50,0 days 00:00:45.000000000,0 days 00:23:36.747590000
18,2019-12-02 20:15:00.000000,2019-12-02 20:15:50.000000,2019-12-02 20:33:05.797462,2019-12-02 20:33:55.797462,2019-12-02 20:59:24.022277,2019-12-02 21:00:14.022277,2019-12-02 21:16:12.509975,Replace,1,44,50,0 days 00:00:50.000000000,0 days 00:18:05.797462000
19,2019-12-02 21:12:00.000000,2019-12-02 21:12:50.000000,2019-12-02 21:30:54.407906,2019-12-02 21:31:12.062086,,,,Onsite,1,44,50,0 days 00:00:50.000000000,0 days 00:18:22.062086000
0,2019-12-02 01:10:00.000000,2019-12-02 00:00:50.000000,2019-12-02 00:12:24.301007,2019-12-02 00:12:40.549141,,,,Onsite,2,44,50,-1 days +22:50:50.000000000,0 days 00:11:50.549141000
1,2019-12-02 01:11:00.000000,2019-12-02 01:11:35.000000,2019-12-02 01:26:34.502497,2019-12-02 01:27:08.764019,,,,Onsite,2,44,50,0 days 00:00:35.000000000,0 days 00:15:33.764019000
2,2019-12-02 02:34:00.000000,2019-12-02 02:34:45.000000,2019-12-02 02:50:19.422960,2019-12-02 02:51:04.422960,2019-12-02 03:16:13.807111,2019-12-02 03:16:58.807111,2019-12-02 03:31:14.249402,Replace,2,44,50,0 days 00:00:45.000000000,0 days 00:16:19.422960000
3,2019-12-02 03:46:00.000000,2019-12-02 03:46:45.000000,2019-12-02 03:58:21.936513,2019-12-02 03:58:45.639464,,,,Onsite,2,44,50,0 days 00:00:45.000000000,0 days 00:12:00.639464000
4,2019-12-02 04:53:00.000000,2019-12-02 04:53:45.000000,2019-12-02 05:11:22.446599,2019-12-02 05:12:07.446599,2019-12-02 05:42:08.245230,2019-12-02 05:42:53.245230,2019-12-02 06:00:17.795404,Replace,2,44,50,0 days 00:00:45.000000000,0 days 00:18:22.446599000
5,2019-12-02 06:12:00.000000,2019-12-02 06:12:25.000000,2019-12-02 06:34:43.804115,2019-12-02 06:35:13.924228,,,,Onsite,2,44,50,0 days 00:00:25.000000000,0 days 00:22:48.924228000
6,2019-12-02 07:35:00.000000,2019-12-02 07:35:45.000000,2019-12-02 07:49:07.296164,2019-12-02 07:49:17.045624,,,,Onsite,2,44,50,0 days 00:00:45.000000000,0 days 00:13:32.045624000
7,2019-12-02 08:36:00.000000,2019-12-02 08:36:25.000000,2019-12-02 08:52:37.442527,2019-12-02 08:52:57.281577,,,,Onsite,2,44,50,0 days 00:00:25.000000000,0 days 00:16:32.281577000
8,2019-12-02 09:39:00.000000,2019-12-02 09:39:30.000000,2019-12-02 09:55:52.498772,2019-12-02 09:56:10.028152,,,,Onsite,2,44,50,0 days 00:00:30.000000000,0 days 00:16:40.028152000
9,2019-12-02 10:47:00.000000,2019-12-02 10:47:35.000000,2019-12-02 10:59:39.743830,2019-12-02 10:59:49.612138,,,,Onsite,2,44,50,0 days 00:00:35.000000000,0 days 00:12:14.612138000
10,2019-12-02 11:53:00.000000,2019-12-02 11:53:45.000000,2019-12-02 12:13:11.699143,2019-12-02 12:13:56.699143,2019-12-02 13:02:09.302817,2019-12-02 13:02:54.302817,2019-12-02 13:17:55.132493,Replace,2,44,50,0 days 00:00:45.000000000,0 days 00:20:11.699143000
11,2019-12-02 13:03:00.000000,2019-12-02 13:03:45.000000,2019-12-02 13:18:20.096364,2019-12-02 13:19:05.096364,2019-12-02 13:40:20.294486,2019-12-02 13:41:05.294486,2019-12-02 13:54:40.620427,Replace,2,44,50,0 days 00:00:45.000000000,0 days 00:15:20.096364000
12,2019-12-02 14:02:00.000000,2019-12-02 14:02:35.000000,2019-12-02 14:22:05.140512,2019-12-02 14:22:28.403470,,,,Onsite,2,44,50,0 days 00:00:35.000000000,0 days 00:19:53.403470000
13,2019-12-02 15:14:00.000000,2019-12-02 15:14:30.000000,2019-12-02 15:29:13.721617,2019-12-02 15:29:32.565412,,,,Onsite,2,44,50,0 days 00:00:30.000000000,0 days 00:15:02.565412000
14,2019-12-02 16:24:00.000000,2019-12-02 16:24:45.000000,2019-12-02 16:41:10.673954,2019-12-02 16:41:55.673954,2019-12-02 17:28:31.282025,2019-12-02 17:29:16.282025,2019-12-02 17:42:48.615856,Replace,2,44,50,0 days 00:00:45.000000000,0 days 00:17:10.673954000
15,2019-12-02 17:26:00.000000,2019-12-02 17:26:25.000000,2019-12-02 17:41:42.417185,2019-12-02 17:42:07.417185,2019-12-02 18:05:12.969997,2019-12-02 18:05:37.969997,2019-12-02 18:20:56.089915,Replace,2,44,50,0 days 00:00:25.000000000,0 days 00:15:42.417185000
16,2019-12-02 18:39:00.000000,2019-12-02 18:39:55.000000,2019-12-02 18:54:39.858215,2019-12-02 18:55:34.858215,2019-12-02 19:29:40.217609,2019-12-02 19:30:35.217609,2019-12-02 19:42:29.120598,Replace,2,44,50,0 days 00:00:55.000000000,0 days 00:15:39.858215000
17,2019-12-02 19:45:00.000000,2019-12-02 19:45:30.000000,2019-12-02 20:00:07.184646,2019-12-02 20:00:37.184646,2019-12-02 20:36:15.313117,2019-12-02 20:36:45.313117,2019-12-02 20:49:19.236874,Replace,2,44,50,0 days 00:00:30.000000000,0 days 00:15:07.184646000
18,2019-12-02 20:59:00.000000,2019-12-02 20:59:30.000000,2019-12-02 21:14:57.161847,2019-12-02 21:15:27.161847,2019-12-02 21:59:31.727058,2019-12-02 22:00:01.727058,2019-12-02 22:16:54.838953,Replace,2,44,50,0 days 00:00:30.000000000,0 days 00:15:57.161847000
0,2019-12-02 00:53:00.000000,2019-12-02 00:00:35.000000,2019-12-02 00:13:14.799357,2019-12-02 00:13:49.799357,2019-12-02 00:55:40.328408,2019-12-02 00:56:15.328408,2019-12-02 01:15:00.415353,Replace,3,44,50,-1 days +23:07:35.000000000,0 days 00:13:14.799357000
1,2019-12-02 01:16:00.000000,2019-12-02 01:16:45.000000,2019-12-02 01:30:04.447520,2019-12-02 01:30:49.447520,2019-12-02 01:52:12.047857,2019-12-02 01:52:57.047857,2019-12-02 02:07:59.874210,Replace,3,44,50,0 days 00:00:45.000000000,0 days 00:14:04.447520000
2,2019-12-02 02:22:00.000000,2019-12-02 02:22:45.000000,2019-12-02 02:35:30.966726,2019-12-02 02:36:15.966726,2019-12-02 03:14:25.640960,2019-12-02 03:15:10.640960,2019-12-02 03:30:19.920640,Replace,3,44,50,0 days 00:00:45.000000000,0 days 00:13:30.966726000
3,2019-12-02 03:21:00.000000,2019-12-02 03:21:25.000000,2019-12-02 03:37:02.071968,2019-12-02 03:37:23.301744,,,,Onsite,3,44,50,0 days 00:00:25.000000000,0 days 00:15:58.301744000
4,2019-12-02 04:12:00.000000,2019-12-02 04:12:45.000000,2019-12-02 04:31:01.756194,2019-12-02 04:31:13.737029,,,,Onsite,3,44,50,0 days 00:00:45.000000000,0 days 00:18:28.737029000
5,2019-12-02 05:31:00.000000,2019-12-02 05:31:45.000000,2019-12-02 05:49:25.764799,2019-12-02 05:49:43.007893,,,,Onsite,3,44,50,0 days 00:00:45.000000000,0 days 00:17:58.007893000
6,2019-12-02 06:50:00.000000,2019-12-02 06:50:35.000000,2019-12-02 07:01:49.123163,2019-12-02 07:02:01.555453,,,,Onsite,3,44,50,0 days 00:00:35.000000000,0 days 00:11:26.555453000
7,2019-12-02 08:01:00.000000,2019-12-02 08:01:25.000000,2019-12-02 08:24:12.974399,2019-12-02 08:24:37.974399,2019-12-02 08:54:18.466980,2019-12-02 08:54:43.466980,2019-12-02 09:12:55.298518,Replace,3,44,50,0 days 00:00:25.000000000,0 days 00:23:12.974399000
8,2019-12-02 09:08:00.000000,2019-12-02 09:08:50.000000,2019-12-02 09:28:09.898001,2019-12-02 09:28:37.986186,,,,Onsite,3,44,50,0 days 00:00:50.000000000,0 days 00:19:47.986186000
9,2019-12-02 10:18:00.000000,2019-12-02 10:18:30.000000,2019-12-02 10:33:29.357688,2019-12-02 10:33:59.357688,2019-12-02 10:59:03.383010,2019-12-02 10:59:33.383010,2019-12-02 11:13:13.321475,Replace,3,44,50,0 days 00:00:30.000000000,0 days 00:15:29.357688000
10,2019-12-02 11:32:00.000000,2019-12-02 11:32:45.000000,2019-12-02 11:49:38.204523,2019-12-02 11:50:23.204523,2019-12-02 12:28:04.503398,2019-12-02 12:28:49.503398,2019-12-02 12:44:43.791454,Replace,3,44,50,0 days 00:00:45.000000000,0 days 00:17:38.204523000
11,2019-12-02 12:47:00.000000,2019-12-02 12:47:45.000000,2019-12-02 13:04:37.235726,2019-12-02 13:05:22.235726,2019-12-02 14:02:31.134435,2019-12-02 14:03:16.134435,2019-12-02 14:18:45.877605,Replace,3,44,50,0 days 00:00:45.000000000,0 days 00:17:37.235726000
12,2019-12-02 13:58:00.000000,2019-12-02 13:58:35.000000,2019-12-02 14:11:40.745487,2019-12-02 14:12:15.745487,2019-12-02 14:40:31.669767,2019-12-02 14:41:06.669767,2019-12-02 14:57:07.584175,Replace,3,44,50,0 days 00:00:35.000000000,0 days 00:13:40.745487000
13,2019-12-02 15:13:00.000000,2019-12-02 15:13:25.000000,2019-12-02 15:28:06.650498,2019-12-02 15:28:31.650498,2019-12-02 16:00:05.329466,2019-12-02 16:00:30.329466,2019-12-02 16:18:58.344402,Replace,3,44,50,0 days 00:00:25.000000000,0 days 00:15:06.650498000
14,2019-12-02 16:23:00.000000,2019-12-02 16:23:45.000000,2019-12-02 16:36:44.523471,2019-12-02 16:37:29.523471,2019-12-02 17:06:46.340936,2019-12-02 17:07:31.340936,2019-12-02 17:22:41.705940,Replace,3,44,50,0 days 00:00:45.000000000,0 days 00:13:44.523471000
15,2019-12-02 17:49:00.000000,2019-12-02 17:49:30.000000,2019-12-02 18:08:27.439325,2019-12-02 18:08:57.439325,2019-12-02 18:41:19.193009,2019-12-02 18:41:49.193009,2019-12-02 19:02:01.106037,Replace,3,44,50,0 days 00:00:30.000000000,0 days 00:19:27.439325000
16,2019-12-02 18:49:00.000000,2019-12-02 18:49:45.000000,2019-12-02 19:06:13.054227,2019-12-02 19:06:30.107686,,,,Onsite,3,44,50,0 days 00:00:45.000000000,0 days 00:16:45.107686000
17,2019-12-02 19:55:00.000000,2019-12-02 19:55:45.000000,2019-12-02 20:13:04.131140,2019-12-02 20:13:49.131140,2019-12-02 20:40:53.760460,2019-12-02 20:41:38.760460,2019-12-02 21:00:02.795365,Replace,3,44,50,0 days 00:00:45.000000000,0 days 00:18:04.131140000
18,2019-12-02 20:59:00.000000,2019-12-02 20:59:55.000000,2019-12-02 21:08:26.277193,2019-12-02 21:08:38.486311,,,,Onsite,3,44,50,0 days 00:00:55.000000000,0 days 00:08:43.486311000
19,2019-12-02 22:03:00.000000,2019-12-02 22:03:45.000000,2019-12-02 22:22:52.793980,2019-12-02 22:23:02.747305,,,,Onsite,3,44,50,0 days 00:00:45.000000000,0 days 00:19:17.747305000
0,2019-12-02 01:08:00.000000,2019-12-02 00:00:45.000000,2019-12-02 00:14:36.500689,2019-12-02 00:14:38.051612,,,,Onsite,4,44,50,-1 days +22:52:45.000000000,0 days 00:13:53.051612000
1,2019-12-02 01:23:00.000000,2019-12-02 01:23:30.000000,2019-12-02 01:41:25.041315,2019-12-02 01:41:55.041315,2019-12-02 02:18:24.672701,2019-12-02 02:18:54.672701,2019-12-02 02:34:43.392225,Replace,4,44,50,0 days 00:00:30.000000000,0 days 00:18:25.041315000
2,2019-12-02 02:32:00.000000,2019-12-02 02:32:45.000000,2019-12-02 02:51:20.667576,2019-12-02 02:52:05.667576,2019-12-02 03:41:39.140327,2019-12-02 03:42:24.140327,2019-12-02 03:57:24.037044,Replace,4,44,50,0 days 00:00:45.000000000,0 days 00:19:20.667576000
3,2019-12-02 03:47:00.000000,2019-12-02 03:47:30.000000,2019-12-02 04:05:02.631000,2019-12-02 04:05:32.631000,2019-12-02 04:35:24.197402,2019-12-02 04:35:54.197402,2019-12-02 04:58:10.436429,Replace,4,44,50,0 days 00:00:30.000000000,0 days 00:18:02.631000000
4,2019-12-02 04:47:00.000000,2019-12-02 04:47:45.000000,2019-12-02 04:59:52.819930,2019-12-02 05:00:37.819930,2019-12-02 05:47:10.473889,2019-12-02 05:47:55.473889,2019-12-02 06:04:54.394303,Replace,4,44,50,0 days 00:00:45.000000000,0 days 00:12:52.819930000
5,2019-12-02 05:49:00.000000,2019-12-02 05:49:35.000000,2019-12-02 06:05:37.894797,2019-12-02 06:05:52.310205,,,,Onsite,4,44,50,0 days 00:00:35.000000000,0 days 00:16:17.310205000
6,2019-12-02 07:08:00.000000,2019-12-02 07:08:55.000000,2019-12-02 07:25:25.177368,2019-12-02 07:25:34.805273,,,,Onsite,4,44,50,0 days 00:00:55.000000000,0 days 00:16:39.805273000
7,2019-12-02 08:11:00.000000,2019-12-02 08:11:30.000000,2019-12-02 08:29:01.458238,2019-12-02 08:29:06.911956,,,,Onsite,4,44,50,0 days 00:00:30.000000000,0 days 00:17:36.911956000
8,2019-12-02 09:25:00.000000,2019-12-02 09:25:25.000000,2019-12-02 09:40:47.604445,2019-12-02 09:41:04.690875,,,,Onsite,4,44,50,0 days 00:00:25.000000000,0 days 00:15:39.690875000
9,2019-12-02 10:21:00.000000,2019-12-02 10:21:25.000000,2019-12-02 10:38:12.153678,2019-12-02 10:38:37.153678,2019-12-02 11:01:12.014137,2019-12-02 11:01:37.014137,2019-12-02 11:24:08.429765,Replace,4,44,50,0 days 00:00:25.000000000,0 days 00:17:12.153678000
10,2019-12-02 11:15:00.000000,2019-12-02 11:15:30.000000,2019-12-02 11:30:16.868004,2019-12-02 11:30:46.868004,2019-12-02 12:05:41.576638,2019-12-02 12:06:11.576638,2019-12-02 12:17:32.611136,Replace,4,44,50,0 days 00:00:30.000000000,0 days 00:15:16.868004000
11,2019-12-02 12:19:00.000000,2019-12-02 12:19:25.000000,2019-12-02 12:36:56.342642,2019-12-02 12:37:14.631281,,,,Onsite,4,44,50,0 days 00:00:25.000000000,0 days 00:17:49.631281000
12,2019-12-02 13:44:00.000000,2019-12-02 13:44:50.000000,2019-12-02 13:54:56.685879,2019-12-02 13:55:08.229771,,,,Onsite,4,44,50,0 days 00:00:50.000000000,0 days 00:10:18.229771000
13,2019-12-02 14:34:00.000000,2019-12-02 14:34:45.000000,2019-12-02 14:49:06.756291,2019-12-02 14:49:12.646163,,,,Onsite,4,44,50,0 days 00:00:45.000000000,0 days 00:14:27.646163000
14,2019-12-02 15:40:00.000000,2019-12-02 15:40:30.000000,2019-12-02 16:00:02.782415,2019-12-02 16:00:32.782415,2019-12-02 16:52:33.672513,2019-12-02 16:53:03.672513,2019-12-02 17:12:30.945328,Replace,4,44,50,0 days 00:00:30.000000000,0 days 00:20:02.782415000
15,2019-12-02 16:55:00.000000,2019-12-02 16:55:35.000000,2019-12-02 17:14:05.907824,2019-12-02 17:14:40.907824,2019-12-02 17:48:29.630174,2019-12-02 17:49:04.630174,2019-12-02 18:09:20.682377,Replace,4,44,50,0 days 00:00:35.000000000,0 days 00:19:05.907824000
16,2019-12-02 18:03:00.000000,2019-12-02 18:03:45.000000,2019-12-02 18:14:42.329025,2019-12-02 18:15:04.542856,,,,Onsite,4,44,50,0 days 00:00:45.000000000,0 days 00:11:19.542856000
17,2019-12-02 18:59:00.000000,2019-12-02 18:59:35.000000,2019-12-02 19:15:43.625775,2019-12-02 19:15:57.852364,,,,Onsite,4,44,50,0 days 00:00:35.000000000,0 days 00:16:22.852364000
18,2019-12-02 20:08:00.000000,2019-12-02 20:08:50.000000,2019-12-02 20:26:20.380011,2019-12-02 20:27:10.380011,2019-12-02 21:00:46.951422,2019-12-02 21:01:36.951422,2019-12-02 21:20:42.548685,Replace,4,44,50,0 days 00:00:50.000000000,0 days 00:18:20.380011000
19,2019-12-02 21:17:00.000000,2019-12-02 21:17:50.000000,2019-12-02 21:33:11.733803,2019-12-02 21:34:01.733803,2019-12-02 22:01:25.443449,2019-12-02 22:02:15.443449,2019-12-02 22:25:33.262582,Replace,4,44,50,0 days 00:00:50.000000000,0 days 00:16:11.733803000
20,2019-12-02 22:12:00.000000,2019-12-02 22:12:25.000000,2019-12-02 22:25:53.543666,2019-12-02 22:26:11.735933,,,,Onsite,4,44,50,0 days 00:00:25.000000000,0 days 00:13:46.735933000
0,2019-12-02 01:29:00.000000,2019-12-02 00:00:50.000000,2019-12-02 00:18:11.026489,2019-12-02 00:19:01.026489,2019-12-02 01:03:23.061148,2019-12-02 01:04:13.061148,2019-12-02 01:17:13.080257,Replace,5,44,50,-1 days +22:31:50.000000000,0 days 00:18:11.026489000
1,2019-12-02 01:11:00.000000,2019-12-02 01:11:50.000000,2019-12-02 01:23:44.792653,2019-12-02 01:24:06.084830,,,,Onsite,5,44,50,0 days 00:00:50.000000000,0 days 00:12:16.084830000
2,2019-12-02 02:23:00.000000,2019-12-02 02:23:30.000000,2019-12-02 02:39:44.397212,2019-12-02 02:40:14.397212,2019-12-02 03:07:44.415055,2019-12-02 03:08:14.415055,2019-12-02 03:28:48.452188,Replace,5,44,50,0 days 00:00:30.000000000,0 days 00:16:44.397212000
3,2019-12-02 03:33:00.000000,2019-12-02 03:33:25.000000,2019-12-02 03:51:21.680496,2019-12-02 03:51:46.680496,2019-12-02 04:27:37.854824,2019-12-02 04:28:02.854824,2019-12-02 04:42:31.446093,Replace,5,44,50,0 days 00:00:25.000000000,0 days 00:18:21.680496000
4,2019-12-02 04:37:00.000000,2019-12-02 04:37:35.000000,2019-12-02 04:52:31.259714,2019-12-02 04:52:47.958813,,,,Onsite,5,44,50,0 days 00:00:35.000000000,0 days 00:15:12.958813000
5,2019-12-02 05:40:00.000000,2019-12-02 05:40:35.000000,2019-12-02 05:56:44.971865,2019-12-02 05:57:19.971865,2019-12-02 06:18:32.913027,2019-12-02 06:19:07.913027,2019-12-02 06:33:23.459539,Replace,5,44,50,0 days 00:00:35.000000000,0 days 00:16:44.971865000
6,2019-12-02 06:48:00.000000,2019-12-02 06:48:45.000000,2019-12-02 07:05:47.486627,2019-12-02 07:06:32.486627,2019-12-02 07:36:20.137251,2019-12-02 07:37:05.137251,2019-12-02 07:53:27.545377,Replace,5,44,50,0 days 00:00:45.000000000,0 days 00:17:47.486627000
7,2019-12-02 07:59:00.000000,2019-12-02 07:59:45.000000,2019-12-02 08:16:43.718613,2019-12-02 08:17:28.718613,2019-12-02 09:01:31.196469,2019-12-02 09:02:16.196469,2019-12-02 09:16:25.554984,Replace,5,44,50,0 days 00:00:45.000000000,0 days 00:17:43.718613000
8,2019-12-02 09:12:00.000000,2019-12-02 09:12:25.000000,2019-12-02 09:24:34.416080,2019-12-02 09:24:59.416080,2019-12-02 10:04:47.001786,2019-12-02 10:05:12.001786,2019-12-02 10:21:41.562600,Replace,5,44,50,0 days 00:00:25.000000000,0 days 00:12:34.416080000
9,2019-12-02 10:12:00.000000,2019-12-02 10:12:25.000000,2019-12-02 10:25:39.884123,2019-12-02 10:26:04.884123,2019-12-02 11:12:48.593678,2019-12-02 11:13:13.593678,2019-12-02 11:36:13.215836,Replace,5,44,50,0 days 00:00:25.000000000,0 days 00:13:39.884123000
10,2019-12-02 11:27:00.000000,2019-12-02 11:27:35.000000,2019-12-02 11:44:02.096799,2019-12-02 11:44:37.096799,2019-12-02 12:14:50.983927,2019-12-02 12:15:25.983927,2019-12-02 12:34:51.522146,Replace,5,44,50,0 days 00:00:35.000000000,0 days 00:17:02.096799000
11,2019-12-02 12:33:00.000000,2019-12-02 12:33:55.000000,2019-12-02 12:48:49.889682,2019-12-02 12:49:09.436013,,,,Onsite,5,44,50,0 days 00:00:55.000000000,0 days 00:15:14.436013000
12,2019-12-02 13:46:00.000000,2019-12-02 13:46:50.000000,2019-12-02 13:57:28.398395,2019-12-02 13:58:18.398395,2019-12-02 14:27:11.682594,2019-12-02 14:28:01.682594,2019-12-02 14:41:25.407175,Replace,5,44,50,0 days 00:00:50.000000000,0 days 00:11:28.398395000
13,2019-12-02 14:46:00.000000,2019-12-02 14:46:25.000000,2019-12-02 15:06:39.533831,2019-12-02 15:07:16.837511,,,,Onsite,5,44,50,0 days 00:00:25.000000000,0 days 00:20:51.837511000
14,2019-12-02 15:51:00.000000,2019-12-02 15:51:45.000000,2019-12-02 16:03:20.687432,2019-12-02 16:04:05.687432,2019-12-02 16:37:55.555684,2019-12-02 16:38:40.555684,2019-12-02 16:52:56.911330,Replace,5,44,50,0 days 00:00:45.000000000,0 days 00:12:20.687432000
15,2019-12-02 16:48:00.000000,2019-12-02 16:48:30.000000,2019-12-02 17:06:18.977276,2019-12-02 17:06:25.537390,,,,Onsite,5,44,50,0 days 00:00:30.000000000,0 days 00:17:55.537390000
16,2019-12-02 17:53:00.000000,2019-12-02 17:53:25.000000,2019-12-02 18:08:40.563340,2019-12-02 18:08:56.961873,,,,Onsite,5,44,50,0 days 00:00:25.000000000,0 days 00:15:31.961873000
17,2019-12-02 18:57:00.000000,2019-12-02 18:57:35.000000,2019-12-02 19:08:36.450748,2019-12-02 19:08:58.052726,,,,Onsite,5,44,50,0 days 00:00:35.000000000,0 days 00:11:23.052726000
18,2019-12-02 20:08:00.000000,2019-12-02 20:08:45.000000,2019-12-02 20:25:11.971483,2019-12-02 20:25:56.971483,2019-12-02 20:59:37.903128,2019-12-02 21:00:22.903128,2019-12-02 21:19:32.712776,Replace,5,44,50,0 days 00:00:45.000000000,0 days 00:17:11.971483000
19,2019-12-02 21:01:00.000000,2019-12-02 21:01:55.000000,2019-12-02 21:15:52.465207,2019-12-02 21:16:47.465207,2019-12-02 21:46:31.590048,2019-12-02 21:47:26.590048,2019-12-02 21:58:54.867990,Replace,5,44,50,0 days 00:00:55.000000000,0 days 00:14:52.465207000
20,2019-12-02 21:54:00.000000,2019-12-02 21:54:55.000000,2019-12-02 22:11:32.863061,2019-12-02 22:12:27.863061,2019-12-02 22:46:32.450153,2019-12-02 22:47:27.450153,2019-12-02 22:59:26.444232,Replace,5,44,50,0 days 00:00:55.000000000,0 days 00:17:32.863061000
0,2019-12-02 01:08:00.000000,2019-12-02 00:00:45.000000,2019-12-02 00:14:10.200827,2019-12-02 00:14:29.968467,,,,Onsite,6,44,50,-1 days +22:52:45.000000000,0 days 00:13:44.968467000
1,2019-12-02 01:01:00.000000,2019-12-02 01:01:45.000000,2019-12-02 01:18:16.275331,2019-12-02 01:19:01.275331,2019-12-02 01:56:40.136395,2019-12-02 01:57:25.136395,2019-12-02 02:21:21.496242,Replace,6,44,50,0 days 00:00:45.000000000,0 days 00:17:16.275331000
2,2019-12-02 02:11:00.000000,2019-12-02 02:11:25.000000,2019-12-02 02:26:48.699060,2019-12-02 02:27:13.699060,2019-12-02 02:54:47.367723,2019-12-02 02:55:12.367723,2019-12-02 03:06:42.092909,Replace,6,44,50,0 days 00:00:25.000000000,0 days 00:15:48.699060000
3,2019-12-02 03:33:00.000000,2019-12-02 03:33:25.000000,2019-12-02 03:51:26.176274,2019-12-02 03:51:51.176274,2019-12-02 04:36:29.017463,2019-12-02 04:36:54.017463,2019-12-02 04:52:30.271952,Replace,6,44,50,0 days 00:00:25.000000000,0 days 00:18:26.176274000
4,2019-12-02 04:35:00.000000,2019-12-02 04:35:30.000000,2019-12-02 04:47:41.104439,2019-12-02 04:48:11.104439,2019-12-02 05:17:56.081100,2019-12-02 05:18:26.081100,2019-12-02 05:39:52.620720,Replace,6,44,50,0 days 00:00:30.000000000,0 days 00:12:41.104439000
5,2019-12-02 05:42:00.000000,2019-12-02 05:42:55.000000,2019-12-02 05:57:14.378210,2019-12-02 05:57:27.650068,,,,Onsite,6,44,50,0 days 00:00:55.000000000,0 days 00:14:32.650068000
6,2019-12-02 06:59:00.000000,2019-12-02 06:59:55.000000,2019-12-02 07:18:50.169839,2019-12-02 07:19:45.169839,2019-12-02 08:05:58.519348,2019-12-02 08:06:53.519348,2019-12-02 08:27:13.445670,Replace,6,44,50,0 days 00:00:55.000000000,0 days 00:19:50.169839000
7,2019-12-02 08:04:00.000000,2019-12-02 08:04:55.000000,2019-12-02 08:22:59.590302,2019-12-02 08:23:04.261074,,,,Onsite,6,44,50,0 days 00:00:55.000000000,0 days 00:18:09.261074000
8,2019-12-02 09:10:00.000000,2019-12-02 09:10:45.000000,2019-12-02 09:28:46.801191,2019-12-02 09:29:31.801191,2019-12-02 09:59:40.682323,2019-12-02 10:00:25.682323,2019-12-02 10:21:55.781083,Replace,6,44,50,0 days 00:00:45.000000000,0 days 00:18:46.801191000
9,2019-12-02 10:27:00.000000,2019-12-02 10:27:30.000000,2019-12-02 10:45:54.008350,2019-12-02 10:46:24.008350,2019-12-02 11:36:20.726051,2019-12-02 11:36:50.726051,2019-12-02 11:55:13.386471,Replace,6,44,50,0 days 00:00:30.000000000,0 days 00:18:54.008350000
10,2019-12-02 11:33:00.000000,2019-12-02 11:33:45.000000,2019-12-02 11:55:05.029599,2019-12-02 11:55:18.944630,,,,Onsite,6,44,50,0 days 00:00:45.000000000,0 days 00:21:33.944630000
11,2019-12-02 12:39:00.000000,2019-12-02 12:39:35.000000,2019-12-02 12:50:28.285779,2019-12-02 12:51:03.285779,2019-12-02 13:37:40.430857,2019-12-02 13:38:15.430857,2019-12-02 13:55:34.840803,Replace,6,44,50,0 days 00:00:35.000000000,0 days 00:11:28.285779000
12,2019-12-02 13:54:00.000000,2019-12-02 13:54:55.000000,2019-12-02 14:09:10.196797,2019-12-02 14:10:05.196797,2019-12-02 14:31:18.109148,2019-12-02 14:32:13.109148,2019-12-02 14:51:54.859947,Replace,6,44,50,0 days 00:00:55.000000000,0 days 00:15:10.196797000
13,2019-12-02 15:18:00.000000,2019-12-02 15:18:50.000000,2019-12-02 15:30:47.333192,2019-12-02 15:30:54.028695,,,,Onsite,6,44,50,0 days 00:00:50.000000000,0 days 00:12:04.028695000
14,2019-12-02 16:23:00.000000,2019-12-02 16:23:35.000000,2019-12-02 16:42:16.980346,2019-12-02 16:42:51.980346,2019-12-02 17:07:06.209750,2019-12-02 17:07:41.209750,2019-12-02 17:20:17.392639,Replace,6,44,50,0 days 00:00:35.000000000,0 days 00:19:16.980346000
15,2019-12-02 17:41:00.000000,2019-12-02 17:41:35.000000,2019-12-02 17:58:07.302549,2019-12-02 17:58:26.368440,,,,Onsite,6,44,50,0 days 00:00:35.000000000,0 days 00:16:51.368440000
16,2019-12-02 18:45:00.000000,2019-12-02 18:45:30.000000,2019-12-02 19:04:39.142627,2019-12-02 19:05:09.142627,2019-12-02 19:34:40.982226,2019-12-02 19:35:10.982226,2019-12-02 19:55:36.480706,Replace,6,44,50,0 days 00:00:30.000000000,0 days 00:19:39.142627000
17,2019-12-02 20:07:00.000000,2019-12-02 20:07:45.000000,2019-12-02 20:22:56.580157,2019-12-02 20:23:17.213175,,,,Onsite,6,44,50,0 days 00:00:45.000000000,0 days 00:15:32.213175000
18,2019-12-02 21:13:00.000000,2019-12-02 21:13:50.000000,2019-12-02 21:31:57.041571,2019-12-02 21:32:47.041571,2019-12-02 22:23:44.912647,2019-12-02 22:24:34.912647,2019-12-02 22:42:44.593017,Replace,6,44,50,0 days 00:00:50.000000000,0 days 00:18:57.041571000
19,2019-12-02 22:18:00.000000,2019-12-02 22:18:50.000000,2019-12-02 22:33:33.583381,2019-12-02 22:33:48.781120,,,,Onsite,6,44,50,0 days 00:00:50.000000000,0 days 00:14:58.781120000
0,2019-12-02 00:57:00.000000,2019-12-02 00:00:50.000000,2019-12-02 00:16:43.544114,2019-12-02 00:17:33.544114,2019-12-02 01:03:35.296899,2019-12-02 01:04:25.296899,2019-12-02 01:22:04.801334,Replace,7,44,50,-1 days +23:03:50.000000000,0 days 00:16:43.544114000
1,2019-12-02 01:08:00.000000,2019-12-02 01:08:25.000000,2019-12-02 01:24:45.517090,2019-12-02 01:25:10.517090,2019-12-02 02:16:41.167828,2019-12-02 02:17:06.167828,2019-12-02 02:34:14.351293,Replace,7,44,50,0 days 00:00:25.000000000,0 days 00:16:45.517090000
2,2019-12-02 02:06:00.000000,2019-12-02 02:06:35.000000,2019-12-02 02:28:14.774791,2019-12-02 02:28:49.774791,2019-12-02 03:02:46.375482,2019-12-02 03:03:21.375482,2019-12-02 03:17:34.072524,Replace,7,44,50,0 days 00:00:35.000000000,0 days 00:22:14.774791000
3,2019-12-02 03:11:00.000000,2019-12-02 03:11:45.000000,2019-12-02 03:34:32.525016,2019-12-02 03:35:17.525016,2019-12-02 04:08:10.708554,2019-12-02 04:08:55.708554,2019-12-02 04:23:01.440970,Replace,7,44,50,0 days 00:00:45.000000000,0 days 00:23:32.525016000
4,2019-12-02 04:25:00.000000,2019-12-02 04:25:45.000000,2019-12-02 04:49:01.084403,2019-12-02 04:49:46.084403,2019-12-02 05:33:01.978414,2019-12-02 05:33:46.978414,2019-12-02 05:54:02.636090,Replace,7,44,50,0 days 00:00:45.000000000,0 days 00:24:01.084403000
5,2019-12-02 05:42:00.000000,2019-12-02 05:42:45.000000,2019-12-02 06:02:33.370600,2019-12-02 06:03:18.370600,2019-12-02 06:35:06.977613,2019-12-02 06:35:51.977613,2019-12-02 06:58:27.490832,Replace,7,44,50,0 days 00:00:45.000000000,0 days 00:20:33.370600000
6,2019-12-02 06:44:00.000000,2019-12-02 06:44:45.000000,2019-12-02 07:03:42.950349,2019-12-02 07:04:27.950349,2019-12-02 07:38:16.732622,2019-12-02 07:39:01.732622,2019-12-02 07:54:33.889561,Replace,7,44,50,0 days 00:00:45.000000000,0 days 00:19:42.950349000
7,2019-12-02 08:06:00.000000,2019-12-02 08:06:45.000000,2019-12-02 08:23:24.721552,2019-12-02 08:24:09.721552,2019-12-02 09:00:27.298911,2019-12-02 09:01:12.298911,2019-12-02 09:21:18.601308,Replace,7,44,50,0 days 00:00:45.000000000,0 days 00:17:24.721552000
8,2019-12-02 09:16:00.000000,2019-12-02 09:16:25.000000,2019-12-02 09:32:15.246703,2019-12-02 09:32:40.246703,2019-12-02 10:10:45.217677,2019-12-02 10:11:10.217677,2019-12-02 10:32:33.067577,Replace,7,44,50,0 days 00:00:25.000000000,0 days 00:16:15.246703000
9,2019-12-02 10:29:00.000000,2019-12-02 10:29:55.000000,2019-12-02 10:47:37.929023,2019-12-02 10:48:06.231281,,,,Onsite,7,44,50,0 days 00:00:55.000000000,0 days 00:18:11.231281000
10,2019-12-02 11:29:00.000000,2019-12-02 11:29:45.000000,2019-12-02 11:47:31.609810,2019-12-02 11:48:16.609810,2019-12-02 12:19:15.750853,2019-12-02 12:20:00.750853,2019-12-02 12:39:29.734253,Replace,7,44,50,0 days 00:00:45.000000000,0 days 00:18:31.609810000
11,2019-12-02 12:45:00.000000,2019-12-02 12:45:35.000000,2019-12-02 13:03:30.223221,2019-12-02 13:03:46.788640,,,,Onsite,7,44,50,0 days 00:00:35.000000000,0 days 00:18:11.788640000
12,2019-12-02 15:20:00.000000,2019-12-02 15:20:45.000000,2019-12-02 15:36:38.537243,2019-12-02 15:37:23.537243,2019-12-02 16:24:29.864316,2019-12-02 16:25:14.864316,2019-12-02 16:37:32.205090,Replace,7,44,50,0 days 00:00:45.000000000,0 days 00:16:38.537243000
13,2019-12-02 14:03:00.000000,2019-12-02 14:03:45.000000,2019-12-02 14:16:05.348541,2019-12-02 14:16:50.348541,2019-12-02 14:56:43.677694,2019-12-02 14:57:28.677694,2019-12-02 15:20:22.246296,Replace,7,44,50,0 days 00:00:45.000000000,0 days 00:13:05.348541000
14,2019-12-02 16:41:00.000000,2019-12-02 16:41:35.000000,2019-12-02 16:59:10.825982,2019-12-02 16:59:45.825982,2019-12-02 17:27:18.217939,2019-12-02 17:27:53.217939,2019-12-02 17:45:22.602166,Replace,7,44,50,0 days 00:00:35.000000000,0 days 00:18:10.825982000
15,2019-12-02 17:53:00.000000,2019-12-02 17:53:55.000000,2019-12-02 18:09:00.997611,2019-12-02 18:09:55.997611,2019-12-02 18:45:30.826873,2019-12-02 18:46:25.826873,2019-12-02 18:58:15.300307,Replace,7,44,50,0 days 00:00:55.000000000,0 days 00:16:00.997611000
16,2019-12-02 18:53:00.000000,2019-12-02 18:53:35.000000,2019-12-02 19:08:11.555855,2019-12-02 19:08:46.555855,2019-12-02 20:02:30.828903,2019-12-02 20:03:05.828903,2019-12-02 20:21:35.519519,Replace,7,44,50,0 days 00:00:35.000000000,0 days 00:15:11.555855000
17,2019-12-02 20:04:00.000000,2019-12-02 20:04:45.000000,2019-12-02 20:16:39.319966,2019-12-02 20:16:46.275611,,,,Onsite,7,44,50,0 days 00:00:45.000000000,0 days 00:12:01.275611000
18,2019-12-02 21:17:00.000000,2019-12-02 21:17:35.000000,2019-12-02 21:26:33.849045,2019-12-02 21:27:08.849045,2019-12-02 21:54:12.715361,2019-12-02 21:54:47.715361,2019-12-02 22:10:21.460043,Replace,7,44,50,0 days 00:00:35.000000000,0 days 00:09:33.849045000
19,2019-12-02 22:15:00.000000,2019-12-02 22:15:45.000000,2019-12-02 22:31:57.134266,2019-12-02 22:32:09.763314,,,,Onsite,7,44,50,0 days 00:00:45.000000000,0 days 00:16:24.763314000
0,2019-12-02 01:17:00.000000,2019-12-02 00:00:25.000000,2019-12-02 00:18:13.397661,2019-12-02 00:18:31.033616,,,,Onsite,8,44,50,-1 days +22:43:25.000000000,0 days 00:18:06.033616000
1,2019-12-02 01:16:00.000000,2019-12-02 01:16:25.000000,2019-12-02 01:27:48.372511,2019-12-02 01:27:53.931853,,,,Onsite,8,44,50,0 days 00:00:25.000000000,0 days 00:11:28.931853000
2,2019-12-02 03:53:00.000000,2019-12-02 03:53:45.000000,2019-12-02 04:13:37.716062,2019-12-02 04:13:55.553323,,,,Onsite,8,44,50,0 days 00:00:45.000000000,0 days 00:20:10.553323000
3,2019-12-02 02:41:00.000000,2019-12-02 02:41:55.000000,2019-12-02 02:59:23.518748,2019-12-02 03:00:18.518748,2019-12-02 03:34:36.324477,2019-12-02 03:35:31.324477,2019-12-02 03:53:41.214136,Replace,8,44,50,0 days 00:00:55.000000000,0 days 00:18:23.518748000
4,2019-12-02 04:52:00.000000,2019-12-02 04:52:45.000000,2019-12-02 05:07:34.145491,2019-12-02 05:08:19.145491,2019-12-02 05:52:25.670549,2019-12-02 05:53:10.670549,2019-12-02 06:08:47.505170,Replace,8,44,50,0 days 00:00:45.000000000,0 days 00:15:34.145491000
5,2019-12-02 05:52:00.000000,2019-12-02 05:52:35.000000,2019-12-02 06:13:43.959168,2019-12-02 06:14:18.959168,2019-12-02 06:57:49.355903,2019-12-02 06:58:24.355903,2019-12-02 07:20:12.564859,Replace,8,44,50,0 days 00:00:35.000000000,0 days 00:21:43.959168000
6,2019-12-02 06:51:00.000000,2019-12-02 06:51:45.000000,2019-12-02 07:06:34.224271,2019-12-02 07:07:19.224271,2019-12-02 07:52:50.887353,2019-12-02 07:53:35.887353,2019-12-02 08:10:22.625468,Replace,8,44,50,0 days 00:00:45.000000000,0 days 00:15:34.224271000
7,2019-12-02 07:56:00.000000,2019-12-02 07:56:35.000000,2019-12-02 08:10:41.547545,2019-12-02 08:11:16.547545,2019-12-02 08:46:56.966305,2019-12-02 08:47:31.966305,2019-12-02 09:04:41.548254,Replace,8,44,50,0 days 00:00:35.000000000,0 days 00:14:41.547545000
8,2019-12-02 08:58:00.000000,2019-12-02 08:58:45.000000,2019-12-02 09:12:26.156743,2019-12-02 09:12:41.809292,,,,Onsite,8,44,50,0 days 00:00:45.000000000,0 days 00:13:56.809292000
9,2019-12-02 09:56:00.000000,2019-12-02 09:56:30.000000,2019-12-02 10:12:16.684401,2019-12-02 10:12:46.684401,2019-12-02 10:42:59.906860,2019-12-02 10:43:29.906860,2019-12-02 10:57:37.304750,Replace,8,44,50,0 days 00:00:30.000000000,0 days 00:16:16.684401000
10,2019-12-02 11:00:00.000000,2019-12-02 11:00:45.000000,2019-12-02 11:17:29.684027,2019-12-02 11:18:02.091587,,,,Onsite,8,44,50,0 days 00:00:45.000000000,0 days 00:17:17.091587000
11,2019-12-02 12:18:00.000000,2019-12-02 12:18:45.000000,2019-12-02 12:31:49.367123,2019-12-02 12:32:34.367123,2019-12-02 13:25:35.708164,2019-12-02 13:26:20.708164,2019-12-02 13:42:59.918900,Replace,8,44,50,0 days 00:00:45.000000000,0 days 00:13:49.367123000
12,2019-12-02 13:37:00.000000,2019-12-02 13:37:45.000000,2019-12-02 13:50:58.901426,2019-12-02 13:51:04.184967,,,,Onsite,8,44,50,0 days 00:00:45.000000000,0 days 00:13:19.184967000
13,2019-12-02 14:46:00.000000,2019-12-02 14:46:30.000000,2019-12-02 15:04:27.210998,2019-12-02 15:04:36.008932,,,,Onsite,8,44,50,0 days 00:00:30.000000000,0 days 00:18:06.008932000
14,2019-12-02 15:53:00.000000,2019-12-02 15:53:35.000000,2019-12-02 16:11:26.813814,2019-12-02 16:12:01.813814,2019-12-02 16:57:45.970582,2019-12-02 16:58:20.970582,2019-12-02 17:12:00.427237,Replace,8,44,50,0 days 00:00:35.000000000,0 days 00:18:26.813814000
15,2019-12-02 17:02:00.000000,2019-12-02 17:02:45.000000,2019-12-02 17:19:32.006995,2019-12-02 17:20:17.006995,2019-12-02 17:55:40.714952,2019-12-02 17:56:25.714952,2019-12-02 18:10:40.286288,Replace,8,44,50,0 days 00:00:45.000000000,0 days 00:17:32.006995000
16,2019-12-02 18:22:00.000000,2019-12-02 18:22:25.000000,2019-12-02 18:39:34.538801,2019-12-02 18:39:59.538801,2019-12-02 19:27:14.742675,2019-12-02 19:27:39.742675,2019-12-02 19:39:48.199224,Replace,8,44,50,0 days 00:00:25.000000000,0 days 00:17:34.538801000
17,2019-12-02 19:19:00.000000,2019-12-02 19:19:30.000000,2019-12-02 19:39:35.890543,2019-12-02 19:40:05.890543,2019-12-02 20:14:41.131202,2019-12-02 20:15:11.131202,2019-12-02 20:31:23.070222,Replace,8,44,50,0 days 00:00:30.000000000,0 days 00:20:35.890543000
18,2019-12-02 20:32:00.000000,2019-12-02 20:32:25.000000,2019-12-02 20:50:55.196179,2019-12-02 20:51:20.196179,2019-12-02 21:33:32.472353,2019-12-02 21:33:57.472353,2019-12-02 21:51:37.814331,Replace,8,44,50,0 days 00:00:25.000000000,0 days 00:18:55.196179000
0,2019-12-02 01:10:00.000000,2019-12-02 00:00:30.000000,2019-12-02 00:21:33.241776,2019-12-02 00:21:53.598187,,,,Onsite,9,44,50,-1 days +22:50:30.000000000,0 days 00:21:23.598187000
1,2019-12-02 01:09:00.000000,2019-12-02 01:09:45.000000,2019-12-02 01:27:26.759248,2019-12-02 01:27:53.362311,,,,Onsite,9,44,50,0 days 00:00:45.000000000,0 days 00:18:08.362311000
2,2019-12-02 02:11:00.000000,2019-12-02 02:11:25.000000,2019-12-02 02:29:30.854204,2019-12-02 02:29:40.848884,,,,Onsite,9,44,50,0 days 00:00:25.000000000,0 days 00:18:15.848884000
3,2019-12-02 03:21:00.000000,2019-12-02 03:21:50.000000,2019-12-02 03:45:31.285538,2019-12-02 03:45:49.047906,,,,Onsite,9,44,50,0 days 00:00:50.000000000,0 days 00:23:59.047906000
4,2019-12-02 04:28:00.000000,2019-12-02 04:28:45.000000,2019-12-02 04:50:54.566764,2019-12-02 04:51:22.530030,,,,Onsite,9,44,50,0 days 00:00:45.000000000,0 days 00:22:37.530030000
5,2019-12-02 05:42:00.000000,2019-12-02 05:42:50.000000,2019-12-02 05:54:41.488556,2019-12-02 05:54:50.936205,,,,Onsite,9,44,50,0 days 00:00:50.000000000,0 days 00:12:00.936205000
6,2019-12-02 06:46:00.000000,2019-12-02 06:46:35.000000,2019-12-02 07:03:21.776443,2019-12-02 07:03:56.776443,2019-12-02 07:35:19.730499,2019-12-02 07:35:54.730499,2019-12-02 07:58:26.789009,Replace,9,44,50,0 days 00:00:35.000000000,0 days 00:17:21.776443000
7,2019-12-02 07:52:00.000000,2019-12-02 07:52:30.000000,2019-12-02 08:11:05.378088,2019-12-02 08:11:11.212378,,,,Onsite,9,44,50,0 days 00:00:30.000000000,0 days 00:18:41.212378000
8,2019-12-02 09:01:00.000000,2019-12-02 09:01:35.000000,2019-12-02 09:20:11.340241,2019-12-02 09:20:13.721910,,,,Onsite,9,44,50,0 days 00:00:35.000000000,0 days 00:18:38.721910000
9,2019-12-02 10:11:00.000000,2019-12-02 10:11:45.000000,2019-12-02 10:31:09.957865,2019-12-02 10:31:36.881526,,,,Onsite,9,44,50,0 days 00:00:45.000000000,0 days 00:19:51.881526000
10,2019-12-02 11:21:00.000000,2019-12-02 11:21:35.000000,2019-12-02 11:38:28.578301,2019-12-02 11:39:03.578301,2019-12-02 12:31:19.232344,2019-12-02 12:31:54.232344,2019-12-02 12:49:03.459788,Replace,9,44,50,0 days 00:00:35.000000000,0 days 00:17:28.578301000
11,2019-12-02 12:20:00.000000,2019-12-02 12:20:35.000000,2019-12-02 12:32:15.710871,2019-12-02 12:32:20.624618,,,,Onsite,9,44,50,0 days 00:00:35.000000000,0 days 00:11:45.624618000
12,2019-12-02 14:29:00.000000,2019-12-02 14:29:45.000000,2019-12-02 14:44:33.092072,2019-12-02 14:45:18.092072,2019-12-02 15:19:01.860933,2019-12-02 15:19:46.860933,2019-12-02 15:33:42.732078,Replace,9,44,50,0 days 00:00:45.000000000,0 days 00:15:33.092072000
13,2019-12-02 13:31:00.000000,2019-12-02 13:31:25.000000,2019-12-02 13:45:13.674781,2019-12-02 13:45:38.674781,2019-12-02 14:29:24.830406,2019-12-02 14:29:49.830406,2019-12-02 14:52:23.536794,Replace,9,44,50,0 days 00:00:25.000000000,0 days 00:14:13.674781000
14,2019-12-02 15:52:00.000000,2019-12-02 15:52:50.000000,2019-12-02 16:14:26.714712,2019-12-02 16:15:16.714712,2019-12-02 17:01:13.208605,2019-12-02 17:02:03.208605,2019-12-02 17:21:54.017631,Replace,9,44,50,0 days 00:00:50.000000000,0 days 00:22:26.714712000
15,2019-12-02 16:49:00.000000,2019-12-02 16:49:45.000000,2019-12-02 17:02:42.953119,2019-12-02 17:03:00.620549,,,,Onsite,9,44,50,0 days 00:00:45.000000000,0 days 00:13:15.620549000
16,2019-12-02 17:52:00.000000,2019-12-02 17:52:25.000000,2019-12-02 18:06:27.183188,2019-12-02 18:06:52.183188,2019-12-02 18:45:33.372389,2019-12-02 18:45:58.372389,2019-12-02 19:02:12.989272,Replace,9,44,50,0 days 00:00:25.000000000,0 days 00:14:27.183188000
17,2019-12-02 18:55:00.000000,2019-12-02 18:55:45.000000,2019-12-02 19:08:49.432523,2019-12-02 19:09:34.432523,2019-12-02 19:57:08.116186,2019-12-02 19:57:53.116186,2019-12-02 20:17:39.976443,Replace,9,44,50,0 days 00:00:45.000000000,0 days 00:13:49.432523000
18,2019-12-02 20:08:00.000000,2019-12-02 20:08:45.000000,2019-12-02 20:20:11.677800,2019-12-02 20:20:56.677800,2019-12-02 20:53:38.722238,2019-12-02 20:54:23.722238,2019-12-02 21:13:59.208369,Replace,9,44,50,0 days 00:00:45.000000000,0 days 00:12:11.677800000
19,2019-12-02 21:01:00.000000,2019-12-02 21:01:35.000000,2019-12-02 21:13:04.951156,2019-12-02 21:13:24.156477,,,,Onsite,9,44,50,0 days 00:00:35.000000000,0 days 00:11:49.156477000
20,2019-12-02 22:10:00.000000,2019-12-02 22:10:45.000000,2019-12-02 22:29:51.081121,2019-12-02 22:30:02.096556,,,,Onsite,9,44,50,0 days 00:00:45.000000000,0 days 00:19:17.096556000
0,2019-12-02 01:08:00.000000,2019-12-02 00:00:35.000000,2019-12-02 00:10:44.135643,2019-12-02 00:10:57.241664,,,,Onsite,1,45,40,-1 days +22:52:35.000000000,0 days 00:10:22.241664000
1,2019-12-02 01:07:00.000000,2019-12-02 01:07:30.000000,2019-12-02 01:24:00.647150,2019-12-02 01:24:30.647150,2019-12-02 01:56:23.107176,2019-12-02 01:56:53.107176,2019-12-02 02:15:37.160446,Replace,1,45,40,0 days 00:00:30.000000000,0 days 00:17:00.647150000
2,2019-12-02 02:20:00.000000,2019-12-02 02:20:45.000000,2019-12-02 02:38:03.724859,2019-12-02 02:38:38.666008,,,,Onsite,1,45,40,0 days 00:00:45.000000000,0 days 00:17:53.666008000
3,2019-12-02 03:25:00.000000,2019-12-02 03:25:55.000000,2019-12-02 03:43:42.323085,2019-12-02 03:44:37.323085,2019-12-02 04:11:43.839106,2019-12-02 04:12:38.839106,2019-12-02 04:32:24.543762,Replace,1,45,40,0 days 00:00:55.000000000,0 days 00:18:42.323085000
4,2019-12-02 04:28:00.000000,2019-12-02 04:28:45.000000,2019-12-02 04:44:50.207530,2019-12-02 04:45:35.207530,2019-12-02 05:21:30.578383,2019-12-02 05:22:15.578383,2019-12-02 05:40:29.530095,Replace,1,45,40,0 days 00:00:45.000000000,0 days 00:16:50.207530000
5,2019-12-02 05:25:00.000000,2019-12-02 05:25:35.000000,2019-12-02 05:40:02.843573,2019-12-02 05:40:23.371567,,,,Onsite,1,45,40,0 days 00:00:35.000000000,0 days 00:14:48.371567000
6,2019-12-02 06:44:00.000000,2019-12-02 06:44:35.000000,2019-12-02 06:57:03.728108,2019-12-02 06:57:38.728108,2019-12-02 07:30:32.952676,2019-12-02 07:31:07.952676,2019-12-02 07:44:33.957654,Replace,1,45,40,0 days 00:00:35.000000000,0 days 00:13:03.728108000
7,2019-12-02 07:50:00.000000,2019-12-02 07:50:35.000000,2019-12-02 08:03:04.213146,2019-12-02 08:03:39.213146,2019-12-02 08:44:45.835557,2019-12-02 08:45:20.835557,2019-12-02 09:03:34.088674,Replace,1,45,40,0 days 00:00:35.000000000,0 days 00:13:04.213146000
8,2019-12-02 09:05:00.000000,2019-12-02 09:05:35.000000,2019-12-02 09:19:03.320789,2019-12-02 09:19:38.320789,2019-12-02 09:56:03.312167,2019-12-02 09:56:38.312167,2019-12-02 10:15:16.894842,Replace,1,45,40,0 days 00:00:35.000000000,0 days 00:14:03.320789000
9,2019-12-02 10:20:00.000000,2019-12-02 10:20:45.000000,2019-12-02 10:32:29.209242,2019-12-02 10:33:14.209242,2019-12-02 11:04:47.969954,2019-12-02 11:05:32.969954,2019-12-02 11:18:37.410552,Replace,1,45,40,0 days 00:00:45.000000000,0 days 00:12:29.209242000
10,2019-12-02 11:39:00.000000,2019-12-02 11:39:50.000000,2019-12-02 11:59:39.517283,2019-12-02 12:00:29.517283,2019-12-02 12:56:03.439831,2019-12-02 12:56:53.439831,2019-12-02 13:15:09.409227,Replace,1,45,40,0 days 00:00:50.000000000,0 days 00:20:39.517283000
11,2019-12-02 12:47:00.000000,2019-12-02 12:47:45.000000,2019-12-02 12:59:40.646621,2019-12-02 13:00:25.646621,2019-12-02 13:34:51.033693,2019-12-02 13:35:36.033693,2019-12-02 13:53:45.945317,Replace,1,45,40,0 days 00:00:45.000000000,0 days 00:12:40.646621000
12,2019-12-02 13:40:00.000000,2019-12-02 13:40:50.000000,2019-12-02 13:55:50.008295,2019-12-02 13:56:40.008295,2019-12-02 14:31:50.112710,2019-12-02 14:32:40.112710,2019-12-02 14:53:04.602709,Replace,1,45,40,0 days 00:00:50.000000000,0 days 00:15:50.008295000
13,2019-12-02 14:51:00.000000,2019-12-02 14:51:35.000000,2019-12-02 15:06:40.523476,2019-12-02 15:07:15.523476,2019-12-02 15:47:33.879546,2019-12-02 15:48:08.879546,2019-12-02 16:03:10.854191,Replace,1,45,40,0 days 00:00:35.000000000,0 days 00:15:40.523476000
14,2019-12-02 15:54:00.000000,2019-12-02 15:54:50.000000,2019-12-02 16:11:15.088873,2019-12-02 16:12:05.088873,2019-12-02 16:46:24.825862,2019-12-02 16:47:14.825862,2019-12-02 17:01:55.662881,Replace,1,45,40,0 days 00:00:50.000000000,0 days 00:17:15.088873000
15,2019-12-02 16:59:00.000000,2019-12-02 16:59:35.000000,2019-12-02 17:17:05.588420,2019-12-02 17:17:40.588420,2019-12-02 17:43:58.141085,2019-12-02 17:44:33.141085,2019-12-02 18:06:24.361758,Replace,1,45,40,0 days 00:00:35.000000000,0 days 00:18:05.588420000
16,2019-12-02 18:19:00.000000,2019-12-02 18:19:45.000000,2019-12-02 18:39:00.553125,2019-12-02 18:39:45.553125,2019-12-02 19:19:10.910825,2019-12-02 19:19:55.910825,2019-12-02 19:39:53.219140,Replace,1,45,40,0 days 00:00:45.000000000,0 days 00:20:00.553125000
17,2019-12-02 19:14:00.000000,2019-12-02 19:14:50.000000,2019-12-02 19:37:42.357066,2019-12-02 19:37:50.744630,,,,Onsite,1,45,40,0 days 00:00:50.000000000,0 days 00:23:00.744630000
18,2019-12-02 20:18:00.000000,2019-12-02 20:18:45.000000,2019-12-02 20:32:34.195073,2019-12-02 20:32:51.923332,,,,Onsite,1,45,40,0 days 00:00:45.000000000,0 days 00:14:06.923332000
19,2019-12-02 21:34:00.000000,2019-12-02 21:34:35.000000,2019-12-02 21:50:38.217312,2019-12-02 21:50:49.302129,,,,Onsite,1,45,40,0 days 00:00:35.000000000,0 days 00:16:14.302129000
0,2019-12-02 00:58:00.000000,2019-12-02 00:00:45.000000,2019-12-02 00:10:39.805976,2019-12-02 00:11:24.805976,2019-12-02 00:41:48.173287,2019-12-02 00:42:33.173287,2019-12-02 01:01:31.036790,Replace,2,45,40,-1 days +23:02:45.000000000,0 days 00:10:39.805976000
1,2019-12-02 01:03:00.000000,2019-12-02 01:03:55.000000,2019-12-02 01:23:22.399845,2019-12-02 01:24:17.399845,2019-12-02 02:03:37.120762,2019-12-02 02:04:32.120762,2019-12-02 02:19:39.173306,Replace,2,45,40,0 days 00:00:55.000000000,0 days 00:20:22.399845000
2,2019-12-02 02:26:00.000000,2019-12-02 02:26:50.000000,2019-12-02 02:42:12.336602,2019-12-02 02:42:24.454134,,,,Onsite,2,45,40,0 days 00:00:50.000000000,0 days 00:15:34.454134000
3,2019-12-02 03:50:00.000000,2019-12-02 03:50:30.000000,2019-12-02 04:09:12.295822,2019-12-02 04:09:42.295822,2019-12-02 04:41:32.541789,2019-12-02 04:42:02.541789,2019-12-02 04:56:43.285035,Replace,2,45,40,0 days 00:00:30.000000000,0 days 00:19:12.295822000
4,2019-12-02 05:04:00.000000,2019-12-02 05:04:35.000000,2019-12-02 05:21:14.240906,2019-12-02 05:21:49.240906,2019-12-02 05:59:39.471503,2019-12-02 06:00:14.471503,2019-12-02 06:15:49.355998,Replace,2,45,40,0 days 00:00:35.000000000,0 days 00:17:14.240906000
5,2019-12-02 06:16:00.000000,2019-12-02 06:16:45.000000,2019-12-02 06:30:55.561994,2019-12-02 06:31:00.575264,,,,Onsite,2,45,40,0 days 00:00:45.000000000,0 days 00:14:15.575264000
6,2019-12-02 07:45:00.000000,2019-12-02 07:45:45.000000,2019-12-02 08:06:43.245801,2019-12-02 08:06:54.846338,,,,Onsite,2,45,40,0 days 00:00:45.000000000,0 days 00:21:09.846338000
7,2019-12-02 08:58:00.000000,2019-12-02 08:58:25.000000,2019-12-02 09:12:59.938723,2019-12-02 09:13:15.877560,,,,Onsite,2,45,40,0 days 00:00:25.000000000,0 days 00:14:50.877560000
8,2019-12-02 10:24:00.000000,2019-12-02 10:24:45.000000,2019-12-02 10:36:22.325820,2019-12-02 10:37:07.325820,2019-12-02 11:12:48.485450,2019-12-02 11:13:33.485450,2019-12-02 11:30:17.809333,Replace,2,45,40,0 days 00:00:45.000000000,0 days 00:12:22.325820000
9,2019-12-02 11:38:00.000000,2019-12-02 11:38:35.000000,2019-12-02 11:57:00.081620,2019-12-02 11:57:35.081620,2019-12-02 12:29:45.585635,2019-12-02 12:30:20.585635,2019-12-02 12:43:37.875077,Replace,2,45,40,0 days 00:00:35.000000000,0 days 00:19:00.081620000
10,2019-12-02 12:50:00.000000,2019-12-02 12:50:35.000000,2019-12-02 13:06:49.589987,2019-12-02 13:07:24.589987,2019-12-02 13:55:43.283135,2019-12-02 13:56:18.283135,2019-12-02 14:10:42.280578,Replace,2,45,40,0 days 00:00:35.000000000,0 days 00:16:49.589987000
11,2019-12-02 14:11:00.000000,2019-12-02 14:11:25.000000,2019-12-02 14:26:18.973404,2019-12-02 14:26:34.404687,,,,Onsite,2,45,40,0 days 00:00:25.000000000,0 days 00:15:09.404687000
12,2019-12-02 15:10:00.000000,2019-12-02 15:10:30.000000,2019-12-02 15:24:41.144686,2019-12-02 15:25:11.144686,2019-12-02 16:13:52.773616,2019-12-02 16:14:22.773616,2019-12-02 16:28:11.690844,Replace,2,45,40,0 days 00:00:30.000000000,0 days 00:14:41.144686000
13,2019-12-02 16:21:00.000000,2019-12-02 16:21:45.000000,2019-12-02 16:39:31.543244,2019-12-02 16:39:48.775274,,,,Onsite,2,45,40,0 days 00:00:45.000000000,0 days 00:18:03.775274000
14,2019-12-02 17:39:00.000000,2019-12-02 17:39:30.000000,2019-12-02 17:50:56.607876,2019-12-02 17:51:26.607876,2019-12-02 18:28:08.338978,2019-12-02 18:28:38.338978,2019-12-02 18:42:05.380157,Replace,2,45,40,0 days 00:00:30.000000000,0 days 00:11:56.607876000
15,2019-12-02 18:44:00.000000,2019-12-02 18:44:45.000000,2019-12-02 18:59:01.849896,2019-12-02 18:59:46.849896,2019-12-02 19:27:42.553838,2019-12-02 19:28:27.553838,2019-12-02 19:47:42.534101,Replace,2,45,40,0 days 00:00:45.000000000,0 days 00:15:01.849896000
16,2019-12-02 19:53:00.000000,2019-12-02 19:53:35.000000,2019-12-02 20:11:14.313359,2019-12-02 20:11:49.313359,2019-12-02 20:42:34.020013,2019-12-02 20:43:09.020013,2019-12-02 20:56:36.877168,Replace,2,45,40,0 days 00:00:35.000000000,0 days 00:18:14.313359000
17,2019-12-02 20:54:00.000000,2019-12-02 20:54:25.000000,2019-12-02 21:11:47.525566,2019-12-02 21:12:12.525566,2019-12-02 21:40:02.805230,2019-12-02 21:40:27.805230,2019-12-02 22:00:46.122978,Replace,2,45,40,0 days 00:00:25.000000000,0 days 00:17:47.525566000
18,2019-12-02 22:09:00.000000,2019-12-02 22:09:30.000000,2019-12-02 22:25:32.380795,2019-12-02 22:25:52.838570,,,,Onsite,2,45,40,0 days 00:00:30.000000000,0 days 00:16:22.838570000
0,2019-12-02 01:09:00.000000,2019-12-02 01:09:55.000000,2019-12-02 01:29:17.536449,2019-12-02 01:30:12.536449,2019-12-02 01:57:45.362278,2019-12-02 01:58:40.362278,2019-12-02 02:14:38.777343,Replace,3,45,40,0 days 00:00:55.000000000,0 days 00:20:17.536449000
1,2019-12-02 01:17:00.000000,2019-12-02 00:00:45.000000,2019-12-02 00:17:32.917927,2019-12-02 00:18:17.917927,2019-12-02 00:57:12.855337,2019-12-02 00:57:57.855337,2019-12-02 01:09:26.677658,Replace,3,45,40,-1 days +22:43:45.000000000,0 days 00:17:32.917927000
2,2019-12-02 02:23:00.000000,2019-12-02 02:23:35.000000,2019-12-02 02:40:51.235363,2019-12-02 02:41:26.235363,2019-12-02 03:12:29.108191,2019-12-02 03:13:04.108191,2019-12-02 03:28:31.694296,Replace,3,45,40,0 days 00:00:35.000000000,0 days 00:17:51.235363000
3,2019-12-02 03:22:00.000000,2019-12-02 03:22:45.000000,2019-12-02 03:38:41.543595,2019-12-02 03:39:26.543595,2019-12-02 04:14:06.992654,2019-12-02 04:14:51.992654,2019-12-02 04:33:03.900190,Replace,3,45,40,0 days 00:00:45.000000000,0 days 00:16:41.543595000
4,2019-12-02 04:39:00.000000,2019-12-02 04:39:45.000000,2019-12-02 04:52:12.850983,2019-12-02 04:52:57.850983,2019-12-02 05:26:55.932820,2019-12-02 05:27:40.932820,2019-12-02 05:47:50.101389,Replace,3,45,40,0 days 00:00:45.000000000,0 days 00:13:12.850983000
5,2019-12-02 05:47:00.000000,2019-12-02 05:47:45.000000,2019-12-02 06:07:09.446941,2019-12-02 06:07:24.472848,,,,Onsite,3,45,40,0 days 00:00:45.000000000,0 days 00:19:39.472848000
6,2019-12-02 06:57:00.000000,2019-12-02 06:57:45.000000,2019-12-02 07:17:08.758488,2019-12-02 07:17:53.758488,2019-12-02 07:49:35.307051,2019-12-02 07:50:20.307051,2019-12-02 08:06:41.403641,Replace,3,45,40,0 days 00:00:45.000000000,0 days 00:20:08.758488000
7,2019-12-02 08:11:00.000000,2019-12-02 08:11:25.000000,2019-12-02 08:31:53.865633,2019-12-02 08:32:13.347464,,,,Onsite,3,45,40,0 days 00:00:25.000000000,0 days 00:20:48.347464000
8,2019-12-02 09:19:00.000000,2019-12-02 09:19:30.000000,2019-12-02 09:35:58.868396,2019-12-02 09:36:28.868396,2019-12-02 10:18:13.031573,2019-12-02 10:18:43.031573,2019-12-02 10:37:01.415513,Replace,3,45,40,0 days 00:00:30.000000000,0 days 00:16:58.868396000
9,2019-12-02 10:33:00.000000,2019-12-02 10:33:25.000000,2019-12-02 10:50:16.364468,2019-12-02 10:50:31.095087,,,,Onsite,3,45,40,0 days 00:00:25.000000000,0 days 00:17:06.095087000
10,2019-12-02 11:30:00.000000,2019-12-02 11:30:35.000000,2019-12-02 11:44:47.812304,2019-12-02 11:45:22.812304,2019-12-02 12:24:56.759390,2019-12-02 12:25:31.759390,2019-12-02 12:41:04.285601,Replace,3,45,40,0 days 00:00:35.000000000,0 days 00:14:47.812304000
11,2019-12-02 12:28:00.000000,2019-12-02 12:28:45.000000,2019-12-02 12:41:59.542144,2019-12-02 12:42:44.542144,2019-12-02 13:09:31.038879,2019-12-02 13:10:16.038879,2019-12-02 13:24:23.462486,Replace,3,45,40,0 days 00:00:45.000000000,0 days 00:13:59.542144000
12,2019-12-02 13:39:00.000000,2019-12-02 13:39:55.000000,2019-12-02 13:54:23.705160,2019-12-02 13:55:18.705160,2019-12-02 14:51:11.865964,2019-12-02 14:52:06.865964,2019-12-02 15:08:37.823057,Replace,3,45,40,0 days 00:00:55.000000000,0 days 00:15:23.705160000
13,2019-12-02 14:49:00.000000,2019-12-02 14:49:25.000000,2019-12-02 15:08:12.853793,2019-12-02 15:08:20.635856,,,,Onsite,3,45,40,0 days 00:00:25.000000000,0 days 00:18:55.635856000
14,2019-12-02 15:44:00.000000,2019-12-02 15:44:45.000000,2019-12-02 15:58:40.382045,2019-12-02 15:59:25.382045,2019-12-02 16:33:01.527242,2019-12-02 16:33:46.527242,2019-12-02 16:51:34.700703,Replace,3,45,40,0 days 00:00:45.000000000,0 days 00:14:40.382045000
15,2019-12-02 16:55:00.000000,2019-12-02 16:55:45.000000,2019-12-02 17:14:03.182279,2019-12-02 17:14:48.182279,2019-12-02 17:43:46.961481,2019-12-02 17:44:31.961481,2019-12-02 18:01:42.238082,Replace,3,45,40,0 days 00:00:45.000000000,0 days 00:19:03.182279000
16,2019-12-02 17:56:00.000000,2019-12-02 17:56:45.000000,2019-12-02 18:11:16.029998,2019-12-02 18:12:01.029998,2019-12-02 18:50:13.369220,2019-12-02 18:50:58.369220,2019-12-02 19:09:06.950373,Replace,3,45,40,0 days 00:00:45.000000000,0 days 00:15:16.029998000
17,2019-12-02 19:02:00.000000,2019-12-02 19:02:45.000000,2019-12-02 19:14:14.406529,2019-12-02 19:14:59.406529,2019-12-02 19:56:03.185149,2019-12-02 19:56:48.185149,2019-12-02 20:12:31.795341,Replace,3,45,40,0 days 00:00:45.000000000,0 days 00:12:14.406529000
18,2019-12-02 20:21:00.000000,2019-12-02 20:21:55.000000,2019-12-02 20:38:09.334542,2019-12-02 20:38:30.499354,,,,Onsite,3,45,40,0 days 00:00:55.000000000,0 days 00:16:35.499354000
19,2019-12-02 21:26:00.000000,2019-12-02 21:26:50.000000,2019-12-02 21:43:30.185827,2019-12-02 21:43:43.334378,,,,Onsite,3,45,40,0 days 00:00:50.000000000,0 days 00:16:53.334378000
0,2019-12-02 01:05:00.000000,2019-12-02 00:00:45.000000,2019-12-02 00:16:21.917875,2019-12-02 00:17:06.917875,2019-12-02 00:54:57.045404,2019-12-02 00:55:42.045404,2019-12-02 01:11:41.116160,Replace,4,45,40,-1 days +22:55:45.000000000,0 days 00:16:21.917875000
1,2019-12-02 00:57:00.000000,2019-12-02 00:57:45.000000,2019-12-02 01:17:04.047888,2019-12-02 01:17:17.978199,,,,Onsite,4,45,40,0 days 00:00:45.000000000,0 days 00:19:32.978199000
2,2019-12-02 01:59:00.000000,2019-12-02 01:59:30.000000,2019-12-02 02:19:19.944969,2019-12-02 02:19:48.931280,,,,Onsite,4,45,40,0 days 00:00:30.000000000,0 days 00:20:18.931280000
3,2019-12-02 03:21:00.000000,2019-12-02 03:21:45.000000,2019-12-02 03:37:21.169014,2019-12-02 03:38:06.169014,2019-12-02 04:19:47.402886,2019-12-02 04:20:32.402886,2019-12-02 04:34:30.192951,Replace,4,45,40,0 days 00:00:45.000000000,0 days 00:16:21.169014000
4,2019-12-02 04:30:00.000000,2019-12-02 04:30:30.000000,2019-12-02 04:46:55.729392,2019-12-02 04:47:25.729392,2019-12-02 05:13:44.457981,2019-12-02 05:14:14.457981,2019-12-02 05:26:59.029267,Replace,4,45,40,0 days 00:00:30.000000000,0 days 00:16:55.729392000
5,2019-12-02 05:50:00.000000,2019-12-02 05:50:50.000000,2019-12-02 06:06:31.073425,2019-12-02 06:06:39.327174,,,,Onsite,4,45,40,0 days 00:00:50.000000000,0 days 00:15:49.327174000
6,2019-12-02 07:18:00.000000,2019-12-02 07:18:35.000000,2019-12-02 07:36:51.076982,2019-12-02 07:37:26.076982,2019-12-02 08:12:26.167849,2019-12-02 08:13:01.167849,2019-12-02 08:30:06.526527,Replace,4,45,40,0 days 00:00:35.000000000,0 days 00:18:51.076982000
7,2019-12-02 08:37:00.000000,2019-12-02 08:37:35.000000,2019-12-02 08:55:08.232689,2019-12-02 08:55:43.232689,2019-12-02 09:22:15.930519,2019-12-02 09:22:50.930519,2019-12-02 09:42:24.614166,Replace,4,45,40,0 days 00:00:35.000000000,0 days 00:18:08.232689000
8,2019-12-02 09:55:00.000000,2019-12-02 09:55:55.000000,2019-12-02 10:10:55.901331,2019-12-02 10:11:50.901331,2019-12-02 10:55:14.718795,2019-12-02 10:56:09.718795,2019-12-02 11:16:59.493172,Replace,4,45,40,0 days 00:00:55.000000000,0 days 00:15:55.901331000
9,2019-12-02 11:08:00.000000,2019-12-02 11:08:55.000000,2019-12-02 11:28:07.138486,2019-12-02 11:29:02.138486,2019-12-02 11:58:16.758068,2019-12-02 11:59:11.758068,2019-12-02 12:14:20.423626,Replace,4,45,40,0 days 00:00:55.000000000,0 days 00:20:07.138486000
10,2019-12-02 12:08:00.000000,2019-12-02 12:08:45.000000,2019-12-02 12:27:26.391488,2019-12-02 12:28:11.391488,2019-12-02 13:05:35.796031,2019-12-02 13:06:20.796031,2019-12-02 13:22:42.740461,Replace,4,45,40,0 days 00:00:45.000000000,0 days 00:19:26.391488000
11,2019-12-02 13:17:00.000000,2019-12-02 13:17:45.000000,2019-12-02 13:35:00.130779,2019-12-02 13:35:09.355396,,,,Onsite,4,45,40,0 days 00:00:45.000000000,0 days 00:17:24.355396000
12,2019-12-02 14:25:00.000000,2019-12-02 14:25:45.000000,2019-12-02 14:52:17.282770,2019-12-02 14:52:30.629776,,,,Onsite,4,45,40,0 days 00:00:45.000000000,0 days 00:26:45.629776000
13,2019-12-02 15:31:00.000000,2019-12-02 15:31:30.000000,2019-12-02 15:50:06.586952,2019-12-02 15:50:36.586952,2019-12-02 16:17:01.248274,2019-12-02 16:17:31.248274,2019-12-02 16:34:27.857834,Replace,4,45,40,0 days 00:00:30.000000000,0 days 00:19:06.586952000
14,2019-12-02 16:35:00.000000,2019-12-02 16:35:55.000000,2019-12-02 16:47:41.862299,2019-12-02 16:48:36.862299,2019-12-02 17:18:58.695806,2019-12-02 17:19:53.695806,2019-12-02 17:42:23.618778,Replace,4,45,40,0 days 00:00:55.000000000,0 days 00:12:41.862299000
15,2019-12-02 17:35:00.000000,2019-12-02 17:35:55.000000,2019-12-02 17:47:50.801480,2019-12-02 17:48:45.801480,2019-12-02 18:26:56.389772,2019-12-02 18:27:51.389772,2019-12-02 18:47:08.558310,Replace,4,45,40,0 days 00:00:55.000000000,0 days 00:12:50.801480000
16,2019-12-02 18:37:00.000000,2019-12-02 18:37:35.000000,2019-12-02 18:51:41.456833,2019-12-02 18:52:16.456833,2019-12-02 19:27:43.192176,2019-12-02 19:28:18.192176,2019-12-02 19:41:33.582543,Replace,4,45,40,0 days 00:00:35.000000000,0 days 00:14:41.456833000
17,2019-12-02 19:33:00.000000,2019-12-02 19:33:30.000000,2019-12-02 19:46:11.249420,2019-12-02 19:46:41.249420,2019-12-02 20:28:41.461287,2019-12-02 20:29:11.461287,2019-12-02 20:39:43.549709,Replace,4,45,40,0 days 00:00:30.000000000,0 days 00:13:11.249420000
18,2019-12-02 20:59:00.000000,2019-12-02 20:59:55.000000,2019-12-02 21:18:32.011247,2019-12-02 21:18:48.077165,,,,Onsite,4,45,40,0 days 00:00:55.000000000,0 days 00:18:53.077165000
0,2019-12-02 01:07:00.000000,2019-12-02 00:00:45.000000,2019-12-02 00:18:52.052290,2019-12-02 00:19:07.185626,,,,Onsite,5,45,40,-1 days +22:53:45.000000000,0 days 00:18:22.185626000
1,2019-12-02 00:58:00.000000,2019-12-02 00:58:30.000000,2019-12-02 01:09:13.746012,2019-12-02 01:09:43.746012,2019-12-02 01:44:38.154023,2019-12-02 01:45:08.154023,2019-12-02 02:02:03.422527,Replace,5,45,40,0 days 00:00:30.000000000,0 days 00:11:13.746012000
2,2019-12-02 02:10:00.000000,2019-12-02 02:10:50.000000,2019-12-02 02:21:19.174110,2019-12-02 02:22:09.174110,2019-12-02 02:59:04.951481,2019-12-02 02:59:54.951481,2019-12-02 03:13:21.098939,Replace,5,45,40,0 days 00:00:50.000000000,0 days 00:11:19.174110000
3,2019-12-02 03:12:00.000000,2019-12-02 03:12:55.000000,2019-12-02 03:26:24.617321,2019-12-02 03:27:19.617321,2019-12-02 04:07:10.857687,2019-12-02 04:08:05.857687,2019-12-02 04:22:25.819621,Replace,5,45,40,0 days 00:00:55.000000000,0 days 00:14:24.617321000
4,2019-12-02 04:20:00.000000,2019-12-02 04:20:45.000000,2019-12-02 04:38:52.566252,2019-12-02 04:39:17.681621,,,,Onsite,5,45,40,0 days 00:00:45.000000000,0 days 00:18:32.681621000
5,2019-12-02 05:37:00.000000,2019-12-02 05:37:45.000000,2019-12-02 05:53:36.645863,2019-12-02 05:54:21.645863,2019-12-02 06:32:25.793075,2019-12-02 06:33:10.793075,2019-12-02 06:46:38.767164,Replace,5,45,40,0 days 00:00:45.000000000,0 days 00:16:36.645863000
6,2019-12-02 06:39:00.000000,2019-12-02 06:39:35.000000,2019-12-02 06:59:05.897585,2019-12-02 06:59:40.897585,2019-12-02 07:32:23.266353,2019-12-02 07:32:58.266353,2019-12-02 07:47:55.528662,Replace,5,45,40,0 days 00:00:35.000000000,0 days 00:20:05.897585000
7,2019-12-02 07:43:00.000000,2019-12-02 07:43:35.000000,2019-12-02 07:49:50.687280,2019-12-02 07:50:07.647547,,,,Onsite,5,45,40,0 days 00:00:35.000000000,0 days 00:06:32.647547000
8,2019-12-02 09:15:00.000000,2019-12-02 09:15:55.000000,2019-12-02 09:30:27.079610,2019-12-02 09:31:22.079610,2019-12-02 09:53:46.595877,2019-12-02 09:54:41.595877,2019-12-02 10:15:29.800114,Replace,5,45,40,0 days 00:00:55.000000000,0 days 00:15:27.079610000
9,2019-12-02 10:28:00.000000,2019-12-02 10:28:35.000000,2019-12-02 10:44:17.810016,2019-12-02 10:44:52.810016,2019-12-02 11:15:32.856238,2019-12-02 11:16:07.856238,2019-12-02 11:37:28.615839,Replace,5,45,40,0 days 00:00:35.000000000,0 days 00:16:17.810016000
10,2019-12-02 11:33:00.000000,2019-12-02 11:33:45.000000,2019-12-02 11:48:06.325589,2019-12-02 11:48:51.325589,2019-12-02 12:37:24.428935,2019-12-02 12:38:09.428935,2019-12-02 12:58:13.098427,Replace,5,45,40,0 days 00:00:45.000000000,0 days 00:15:06.325589000
11,2019-12-02 12:31:00.000000,2019-12-02 12:31:45.000000,2019-12-02 12:45:40.919740,2019-12-02 12:46:25.919740,2019-12-02 13:19:32.063096,2019-12-02 13:20:17.063096,2019-12-02 13:33:19.136118,Replace,5,45,40,0 days 00:00:45.000000000,0 days 00:14:40.919740000
12,2019-12-02 13:45:00.000000,2019-12-02 13:45:25.000000,2019-12-02 13:57:48.589446,2019-12-02 13:58:13.589446,2019-12-02 14:34:45.688714,2019-12-02 14:35:10.688714,2019-12-02 14:50:53.018688,Replace,5,45,40,0 days 00:00:25.000000000,0 days 00:12:48.589446000
13,2019-12-02 15:01:00.000000,2019-12-02 15:01:45.000000,2019-12-02 15:19:45.690243,2019-12-02 15:19:57.590596,,,,Onsite,5,45,40,0 days 00:00:45.000000000,0 days 00:18:12.590596000
14,2019-12-02 16:03:00.000000,2019-12-02 16:03:35.000000,2019-12-02 16:16:39.783816,2019-12-02 16:17:14.783816,2019-12-02 16:44:59.995107,2019-12-02 16:45:34.995107,2019-12-02 16:58:45.506284,Replace,5,45,40,0 days 00:00:35.000000000,0 days 00:13:39.783816000
15,2019-12-02 16:57:00.000000,2019-12-02 16:57:55.000000,2019-12-02 17:15:41.506635,2019-12-02 17:15:58.248798,,,,Onsite,5,45,40,0 days 00:00:55.000000000,0 days 00:18:03.248798000
16,2019-12-02 17:52:00.000000,2019-12-02 17:52:45.000000,2019-12-02 18:10:56.587708,2019-12-02 18:11:01.231129,,,,Onsite,5,45,40,0 days 00:00:45.000000000,0 days 00:18:16.231129000
17,2019-12-02 19:10:00.000000,2019-12-02 19:10:45.000000,2019-12-02 19:23:24.139303,2019-12-02 19:24:09.139303,2019-12-02 20:04:10.201007,2019-12-02 20:04:55.201007,2019-12-02 20:17:51.480399,Replace,5,45,40,0 days 00:00:45.000000000,0 days 00:13:24.139303000
18,2019-12-02 20:31:00.000000,2019-12-02 20:31:30.000000,2019-12-02 20:46:44.130543,2019-12-02 20:47:14.130543,2019-12-02 21:36:14.276242,2019-12-02 21:36:44.276242,2019-12-02 21:52:03.792541,Replace,5,45,40,0 days 00:00:30.000000000,0 days 00:15:44.130543000
19,2019-12-02 21:39:00.000000,2019-12-02 21:39:45.000000,2019-12-02 21:55:51.150612,2019-12-02 21:56:04.663219,,,,Onsite,5,45,40,0 days 00:00:45.000000000,0 days 00:16:19.663219000
0,2019-12-02 01:03:00.000000,2019-12-02 00:00:50.000000,2019-12-02 00:14:04.024542,2019-12-02 00:14:40.912595,,,,Onsite,6,45,40,-1 days +22:57:50.000000000,0 days 00:13:50.912595000
1,2019-12-02 01:06:00.000000,2019-12-02 01:06:30.000000,2019-12-02 01:23:30.356551,2019-12-02 01:23:41.732628,,,,Onsite,6,45,40,0 days 00:00:30.000000000,0 days 00:17:11.732628000
2,2019-12-02 02:14:00.000000,2019-12-02 02:14:35.000000,2019-12-02 02:36:14.058558,2019-12-02 02:36:49.058558,2019-12-02 03:05:54.766218,2019-12-02 03:06:29.766218,2019-12-02 03:21:43.132177,Replace,6,45,40,0 days 00:00:35.000000000,0 days 00:22:14.058558000
3,2019-12-02 03:29:00.000000,2019-12-02 03:29:55.000000,2019-12-02 03:46:43.748401,2019-12-02 03:46:50.014755,,,,Onsite,6,45,40,0 days 00:00:55.000000000,0 days 00:16:55.014755000
4,2019-12-02 04:27:00.000000,2019-12-02 04:27:55.000000,2019-12-02 04:51:34.424038,2019-12-02 04:52:29.424038,2019-12-02 05:43:37.199136,2019-12-02 05:44:32.199136,2019-12-02 06:01:22.259283,Replace,6,45,40,0 days 00:00:55.000000000,0 days 00:24:34.424038000
5,2019-12-02 05:40:00.000000,2019-12-02 05:40:50.000000,2019-12-02 05:53:59.542372,2019-12-02 05:54:49.542372,2019-12-02 06:23:07.510053,2019-12-02 06:23:57.510053,2019-12-02 06:37:39.518323,Replace,6,45,40,0 days 00:00:50.000000000,0 days 00:13:59.542372000
6,2019-12-02 07:05:00.000000,2019-12-02 07:05:45.000000,2019-12-02 07:21:04.212813,2019-12-02 07:21:49.212813,2019-12-02 08:18:13.654856,2019-12-02 08:18:58.654856,2019-12-02 08:38:02.267561,Replace,6,45,40,0 days 00:00:45.000000000,0 days 00:16:04.212813000
7,2019-12-02 08:00:00.000000,2019-12-02 08:00:45.000000,2019-12-02 08:18:37.991541,2019-12-02 08:18:52.796389,,,,Onsite,6,45,40,0 days 00:00:45.000000000,0 days 00:18:07.796389000
8,2019-12-02 09:11:00.000000,2019-12-02 09:11:45.000000,2019-12-02 09:27:14.188934,2019-12-02 09:27:59.188934,2019-12-02 10:00:25.416265,2019-12-02 10:01:10.416265,2019-12-02 10:21:43.630819,Replace,6,45,40,0 days 00:00:45.000000000,0 days 00:16:14.188934000
9,2019-12-02 10:09:00.000000,2019-12-02 10:09:35.000000,2019-12-02 10:24:01.476144,2019-12-02 10:24:15.697863,,,,Onsite,6,45,40,0 days 00:00:35.000000000,0 days 00:14:40.697863000
10,2019-12-02 11:16:00.000000,2019-12-02 11:16:45.000000,2019-12-02 11:31:22.695642,2019-12-02 11:32:07.695642,2019-12-02 12:11:58.226980,2019-12-02 12:12:43.226980,2019-12-02 12:27:15.997918,Replace,6,45,40,0 days 00:00:45.000000000,0 days 00:15:22.695642000
11,2019-12-02 12:27:00.000000,2019-12-02 12:27:45.000000,2019-12-02 12:47:08.096962,2019-12-02 12:47:53.096962,2019-12-02 13:32:26.345271,2019-12-02 13:33:11.345271,2019-12-02 13:50:49.664107,Replace,6,45,40,0 days 00:00:45.000000000,0 days 00:20:08.096962000
12,2019-12-02 13:34:00.000000,2019-12-02 13:34:30.000000,2019-12-02 13:49:05.046987,2019-12-02 13:49:26.648182,,,,Onsite,6,45,40,0 days 00:00:30.000000000,0 days 00:14:56.648182000
13,2019-12-02 14:43:00.000000,2019-12-02 14:43:50.000000,2019-12-02 15:05:43.086199,2019-12-02 15:05:51.277746,,,,Onsite,6,45,40,0 days 00:00:50.000000000,0 days 00:22:01.277746000
14,2019-12-02 15:53:00.000000,2019-12-02 15:53:25.000000,2019-12-02 16:08:35.256942,2019-12-02 16:08:41.524186,,,,Onsite,6,45,40,0 days 00:00:25.000000000,0 days 00:15:16.524186000
15,2019-12-02 16:55:00.000000,2019-12-02 16:55:25.000000,2019-12-02 17:16:17.822282,2019-12-02 17:16:33.264841,,,,Onsite,6,45,40,0 days 00:00:25.000000000,0 days 00:21:08.264841000
16,2019-12-02 18:06:00.000000,2019-12-02 18:06:35.000000,2019-12-02 18:22:14.269959,2019-12-02 18:22:49.269959,2019-12-02 18:57:07.122984,2019-12-02 18:57:42.122984,2019-12-02 19:10:33.885380,Replace,6,45,40,0 days 00:00:35.000000000,0 days 00:16:14.269959000
17,2019-12-02 19:21:00.000000,2019-12-02 19:21:35.000000,2019-12-02 19:40:52.274852,2019-12-02 19:41:08.290279,,,,Onsite,6,45,40,0 days 00:00:35.000000000,0 days 00:19:33.290279000
18,2019-12-02 20:23:00.000000,2019-12-02 20:23:55.000000,2019-12-02 20:40:31.515486,2019-12-02 20:40:44.152800,,,,Onsite,6,45,40,0 days 00:00:55.000000000,0 days 00:16:49.152800000
19,2019-12-02 21:29:00.000000,2019-12-02 21:29:35.000000,2019-12-02 21:45:27.505961,2019-12-02 21:46:02.505961,2019-12-02 22:24:45.572187,2019-12-02 22:25:20.572187,2019-12-02 22:38:03.947658,Replace,6,45,40,0 days 00:00:35.000000000,0 days 00:16:27.505961000
0,2019-12-02 00:48:00.000000,2019-12-02 00:00:50.000000,2019-12-02 00:16:20.054607,2019-12-02 00:17:10.054607,2019-12-02 00:45:08.163192,2019-12-02 00:45:58.163192,2019-12-02 01:02:37.461817,Replace,7,45,40,-1 days +23:12:50.000000000,0 days 00:16:20.054607000
1,2019-12-02 01:04:00.000000,2019-12-02 01:04:25.000000,2019-12-02 01:18:45.676347,2019-12-02 01:18:56.898784,,,,Onsite,7,45,40,0 days 00:00:25.000000000,0 days 00:14:31.898784000
2,2019-12-02 02:20:00.000000,2019-12-02 02:20:45.000000,2019-12-02 02:32:09.590757,2019-12-02 02:32:54.590757,2019-12-02 03:19:57.207031,2019-12-02 03:20:42.207031,2019-12-02 03:36:56.531711,Replace,7,45,40,0 days 00:00:45.000000000,0 days 00:12:09.590757000
3,2019-12-02 03:16:00.000000,2019-12-02 03:16:45.000000,2019-12-02 03:33:25.563753,2019-12-02 03:34:10.563753,2019-12-02 04:15:38.454908,2019-12-02 04:16:23.454908,2019-12-02 04:30:32.355280,Replace,7,45,40,0 days 00:00:45.000000000,0 days 00:17:25.563753000
4,2019-12-02 04:31:00.000000,2019-12-02 04:31:25.000000,2019-12-02 04:45:13.034123,2019-12-02 04:45:38.034123,2019-12-02 05:23:01.799223,2019-12-02 05:23:26.799223,2019-12-02 05:34:10.417093,Replace,7,45,40,0 days 00:00:25.000000000,0 days 00:14:13.034123000
5,2019-12-02 05:34:00.000000,2019-12-02 05:34:25.000000,2019-12-02 05:49:05.116337,2019-12-02 05:49:30.116337,2019-12-02 06:28:17.539311,2019-12-02 06:28:42.539311,2019-12-02 06:44:36.710721,Replace,7,45,40,0 days 00:00:25.000000000,0 days 00:15:05.116337000
6,2019-12-02 06:34:00.000000,2019-12-02 06:34:45.000000,2019-12-02 06:47:52.783609,2019-12-02 06:48:37.783609,2019-12-02 07:11:38.449472,2019-12-02 07:12:23.449472,2019-12-02 07:25:07.744281,Replace,7,45,40,0 days 00:00:45.000000000,0 days 00:13:52.783609000
7,2019-12-02 07:43:00.000000,2019-12-02 07:43:55.000000,2019-12-02 08:00:14.214664,2019-12-02 08:00:25.894135,,,,Onsite,7,45,40,0 days 00:00:55.000000000,0 days 00:16:30.894135000
8,2019-12-02 08:48:00.000000,2019-12-02 08:48:45.000000,2019-12-02 09:00:59.216676,2019-12-02 09:01:44.216676,2019-12-02 09:46:42.579920,2019-12-02 09:47:27.579920,2019-12-02 10:03:01.742410,Replace,7,45,40,0 days 00:00:45.000000000,0 days 00:12:59.216676000
9,2019-12-02 10:04:00.000000,2019-12-02 10:04:25.000000,2019-12-02 10:16:40.506643,2019-12-02 10:16:49.700090,,,,Onsite,7,45,40,0 days 00:00:25.000000000,0 days 00:12:24.700090000
10,2019-12-02 11:09:00.000000,2019-12-02 11:09:25.000000,2019-12-02 11:26:02.685711,2019-12-02 11:26:27.685711,2019-12-02 11:58:42.237676,2019-12-02 11:59:07.237676,2019-12-02 12:21:50.569936,Replace,7,45,40,0 days 00:00:25.000000000,0 days 00:17:02.685711000
11,2019-12-02 12:20:00.000000,2019-12-02 12:20:25.000000,2019-12-02 12:31:53.758182,2019-12-02 12:32:15.498337,,,,Onsite,7,45,40,0 days 00:00:25.000000000,0 days 00:11:50.498337000
12,2019-12-02 13:34:00.000000,2019-12-02 13:34:30.000000,2019-12-02 13:54:49.364636,2019-12-02 13:55:19.364636,2019-12-02 14:48:53.799648,2019-12-02 14:49:23.799648,2019-12-02 15:06:57.440147,Replace,7,45,40,0 days 00:00:30.000000000,0 days 00:20:49.364636000
13,2019-12-02 14:48:00.000000,2019-12-02 14:48:45.000000,2019-12-02 15:06:49.723133,2019-12-02 15:07:34.723133,2019-12-02 15:33:11.300275,2019-12-02 15:33:56.300275,2019-12-02 15:55:07.003740,Replace,7,45,40,0 days 00:00:45.000000000,0 days 00:18:49.723133000
14,2019-12-02 15:41:00.000000,2019-12-02 15:41:30.000000,2019-12-02 15:55:44.713866,2019-12-02 15:55:50.846649,,,,Onsite,7,45,40,0 days 00:00:30.000000000,0 days 00:14:20.846649000
15,2019-12-02 16:52:00.000000,2019-12-02 16:52:55.000000,2019-12-02 17:06:40.573259,2019-12-02 17:07:35.573259,2019-12-02 17:30:59.915221,2019-12-02 17:31:54.915221,2019-12-02 17:47:28.814939,Replace,7,45,40,0 days 00:00:55.000000000,0 days 00:14:40.573259000
16,2019-12-02 18:08:00.000000,2019-12-02 18:08:55.000000,2019-12-02 18:24:56.514308,2019-12-02 18:25:51.514308,2019-12-02 19:06:53.430621,2019-12-02 19:07:48.430621,2019-12-02 19:25:59.024526,Replace,7,45,40,0 days 00:00:55.000000000,0 days 00:16:56.514308000
17,2019-12-02 19:09:00.000000,2019-12-02 19:09:50.000000,2019-12-02 19:30:50.546678,2019-12-02 19:31:40.546678,2019-12-02 20:18:14.134173,2019-12-02 20:19:04.134173,2019-12-02 20:36:03.947921,Replace,7,45,40,0 days 00:00:50.000000000,0 days 00:21:50.546678000
18,2019-12-02 20:13:00.000000,2019-12-02 20:13:35.000000,2019-12-02 20:30:52.033946,2019-12-02 20:31:27.033946,2019-12-02 21:24:44.766540,2019-12-02 21:25:19.766540,2019-12-02 21:47:17.240758,Replace,7,45,40,0 days 00:00:35.000000000,0 days 00:17:52.033946000
19,2019-12-02 21:21:00.000000,2019-12-02 21:21:25.000000,2019-12-02 21:39:11.709204,2019-12-02 21:39:27.562235,,,,Onsite,7,45,40,0 days 00:00:25.000000000,0 days 00:18:02.562235000
20,2019-12-02 22:25:00.000000,2019-12-02 22:25:50.000000,2019-12-02 22:35:48.866581,2019-12-02 22:36:25.348591,,,,Onsite,7,45,40,0 days 00:00:50.000000000,0 days 00:10:35.348591000
0,2019-12-02 01:04:00.000000,2019-12-02 00:00:25.000000,2019-12-02 00:17:46.348638,2019-12-02 00:17:56.177218,,,,Onsite,8,45,40,-1 days +22:56:25.000000000,0 days 00:17:31.177218000
1,2019-12-02 01:08:00.000000,2019-12-02 01:08:25.000000,2019-12-02 01:24:32.481004,2019-12-02 01:24:57.481004,2019-12-02 02:08:06.777391,2019-12-02 02:08:31.777391,2019-12-02 02:27:15.802864,Replace,8,45,40,0 days 00:00:25.000000000,0 days 00:16:32.481004000
2,2019-12-02 02:21:00.000000,2019-12-02 02:21:50.000000,2019-12-02 02:36:04.097766,2019-12-02 02:36:54.097766,2019-12-02 03:14:40.421197,2019-12-02 03:15:30.421197,2019-12-02 03:26:42.102999,Replace,8,45,40,0 days 00:00:50.000000000,0 days 00:15:04.097766000
3,2019-12-02 03:26:00.000000,2019-12-02 03:26:35.000000,2019-12-02 03:40:08.923405,2019-12-02 03:40:25.842808,,,,Onsite,8,45,40,0 days 00:00:35.000000000,0 days 00:13:50.842808000
4,2019-12-02 04:28:00.000000,2019-12-02 04:28:55.000000,2019-12-02 04:44:07.257537,2019-12-02 04:45:02.257537,2019-12-02 05:19:50.218974,2019-12-02 05:20:45.218974,2019-12-02 05:34:37.427526,Replace,8,45,40,0 days 00:00:55.000000000,0 days 00:16:07.257537000
5,2019-12-02 05:35:00.000000,2019-12-02 05:35:45.000000,2019-12-02 05:52:03.855173,2019-12-02 05:52:48.855173,2019-12-02 06:25:42.491475,2019-12-02 06:26:27.491475,2019-12-02 06:47:15.989198,Replace,8,45,40,0 days 00:00:45.000000000,0 days 00:17:03.855173000
6,2019-12-02 06:38:00.000000,2019-12-02 06:38:35.000000,2019-12-02 06:52:03.590573,2019-12-02 06:52:13.031913,,,,Onsite,8,45,40,0 days 00:00:35.000000000,0 days 00:13:38.031913000
7,2019-12-02 07:53:00.000000,2019-12-02 07:53:50.000000,2019-12-02 08:10:20.847672,2019-12-02 08:11:10.847672,2019-12-02 08:41:23.491523,2019-12-02 08:42:13.491523,2019-12-02 08:58:43.657978,Replace,8,45,40,0 days 00:00:50.000000000,0 days 00:17:20.847672000
8,2019-12-02 09:08:00.000000,2019-12-02 09:08:25.000000,2019-12-02 09:26:54.262607,2019-12-02 09:27:19.262607,2019-12-02 10:06:51.656851,2019-12-02 10:07:16.656851,2019-12-02 10:28:03.653000,Replace,8,45,40,0 days 00:00:25.000000000,0 days 00:18:54.262607000
9,2019-12-02 10:34:00.000000,2019-12-02 10:34:45.000000,2019-12-02 10:52:22.328448,2019-12-02 10:53:07.328448,2019-12-02 11:26:06.249756,2019-12-02 11:26:51.249756,2019-12-02 11:48:37.840786,Replace,8,45,40,0 days 00:00:45.000000000,0 days 00:18:22.328448000
10,2019-12-02 11:54:00.000000,2019-12-02 11:54:25.000000,2019-12-02 12:11:11.397402,2019-12-02 12:11:36.397402,2019-12-02 12:38:55.417387,2019-12-02 12:39:20.417387,2019-12-02 13:00:51.632702,Replace,8,45,40,0 days 00:00:25.000000000,0 days 00:17:11.397402000
11,2019-12-02 13:06:00.000000,2019-12-02 13:06:35.000000,2019-12-02 13:25:01.157606,2019-12-02 13:25:04.633115,,,,Onsite,8,45,40,0 days 00:00:35.000000000,0 days 00:18:29.633115000
12,2019-12-02 14:12:00.000000,2019-12-02 14:12:35.000000,2019-12-02 14:27:34.349356,2019-12-02 14:28:09.349356,2019-12-02 15:11:18.066819,2019-12-02 15:11:53.066819,2019-12-02 15:30:42.627134,Replace,8,45,40,0 days 00:00:35.000000000,0 days 00:15:34.349356000
13,2019-12-02 15:13:00.000000,2019-12-02 15:13:50.000000,2019-12-02 15:34:14.514269,2019-12-02 15:35:04.514269,2019-12-02 16:11:44.918322,2019-12-02 16:12:34.918322,2019-12-02 16:28:46.949331,Replace,8,45,40,0 days 00:00:50.000000000,0 days 00:21:14.514269000
14,2019-12-02 16:22:00.000000,2019-12-02 16:22:45.000000,2019-12-02 16:40:36.019811,2019-12-02 16:41:21.019811,2019-12-02 17:18:09.902359,2019-12-02 17:18:54.902359,2019-12-02 17:39:56.524129,Replace,8,45,40,0 days 00:00:45.000000000,0 days 00:18:36.019811000
15,2019-12-02 17:21:00.000000,2019-12-02 17:21:45.000000,2019-12-02 17:38:38.192403,2019-12-02 17:39:23.192403,2019-12-02 18:14:05.062620,2019-12-02 18:14:50.062620,2019-12-02 18:32:18.229557,Replace,8,45,40,0 days 00:00:45.000000000,0 days 00:17:38.192403000
16,2019-12-02 18:35:00.000000,2019-12-02 18:35:25.000000,2019-12-02 18:52:42.405518,2019-12-02 18:52:57.648809,,,,Onsite,8,45,40,0 days 00:00:25.000000000,0 days 00:17:32.648809000
17,2019-12-02 19:37:00.000000,2019-12-02 19:37:30.000000,2019-12-02 19:51:21.380323,2019-12-02 19:51:51.380323,2019-12-02 20:37:03.587384,2019-12-02 20:37:33.587384,2019-12-02 20:52:08.983452,Replace,8,45,40,0 days 00:00:30.000000000,0 days 00:14:21.380323000
18,2019-12-02 21:01:00.000000,2019-12-02 21:01:45.000000,2019-12-02 21:19:54.572989,2019-12-02 21:20:39.572989,2019-12-02 21:51:06.495305,2019-12-02 21:51:51.495305,2019-12-02 22:10:58.654536,Replace,8,45,40,0 days 00:00:45.000000000,0 days 00:18:54.572989000
0,2019-12-02 01:12:00.000000,2019-12-02 00:00:45.000000,2019-12-02 00:18:15.108072,2019-12-02 00:19:00.108072,2019-12-02 00:59:07.324624,2019-12-02 00:59:52.324624,2019-12-02 01:16:06.635200,Replace,9,45,40,-1 days +22:48:45.000000000,0 days 00:18:15.108072000
1,2019-12-02 01:07:00.000000,2019-12-02 01:07:25.000000,2019-12-02 01:22:01.736108,2019-12-02 01:22:16.472715,,,,Onsite,9,45,40,0 days 00:00:25.000000000,0 days 00:14:51.472715000
2,2019-12-02 02:15:00.000000,2019-12-02 02:15:45.000000,2019-12-02 02:29:50.958717,2019-12-02 02:30:35.958717,2019-12-02 02:54:42.386920,2019-12-02 02:55:27.386920,2019-12-02 03:14:32.385956,Replace,9,45,40,0 days 00:00:45.000000000,0 days 00:14:50.958717000
3,2019-12-02 03:21:00.000000,2019-12-02 03:21:45.000000,2019-12-02 03:34:45.549715,2019-12-02 03:35:30.549715,2019-12-02 04:02:47.602951,2019-12-02 04:03:32.602951,2019-12-02 04:20:39.498085,Replace,9,45,40,0 days 00:00:45.000000000,0 days 00:13:45.549715000
4,2019-12-02 04:29:00.000000,2019-12-02 04:29:25.000000,2019-12-02 04:46:34.735087,2019-12-02 04:46:54.746100,,,,Onsite,9,45,40,0 days 00:00:25.000000000,0 days 00:17:29.746100000
5,2019-12-02 05:52:00.000000,2019-12-02 05:52:50.000000,2019-12-02 06:08:13.053858,2019-12-02 06:08:27.952313,,,,Onsite,9,45,40,0 days 00:00:50.000000000,0 days 00:15:37.952313000
6,2019-12-02 06:57:00.000000,2019-12-02 06:57:55.000000,2019-12-02 07:14:07.292337,2019-12-02 07:14:41.485676,,,,Onsite,9,45,40,0 days 00:00:55.000000000,0 days 00:16:46.485676000
7,2019-12-02 08:09:00.000000,2019-12-02 08:09:35.000000,2019-12-02 08:21:54.402918,2019-12-02 08:22:02.450998,,,,Onsite,9,45,40,0 days 00:00:35.000000000,0 days 00:12:27.450998000
8,2019-12-02 09:24:00.000000,2019-12-02 09:24:30.000000,2019-12-02 09:41:28.572967,2019-12-02 09:41:54.837619,,,,Onsite,9,45,40,0 days 00:00:30.000000000,0 days 00:17:24.837619000
9,2019-12-02 10:27:00.000000,2019-12-02 10:27:45.000000,2019-12-02 10:42:19.457004,2019-12-02 10:43:04.457004,2019-12-02 11:11:37.547233,2019-12-02 11:12:22.547233,2019-12-02 11:33:43.672520,Replace,9,45,40,0 days 00:00:45.000000000,0 days 00:15:19.457004000
10,2019-12-02 11:29:00.000000,2019-12-02 11:29:45.000000,2019-12-02 11:46:25.252532,2019-12-02 11:46:40.905033,,,,Onsite,9,45,40,0 days 00:00:45.000000000,0 days 00:16:55.905033000
11,2019-12-02 12:39:00.000000,2019-12-02 12:39:45.000000,2019-12-02 12:57:40.687433,2019-12-02 12:58:01.679463,,,,Onsite,9,45,40,0 days 00:00:45.000000000,0 days 00:18:16.679463000
12,2019-12-02 13:41:00.000000,2019-12-02 13:41:45.000000,2019-12-02 13:52:31.539457,2019-12-02 13:52:46.271185,,,,Onsite,9,45,40,0 days 00:00:45.000000000,0 days 00:11:01.271185000
13,2019-12-02 15:01:00.000000,2019-12-02 15:01:45.000000,2019-12-02 15:16:10.408312,2019-12-02 15:16:30.682485,,,,Onsite,9,45,40,0 days 00:00:45.000000000,0 days 00:14:45.682485000
14,2019-12-02 15:51:00.000000,2019-12-02 15:51:35.000000,2019-12-02 16:08:07.071816,2019-12-02 16:08:35.221255,,,,Onsite,9,45,40,0 days 00:00:35.000000000,0 days 00:17:00.221255000
15,2019-12-02 16:54:00.000000,2019-12-02 16:54:35.000000,2019-12-02 17:15:47.879894,2019-12-02 17:16:22.879894,2019-12-02 17:51:50.242135,2019-12-02 17:52:25.242135,2019-12-02 18:06:05.768711,Replace,9,45,40,0 days 00:00:35.000000000,0 days 00:21:47.879894000
16,2019-12-02 18:11:00.000000,2019-12-02 18:11:25.000000,2019-12-02 18:29:00.565893,2019-12-02 18:29:26.532563,,,,Onsite,9,45,40,0 days 00:00:25.000000000,0 days 00:18:01.532563000
17,2019-12-02 19:16:00.000000,2019-12-02 19:16:45.000000,2019-12-02 19:32:29.314956,2019-12-02 19:33:14.314956,2019-12-02 19:56:36.817174,2019-12-02 19:57:21.817174,2019-12-02 20:08:32.282007,Replace,9,45,40,0 days 00:00:45.000000000,0 days 00:16:29.314956000
18,2019-12-02 20:20:00.000000,2019-12-02 20:20:55.000000,2019-12-02 20:37:59.280925,2019-12-02 20:38:54.280925,2019-12-02 21:04:53.244635,2019-12-02 21:05:48.244635,2019-12-02 21:28:59.328531,Replace,9,45,40,0 days 00:00:55.000000000,0 days 00:17:59.280925000
19,2019-12-02 21:24:00.000000,2019-12-02 21:24:25.000000,2019-12-02 21:42:46.859881,2019-12-02 21:43:11.733088,,,,Onsite,9,45,40,0 days 00:00:25.000000000,0 days 00:18:46.733088000
0,2019-12-02 01:11:00.000000,2019-12-02 00:00:35.000000,2019-12-02 00:14:14.852067,2019-12-02 00:14:42.729688,,,,Onsite,1,45,41,-1 days +22:49:35.000000000,0 days 00:14:07.729688000
1,2019-12-02 01:05:00.000000,2019-12-02 01:05:25.000000,2019-12-02 01:22:04.096753,2019-12-02 01:22:14.752485,,,,Onsite,1,45,41,0 days 00:00:25.000000000,0 days 00:16:49.752485000
2,2019-12-02 02:01:00.000000,2019-12-02 02:01:30.000000,2019-12-02 02:16:46.601532,2019-12-02 02:17:16.601532,2019-12-02 02:53:00.113931,2019-12-02 02:53:30.113931,2019-12-02 03:15:53.423619,Replace,1,45,41,0 days 00:00:30.000000000,0 days 00:15:46.601532000
3,2019-12-02 03:11:00.000000,2019-12-02 03:11:25.000000,2019-12-02 03:27:40.327700,2019-12-02 03:27:55.507141,,,,Onsite,1,45,41,0 days 00:00:25.000000000,0 days 00:16:30.507141000
4,2019-12-02 04:06:00.000000,2019-12-02 04:06:35.000000,2019-12-02 04:24:27.000862,2019-12-02 04:25:02.000862,2019-12-02 04:55:37.775457,2019-12-02 04:56:12.775457,2019-12-02 05:12:12.698472,Replace,1,45,41,0 days 00:00:35.000000000,0 days 00:18:27.000862000
5,2019-12-02 05:05:00.000000,2019-12-02 05:05:45.000000,2019-12-02 05:22:06.394038,2019-12-02 05:22:19.149918,,,,Onsite,1,45,41,0 days 00:00:45.000000000,0 days 00:16:34.149918000
6,2019-12-02 06:13:00.000000,2019-12-02 06:13:30.000000,2019-12-02 06:22:50.575437,2019-12-02 06:23:20.575437,2019-12-02 06:51:13.475025,2019-12-02 06:51:43.475025,2019-12-02 07:05:46.774531,Replace,1,45,41,0 days 00:00:30.000000000,0 days 00:09:50.575437000
7,2019-12-02 07:34:00.000000,2019-12-02 07:34:45.000000,2019-12-02 07:49:59.679063,2019-12-02 07:50:01.685675,,,,Onsite,1,45,41,0 days 00:00:45.000000000,0 days 00:15:16.685675000
8,2019-12-02 08:47:00.000000,2019-12-02 08:47:35.000000,2019-12-02 09:01:58.534652,2019-12-02 09:02:06.119286,,,,Onsite,1,45,41,0 days 00:00:35.000000000,0 days 00:14:31.119286000
9,2019-12-02 09:53:00.000000,2019-12-02 09:53:45.000000,2019-12-02 10:12:14.411303,2019-12-02 10:12:18.134130,,,,Onsite,1,45,41,0 days 00:00:45.000000000,0 days 00:18:33.134130000
10,2019-12-02 10:56:00.000000,2019-12-02 10:56:30.000000,2019-12-02 11:08:08.616605,2019-12-02 11:08:38.616605,2019-12-02 11:42:33.049545,2019-12-02 11:43:03.049545,2019-12-02 12:03:02.262292,Replace,1,45,41,0 days 00:00:30.000000000,0 days 00:12:08.616605000
11,2019-12-02 11:58:00.000000,2019-12-02 11:58:30.000000,2019-12-02 12:13:41.078224,2019-12-02 12:14:11.078224,2019-12-02 12:41:55.987513,2019-12-02 12:42:25.987513,2019-12-02 13:00:50.121959,Replace,1,45,41,0 days 00:00:30.000000000,0 days 00:15:41.078224000
12,2019-12-02 13:12:00.000000,2019-12-02 13:12:45.000000,2019-12-02 13:25:54.940793,2019-12-02 13:26:39.940793,2019-12-02 14:02:17.481208,2019-12-02 14:03:02.481208,2019-12-02 14:23:32.698789,Replace,1,45,41,0 days 00:00:45.000000000,0 days 00:13:54.940793000
13,2019-12-02 15:29:00.000000,2019-12-02 15:29:30.000000,2019-12-02 15:47:26.176841,2019-12-02 15:47:51.548668,,,,Onsite,1,45,41,0 days 00:00:30.000000000,0 days 00:18:21.548668000
14,2019-12-02 14:20:00.000000,2019-12-02 14:20:45.000000,2019-12-02 14:43:38.020081,2019-12-02 14:44:23.020081,2019-12-02 15:28:26.010217,2019-12-02 15:29:11.010217,2019-12-02 15:50:33.792208,Replace,1,45,41,0 days 00:00:45.000000000,0 days 00:23:38.020081000
15,2019-12-02 16:38:00.000000,2019-12-02 16:38:30.000000,2019-12-02 16:59:12.477823,2019-12-02 16:59:42.477823,2019-12-02 17:28:08.030095,2019-12-02 17:28:38.030095,2019-12-02 17:40:29.342252,Replace,1,45,41,0 days 00:00:30.000000000,0 days 00:21:12.477823000
16,2019-12-02 17:43:00.000000,2019-12-02 17:43:45.000000,2019-12-02 17:59:35.411295,2019-12-02 18:00:03.321837,,,,Onsite,1,45,41,0 days 00:00:45.000000000,0 days 00:16:18.321837000
17,2019-12-02 18:51:00.000000,2019-12-02 18:51:35.000000,2019-12-02 19:06:55.756322,2019-12-02 19:07:05.907020,,,,Onsite,1,45,41,0 days 00:00:35.000000000,0 days 00:15:30.907020000
18,2019-12-02 19:54:00.000000,2019-12-02 19:54:50.000000,2019-12-02 20:07:04.323899,2019-12-02 20:07:54.323899,2019-12-02 20:46:22.073905,2019-12-02 20:47:12.073905,2019-12-02 21:07:50.485820,Replace,1,45,41,0 days 00:00:50.000000000,0 days 00:13:04.323899000
19,2019-12-02 21:09:00.000000,2019-12-02 21:09:45.000000,2019-12-02 21:19:44.366657,2019-12-02 21:19:59.538251,,,,Onsite,1,45,41,0 days 00:00:45.000000000,0 days 00:10:14.538251000
0,2019-12-02 01:06:00.000000,2019-12-02 00:00:50.000000,2019-12-02 00:13:12.811220,2019-12-02 00:13:16.017108,,,,Onsite,2,45,41,-1 days +22:54:50.000000000,0 days 00:12:26.017108000
1,2019-12-02 00:54:00.000000,2019-12-02 00:54:50.000000,2019-12-02 01:10:10.978361,2019-12-02 01:10:27.120999,,,,Onsite,2,45,41,0 days 00:00:50.000000000,0 days 00:15:37.120999000
2,2019-12-02 01:58:00.000000,2019-12-02 01:58:35.000000,2019-12-02 02:12:33.276055,2019-12-02 02:13:08.276055,2019-12-02 02:40:21.702557,2019-12-02 02:40:56.702557,2019-12-02 02:56:55.845121,Replace,2,45,41,0 days 00:00:35.000000000,0 days 00:14:33.276055000
3,2019-12-02 03:09:00.000000,2019-12-02 03:09:35.000000,2019-12-02 03:30:53.856510,2019-12-02 03:31:28.856510,2019-12-02 04:27:40.423517,2019-12-02 04:28:15.423517,2019-12-02 04:48:52.968800,Replace,2,45,41,0 days 00:00:35.000000000,0 days 00:21:53.856510000
4,2019-12-02 04:12:00.000000,2019-12-02 04:12:45.000000,2019-12-02 04:27:31.207711,2019-12-02 04:27:34.768741,,,,Onsite,2,45,41,0 days 00:00:45.000000000,0 days 00:14:49.768741000
5,2019-12-02 05:09:00.000000,2019-12-02 05:09:55.000000,2019-12-02 05:27:07.411483,2019-12-02 05:27:21.008615,,,,Onsite,2,45,41,0 days 00:00:55.000000000,0 days 00:17:26.008615000
6,2019-12-02 06:09:00.000000,2019-12-02 06:09:30.000000,2019-12-02 06:23:55.376375,2019-12-02 06:24:25.376375,2019-12-02 06:50:18.187679,2019-12-02 06:50:48.187679,2019-12-02 07:08:13.968777,Replace,2,45,41,0 days 00:00:30.000000000,0 days 00:14:55.376375000
7,2019-12-02 07:10:00.000000,2019-12-02 07:10:25.000000,2019-12-02 07:25:55.653564,2019-12-02 07:26:13.032517,,,,Onsite,2,45,41,0 days 00:00:25.000000000,0 days 00:15:48.032517000
8,2019-12-02 08:06:00.000000,2019-12-02 08:06:25.000000,2019-12-02 08:20:37.159871,2019-12-02 08:21:02.159871,2019-12-02 09:05:15.189750,2019-12-02 09:05:40.189750,2019-12-02 09:22:33.046153,Replace,2,45,41,0 days 00:00:25.000000000,0 days 00:14:37.159871000
9,2019-12-02 09:25:00.000000,2019-12-02 09:25:50.000000,2019-12-02 09:43:47.385974,2019-12-02 09:44:37.385974,2019-12-02 10:20:47.673626,2019-12-02 10:21:37.673626,2019-12-02 10:34:14.123939,Replace,2,45,41,0 days 00:00:50.000000000,0 days 00:18:47.385974000
10,2019-12-02 10:34:00.000000,2019-12-02 10:34:25.000000,2019-12-02 10:52:23.331645,2019-12-02 10:52:48.331645,2019-12-02 11:25:08.453338,2019-12-02 11:25:33.453338,2019-12-02 11:44:18.045268,Replace,2,45,41,0 days 00:00:25.000000000,0 days 00:18:23.331645000
11,2019-12-02 11:31:00.000000,2019-12-02 11:31:35.000000,2019-12-02 11:51:13.937730,2019-12-02 11:51:48.937730,2019-12-02 12:17:53.965341,2019-12-02 12:18:28.965341,2019-12-02 12:34:09.284338,Replace,2,45,41,0 days 00:00:35.000000000,0 days 00:20:13.937730000
12,2019-12-02 12:37:00.000000,2019-12-02 12:37:25.000000,2019-12-02 12:48:30.649528,2019-12-02 12:48:55.649528,2019-12-02 13:21:24.507113,2019-12-02 13:21:49.507113,2019-12-02 13:33:22.646734,Replace,2,45,41,0 days 00:00:25.000000000,0 days 00:11:30.649528000
13,2019-12-02 13:50:00.000000,2019-12-02 13:50:30.000000,2019-12-02 14:07:17.830440,2019-12-02 14:07:47.830440,2019-12-02 14:54:31.464256,2019-12-02 14:55:01.464256,2019-12-02 15:08:57.608931,Replace,2,45,41,0 days 00:00:30.000000000,0 days 00:17:17.830440000
14,2019-12-02 15:08:00.000000,2019-12-02 15:08:55.000000,2019-12-02 15:24:53.811381,2019-12-02 15:25:48.811381,2019-12-02 15:58:57.868832,2019-12-02 15:59:52.868832,2019-12-02 16:17:14.111288,Replace,2,45,41,0 days 00:00:55.000000000,0 days 00:16:53.811381000
15,2019-12-02 16:15:00.000000,2019-12-02 16:15:30.000000,2019-12-02 16:31:03.243329,2019-12-02 16:31:10.119503,,,,Onsite,2,45,41,0 days 00:00:30.000000000,0 days 00:15:40.119503000
16,2019-12-02 17:26:00.000000,2019-12-02 17:26:45.000000,2019-12-02 17:44:43.310748,2019-12-02 17:45:28.310748,2019-12-02 18:07:54.052348,2019-12-02 18:08:39.052348,2019-12-02 18:23:43.519854,Replace,2,45,41,0 days 00:00:45.000000000,0 days 00:18:43.310748000
17,2019-12-02 18:29:00.000000,2019-12-02 18:29:55.000000,2019-12-02 18:48:53.820513,2019-12-02 18:49:01.506357,,,,Onsite,2,45,41,0 days 00:00:55.000000000,0 days 00:19:06.506357000
18,2019-12-02 19:50:00.000000,2019-12-02 19:50:35.000000,2019-12-02 20:08:03.150311,2019-12-02 20:08:38.150311,2019-12-02 20:57:54.071990,2019-12-02 20:58:29.071990,2019-12-02 21:11:20.331941,Replace,2,45,41,0 days 00:00:35.000000000,0 days 00:18:03.150311000
19,2019-12-02 20:57:00.000000,2019-12-02 20:57:45.000000,2019-12-02 21:15:37.325609,2019-12-02 21:16:22.325609,2019-12-02 21:43:55.517793,2019-12-02 21:44:40.517793,2019-12-02 22:02:43.065473,Replace,2,45,41,0 days 00:00:45.000000000,0 days 00:18:37.325609000
0,2019-12-02 01:12:00.000000,2019-12-02 00:00:35.000000,2019-12-02 00:18:15.283999,2019-12-02 00:18:50.283999,2019-12-02 01:00:39.808315,2019-12-02 01:01:14.808315,2019-12-02 01:16:17.544023,Replace,3,45,41,-1 days +22:48:35.000000000,0 days 00:18:15.283999000
1,2019-12-02 01:23:00.000000,2019-12-02 01:23:30.000000,2019-12-02 01:38:25.455239,2019-12-02 01:38:44.631224,,,,Onsite,3,45,41,0 days 00:00:30.000000000,0 days 00:15:14.631224000
2,2019-12-02 02:42:00.000000,2019-12-02 02:42:50.000000,2019-12-02 02:59:27.847875,2019-12-02 03:00:17.847875,2019-12-02 03:28:26.720482,2019-12-02 03:29:16.720482,2019-12-02 03:50:03.369756,Replace,3,45,41,0 days 00:00:50.000000000,0 days 00:17:27.847875000
3,2019-12-02 03:48:00.000000,2019-12-02 03:48:35.000000,2019-12-02 04:03:35.589953,2019-12-02 04:04:10.589953,2019-12-02 04:25:21.138742,2019-12-02 04:25:56.138742,2019-12-02 04:41:38.998437,Replace,3,45,41,0 days 00:00:35.000000000,0 days 00:15:35.589953000
4,2019-12-02 04:45:00.000000,2019-12-02 04:45:50.000000,2019-12-02 05:00:24.902270,2019-12-02 05:01:14.902270,2019-12-02 05:32:40.586128,2019-12-02 05:33:30.586128,2019-12-02 05:49:01.174925,Replace,3,45,41,0 days 00:00:50.000000000,0 days 00:15:24.902270000
5,2019-12-02 06:04:00.000000,2019-12-02 06:04:55.000000,2019-12-02 06:24:33.888497,2019-12-02 06:25:28.888497,2019-12-02 06:50:04.455353,2019-12-02 06:50:59.455353,2019-12-02 07:06:28.442922,Replace,3,45,41,0 days 00:00:55.000000000,0 days 00:20:33.888497000
6,2019-12-02 07:18:00.000000,2019-12-02 07:18:35.000000,2019-12-02 07:36:20.547791,2019-12-02 07:36:55.547791,2019-12-02 08:01:58.675610,2019-12-02 08:02:33.675610,2019-12-02 08:24:54.152612,Replace,3,45,41,0 days 00:00:35.000000000,0 days 00:18:20.547791000
7,2019-12-02 08:24:00.000000,2019-12-02 08:24:45.000000,2019-12-02 08:37:09.489535,2019-12-02 08:37:54.489535,2019-12-02 09:11:22.272238,2019-12-02 09:12:07.272238,2019-12-02 09:31:19.530785,Replace,3,45,41,0 days 00:00:45.000000000,0 days 00:13:09.489535000
8,2019-12-02 09:44:00.000000,2019-12-02 09:44:45.000000,2019-12-02 09:57:06.736123,2019-12-02 09:57:51.736123,2019-12-02 10:39:39.316244,2019-12-02 10:40:24.316244,2019-12-02 10:55:37.689675,Replace,3,45,41,0 days 00:00:45.000000000,0 days 00:13:06.736123000
9,2019-12-02 10:56:00.000000,2019-12-02 10:56:45.000000,2019-12-02 11:08:22.538246,2019-12-02 11:09:07.538246,2019-12-02 11:47:44.409984,2019-12-02 11:48:29.409984,2019-12-02 12:02:28.719964,Replace,3,45,41,0 days 00:00:45.000000000,0 days 00:12:22.538246000
10,2019-12-02 12:05:00.000000,2019-12-02 12:05:35.000000,2019-12-02 12:19:43.509636,2019-12-02 12:20:18.509636,2019-12-02 12:50:03.151774,2019-12-02 12:50:38.151774,2019-12-02 13:11:15.670030,Replace,3,45,41,0 days 00:00:35.000000000,0 days 00:14:43.509636000
11,2019-12-02 13:13:00.000000,2019-12-02 13:13:45.000000,2019-12-02 13:29:35.899213,2019-12-02 13:30:20.899213,2019-12-02 14:18:53.024294,2019-12-02 14:19:38.024294,2019-12-02 14:34:21.288322,Replace,3,45,41,0 days 00:00:45.000000000,0 days 00:16:35.899213000
12,2019-12-02 14:26:00.000000,2019-12-02 14:26:55.000000,2019-12-02 14:44:35.062753,2019-12-02 14:45:30.062753,2019-12-02 15:22:45.675606,2019-12-02 15:23:40.675606,2019-12-02 15:42:30.146256,Replace,3,45,41,0 days 00:00:55.000000000,0 days 00:18:35.062753000
13,2019-12-02 15:20:00.000000,2019-12-02 15:20:45.000000,2019-12-02 15:35:31.756937,2019-12-02 15:36:16.756937,2019-12-02 16:01:36.817587,2019-12-02 16:02:21.817587,2019-12-02 16:14:22.956279,Replace,3,45,41,0 days 00:00:45.000000000,0 days 00:15:31.756937000
14,2019-12-02 16:24:00.000000,2019-12-02 16:24:35.000000,2019-12-02 16:37:16.175638,2019-12-02 16:37:28.917913,,,,Onsite,3,45,41,0 days 00:00:35.000000000,0 days 00:12:53.917913000
15,2019-12-02 17:30:00.000000,2019-12-02 17:30:55.000000,2019-12-02 17:46:53.064082,2019-12-02 17:47:48.064082,2019-12-02 18:18:14.899269,2019-12-02 18:19:09.899269,2019-12-02 18:30:00.970314,Replace,3,45,41,0 days 00:00:55.000000000,0 days 00:16:53.064082000
16,2019-12-02 18:37:00.000000,2019-12-02 18:37:45.000000,2019-12-02 18:51:44.243428,2019-12-02 18:52:06.025610,,,,Onsite,3,45,41,0 days 00:00:45.000000000,0 days 00:14:21.025610000
17,2019-12-02 19:37:00.000000,2019-12-02 19:37:55.000000,2019-12-02 19:51:55.949356,2019-12-02 19:52:08.634175,,,,Onsite,3,45,41,0 days 00:00:55.000000000,0 days 00:14:13.634175000
18,2019-12-02 20:55:00.000000,2019-12-02 20:55:25.000000,2019-12-02 21:11:26.659851,2019-12-02 21:11:51.659851,2019-12-02 21:49:44.083298,2019-12-02 21:50:09.083298,2019-12-02 22:05:30.029696,Replace,3,45,41,0 days 00:00:25.000000000,0 days 00:16:26.659851000
19,2019-12-02 22:04:00.000000,2019-12-02 22:04:35.000000,2019-12-02 22:20:32.717085,2019-12-02 22:20:44.747949,,,,Onsite,3,45,41,0 days 00:00:35.000000000,0 days 00:16:09.747949000
0,2019-12-02 01:02:00.000000,2019-12-02 00:00:35.000000,2019-12-02 00:13:24.895467,2019-12-02 00:13:59.895467,2019-12-02 00:37:13.874958,2019-12-02 00:37:48.874958,2019-12-02 00:51:17.734379,Replace,4,45,41,-1 days +22:58:35.000000000,0 days 00:13:24.895467000
1,2019-12-02 01:18:00.000000,2019-12-02 01:18:45.000000,2019-12-02 01:32:29.716016,2019-12-02 01:33:14.716016,2019-12-02 02:19:41.839051,2019-12-02 02:20:26.839051,2019-12-02 02:37:03.262688,Replace,4,45,41,0 days 00:00:45.000000000,0 days 00:14:29.716016000
2,2019-12-02 02:39:00.000000,2019-12-02 02:39:45.000000,2019-12-02 02:55:16.036919,2019-12-02 02:55:25.828952,,,,Onsite,4,45,41,0 days 00:00:45.000000000,0 days 00:15:40.828952000
3,2019-12-02 03:46:00.000000,2019-12-02 03:46:45.000000,2019-12-02 04:02:24.967340,2019-12-02 04:02:49.239551,,,,Onsite,4,45,41,0 days 00:00:45.000000000,0 days 00:16:04.239551000
4,2019-12-02 05:10:00.000000,2019-12-02 05:10:35.000000,2019-12-02 05:29:17.460528,2019-12-02 05:29:51.490442,,,,Onsite,4,45,41,0 days 00:00:35.000000000,0 days 00:19:16.490442000
5,2019-12-02 06:18:00.000000,2019-12-02 06:18:25.000000,2019-12-02 06:37:06.791038,2019-12-02 06:37:31.791038,2019-12-02 07:09:33.725283,2019-12-02 07:09:58.725283,2019-12-02 07:25:10.283925,Replace,4,45,41,0 days 00:00:25.000000000,0 days 00:19:06.791038000
6,2019-12-02 07:24:00.000000,2019-12-02 07:24:30.000000,2019-12-02 07:43:55.247891,2019-12-02 07:44:14.425103,,,,Onsite,4,45,41,0 days 00:00:30.000000000,0 days 00:19:44.425103000
7,2019-12-02 08:26:00.000000,2019-12-02 08:26:45.000000,2019-12-02 08:43:50.177446,2019-12-02 08:43:57.807740,,,,Onsite,4,45,41,0 days 00:00:45.000000000,0 days 00:17:12.807740000
8,2019-12-02 09:47:00.000000,2019-12-02 09:47:50.000000,2019-12-02 10:06:16.515649,2019-12-02 10:07:06.515649,2019-12-02 10:45:12.025922,2019-12-02 10:46:02.025922,2019-12-02 11:08:46.491579,Replace,4,45,41,0 days 00:00:50.000000000,0 days 00:19:16.515649000
9,2019-12-02 10:47:00.000000,2019-12-02 10:47:50.000000,2019-12-02 11:04:50.662989,2019-12-02 11:05:12.405632,,,,Onsite,4,45,41,0 days 00:00:50.000000000,0 days 00:17:22.405632000
10,2019-12-02 12:04:00.000000,2019-12-02 12:04:45.000000,2019-12-02 12:23:02.873293,2019-12-02 12:23:47.873293,2019-12-02 12:51:22.820399,2019-12-02 12:52:07.820399,2019-12-02 13:12:21.779826,Replace,4,45,41,0 days 00:00:45.000000000,0 days 00:19:02.873293000
11,2019-12-02 13:13:00.000000,2019-12-02 13:13:55.000000,2019-12-02 13:26:22.100190,2019-12-02 13:27:17.100190,2019-12-02 14:24:42.581299,2019-12-02 14:25:37.581299,2019-12-02 14:39:33.338661,Replace,4,45,41,0 days 00:00:55.000000000,0 days 00:13:22.100190000
12,2019-12-02 14:15:00.000000,2019-12-02 14:15:50.000000,2019-12-02 14:35:15.658189,2019-12-02 14:36:05.658189,2019-12-02 15:19:04.071299,2019-12-02 15:19:54.071299,2019-12-02 15:36:18.512955,Replace,4,45,41,0 days 00:00:50.000000000,0 days 00:20:15.658189000
13,2019-12-02 15:32:00.000000,2019-12-02 15:32:30.000000,2019-12-02 15:50:42.464016,2019-12-02 15:51:12.464016,2019-12-02 16:38:09.777331,2019-12-02 16:38:39.777331,2019-12-02 16:52:51.245298,Replace,4,45,41,0 days 00:00:30.000000000,0 days 00:18:42.464016000
14,2019-12-02 16:43:00.000000,2019-12-02 16:43:45.000000,2019-12-02 17:00:20.137610,2019-12-02 17:01:05.137610,2019-12-02 17:37:52.913973,2019-12-02 17:38:37.913973,2019-12-02 17:51:50.835613,Replace,4,45,41,0 days 00:00:45.000000000,0 days 00:17:20.137610000
15,2019-12-02 17:58:00.000000,2019-12-02 17:58:35.000000,2019-12-02 18:17:34.341611,2019-12-02 18:18:09.341611,2019-12-02 18:51:46.567652,2019-12-02 18:52:21.567652,2019-12-02 19:06:58.214951,Replace,4,45,41,0 days 00:00:35.000000000,0 days 00:19:34.341611000
16,2019-12-02 19:02:00.000000,2019-12-02 19:02:50.000000,2019-12-02 19:19:24.203091,2019-12-02 19:20:14.203091,2019-12-02 19:43:05.967507,2019-12-02 19:43:55.967507,2019-12-02 19:59:30.182358,Replace,4,45,41,0 days 00:00:50.000000000,0 days 00:17:24.203091000
17,2019-12-02 20:11:00.000000,2019-12-02 20:11:35.000000,2019-12-02 20:31:16.225447,2019-12-02 20:31:51.225447,2019-12-02 21:15:18.499800,2019-12-02 21:15:53.499800,2019-12-02 21:35:51.964172,Replace,4,45,41,0 days 00:00:35.000000000,0 days 00:20:16.225447000
18,2019-12-02 21:27:00.000000,2019-12-02 21:27:35.000000,2019-12-02 21:45:44.783234,2019-12-02 21:46:05.360315,,,,Onsite,4,45,41,0 days 00:00:35.000000000,0 days 00:18:30.360315000
0,2019-12-02 01:12:00.000000,2019-12-02 00:00:45.000000,2019-12-02 00:20:15.592554,2019-12-02 00:20:45.233877,,,,Onsite,5,45,41,-1 days +22:48:45.000000000,0 days 00:20:00.233877000
1,2019-12-02 00:59:00.000000,2019-12-02 00:59:35.000000,2019-12-02 01:12:10.744396,2019-12-02 01:12:45.744396,2019-12-02 02:02:04.762776,2019-12-02 02:02:39.762776,2019-12-02 02:20:04.820663,Replace,5,45,41,0 days 00:00:35.000000000,0 days 00:13:10.744396000
2,2019-12-02 02:01:00.000000,2019-12-02 02:01:50.000000,2019-12-02 02:13:40.377606,2019-12-02 02:14:30.377606,2019-12-02 02:55:29.105730,2019-12-02 02:56:19.105730,2019-12-02 03:10:32.564062,Replace,5,45,41,0 days 00:00:50.000000000,0 days 00:12:40.377606000
3,2019-12-02 03:03:00.000000,2019-12-02 03:03:30.000000,2019-12-02 03:22:18.659140,2019-12-02 03:22:35.314122,,,,Onsite,5,45,41,0 days 00:00:30.000000000,0 days 00:19:05.314122000
4,2019-12-02 04:09:00.000000,2019-12-02 04:09:50.000000,2019-12-02 04:23:50.933762,2019-12-02 04:24:40.933762,2019-12-02 04:58:33.062188,2019-12-02 04:59:23.062188,2019-12-02 05:15:14.483276,Replace,5,45,41,0 days 00:00:50.000000000,0 days 00:14:50.933762000
5,2019-12-02 05:23:00.000000,2019-12-02 05:23:35.000000,2019-12-02 05:36:52.162581,2019-12-02 05:36:58.001371,,,,Onsite,5,45,41,0 days 00:00:35.000000000,0 days 00:13:23.001371000
6,2019-12-02 06:36:00.000000,2019-12-02 06:36:25.000000,2019-12-02 06:55:18.618859,2019-12-02 06:55:24.761999,,,,Onsite,5,45,41,0 days 00:00:25.000000000,0 days 00:18:59.761999000
7,2019-12-02 07:36:00.000000,2019-12-02 07:36:50.000000,2019-12-02 07:48:31.907380,2019-12-02 07:49:01.257911,,,,Onsite,5,45,41,0 days 00:00:50.000000000,0 days 00:12:11.257911000
8,2019-12-02 08:53:00.000000,2019-12-02 08:53:30.000000,2019-12-02 09:10:30.957029,2019-12-02 09:10:51.098757,,,,Onsite,5,45,41,0 days 00:00:30.000000000,0 days 00:17:21.098757000
9,2019-12-02 09:50:00.000000,2019-12-02 09:50:55.000000,2019-12-02 10:07:59.156151,2019-12-02 10:08:54.156151,2019-12-02 10:47:40.132503,2019-12-02 10:48:35.132503,2019-12-02 11:02:48.183958,Replace,5,45,41,0 days 00:00:55.000000000,0 days 00:17:59.156151000
10,2019-12-02 10:59:00.000000,2019-12-02 10:59:30.000000,2019-12-02 11:15:43.517236,2019-12-02 11:16:13.517236,2019-12-02 11:40:14.649106,2019-12-02 11:40:44.649106,2019-12-02 11:59:11.708870,Replace,5,45,41,0 days 00:00:30.000000000,0 days 00:16:43.517236000
11,2019-12-02 12:02:00.000000,2019-12-02 12:02:35.000000,2019-12-02 12:19:01.993965,2019-12-02 12:19:30.118347,,,,Onsite,5,45,41,0 days 00:00:35.000000000,0 days 00:16:55.118347000
12,2019-12-02 13:14:00.000000,2019-12-02 13:14:55.000000,2019-12-02 13:36:01.447788,2019-12-02 13:36:04.222225,,,,Onsite,5,45,41,0 days 00:00:55.000000000,0 days 00:21:09.222225000
13,2019-12-02 14:11:00.000000,2019-12-02 14:11:55.000000,2019-12-02 14:34:30.356481,2019-12-02 14:35:25.356481,2019-12-02 15:18:01.029733,2019-12-02 15:18:56.029733,2019-12-02 15:36:58.606647,Replace,5,45,41,0 days 00:00:55.000000000,0 days 00:23:30.356481000
14,2019-12-02 15:41:00.000000,2019-12-02 15:41:30.000000,2019-12-02 15:53:12.679957,2019-12-02 15:53:42.679957,2019-12-02 16:17:50.632836,2019-12-02 16:18:20.632836,2019-12-02 16:32:04.022131,Replace,5,45,41,0 days 00:00:30.000000000,0 days 00:12:12.679957000
15,2019-12-02 16:41:00.000000,2019-12-02 16:41:35.000000,2019-12-02 16:54:21.250707,2019-12-02 16:54:44.309518,,,,Onsite,5,45,41,0 days 00:00:35.000000000,0 days 00:13:09.309518000
16,2019-12-02 17:44:00.000000,2019-12-02 17:44:25.000000,2019-12-02 18:01:29.485821,2019-12-02 18:01:54.485821,2019-12-02 18:32:33.606451,2019-12-02 18:32:58.606451,2019-12-02 18:56:15.338595,Replace,5,45,41,0 days 00:00:25.000000000,0 days 00:17:29.485821000
17,2019-12-02 18:49:00.000000,2019-12-02 18:49:30.000000,2019-12-02 19:03:25.777984,2019-12-02 19:03:55.777984,2019-12-02 19:29:33.022590,2019-12-02 19:30:03.022590,2019-12-02 19:47:25.344232,Replace,5,45,41,0 days 00:00:30.000000000,0 days 00:14:25.777984000
18,2019-12-02 20:07:00.000000,2019-12-02 20:07:35.000000,2019-12-02 20:26:12.716188,2019-12-02 20:26:47.716188,2019-12-02 21:12:33.404877,2019-12-02 21:13:08.404877,2019-12-02 21:26:23.718001,Replace,5,45,41,0 days 00:00:35.000000000,0 days 00:19:12.716188000
19,2019-12-02 21:18:00.000000,2019-12-02 21:18:35.000000,2019-12-02 21:36:50.698705,2019-12-02 21:37:25.698705,2019-12-02 22:15:21.337372,2019-12-02 22:15:56.337372,2019-12-02 22:29:38.057604,Replace,5,45,41,0 days 00:00:35.000000000,0 days 00:18:50.698705000
20,2019-12-02 22:25:00.000000,2019-12-02 22:25:55.000000,2019-12-02 22:45:54.075435,2019-12-02 22:46:03.113198,,,,Onsite,5,45,41,0 days 00:00:55.000000000,0 days 00:20:08.113198000
0,2019-12-02 01:21:00.000000,2019-12-02 00:00:35.000000,2019-12-02 00:16:22.187292,2019-12-02 00:16:35.249607,,,,Onsite,6,45,41,-1 days +22:39:35.000000000,0 days 00:16:00.249607000
1,2019-12-02 01:12:00.000000,2019-12-02 01:12:45.000000,2019-12-02 01:30:17.462369,2019-12-02 01:30:22.363272,,,,Onsite,6,45,41,0 days 00:00:45.000000000,0 days 00:17:37.363272000
2,2019-12-02 02:19:00.000000,2019-12-02 02:19:45.000000,2019-12-02 02:33:13.328426,2019-12-02 02:33:58.328426,2019-12-02 03:04:06.782310,2019-12-02 03:04:51.782310,2019-12-02 03:23:01.236805,Replace,6,45,41,0 days 00:00:45.000000000,0 days 00:14:13.328426000
3,2019-12-02 03:10:00.000000,2019-12-02 03:10:55.000000,2019-12-02 03:27:12.968194,2019-12-02 03:28:07.968194,2019-12-02 03:57:24.695692,2019-12-02 03:58:19.695692,2019-12-02 04:14:06.947998,Replace,6,45,41,0 days 00:00:55.000000000,0 days 00:17:12.968194000
4,2019-12-02 04:32:00.000000,2019-12-02 04:32:35.000000,2019-12-02 04:50:12.093263,2019-12-02 04:50:21.668181,,,,Onsite,6,45,41,0 days 00:00:35.000000000,0 days 00:17:46.668181000
5,2019-12-02 05:42:00.000000,2019-12-02 05:42:50.000000,2019-12-02 05:58:39.201641,2019-12-02 05:59:29.201641,2019-12-02 06:52:36.395656,2019-12-02 06:53:26.395656,2019-12-02 07:14:56.929076,Replace,6,45,41,0 days 00:00:50.000000000,0 days 00:16:39.201641000
6,2019-12-02 06:35:00.000000,2019-12-02 06:35:50.000000,2019-12-02 06:55:39.615832,2019-12-02 06:56:09.917583,,,,Onsite,6,45,41,0 days 00:00:50.000000000,0 days 00:20:19.917583000
7,2019-12-02 07:43:00.000000,2019-12-02 07:43:45.000000,2019-12-02 08:02:05.010227,2019-12-02 08:02:16.956314,,,,Onsite,6,45,41,0 days 00:00:45.000000000,0 days 00:18:31.956314000
8,2019-12-02 08:41:00.000000,2019-12-02 08:41:50.000000,2019-12-02 08:56:19.877773,2019-12-02 08:56:32.042777,,,,Onsite,6,45,41,0 days 00:00:50.000000000,0 days 00:14:42.042777000
9,2019-12-02 09:41:00.000000,2019-12-02 09:41:50.000000,2019-12-02 09:59:56.859351,2019-12-02 10:00:07.078916,,,,Onsite,6,45,41,0 days 00:00:50.000000000,0 days 00:18:17.078916000
10,2019-12-02 11:08:00.000000,2019-12-02 11:08:50.000000,2019-12-02 11:25:39.226785,2019-12-02 11:26:29.226785,2019-12-02 12:02:06.555758,2019-12-02 12:02:56.555758,2019-12-02 12:17:31.869854,Replace,6,45,41,0 days 00:00:50.000000000,0 days 00:17:39.226785000
11,2019-12-02 12:28:00.000000,2019-12-02 12:28:45.000000,2019-12-02 12:44:07.951443,2019-12-02 12:44:12.847991,,,,Onsite,6,45,41,0 days 00:00:45.000000000,0 days 00:15:27.847991000
12,2019-12-02 13:21:00.000000,2019-12-02 13:21:30.000000,2019-12-02 13:34:10.388247,2019-12-02 13:34:40.388247,2019-12-02 14:19:05.492169,2019-12-02 14:19:35.492169,2019-12-02 14:39:40.460067,Replace,6,45,41,0 days 00:00:30.000000000,0 days 00:13:10.388247000
13,2019-12-02 14:10:00.000000,2019-12-02 14:10:30.000000,2019-12-02 14:27:48.637226,2019-12-02 14:28:18.637226,2019-12-02 14:53:04.533855,2019-12-02 14:53:34.533855,2019-12-02 15:06:01.074065,Replace,6,45,41,0 days 00:00:30.000000000,0 days 00:17:48.637226000
14,2019-12-02 15:15:00.000000,2019-12-02 15:15:50.000000,2019-12-02 15:36:04.683262,2019-12-02 15:36:54.683262,2019-12-02 16:20:30.949663,2019-12-02 16:21:20.949663,2019-12-02 16:37:29.532512,Replace,6,45,41,0 days 00:00:50.000000000,0 days 00:21:04.683262000
15,2019-12-02 16:30:00.000000,2019-12-02 16:30:50.000000,2019-12-02 16:47:52.322576,2019-12-02 16:48:42.322576,2019-12-02 17:37:05.765023,2019-12-02 17:37:55.765023,2019-12-02 17:52:33.526067,Replace,6,45,41,0 days 00:00:50.000000000,0 days 00:17:52.322576000
16,2019-12-02 17:32:00.000000,2019-12-02 17:32:25.000000,2019-12-02 17:45:51.033203,2019-12-02 17:46:01.774193,,,,Onsite,6,45,41,0 days 00:00:25.000000000,0 days 00:13:36.774193000
17,2019-12-02 18:47:00.000000,2019-12-02 18:47:25.000000,2019-12-02 19:02:37.798011,2019-12-02 19:02:59.702208,,,,Onsite,6,45,41,0 days 00:00:25.000000000,0 days 00:15:34.702208000
18,2019-12-02 20:13:00.000000,2019-12-02 20:13:45.000000,2019-12-02 20:32:52.547736,2019-12-02 20:33:37.547736,2019-12-02 21:01:25.972851,2019-12-02 21:02:10.972851,2019-12-02 21:20:57.560657,Replace,6,45,41,0 days 00:00:45.000000000,0 days 00:19:52.547736000
19,2019-12-02 21:19:00.000000,2019-12-02 21:19:45.000000,2019-12-02 21:39:53.044371,2019-12-02 21:40:08.780477,,,,Onsite,6,45,41,0 days 00:00:45.000000000,0 days 00:20:23.780477000
0,2019-12-02 00:57:00.000000,2019-12-02 00:00:35.000000,2019-12-02 00:18:50.916783,2019-12-02 00:19:07.270389,,,,Onsite,7,45,41,-1 days +23:03:35.000000000,0 days 00:18:32.270389000
1,2019-12-02 01:02:00.000000,2019-12-02 01:02:45.000000,2019-12-02 01:13:57.157610,2019-12-02 01:14:42.157610,2019-12-02 01:49:36.275158,2019-12-02 01:50:21.275158,2019-12-02 02:10:59.500204,Replace,7,45,41,0 days 00:00:45.000000000,0 days 00:11:57.157610000
2,2019-12-02 02:05:00.000000,2019-12-02 02:05:45.000000,2019-12-02 02:19:56.041758,2019-12-02 02:20:13.985394,,,,Onsite,7,45,41,0 days 00:00:45.000000000,0 days 00:14:28.985394000
3,2019-12-02 03:01:00.000000,2019-12-02 03:01:50.000000,2019-12-02 03:14:45.518947,2019-12-02 03:15:35.518947,2019-12-02 03:48:32.727584,2019-12-02 03:49:22.727584,2019-12-02 04:02:39.865285,Replace,7,45,41,0 days 00:00:50.000000000,0 days 00:13:45.518947000
4,2019-12-02 04:06:00.000000,2019-12-02 04:06:30.000000,2019-12-02 04:22:25.863780,2019-12-02 04:22:55.863780,2019-12-02 04:59:32.104329,2019-12-02 05:00:02.104329,2019-12-02 05:18:53.432351,Replace,7,45,41,0 days 00:00:30.000000000,0 days 00:16:25.863780000
5,2019-12-02 05:16:00.000000,2019-12-02 05:16:55.000000,2019-12-02 05:33:57.715949,2019-12-02 05:34:52.715949,2019-12-02 06:20:10.433264,2019-12-02 06:21:05.433264,2019-12-02 06:36:04.269869,Replace,7,45,41,0 days 00:00:55.000000000,0 days 00:17:57.715949000
6,2019-12-02 06:38:00.000000,2019-12-02 06:38:25.000000,2019-12-02 06:51:55.501629,2019-12-02 06:52:20.501629,2019-12-02 07:45:52.347867,2019-12-02 07:46:17.347867,2019-12-02 08:03:54.810101,Replace,7,45,41,0 days 00:00:25.000000000,0 days 00:13:55.501629000
7,2019-12-02 07:40:00.000000,2019-12-02 07:40:45.000000,2019-12-02 07:54:51.825166,2019-12-02 07:55:10.380560,,,,Onsite,7,45,41,0 days 00:00:45.000000000,0 days 00:14:25.380560000
8,2019-12-02 08:42:00.000000,2019-12-02 08:42:35.000000,2019-12-02 09:01:18.872872,2019-12-02 09:01:36.649442,,,,Onsite,7,45,41,0 days 00:00:35.000000000,0 days 00:19:01.649442000
9,2019-12-02 09:56:00.000000,2019-12-02 09:56:45.000000,2019-12-02 10:14:59.496673,2019-12-02 10:15:44.496673,2019-12-02 10:54:51.723718,2019-12-02 10:55:36.723718,2019-12-02 11:10:09.356800,Replace,7,45,41,0 days 00:00:45.000000000,0 days 00:18:59.496673000
10,2019-12-02 10:52:00.000000,2019-12-02 10:52:30.000000,2019-12-02 11:04:47.785598,2019-12-02 11:05:17.785598,2019-12-02 11:38:21.415014,2019-12-02 11:38:51.415014,2019-12-02 11:54:48.737759,Replace,7,45,41,0 days 00:00:30.000000000,0 days 00:12:47.785598000
11,2019-12-02 11:47:00.000000,2019-12-02 11:47:50.000000,2019-12-02 11:59:14.587422,2019-12-02 11:59:33.829697,,,,Onsite,7,45,41,0 days 00:00:50.000000000,0 days 00:11:43.829697000
12,2019-12-02 12:45:00.000000,2019-12-02 12:45:35.000000,2019-12-02 13:02:07.613580,2019-12-02 13:02:22.473043,,,,Onsite,7,45,41,0 days 00:00:35.000000000,0 days 00:16:47.473043000
13,2019-12-02 13:52:00.000000,2019-12-02 13:52:35.000000,2019-12-02 14:10:47.968994,2019-12-02 14:11:01.585382,,,,Onsite,7,45,41,0 days 00:00:35.000000000,0 days 00:18:26.585382000
14,2019-12-02 14:57:00.000000,2019-12-02 14:57:55.000000,2019-12-02 15:20:44.331649,2019-12-02 15:21:39.331649,2019-12-02 15:48:39.668876,2019-12-02 15:49:34.668876,2019-12-02 16:08:28.765468,Replace,7,45,41,0 days 00:00:55.000000000,0 days 00:23:44.331649000
15,2019-12-02 16:06:00.000000,2019-12-02 16:06:30.000000,2019-12-02 16:24:45.562316,2019-12-02 16:25:15.562316,2019-12-02 17:13:59.489278,2019-12-02 17:14:29.489278,2019-12-02 17:32:32.169277,Replace,7,45,41,0 days 00:00:30.000000000,0 days 00:18:45.562316000
16,2019-12-02 17:04:00.000000,2019-12-02 17:04:30.000000,2019-12-02 17:23:31.755039,2019-12-02 17:23:47.404646,,,,Onsite,7,45,41,0 days 00:00:30.000000000,0 days 00:19:17.404646000
17,2019-12-02 18:21:00.000000,2019-12-02 18:21:45.000000,2019-12-02 18:37:49.408835,2019-12-02 18:38:11.371673,,,,Onsite,7,45,41,0 days 00:00:45.000000000,0 days 00:16:26.371673000
18,2019-12-02 19:18:00.000000,2019-12-02 19:18:45.000000,2019-12-02 19:37:56.774850,2019-12-02 19:38:41.774850,2019-12-02 20:16:34.424285,2019-12-02 20:17:19.424285,2019-12-02 20:33:36.761322,Replace,7,45,41,0 days 00:00:45.000000000,0 days 00:19:56.774850000
19,2019-12-02 20:30:00.000000,2019-12-02 20:30:35.000000,2019-12-02 20:47:40.578603,2019-12-02 20:48:15.578603,2019-12-02 21:30:35.340238,2019-12-02 21:31:10.340238,2019-12-02 21:48:01.629185,Replace,7,45,41,0 days 00:00:35.000000000,0 days 00:17:40.578603000
20,2019-12-02 21:33:00.000000,2019-12-02 21:33:55.000000,2019-12-02 21:46:55.946677,2019-12-02 21:47:11.381133,,,,Onsite,7,45,41,0 days 00:00:55.000000000,0 days 00:13:16.381133000
0,2019-12-02 01:18:00.000000,2019-12-02 00:00:45.000000,2019-12-02 00:12:01.527830,2019-12-02 00:12:46.527830,2019-12-02 00:50:50.204179,2019-12-02 00:51:35.204179,2019-12-02 01:08:33.647028,Replace,8,45,41,-1 days +22:42:45.000000000,0 days 00:12:01.527830000
1,2019-12-02 01:11:00.000000,2019-12-02 01:11:50.000000,2019-12-02 01:29:25.980856,2019-12-02 01:29:37.522268,,,,Onsite,8,45,41,0 days 00:00:50.000000000,0 days 00:17:47.522268000
2,2019-12-02 02:07:00.000000,2019-12-02 02:07:30.000000,2019-12-02 02:23:27.400682,2019-12-02 02:23:41.027100,,,,Onsite,8,45,41,0 days 00:00:30.000000000,0 days 00:16:11.027100000
3,2019-12-02 03:11:00.000000,2019-12-02 03:11:35.000000,2019-12-02 03:27:40.923890,2019-12-02 03:27:59.167175,,,,Onsite,8,45,41,0 days 00:00:35.000000000,0 days 00:16:24.167175000
4,2019-12-02 04:28:00.000000,2019-12-02 04:28:55.000000,2019-12-02 04:42:57.025728,2019-12-02 04:43:52.025728,2019-12-02 05:29:25.355436,2019-12-02 05:30:20.355436,2019-12-02 05:41:53.313878,Replace,8,45,41,0 days 00:00:55.000000000,0 days 00:14:57.025728000
5,2019-12-02 05:34:00.000000,2019-12-02 05:34:45.000000,2019-12-02 05:47:51.404600,2019-12-02 05:48:08.658170,,,,Onsite,8,45,41,0 days 00:00:45.000000000,0 days 00:13:23.658170000
6,2019-12-02 06:45:00.000000,2019-12-02 06:45:30.000000,2019-12-02 07:01:23.814582,2019-12-02 07:01:53.814582,2019-12-02 07:40:17.650744,2019-12-02 07:40:47.650744,2019-12-02 07:55:16.269705,Replace,8,45,41,0 days 00:00:30.000000000,0 days 00:16:23.814582000
7,2019-12-02 07:46:00.000000,2019-12-02 07:46:25.000000,2019-12-02 07:58:43.103777,2019-12-02 07:59:12.834027,,,,Onsite,8,45,41,0 days 00:00:25.000000000,0 days 00:12:47.834027000
8,2019-12-02 08:55:00.000000,2019-12-02 08:55:35.000000,2019-12-02 09:08:34.573534,2019-12-02 09:08:46.296386,,,,Onsite,8,45,41,0 days 00:00:35.000000000,0 days 00:13:11.296386000
9,2019-12-02 09:50:00.000000,2019-12-02 09:50:35.000000,2019-12-02 10:07:10.669437,2019-12-02 10:07:45.669437,2019-12-02 10:33:48.225750,2019-12-02 10:34:23.225750,2019-12-02 10:48:14.937874,Replace,8,45,41,0 days 00:00:35.000000000,0 days 00:17:10.669437000
10,2019-12-02 11:10:00.000000,2019-12-02 11:10:35.000000,2019-12-02 11:30:25.772603,2019-12-02 11:30:34.738757,,,,Onsite,8,45,41,0 days 00:00:35.000000000,0 days 00:19:59.738757000
11,2019-12-02 13:20:00.000000,2019-12-02 13:20:25.000000,2019-12-02 13:36:04.269213,2019-12-02 13:36:40.459783,,,,Onsite,8,45,41,0 days 00:00:25.000000000,0 days 00:16:15.459783000
12,2019-12-02 12:15:00.000000,2019-12-02 12:15:25.000000,2019-12-02 12:31:18.772338,2019-12-02 12:31:43.772338,2019-12-02 13:20:05.118989,2019-12-02 13:20:30.118989,2019-12-02 13:43:29.622976,Replace,8,45,41,0 days 00:00:25.000000000,0 days 00:16:18.772338000
13,2019-12-02 14:27:00.000000,2019-12-02 14:27:25.000000,2019-12-02 14:41:55.894987,2019-12-02 14:42:20.894987,2019-12-02 15:24:52.960044,2019-12-02 15:25:17.960044,2019-12-02 15:43:32.200420,Replace,8,45,41,0 days 00:00:25.000000000,0 days 00:14:55.894987000
14,2019-12-02 15:40:00.000000,2019-12-02 15:40:45.000000,2019-12-02 15:57:49.580125,2019-12-02 15:58:34.580125,2019-12-02 16:31:20.526961,2019-12-02 16:32:05.526961,2019-12-02 16:46:49.230629,Replace,8,45,41,0 days 00:00:45.000000000,0 days 00:17:49.580125000
15,2019-12-02 16:59:00.000000,2019-12-02 16:59:45.000000,2019-12-02 17:12:31.979870,2019-12-02 17:13:16.979870,2019-12-02 17:41:01.602800,2019-12-02 17:41:46.602800,2019-12-02 18:04:54.991895,Replace,8,45,41,0 days 00:00:45.000000000,0 days 00:13:31.979870000
16,2019-12-02 17:51:00.000000,2019-12-02 17:51:25.000000,2019-12-02 18:08:16.163876,2019-12-02 18:08:44.296309,,,,Onsite,8,45,41,0 days 00:00:25.000000000,0 days 00:17:19.296309000
17,2019-12-02 18:56:00.000000,2019-12-02 18:56:25.000000,2019-12-02 19:15:00.226287,2019-12-02 19:15:17.358782,,,,Onsite,8,45,41,0 days 00:00:25.000000000,0 days 00:18:52.358782000
18,2019-12-02 20:10:00.000000,2019-12-02 20:10:45.000000,2019-12-02 20:27:05.630450,2019-12-02 20:27:50.630450,2019-12-02 21:16:04.940465,2019-12-02 21:16:49.940465,2019-12-02 21:38:03.870717,Replace,8,45,41,0 days 00:00:45.000000000,0 days 00:17:05.630450000
19,2019-12-02 21:26:00.000000,2019-12-02 21:26:55.000000,2019-12-02 21:46:42.223605,2019-12-02 21:46:54.105967,,,,Onsite,8,45,41,0 days 00:00:55.000000000,0 days 00:19:59.105967000
0,2019-12-02 01:10:00.000000,2019-12-02 00:00:45.000000,2019-12-02 00:20:09.262205,2019-12-02 00:20:54.262205,2019-12-02 01:05:33.891799,2019-12-02 01:06:18.891799,2019-12-02 01:27:00.087899,Replace,9,45,41,-1 days +22:50:45.000000000,0 days 00:20:09.262205000
1,2019-12-02 00:57:00.000000,2019-12-02 00:57:50.000000,2019-12-02 01:14:06.222002,2019-12-02 01:14:56.222002,2019-12-02 01:51:30.063520,2019-12-02 01:52:20.063520,2019-12-02 02:06:45.775273,Replace,9,45,41,0 days 00:00:50.000000000,0 days 00:17:06.222002000
2,2019-12-02 01:58:00.000000,2019-12-02 01:58:50.000000,2019-12-02 02:20:31.364146,2019-12-02 02:20:43.981970,,,,Onsite,9,45,41,0 days 00:00:50.000000000,0 days 00:21:53.981970000
3,2019-12-02 03:21:00.000000,2019-12-02 03:21:45.000000,2019-12-02 03:35:08.187087,2019-12-02 03:35:28.994617,,,,Onsite,9,45,41,0 days 00:00:45.000000000,0 days 00:13:43.994617000
4,2019-12-02 04:26:00.000000,2019-12-02 04:26:35.000000,2019-12-02 04:40:17.993966,2019-12-02 04:40:52.993966,2019-12-02 05:19:13.384671,2019-12-02 05:19:48.384671,2019-12-02 05:41:13.836323,Replace,9,45,41,0 days 00:00:35.000000000,0 days 00:14:17.993966000
5,2019-12-02 05:36:00.000000,2019-12-02 05:36:25.000000,2019-12-02 05:52:44.984167,2019-12-02 05:52:52.654299,,,,Onsite,9,45,41,0 days 00:00:25.000000000,0 days 00:16:27.654299000
6,2019-12-02 06:50:00.000000,2019-12-02 06:50:45.000000,2019-12-02 07:04:32.917568,2019-12-02 07:05:00.306992,,,,Onsite,9,45,41,0 days 00:00:45.000000000,0 days 00:14:15.306992000
7,2019-12-02 08:06:00.000000,2019-12-02 08:06:25.000000,2019-12-02 08:20:59.488341,2019-12-02 08:21:24.488341,2019-12-02 09:13:46.286252,2019-12-02 09:14:11.286252,2019-12-02 09:24:58.640043,Replace,9,45,41,0 days 00:00:25.000000000,0 days 00:14:59.488341000
8,2019-12-02 09:06:00.000000,2019-12-02 09:06:35.000000,2019-12-02 09:23:59.720310,2019-12-02 09:24:18.335432,,,,Onsite,9,45,41,0 days 00:00:35.000000000,0 days 00:17:43.335432000
9,2019-12-02 10:08:00.000000,2019-12-02 10:08:45.000000,2019-12-02 10:27:14.623416,2019-12-02 10:27:59.623416,2019-12-02 11:08:42.621933,2019-12-02 11:09:27.621933,2019-12-02 11:30:35.596200,Replace,9,45,41,0 days 00:00:45.000000000,0 days 00:19:14.623416000
10,2019-12-02 11:15:00.000000,2019-12-02 11:15:35.000000,2019-12-02 11:35:50.204851,2019-12-02 11:36:25.204851,2019-12-02 12:22:22.067847,2019-12-02 12:22:57.067847,2019-12-02 12:43:16.610026,Replace,9,45,41,0 days 00:00:35.000000000,0 days 00:20:50.204851000
11,2019-12-02 12:25:00.000000,2019-12-02 12:25:45.000000,2019-12-02 12:40:18.682500,2019-12-02 12:41:03.682500,2019-12-02 13:22:14.605467,2019-12-02 13:22:59.605467,2019-12-02 13:45:29.830811,Replace,9,45,41,0 days 00:00:45.000000000,0 days 00:15:18.682500000
12,2019-12-02 13:38:00.000000,2019-12-02 13:38:55.000000,2019-12-02 13:53:28.900766,2019-12-02 13:54:23.900766,2019-12-02 14:24:46.482118,2019-12-02 14:25:41.482118,2019-12-02 14:45:42.596977,Replace,9,45,41,0 days 00:00:55.000000000,0 days 00:15:28.900766000
13,2019-12-02 16:02:00.000000,2019-12-02 16:02:35.000000,2019-12-02 16:22:13.955323,2019-12-02 16:22:33.895414,,,,Onsite,9,45,41,0 days 00:00:35.000000000,0 days 00:19:58.895414000
14,2019-12-02 14:58:00.000000,2019-12-02 14:58:25.000000,2019-12-02 15:09:49.469228,2019-12-02 15:10:14.469228,2019-12-02 15:49:32.975722,2019-12-02 15:49:57.975722,2019-12-02 16:02:31.604830,Replace,9,45,41,0 days 00:00:25.000000000,0 days 00:11:49.469228000
15,2019-12-02 17:17:00.000000,2019-12-02 17:17:55.000000,2019-12-02 17:36:14.479317,2019-12-02 17:37:09.479317,2019-12-02 18:24:18.411393,2019-12-02 18:25:13.411393,2019-12-02 18:36:52.185071,Replace,9,45,41,0 days 00:00:55.000000000,0 days 00:19:14.479317000
16,2019-12-02 18:31:00.000000,2019-12-02 18:31:45.000000,2019-12-02 18:44:10.284427,2019-12-02 18:44:55.284427,2019-12-02 19:07:55.712562,2019-12-02 19:08:40.712562,2019-12-02 19:19:48.867750,Replace,9,45,41,0 days 00:00:45.000000000,0 days 00:13:10.284427000
17,2019-12-02 19:39:00.000000,2019-12-02 19:39:25.000000,2019-12-02 19:56:36.776581,2019-12-02 19:57:01.776581,2019-12-02 20:22:51.175474,2019-12-02 20:23:16.175474,2019-12-02 20:40:25.650883,Replace,9,45,41,0 days 00:00:25.000000000,0 days 00:17:36.776581000
18,2019-12-02 20:56:00.000000,2019-12-02 20:56:25.000000,2019-12-02 21:09:04.408077,2019-12-02 21:09:29.408077,2019-12-02 21:48:20.966737,2019-12-02 21:48:45.966737,2019-12-02 22:03:21.203831,Replace,9,45,41,0 days 00:00:25.000000000,0 days 00:13:04.408077000
19,2019-12-02 21:55:00.000000,2019-12-02 21:55:35.000000,2019-12-02 22:08:01.646055,2019-12-02 22:08:05.889311,,,,Onsite,9,45,41,0 days 00:00:35.000000000,0 days 00:12:30.889311000
0,2019-12-02 01:09:00.000000,2019-12-02 00:00:25.000000,2019-12-02 00:12:29.287996,2019-12-02 00:12:54.287996,2019-12-02 00:39:59.556470,2019-12-02 00:40:24.556470,2019-12-02 01:02:24.897319,Replace,1,45,42,-1 days +22:51:25.000000000,0 days 00:12:29.287996000
1,2019-12-02 01:34:00.000000,2019-12-02 01:34:35.000000,2019-12-02 01:51:27.089221,2019-12-02 01:52:02.089221,2019-12-02 02:40:03.907021,2019-12-02 02:40:38.907021,2019-12-02 02:56:31.977082,Replace,1,45,42,0 days 00:00:35.000000000,0 days 00:17:27.089221000
2,2019-12-02 02:59:00.000000,2019-12-02 02:59:25.000000,2019-12-02 03:12:17.423812,2019-12-02 03:12:48.090822,,,,Onsite,1,45,42,0 days 00:00:25.000000000,0 days 00:13:23.090822000
3,2019-12-02 04:16:00.000000,2019-12-02 04:16:25.000000,2019-12-02 04:29:41.929355,2019-12-02 04:30:03.055375,,,,Onsite,1,45,42,0 days 00:00:25.000000000,0 days 00:13:38.055375000
4,2019-12-02 05:19:00.000000,2019-12-02 05:19:55.000000,2019-12-02 05:34:58.679692,2019-12-02 05:35:53.679692,2019-12-02 06:24:36.743684,2019-12-02 06:25:31.743684,2019-12-02 06:39:34.785072,Replace,1,45,42,0 days 00:00:55.000000000,0 days 00:15:58.679692000
5,2019-12-02 06:14:00.000000,2019-12-02 06:14:55.000000,2019-12-02 06:33:16.728978,2019-12-02 06:33:50.222255,,,,Onsite,1,45,42,0 days 00:00:55.000000000,0 days 00:18:55.222255000
6,2019-12-02 07:17:00.000000,2019-12-02 07:17:45.000000,2019-12-02 07:32:58.032324,2019-12-02 07:33:43.032324,2019-12-02 08:21:31.854261,2019-12-02 08:22:16.854261,2019-12-02 08:36:21.981096,Replace,1,45,42,0 days 00:00:45.000000000,0 days 00:15:58.032324000
7,2019-12-02 08:34:00.000000,2019-12-02 08:34:30.000000,2019-12-02 08:49:24.319270,2019-12-02 08:49:54.319270,2019-12-02 09:20:08.399067,2019-12-02 09:20:38.399067,2019-12-02 09:35:11.688691,Replace,1,45,42,0 days 00:00:30.000000000,0 days 00:15:24.319270000
8,2019-12-02 09:50:00.000000,2019-12-02 09:50:25.000000,2019-12-02 10:07:49.126619,2019-12-02 10:08:14.080793,,,,Onsite,1,45,42,0 days 00:00:25.000000000,0 days 00:17:49.080793000
9,2019-12-02 10:48:00.000000,2019-12-02 10:48:45.000000,2019-12-02 11:05:53.394308,2019-12-02 11:06:38.394308,2019-12-02 11:43:06.303676,2019-12-02 11:43:51.303676,2019-12-02 12:05:10.674051,Replace,1,45,42,0 days 00:00:45.000000000,0 days 00:17:53.394308000
10,2019-12-02 11:58:00.000000,2019-12-02 11:58:35.000000,2019-12-02 12:15:33.599643,2019-12-02 12:15:42.434047,,,,Onsite,1,45,42,0 days 00:00:35.000000000,0 days 00:17:07.434047000
11,2019-12-02 13:07:00.000000,2019-12-02 13:07:45.000000,2019-12-02 13:22:58.976413,2019-12-02 13:23:43.976413,2019-12-02 13:56:49.698766,2019-12-02 13:57:34.698766,2019-12-02 14:14:34.411119,Replace,1,45,42,0 days 00:00:45.000000000,0 days 00:15:58.976413000
12,2019-12-02 14:16:00.000000,2019-12-02 14:16:45.000000,2019-12-02 14:39:44.808953,2019-12-02 14:39:50.192810,,,,Onsite,1,45,42,0 days 00:00:45.000000000,0 days 00:23:05.192810000
13,2019-12-02 15:18:00.000000,2019-12-02 15:18:30.000000,2019-12-02 15:34:10.636894,2019-12-02 15:34:40.636894,2019-12-02 16:17:51.054038,2019-12-02 16:18:21.054038,2019-12-02 16:29:14.551427,Replace,1,45,42,0 days 00:00:30.000000000,0 days 00:16:10.636894000
14,2019-12-02 16:36:00.000000,2019-12-02 16:36:55.000000,2019-12-02 16:52:35.377654,2019-12-02 16:53:30.377654,2019-12-02 17:35:45.629326,2019-12-02 17:36:40.629326,2019-12-02 17:51:50.876369,Replace,1,45,42,0 days 00:00:55.000000000,0 days 00:16:35.377654000
15,2019-12-02 17:46:00.000000,2019-12-02 17:46:45.000000,2019-12-02 18:04:23.218998,2019-12-02 18:04:31.685717,,,,Onsite,1,45,42,0 days 00:00:45.000000000,0 days 00:17:46.685717000
16,2019-12-02 18:49:00.000000,2019-12-02 18:49:50.000000,2019-12-02 19:07:22.128979,2019-12-02 19:08:12.128979,2019-12-02 19:47:04.664110,2019-12-02 19:47:54.664110,2019-12-02 20:06:55.392343,Replace,1,45,42,0 days 00:00:50.000000000,0 days 00:18:22.128979000
17,2019-12-02 20:00:00.000000,2019-12-02 20:00:50.000000,2019-12-02 20:14:47.297693,2019-12-02 20:15:37.297693,2019-12-02 20:38:06.193836,2019-12-02 20:38:56.193836,2019-12-02 20:51:39.639846,Replace,1,45,42,0 days 00:00:50.000000000,0 days 00:14:47.297693000
18,2019-12-02 21:12:00.000000,2019-12-02 21:12:30.000000,2019-12-02 21:28:23.922487,2019-12-02 21:28:53.377016,,,,Onsite,1,45,42,0 days 00:00:30.000000000,0 days 00:16:23.377016000
0,2019-12-02 01:02:00.000000,2019-12-02 00:00:55.000000,2019-12-02 00:18:38.663390,2019-12-02 00:18:53.739654,,,,Onsite,2,45,42,-1 days +22:58:55.000000000,0 days 00:17:58.739654000
1,2019-12-02 01:10:00.000000,2019-12-02 01:10:35.000000,2019-12-02 01:20:37.025492,2019-12-02 01:21:12.025492,2019-12-02 01:56:43.225762,2019-12-02 01:57:18.225762,2019-12-02 02:11:53.547810,Replace,2,45,42,0 days 00:00:35.000000000,0 days 00:10:37.025492000
2,2019-12-02 02:12:00.000000,2019-12-02 02:12:30.000000,2019-12-02 02:36:59.367294,2019-12-02 02:37:29.367294,2019-12-02 03:21:40.854292,2019-12-02 03:22:10.854292,2019-12-02 03:38:51.341665,Replace,2,45,42,0 days 00:00:30.000000000,0 days 00:24:59.367294000
3,2019-12-02 03:14:00.000000,2019-12-02 03:14:25.000000,2019-12-02 03:27:37.757752,2019-12-02 03:28:02.757752,2019-12-02 03:58:04.600461,2019-12-02 03:58:29.600461,2019-12-02 04:09:19.165958,Replace,2,45,42,0 days 00:00:25.000000000,0 days 00:13:37.757752000
4,2019-12-02 04:23:00.000000,2019-12-02 04:23:55.000000,2019-12-02 04:32:03.326655,2019-12-02 04:32:58.326655,2019-12-02 05:03:13.657988,2019-12-02 05:04:08.657988,2019-12-02 05:21:35.874756,Replace,2,45,42,0 days 00:00:55.000000000,0 days 00:09:03.326655000
5,2019-12-02 05:39:00.000000,2019-12-02 05:39:35.000000,2019-12-02 05:58:58.676994,2019-12-02 05:59:33.676994,2019-12-02 06:35:18.489603,2019-12-02 06:35:53.489603,2019-12-02 06:48:55.685271,Replace,2,45,42,0 days 00:00:35.000000000,0 days 00:19:58.676994000
6,2019-12-02 06:57:00.000000,2019-12-02 06:57:30.000000,2019-12-02 07:09:32.644711,2019-12-02 07:10:02.644711,2019-12-02 07:33:46.346546,2019-12-02 07:34:16.346546,2019-12-02 07:49:41.278045,Replace,2,45,42,0 days 00:00:30.000000000,0 days 00:12:32.644711000
7,2019-12-02 08:08:00.000000,2019-12-02 08:08:45.000000,2019-12-02 08:21:31.943932,2019-12-02 08:22:01.690258,,,,Onsite,2,45,42,0 days 00:00:45.000000000,0 days 00:13:16.690258000
8,2019-12-02 09:06:00.000000,2019-12-02 09:06:45.000000,2019-12-02 09:24:47.947901,2019-12-02 09:25:06.314303,,,,Onsite,2,45,42,0 days 00:00:45.000000000,0 days 00:18:21.314303000
9,2019-12-02 10:16:00.000000,2019-12-02 10:16:45.000000,2019-12-02 10:32:36.421292,2019-12-02 10:33:21.421292,2019-12-02 11:08:51.015787,2019-12-02 11:09:36.015787,2019-12-02 11:27:07.234115,Replace,2,45,42,0 days 00:00:45.000000000,0 days 00:16:36.421292000
10,2019-12-02 11:25:00.000000,2019-12-02 11:25:25.000000,2019-12-02 11:39:54.229413,2019-12-02 11:40:15.542539,,,,Onsite,2,45,42,0 days 00:00:25.000000000,0 days 00:14:50.542539000
11,2019-12-02 12:39:00.000000,2019-12-02 12:39:35.000000,2019-12-02 12:57:00.442094,2019-12-02 12:57:35.442094,2019-12-02 13:38:39.280754,2019-12-02 13:39:14.280754,2019-12-02 13:53:30.835780,Replace,2,45,42,0 days 00:00:35.000000000,0 days 00:18:00.442094000
12,2019-12-02 13:54:00.000000,2019-12-02 13:54:45.000000,2019-12-02 14:14:27.116984,2019-12-02 14:15:12.116984,2019-12-02 14:58:06.196133,2019-12-02 14:58:51.196133,2019-12-02 15:16:20.172191,Replace,2,45,42,0 days 00:00:45.000000000,0 days 00:20:27.116984000
13,2019-12-02 15:05:00.000000,2019-12-02 15:05:45.000000,2019-12-02 15:23:19.311074,2019-12-02 15:24:04.311074,2019-12-02 15:55:31.927881,2019-12-02 15:56:16.927881,2019-12-02 16:14:01.736966,Replace,2,45,42,0 days 00:00:45.000000000,0 days 00:18:19.311074000
14,2019-12-02 16:27:00.000000,2019-12-02 16:27:25.000000,2019-12-02 16:39:57.779103,2019-12-02 16:40:22.779103,2019-12-02 17:25:10.650371,2019-12-02 17:25:35.650371,2019-12-02 17:44:45.213436,Replace,2,45,42,0 days 00:00:25.000000000,0 days 00:12:57.779103000
15,2019-12-02 17:30:00.000000,2019-12-02 17:30:35.000000,2019-12-02 17:49:06.701397,2019-12-02 17:49:10.941444,,,,Onsite,2,45,42,0 days 00:00:35.000000000,0 days 00:18:35.941444000
16,2019-12-02 18:44:00.000000,2019-12-02 18:44:30.000000,2019-12-02 19:03:04.553837,2019-12-02 19:03:38.817251,,,,Onsite,2,45,42,0 days 00:00:30.000000000,0 days 00:19:08.817251000
17,2019-12-02 20:04:00.000000,2019-12-02 20:04:30.000000,2019-12-02 20:22:33.258212,2019-12-02 20:23:03.258212,2019-12-02 20:56:18.211229,2019-12-02 20:56:48.211229,2019-12-02 21:11:59.886891,Replace,2,45,42,0 days 00:00:30.000000000,0 days 00:18:33.258212000
18,2019-12-02 21:16:00.000000,2019-12-02 21:16:45.000000,2019-12-02 21:28:02.236956,2019-12-02 21:28:13.917955,,,,Onsite,2,45,42,0 days 00:00:45.000000000,0 days 00:11:28.917955000
0,2019-12-02 01:11:00.000000,2019-12-02 00:00:25.000000,2019-12-02 00:19:12.945143,2019-12-02 00:19:36.245849,,,,Onsite,3,45,42,-1 days +22:49:25.000000000,0 days 00:19:11.245849000
1,2019-12-02 01:08:00.000000,2019-12-02 01:08:45.000000,2019-12-02 01:21:30.799819,2019-12-02 01:21:43.709371,,,,Onsite,3,45,42,0 days 00:00:45.000000000,0 days 00:12:58.709371000
2,2019-12-02 02:12:00.000000,2019-12-02 02:12:45.000000,2019-12-02 02:29:48.770982,2019-12-02 02:30:33.770982,2019-12-02 02:59:58.897517,2019-12-02 03:00:43.897517,2019-12-02 03:14:06.293457,Replace,3,45,42,0 days 00:00:45.000000000,0 days 00:17:48.770982000
3,2019-12-02 03:20:00.000000,2019-12-02 03:20:55.000000,2019-12-02 03:33:28.413030,2019-12-02 03:34:23.413030,2019-12-02 04:04:52.965617,2019-12-02 04:05:47.965617,2019-12-02 04:21:17.988650,Replace,3,45,42,0 days 00:00:55.000000000,0 days 00:13:28.413030000
4,2019-12-02 04:28:00.000000,2019-12-02 04:28:55.000000,2019-12-02 04:48:27.347451,2019-12-02 04:48:40.616393,,,,Onsite,3,45,42,0 days 00:00:55.000000000,0 days 00:19:45.616393000
5,2019-12-02 05:37:00.000000,2019-12-02 05:37:35.000000,2019-12-02 05:52:27.925311,2019-12-02 05:53:02.925311,2019-12-02 06:37:42.437319,2019-12-02 06:38:17.437319,2019-12-02 06:51:56.010645,Replace,3,45,42,0 days 00:00:35.000000000,0 days 00:15:27.925311000
6,2019-12-02 06:49:00.000000,2019-12-02 06:49:30.000000,2019-12-02 07:06:40.708114,2019-12-02 07:06:49.570870,,,,Onsite,3,45,42,0 days 00:00:30.000000000,0 days 00:17:19.570870000
7,2019-12-02 08:05:00.000000,2019-12-02 08:05:30.000000,2019-12-02 08:19:49.008057,2019-12-02 08:20:19.008057,2019-12-02 08:42:08.579019,2019-12-02 08:42:38.579019,2019-12-02 09:04:42.209390,Replace,3,45,42,0 days 00:00:30.000000000,0 days 00:14:49.008057000
8,2019-12-02 09:09:00.000000,2019-12-02 09:09:55.000000,2019-12-02 09:24:23.331192,2019-12-02 09:25:18.331192,2019-12-02 09:55:29.601798,2019-12-02 09:56:24.601798,2019-12-02 10:19:11.608907,Replace,3,45,42,0 days 00:00:55.000000000,0 days 00:15:23.331192000
9,2019-12-02 10:21:00.000000,2019-12-02 10:21:30.000000,2019-12-02 10:42:08.585333,2019-12-02 10:42:38.585333,2019-12-02 11:19:55.730977,2019-12-02 11:20:25.730977,2019-12-02 11:36:12.783211,Replace,3,45,42,0 days 00:00:30.000000000,0 days 00:21:08.585333000
10,2019-12-02 11:43:00.000000,2019-12-02 11:43:45.000000,2019-12-02 12:00:09.205957,2019-12-02 12:00:54.205957,2019-12-02 12:25:03.083847,2019-12-02 12:25:48.083847,2019-12-02 12:46:52.466942,Replace,3,45,42,0 days 00:00:45.000000000,0 days 00:17:09.205957000
11,2019-12-02 12:44:00.000000,2019-12-02 12:44:50.000000,2019-12-02 13:01:38.964420,2019-12-02 13:01:51.712314,,,,Onsite,3,45,42,0 days 00:00:50.000000000,0 days 00:17:01.712314000
12,2019-12-02 13:49:00.000000,2019-12-02 13:49:30.000000,2019-12-02 14:06:28.293388,2019-12-02 14:06:40.870397,,,,Onsite,3,45,42,0 days 00:00:30.000000000,0 days 00:17:10.870397000
13,2019-12-02 14:46:00.000000,2019-12-02 14:46:35.000000,2019-12-02 14:59:06.789783,2019-12-02 14:59:41.789783,2019-12-02 15:32:58.274364,2019-12-02 15:33:33.274364,2019-12-02 15:53:49.168421,Replace,3,45,42,0 days 00:00:35.000000000,0 days 00:13:06.789783000
14,2019-12-02 15:50:00.000000,2019-12-02 15:50:35.000000,2019-12-02 16:05:27.703257,2019-12-02 16:05:39.226715,,,,Onsite,3,45,42,0 days 00:00:35.000000000,0 days 00:15:04.226715000
15,2019-12-02 16:45:00.000000,2019-12-02 16:45:55.000000,2019-12-02 17:04:50.546857,2019-12-02 17:05:45.546857,2019-12-02 17:40:44.426640,2019-12-02 17:41:39.426640,2019-12-02 18:04:53.448841,Replace,3,45,42,0 days 00:00:55.000000000,0 days 00:19:50.546857000
16,2019-12-02 17:45:00.000000,2019-12-02 17:45:25.000000,2019-12-02 18:07:36.193020,2019-12-02 18:07:56.982867,,,,Onsite,3,45,42,0 days 00:00:25.000000000,0 days 00:22:31.982867000
17,2019-12-02 19:09:00.000000,2019-12-02 19:09:55.000000,2019-12-02 19:24:38.410739,2019-12-02 19:25:33.410739,2019-12-02 19:55:48.421298,2019-12-02 19:56:43.421298,2019-12-02 20:08:42.302444,Replace,3,45,42,0 days 00:00:55.000000000,0 days 00:15:38.410739000
18,2019-12-02 20:14:00.000000,2019-12-02 20:14:25.000000,2019-12-02 20:32:21.747407,2019-12-02 20:32:26.142262,,,,Onsite,3,45,42,0 days 00:00:25.000000000,0 days 00:18:01.142262000
19,2019-12-02 21:21:00.000000,2019-12-02 21:21:25.000000,2019-12-02 21:33:56.165429,2019-12-02 21:34:01.683142,,,,Onsite,3,45,42,0 days 00:00:25.000000000,0 days 00:12:36.683142000
0,2019-12-02 01:33:00.000000,2019-12-02 00:00:50.000000,2019-12-02 00:18:01.998614,2019-12-02 00:18:51.998614,2019-12-02 00:58:48.040897,2019-12-02 00:59:38.040897,2019-12-02 01:15:42.269551,Replace,4,45,42,-1 days +22:27:50.000000000,0 days 00:18:01.998614000
1,2019-12-02 01:07:00.000000,2019-12-02 01:07:50.000000,2019-12-02 01:22:18.436021,2019-12-02 01:23:08.436021,2019-12-02 02:09:42.728149,2019-12-02 02:10:32.728149,2019-12-02 02:25:22.830495,Replace,4,45,42,0 days 00:00:50.000000000,0 days 00:15:18.436021000
2,2019-12-02 02:21:00.000000,2019-12-02 02:21:55.000000,2019-12-02 02:37:44.091647,2019-12-02 02:38:39.091647,2019-12-02 03:25:32.628789,2019-12-02 03:26:27.628789,2019-12-02 03:41:27.997460,Replace,4,45,42,0 days 00:00:55.000000000,0 days 00:16:44.091647000
3,2019-12-02 03:24:00.000000,2019-12-02 03:24:30.000000,2019-12-02 03:38:05.081422,2019-12-02 03:38:35.081422,2019-12-02 04:08:30.604042,2019-12-02 04:09:00.604042,2019-12-02 04:22:29.779533,Replace,4,45,42,0 days 00:00:30.000000000,0 days 00:14:05.081422000
4,2019-12-02 04:39:00.000000,2019-12-02 04:39:45.000000,2019-12-02 04:57:05.533219,2019-12-02 04:57:50.533219,2019-12-02 05:27:07.681763,2019-12-02 05:27:52.681763,2019-12-02 05:45:57.132536,Replace,4,45,42,0 days 00:00:45.000000000,0 days 00:18:05.533219000
5,2019-12-02 06:39:00.000000,2019-12-02 06:39:30.000000,2019-12-02 06:57:07.691458,2019-12-02 06:57:37.691458,2019-12-02 07:22:11.615547,2019-12-02 07:22:41.615547,2019-12-02 07:36:37.126460,Replace,4,45,42,0 days 00:00:30.000000000,0 days 00:18:07.691458000
6,2019-12-02 05:48:00.000000,2019-12-02 05:48:45.000000,2019-12-02 06:05:05.819576,2019-12-02 06:05:50.819576,2019-12-02 06:39:27.295328,2019-12-02 06:40:12.295328,2019-12-02 06:54:50.141864,Replace,4,45,42,0 days 00:00:45.000000000,0 days 00:17:05.819576000
7,2019-12-02 08:09:00.000000,2019-12-02 08:09:45.000000,2019-12-02 08:24:35.039567,2019-12-02 08:24:46.818776,,,,Onsite,4,45,42,0 days 00:00:45.000000000,0 days 00:15:01.818776000
8,2019-12-02 09:25:00.000000,2019-12-02 09:25:35.000000,2019-12-02 09:42:59.709854,2019-12-02 09:43:12.260224,,,,Onsite,4,45,42,0 days 00:00:35.000000000,0 days 00:17:37.260224000
9,2019-12-02 10:29:00.000000,2019-12-02 10:29:30.000000,2019-12-02 10:46:44.196420,2019-12-02 10:46:50.854623,,,,Onsite,4,45,42,0 days 00:00:30.000000000,0 days 00:17:20.854623000
10,2019-12-02 11:40:00.000000,2019-12-02 11:40:50.000000,2019-12-02 11:50:38.543116,2019-12-02 11:50:41.843773,,,,Onsite,4,45,42,0 days 00:00:50.000000000,0 days 00:09:51.843773000
11,2019-12-02 12:42:00.000000,2019-12-02 12:42:45.000000,2019-12-02 12:59:32.571790,2019-12-02 13:00:01.006596,,,,Onsite,4,45,42,0 days 00:00:45.000000000,0 days 00:17:16.006596000
12,2019-12-02 13:46:00.000000,2019-12-02 13:46:45.000000,2019-12-02 14:02:13.546221,2019-12-02 14:02:31.379111,,,,Onsite,4,45,42,0 days 00:00:45.000000000,0 days 00:15:46.379111000
13,2019-12-02 14:39:00.000000,2019-12-02 14:39:45.000000,2019-12-02 14:55:12.810255,2019-12-02 14:55:57.810255,2019-12-02 15:31:15.686120,2019-12-02 15:32:00.686120,2019-12-02 15:51:12.740548,Replace,4,45,42,0 days 00:00:45.000000000,0 days 00:16:12.810255000
14,2019-12-02 15:58:00.000000,2019-12-02 15:58:35.000000,2019-12-02 16:12:39.164059,2019-12-02 16:13:14.164059,2019-12-02 17:01:51.778198,2019-12-02 17:02:26.778198,2019-12-02 17:15:38.742327,Replace,4,45,42,0 days 00:00:35.000000000,0 days 00:14:39.164059000
15,2019-12-02 16:49:00.000000,2019-12-02 16:49:30.000000,2019-12-02 16:57:54.158178,2019-12-02 16:58:24.158178,2019-12-02 17:25:54.738297,2019-12-02 17:26:24.738297,2019-12-02 17:41:00.224716,Replace,4,45,42,0 days 00:00:30.000000000,0 days 00:08:54.158178000
16,2019-12-02 18:02:00.000000,2019-12-02 18:02:30.000000,2019-12-02 18:13:15.314009,2019-12-02 18:13:45.314009,2019-12-02 18:45:02.346784,2019-12-02 18:45:32.346784,2019-12-02 19:01:35.719999,Replace,4,45,42,0 days 00:00:30.000000000,0 days 00:11:15.314009000
17,2019-12-02 19:10:00.000000,2019-12-02 19:10:35.000000,2019-12-02 19:29:16.814550,2019-12-02 19:29:39.998322,,,,Onsite,4,45,42,0 days 00:00:35.000000000,0 days 00:19:04.998322000
18,2019-12-02 20:21:00.000000,2019-12-02 20:21:45.000000,2019-12-02 20:39:03.359436,2019-12-02 20:39:10.615282,,,,Onsite,4,45,42,0 days 00:00:45.000000000,0 days 00:17:25.615282000
19,2019-12-02 21:40:00.000000,2019-12-02 21:40:45.000000,2019-12-02 21:54:17.353565,2019-12-02 21:55:02.353565,2019-12-02 22:31:47.157240,2019-12-02 22:32:32.157240,2019-12-02 22:53:17.436348,Replace,4,45,42,0 days 00:00:45.000000000,0 days 00:14:17.353565000
0,2019-12-02 01:13:00.000000,2019-12-02 00:00:35.000000,2019-12-02 00:14:39.520199,2019-12-02 00:15:04.402128,,,,Onsite,5,45,42,-1 days +22:47:35.000000000,0 days 00:14:29.402128000
1,2019-12-02 01:03:00.000000,2019-12-02 01:03:50.000000,2019-12-02 01:18:26.331902,2019-12-02 01:19:16.331902,2019-12-02 01:43:27.987628,2019-12-02 01:44:17.987628,2019-12-02 02:02:45.248678,Replace,5,45,42,0 days 00:00:50.000000000,0 days 00:15:26.331902000
2,2019-12-02 02:07:00.000000,2019-12-02 02:07:55.000000,2019-12-02 02:25:18.343637,2019-12-02 02:26:13.343637,2019-12-02 02:53:35.563516,2019-12-02 02:54:30.563516,2019-12-02 03:11:56.102819,Replace,5,45,42,0 days 00:00:55.000000000,0 days 00:18:18.343637000
3,2019-12-02 03:20:00.000000,2019-12-02 03:20:55.000000,2019-12-02 03:31:58.605262,2019-12-02 03:32:53.605262,2019-12-02 04:12:09.555248,2019-12-02 04:13:04.555248,2019-12-02 04:29:00.850243,Replace,5,45,42,0 days 00:00:55.000000000,0 days 00:11:58.605262000
4,2019-12-02 04:42:00.000000,2019-12-02 04:42:35.000000,2019-12-02 05:01:12.151021,2019-12-02 05:01:47.151021,2019-12-02 05:31:30.354453,2019-12-02 05:32:05.354453,2019-12-02 05:49:49.054450,Replace,5,45,42,0 days 00:00:35.000000000,0 days 00:19:12.151021000
5,2019-12-02 05:40:00.000000,2019-12-02 05:40:45.000000,2019-12-02 05:51:38.177463,2019-12-02 05:52:23.177463,2019-12-02 06:26:03.218622,2019-12-02 06:26:48.218622,2019-12-02 06:41:14.883702,Replace,5,45,42,0 days 00:00:45.000000000,0 days 00:11:38.177463000
6,2019-12-02 06:50:00.000000,2019-12-02 06:50:45.000000,2019-12-02 07:08:44.907157,2019-12-02 07:09:29.907157,2019-12-02 07:46:47.224416,2019-12-02 07:47:32.224416,2019-12-02 08:01:50.381006,Replace,5,45,42,0 days 00:00:45.000000000,0 days 00:18:44.907157000
7,2019-12-02 07:38:00.000000,2019-12-02 07:38:30.000000,2019-12-02 07:53:36.898132,2019-12-02 07:53:42.616963,,,,Onsite,5,45,42,0 days 00:00:30.000000000,0 days 00:15:12.616963000
8,2019-12-02 08:46:00.000000,2019-12-02 08:46:25.000000,2019-12-02 08:58:14.678040,2019-12-02 08:58:39.678040,2019-12-02 09:55:45.955981,2019-12-02 09:56:10.955981,2019-12-02 10:13:26.000035,Replace,5,45,42,0 days 00:00:25.000000000,0 days 00:12:14.678040000
9,2019-12-02 10:08:00.000000,2019-12-02 10:08:55.000000,2019-12-02 10:24:28.519971,2019-12-02 10:24:53.052013,,,,Onsite,5,45,42,0 days 00:00:55.000000000,0 days 00:15:58.052013000
10,2019-12-02 11:21:00.000000,2019-12-02 11:21:30.000000,2019-12-02 11:35:14.988777,2019-12-02 11:35:44.988777,2019-12-02 12:04:19.776359,2019-12-02 12:04:49.776359,2019-12-02 12:17:49.642696,Replace,5,45,42,0 days 00:00:30.000000000,0 days 00:14:14.988777000
11,2019-12-02 12:33:00.000000,2019-12-02 12:33:30.000000,2019-12-02 12:44:48.765956,2019-12-02 12:45:05.093405,,,,Onsite,5,45,42,0 days 00:00:30.000000000,0 days 00:11:35.093405000
12,2019-12-02 13:47:00.000000,2019-12-02 13:47:55.000000,2019-12-02 14:00:15.743755,2019-12-02 14:01:10.743755,2019-12-02 14:26:43.624596,2019-12-02 14:27:38.624596,2019-12-02 14:42:14.252071,Replace,5,45,42,0 days 00:00:55.000000000,0 days 00:13:15.743755000
13,2019-12-02 14:35:00.000000,2019-12-02 14:35:55.000000,2019-12-02 14:51:57.901012,2019-12-02 14:52:52.901012,2019-12-02 15:29:38.902961,2019-12-02 15:30:33.902961,2019-12-02 15:52:10.264634,Replace,5,45,42,0 days 00:00:55.000000000,0 days 00:16:57.901012000
14,2019-12-02 15:58:00.000000,2019-12-02 15:58:45.000000,2019-12-02 16:11:49.101745,2019-12-02 16:12:05.742834,,,,Onsite,5,45,42,0 days 00:00:45.000000000,0 days 00:13:20.742834000
15,2019-12-02 17:13:00.000000,2019-12-02 17:13:55.000000,2019-12-02 17:28:51.848201,2019-12-02 17:29:03.976589,,,,Onsite,5,45,42,0 days 00:00:55.000000000,0 days 00:15:08.976589000
16,2019-12-02 18:13:00.000000,2019-12-02 18:13:35.000000,2019-12-02 18:27:41.611811,2019-12-02 18:27:53.065068,,,,Onsite,5,45,42,0 days 00:00:35.000000000,0 days 00:14:18.065068000
17,2019-12-02 19:17:00.000000,2019-12-02 19:17:55.000000,2019-12-02 19:37:11.333073,2019-12-02 19:38:06.333073,2019-12-02 20:18:04.939934,2019-12-02 20:18:59.939934,2019-12-02 20:35:07.551220,Replace,5,45,42,0 days 00:00:55.000000000,0 days 00:20:11.333073000
18,2019-12-02 20:16:00.000000,2019-12-02 20:16:55.000000,2019-12-02 20:32:03.120144,2019-12-02 20:32:58.120144,2019-12-02 21:08:11.938980,2019-12-02 21:09:06.938980,2019-12-02 21:26:49.808379,Replace,5,45,42,0 days 00:00:55.000000000,0 days 00:16:03.120144000
19,2019-12-02 21:30:00.000000,2019-12-02 21:30:30.000000,2019-12-02 21:47:29.841043,2019-12-02 21:47:59.841043,2019-12-02 22:42:26.767292,2019-12-02 22:42:56.767292,2019-12-02 22:59:28.230067,Replace,5,45,42,0 days 00:00:30.000000000,0 days 00:17:29.841043000
20,2019-12-02 22:35:00.000000,2019-12-02 22:35:45.000000,2019-12-02 22:52:08.719704,2019-12-02 22:52:20.334100,,,,Onsite,5,45,42,0 days 00:00:45.000000000,0 days 00:16:35.334100000
0,2019-12-02 01:27:00.000000,2019-12-02 00:00:55.000000,2019-12-02 00:17:49.496496,2019-12-02 00:18:44.496496,2019-12-02 01:03:58.949014,2019-12-02 01:04:53.949014,2019-12-02 01:26:25.620880,Replace,6,45,42,-1 days +22:33:55.000000000,0 days 00:17:49.496496000
1,2019-12-02 01:13:00.000000,2019-12-02 01:13:25.000000,2019-12-02 01:27:15.853872,2019-12-02 01:27:40.853872,2019-12-02 02:09:05.169014,2019-12-02 02:09:30.169014,2019-12-02 02:23:01.596644,Replace,6,45,42,0 days 00:00:25.000000000,0 days 00:14:15.853872000
2,2019-12-02 02:29:00.000000,2019-12-02 02:29:45.000000,2019-12-02 02:45:54.737834,2019-12-02 02:46:39.737834,2019-12-02 03:23:52.153559,2019-12-02 03:24:37.153559,2019-12-02 03:39:12.123622,Replace,6,45,42,0 days 00:00:45.000000000,0 days 00:16:54.737834000
3,2019-12-02 03:53:00.000000,2019-12-02 03:53:25.000000,2019-12-02 04:03:39.322976,2019-12-02 04:03:53.699304,,,,Onsite,6,45,42,0 days 00:00:25.000000000,0 days 00:10:28.699304000
4,2019-12-02 05:04:00.000000,2019-12-02 05:04:45.000000,2019-12-02 05:24:58.075945,2019-12-02 05:25:43.075945,2019-12-02 06:09:04.633108,2019-12-02 06:09:49.633108,2019-12-02 06:21:03.551626,Replace,6,45,42,0 days 00:00:45.000000000,0 days 00:20:58.075945000
5,2019-12-02 05:57:00.000000,2019-12-02 05:57:50.000000,2019-12-02 06:10:46.354373,2019-12-02 06:11:36.354373,2019-12-02 06:48:09.460534,2019-12-02 06:48:59.460534,2019-12-02 07:05:54.556018,Replace,6,45,42,0 days 00:00:50.000000000,0 days 00:13:46.354373000
6,2019-12-02 06:45:00.000000,2019-12-02 06:45:45.000000,2019-12-02 07:02:54.541201,2019-12-02 07:03:08.579110,,,,Onsite,6,45,42,0 days 00:00:45.000000000,0 days 00:17:23.579110000
7,2019-12-02 07:50:00.000000,2019-12-02 07:50:45.000000,2019-12-02 08:03:20.540920,2019-12-02 08:03:50.313777,,,,Onsite,6,45,42,0 days 00:00:45.000000000,0 days 00:13:05.313777000
8,2019-12-02 08:51:00.000000,2019-12-02 08:51:35.000000,2019-12-02 09:08:22.376784,2019-12-02 09:08:57.376784,2019-12-02 09:35:02.456939,2019-12-02 09:35:37.456939,2019-12-02 09:51:31.944892,Replace,6,45,42,0 days 00:00:35.000000000,0 days 00:17:22.376784000
9,2019-12-02 09:54:00.000000,2019-12-02 09:54:25.000000,2019-12-02 10:10:57.451282,2019-12-02 10:11:22.451282,2019-12-02 10:44:35.699332,2019-12-02 10:45:00.699332,2019-12-02 11:05:26.134306,Replace,6,45,42,0 days 00:00:25.000000000,0 days 00:16:57.451282000
10,2019-12-02 11:07:00.000000,2019-12-02 11:07:45.000000,2019-12-02 11:27:43.012403,2019-12-02 11:28:28.012403,2019-12-02 12:18:24.693265,2019-12-02 12:19:09.693265,2019-12-02 12:38:51.503685,Replace,6,45,42,0 days 00:00:45.000000000,0 days 00:20:43.012403000
11,2019-12-02 12:29:00.000000,2019-12-02 12:29:45.000000,2019-12-02 12:47:52.673620,2019-12-02 12:48:37.673620,2019-12-02 13:30:04.490682,2019-12-02 13:30:49.490682,2019-12-02 13:46:58.136386,Replace,6,45,42,0 days 00:00:45.000000000,0 days 00:18:52.673620000
12,2019-12-02 13:39:00.000000,2019-12-02 13:39:55.000000,2019-12-02 13:58:24.695199,2019-12-02 13:58:38.166334,,,,Onsite,6,45,42,0 days 00:00:55.000000000,0 days 00:18:43.166334000
13,2019-12-02 15:01:00.000000,2019-12-02 15:01:30.000000,2019-12-02 15:17:56.662990,2019-12-02 15:18:19.521185,,,,Onsite,6,45,42,0 days 00:00:30.000000000,0 days 00:16:49.521185000
14,2019-12-02 15:49:00.000000,2019-12-02 15:49:45.000000,2019-12-02 16:05:50.977909,2019-12-02 16:06:00.783207,,,,Onsite,6,45,42,0 days 00:00:45.000000000,0 days 00:16:15.783207000
15,2019-12-02 16:57:00.000000,2019-12-02 16:57:25.000000,2019-12-02 17:11:31.893509,2019-12-02 17:11:56.893509,2019-12-02 17:50:27.429114,2019-12-02 17:50:52.429114,2019-12-02 18:03:26.050647,Replace,6,45,42,0 days 00:00:25.000000000,0 days 00:14:31.893509000
16,2019-12-02 17:59:00.000000,2019-12-02 17:59:45.000000,2019-12-02 18:17:02.688507,2019-12-02 18:17:47.688507,2019-12-02 18:43:52.893330,2019-12-02 18:44:37.893330,2019-12-02 18:59:52.120577,Replace,6,45,42,0 days 00:00:45.000000000,0 days 00:18:02.688507000
17,2019-12-02 19:12:00.000000,2019-12-02 19:12:30.000000,2019-12-02 19:30:13.281913,2019-12-02 19:30:24.251494,,,,Onsite,6,45,42,0 days 00:00:30.000000000,0 days 00:17:54.251494000
18,2019-12-02 20:26:00.000000,2019-12-02 20:26:45.000000,2019-12-02 20:43:19.265236,2019-12-02 20:44:04.265236,2019-12-02 21:29:15.572158,2019-12-02 21:30:00.572158,2019-12-02 21:42:38.562634,Replace,6,45,42,0 days 00:00:45.000000000,0 days 00:17:19.265236000
0,2019-12-02 00:58:00.000000,2019-12-02 00:00:45.000000,2019-12-02 00:20:48.565983,2019-12-02 00:21:33.565983,2019-12-02 00:52:19.793192,2019-12-02 00:53:04.793192,2019-12-02 01:11:11.553114,Replace,7,45,42,-1 days +23:02:45.000000000,0 days 00:20:48.565983000
1,2019-12-02 01:16:00.000000,2019-12-02 01:16:35.000000,2019-12-02 01:33:07.769872,2019-12-02 01:33:42.769872,2019-12-02 02:08:47.156679,2019-12-02 02:09:22.156679,2019-12-02 02:22:13.685967,Replace,7,45,42,0 days 00:00:35.000000000,0 days 00:17:07.769872000
2,2019-12-02 02:20:00.000000,2019-12-02 02:20:50.000000,2019-12-02 02:34:03.517704,2019-12-02 02:34:53.517704,2019-12-02 03:03:10.481808,2019-12-02 03:04:00.481808,2019-12-02 03:16:15.156222,Replace,7,45,42,0 days 00:00:50.000000000,0 days 00:14:03.517704000
3,2019-12-02 03:36:00.000000,2019-12-02 03:36:55.000000,2019-12-02 03:50:42.263825,2019-12-02 03:50:53.800262,,,,Onsite,7,45,42,0 days 00:00:55.000000000,0 days 00:13:58.800262000
4,2019-12-02 04:41:00.000000,2019-12-02 04:41:55.000000,2019-12-02 04:57:31.852427,2019-12-02 04:58:26.852427,2019-12-02 05:48:14.644775,2019-12-02 05:49:09.644775,2019-12-02 06:05:35.525804,Replace,7,45,42,0 days 00:00:55.000000000,0 days 00:16:31.852427000
5,2019-12-02 05:43:00.000000,2019-12-02 05:43:55.000000,2019-12-02 05:54:44.576142,2019-12-02 05:55:39.576142,2019-12-02 06:39:55.440098,2019-12-02 06:40:50.440098,2019-12-02 06:51:56.559640,Replace,7,45,42,0 days 00:00:55.000000000,0 days 00:11:44.576142000
6,2019-12-02 06:55:00.000000,2019-12-02 06:55:55.000000,2019-12-02 07:13:09.072643,2019-12-02 07:14:04.072643,2019-12-02 07:40:10.695603,2019-12-02 07:41:05.695603,2019-12-02 07:59:24.573163,Replace,7,45,42,0 days 00:00:55.000000000,0 days 00:18:09.072643000
7,2019-12-02 08:16:00.000000,2019-12-02 08:16:55.000000,2019-12-02 08:40:15.376218,2019-12-02 08:41:10.376218,2019-12-02 09:10:53.794878,2019-12-02 09:11:48.794878,2019-12-02 09:29:23.273355,Replace,7,45,42,0 days 00:00:55.000000000,0 days 00:24:15.376218000
8,2019-12-02 09:15:00.000000,2019-12-02 09:15:25.000000,2019-12-02 09:34:11.599997,2019-12-02 09:34:29.591675,,,,Onsite,7,45,42,0 days 00:00:25.000000000,0 days 00:19:04.591675000
9,2019-12-02 10:27:00.000000,2019-12-02 10:27:30.000000,2019-12-02 10:44:23.954385,2019-12-02 10:44:39.711982,,,,Onsite,7,45,42,0 days 00:00:30.000000000,0 days 00:17:09.711982000
10,2019-12-02 11:36:00.000000,2019-12-02 11:36:45.000000,2019-12-02 11:48:16.711878,2019-12-02 11:49:01.711878,2019-12-02 12:22:05.219288,2019-12-02 12:22:50.219288,2019-12-02 12:40:06.826262,Replace,7,45,42,0 days 00:00:45.000000000,0 days 00:12:16.711878000
11,2019-12-02 12:39:00.000000,2019-12-02 12:39:45.000000,2019-12-02 13:02:09.460651,2019-12-02 13:02:18.459955,,,,Onsite,7,45,42,0 days 00:00:45.000000000,0 days 00:22:33.459955000
12,2019-12-02 13:52:00.000000,2019-12-02 13:52:45.000000,2019-12-02 14:03:05.265655,2019-12-02 14:03:27.969474,,,,Onsite,7,45,42,0 days 00:00:45.000000000,0 days 00:10:42.969474000
13,2019-12-02 15:04:00.000000,2019-12-02 15:04:55.000000,2019-12-02 15:14:54.791508,2019-12-02 15:15:49.791508,2019-12-02 16:12:47.421122,2019-12-02 16:13:42.421122,2019-12-02 16:25:53.137477,Replace,7,45,42,0 days 00:00:55.000000000,0 days 00:10:54.791508000
14,2019-12-02 16:20:00.000000,2019-12-02 16:20:50.000000,2019-12-02 16:36:01.539865,2019-12-02 16:36:09.828557,,,,Onsite,7,45,42,0 days 00:00:50.000000000,0 days 00:15:19.828557000
15,2019-12-02 18:47:00.000000,2019-12-02 18:47:35.000000,2019-12-02 19:04:26.892597,2019-12-02 19:04:49.825842,,,,Onsite,7,45,42,0 days 00:00:35.000000000,0 days 00:17:14.825842000
16,2019-12-02 17:32:00.000000,2019-12-02 17:32:45.000000,2019-12-02 17:54:46.566018,2019-12-02 17:55:31.566018,2019-12-02 18:46:17.529303,2019-12-02 18:47:02.529303,2019-12-02 19:01:00.226571,Replace,7,45,42,0 days 00:00:45.000000000,0 days 00:22:46.566018000
17,2019-12-02 20:02:00.000000,2019-12-02 20:02:30.000000,2019-12-02 20:18:53.559661,2019-12-02 20:19:12.125397,,,,Onsite,7,45,42,0 days 00:00:30.000000000,0 days 00:16:42.125397000
18,2019-12-02 20:54:00.000000,2019-12-02 20:54:45.000000,2019-12-02 21:16:22.672575,2019-12-02 21:17:07.672575,2019-12-02 21:48:04.162302,2019-12-02 21:48:49.162302,2019-12-02 22:03:23.025737,Replace,7,45,42,0 days 00:00:45.000000000,0 days 00:22:22.672575000
0,2019-12-02 01:11:00.000000,2019-12-02 00:00:55.000000,2019-12-02 00:15:49.940322,2019-12-02 00:16:44.940322,2019-12-02 00:53:04.441636,2019-12-02 00:53:59.441636,2019-12-02 01:12:53.421395,Replace,8,45,42,-1 days +22:49:55.000000000,0 days 00:15:49.940322000
1,2019-12-02 00:57:00.000000,2019-12-02 00:57:55.000000,2019-12-02 01:14:10.735622,2019-12-02 01:14:23.905539,,,,Onsite,8,45,42,0 days 00:00:55.000000000,0 days 00:16:28.905539000
2,2019-12-02 02:00:00.000000,2019-12-02 02:00:30.000000,2019-12-02 02:20:26.502355,2019-12-02 02:20:56.502355,2019-12-02 02:48:46.670372,2019-12-02 02:49:16.670372,2019-12-02 03:06:01.915949,Replace,8,45,42,0 days 00:00:30.000000000,0 days 00:20:26.502355000
3,2019-12-02 03:11:00.000000,2019-12-02 03:11:45.000000,2019-12-02 03:31:17.110885,2019-12-02 03:32:02.110885,2019-12-02 04:10:25.896088,2019-12-02 04:11:10.896088,2019-12-02 04:27:12.762288,Replace,8,45,42,0 days 00:00:45.000000000,0 days 00:20:17.110885000
4,2019-12-02 04:15:00.000000,2019-12-02 04:15:45.000000,2019-12-02 04:31:22.900248,2019-12-02 04:31:42.653836,,,,Onsite,8,45,42,0 days 00:00:45.000000000,0 days 00:15:57.653836000
5,2019-12-02 05:10:00.000000,2019-12-02 05:10:50.000000,2019-12-02 05:27:42.785373,2019-12-02 05:28:32.785373,2019-12-02 05:57:24.712041,2019-12-02 05:58:14.712041,2019-12-02 06:18:27.444855,Replace,8,45,42,0 days 00:00:50.000000000,0 days 00:17:42.785373000
6,2019-12-02 06:15:00.000000,2019-12-02 06:15:50.000000,2019-12-02 06:35:06.335057,2019-12-02 06:35:19.402939,,,,Onsite,8,45,42,0 days 00:00:50.000000000,0 days 00:19:29.402939000
7,2019-12-02 07:15:00.000000,2019-12-02 07:15:35.000000,2019-12-02 07:29:11.488424,2019-12-02 07:29:30.049337,,,,Onsite,8,45,42,0 days 00:00:35.000000000,0 days 00:13:55.049337000
8,2019-12-02 08:17:00.000000,2019-12-02 08:17:55.000000,2019-12-02 08:33:41.509067,2019-12-02 08:34:36.509067,2019-12-02 08:59:24.635955,2019-12-02 09:00:19.635955,2019-12-02 09:17:26.406113,Replace,8,45,42,0 days 00:00:55.000000000,0 days 00:16:41.509067000
9,2019-12-02 09:35:00.000000,2019-12-02 09:35:35.000000,2019-12-02 09:48:14.075409,2019-12-02 09:48:49.075409,2019-12-02 10:29:54.390002,2019-12-02 10:30:29.390002,2019-12-02 10:51:13.833478,Replace,8,45,42,0 days 00:00:35.000000000,0 days 00:13:14.075409000
10,2019-12-02 10:51:00.000000,2019-12-02 10:51:55.000000,2019-12-02 11:08:44.806467,2019-12-02 11:09:39.806467,2019-12-02 12:01:58.711843,2019-12-02 12:02:53.711843,2019-12-02 12:19:47.938497,Replace,8,45,42,0 days 00:00:55.000000000,0 days 00:17:44.806467000
11,2019-12-02 11:57:00.000000,2019-12-02 11:57:35.000000,2019-12-02 12:14:47.008460,2019-12-02 12:15:22.008460,2019-12-02 12:54:56.124147,2019-12-02 12:55:31.124147,2019-12-02 13:12:14.295597,Replace,8,45,42,0 days 00:00:35.000000000,0 days 00:17:47.008460000
12,2019-12-02 13:17:00.000000,2019-12-02 13:17:45.000000,2019-12-02 13:34:58.124040,2019-12-02 13:35:07.341229,,,,Onsite,8,45,42,0 days 00:00:45.000000000,0 days 00:17:22.341229000
13,2019-12-02 14:21:00.000000,2019-12-02 14:21:35.000000,2019-12-02 14:38:20.204960,2019-12-02 14:38:38.326175,,,,Onsite,8,45,42,0 days 00:00:35.000000000,0 days 00:17:03.326175000
14,2019-12-02 15:22:00.000000,2019-12-02 15:22:45.000000,2019-12-02 15:42:57.502794,2019-12-02 15:43:02.662461,,,,Onsite,8,45,42,0 days 00:00:45.000000000,0 days 00:20:17.662461000
15,2019-12-02 16:27:00.000000,2019-12-02 16:27:45.000000,2019-12-02 16:52:02.195540,2019-12-02 16:52:10.390025,,,,Onsite,8,45,42,0 days 00:00:45.000000000,0 days 00:24:25.390025000
16,2019-12-02 17:34:00.000000,2019-12-02 17:34:45.000000,2019-12-02 17:49:56.696124,2019-12-02 17:50:41.696124,2019-12-02 18:22:02.951497,2019-12-02 18:22:47.951497,2019-12-02 18:39:21.030036,Replace,8,45,42,0 days 00:00:45.000000000,0 days 00:15:56.696124000
17,2019-12-02 18:37:00.000000,2019-12-02 18:37:35.000000,2019-12-02 18:55:46.220701,2019-12-02 18:56:21.220701,2019-12-02 19:39:10.905974,2019-12-02 19:39:45.905974,2019-12-02 19:58:47.231159,Replace,8,45,42,0 days 00:00:35.000000000,0 days 00:18:46.220701000
18,2019-12-02 19:47:00.000000,2019-12-02 19:47:35.000000,2019-12-02 20:05:54.867602,2019-12-02 20:06:29.867602,2019-12-02 20:44:52.037243,2019-12-02 20:45:27.037243,2019-12-02 21:05:21.178413,Replace,8,45,42,0 days 00:00:35.000000000,0 days 00:18:54.867602000
19,2019-12-02 20:55:00.000000,2019-12-02 20:55:55.000000,2019-12-02 21:13:32.065390,2019-12-02 21:14:27.065390,2019-12-02 21:56:34.920073,2019-12-02 21:57:29.920073,2019-12-02 22:14:13.600701,Replace,8,45,42,0 days 00:00:55.000000000,0 days 00:18:32.065390000
20,2019-12-02 22:15:00.000000,2019-12-02 22:15:35.000000,2019-12-02 22:30:16.070623,2019-12-02 22:30:43.057583,,,,Onsite,8,45,42,0 days 00:00:35.000000000,0 days 00:15:08.057583000
0,2019-12-02 01:11:00.000000,2019-12-02 00:00:45.000000,2019-12-02 00:21:51.584942,2019-12-02 00:22:36.584942,2019-12-02 00:57:12.258583,2019-12-02 00:57:57.258583,2019-12-02 01:11:17.950803,Replace,9,45,42,-1 days +22:49:45.000000000,0 days 00:21:51.584942000
1,2019-12-02 01:13:00.000000,2019-12-02 01:13:50.000000,2019-12-02 01:27:59.618980,2019-12-02 01:28:49.618980,2019-12-02 01:58:10.055216,2019-12-02 01:59:00.055216,2019-12-02 02:18:03.846444,Replace,9,45,42,0 days 00:00:50.000000000,0 days 00:14:59.618980000
2,2019-12-02 02:08:00.000000,2019-12-02 02:08:25.000000,2019-12-02 02:22:37.438524,2019-12-02 02:23:02.438524,2019-12-02 02:47:36.201419,2019-12-02 02:48:01.201419,2019-12-02 03:03:59.952917,Replace,9,45,42,0 days 00:00:25.000000000,0 days 00:14:37.438524000
3,2019-12-02 02:52:00.000000,2019-12-02 02:52:30.000000,2019-12-02 03:02:29.498457,2019-12-02 03:02:59.498457,2019-12-02 03:30:30.001744,2019-12-02 03:31:00.001744,2019-12-02 03:52:16.013828,Replace,9,45,42,0 days 00:00:30.000000000,0 days 00:10:29.498457000
4,2019-12-02 04:01:00.000000,2019-12-02 04:01:25.000000,2019-12-02 04:15:06.078416,2019-12-02 04:15:31.078416,2019-12-02 04:50:17.891027,2019-12-02 04:50:42.891027,2019-12-02 05:10:35.658239,Replace,9,45,42,0 days 00:00:25.000000000,0 days 00:14:06.078416000
5,2019-12-02 05:19:00.000000,2019-12-02 05:19:30.000000,2019-12-02 05:36:08.736359,2019-12-02 05:36:38.736359,2019-12-02 06:08:33.831940,2019-12-02 06:09:03.831940,2019-12-02 06:24:01.215860,Replace,9,45,42,0 days 00:00:30.000000000,0 days 00:17:08.736359000
6,2019-12-02 06:32:00.000000,2019-12-02 06:32:45.000000,2019-12-02 06:48:22.347509,2019-12-02 06:49:07.347509,2019-12-02 07:28:29.059522,2019-12-02 07:29:14.059522,2019-12-02 07:45:51.873748,Replace,9,45,42,0 days 00:00:45.000000000,0 days 00:16:22.347509000
7,2019-12-02 07:45:00.000000,2019-12-02 07:45:35.000000,2019-12-02 07:55:31.192449,2019-12-02 07:56:06.192449,2019-12-02 08:30:02.902439,2019-12-02 08:30:37.902439,2019-12-02 08:46:14.597251,Replace,9,45,42,0 days 00:00:35.000000000,0 days 00:10:31.192449000
8,2019-12-02 08:41:00.000000,2019-12-02 08:41:45.000000,2019-12-02 08:58:56.198810,2019-12-02 08:59:41.198810,2019-12-02 09:22:41.300964,2019-12-02 09:23:26.300964,2019-12-02 09:45:04.704334,Replace,9,45,42,0 days 00:00:45.000000000,0 days 00:17:56.198810000
9,2019-12-02 09:51:00.000000,2019-12-02 09:51:45.000000,2019-12-02 10:08:36.677282,2019-12-02 10:08:56.681627,,,,Onsite,9,45,42,0 days 00:00:45.000000000,0 days 00:17:11.681627000
10,2019-12-02 11:07:00.000000,2019-12-02 11:07:45.000000,2019-12-02 11:19:47.551145,2019-12-02 11:20:07.321408,,,,Onsite,9,45,42,0 days 00:00:45.000000000,0 days 00:12:22.321408000
11,2019-12-02 12:01:00.000000,2019-12-02 12:01:55.000000,2019-12-02 12:19:33.732776,2019-12-02 12:20:28.732776,2019-12-02 12:52:18.698168,2019-12-02 12:53:13.698168,2019-12-02 13:11:43.706002,Replace,9,45,42,0 days 00:00:55.000000000,0 days 00:18:33.732776000
12,2019-12-02 13:16:00.000000,2019-12-02 13:16:25.000000,2019-12-02 13:31:49.740776,2019-12-02 13:32:14.740776,2019-12-02 14:18:59.381730,2019-12-02 14:19:24.381730,2019-12-02 14:35:43.206152,Replace,9,45,42,0 days 00:00:25.000000000,0 days 00:15:49.740776000
13,2019-12-02 14:22:00.000000,2019-12-02 14:22:30.000000,2019-12-02 14:37:42.296087,2019-12-02 14:38:12.296087,2019-12-02 15:07:56.490929,2019-12-02 15:08:26.490929,2019-12-02 15:30:32.075274,Replace,9,45,42,0 days 00:00:30.000000000,0 days 00:15:42.296087000
14,2019-12-02 15:28:00.000000,2019-12-02 15:28:50.000000,2019-12-02 15:46:57.774603,2019-12-02 15:47:47.774603,2019-12-02 16:37:20.443598,2019-12-02 16:38:10.443598,2019-12-02 16:57:46.010932,Replace,9,45,42,0 days 00:00:50.000000000,0 days 00:18:57.774603000
15,2019-12-02 16:28:00.000000,2019-12-02 16:28:45.000000,2019-12-02 16:40:00.069655,2019-12-02 16:40:27.087110,,,,Onsite,9,45,42,0 days 00:00:45.000000000,0 days 00:11:42.087110000
16,2019-12-02 17:38:00.000000,2019-12-02 17:38:25.000000,2019-12-02 17:54:25.454564,2019-12-02 17:54:32.968560,,,,Onsite,9,45,42,0 days 00:00:25.000000000,0 days 00:16:07.968560000
17,2019-12-02 18:44:00.000000,2019-12-02 18:44:45.000000,2019-12-02 19:01:43.529788,2019-12-02 19:02:02.501483,,,,Onsite,9,45,42,0 days 00:00:45.000000000,0 days 00:17:17.501483000
18,2019-12-02 20:06:00.000000,2019-12-02 20:06:25.000000,2019-12-02 20:19:40.964662,2019-12-02 20:20:05.964662,2019-12-02 20:50:51.623889,2019-12-02 20:51:16.623889,2019-12-02 21:06:22.473434,Replace,9,45,42,0 days 00:00:25.000000000,0 days 00:13:40.964662000
19,2019-12-02 21:16:00.000000,2019-12-02 21:16:45.000000,2019-12-02 21:30:58.393381,2019-12-02 21:31:43.393381,2019-12-02 21:54:15.263378,2019-12-02 21:55:00.263378,2019-12-02 22:16:13.957394,Replace,9,45,42,0 days 00:00:45.000000000,0 days 00:14:58.393381000
20,2019-12-02 22:33:00.000000,2019-12-02 22:33:55.000000,2019-12-02 22:55:56.670161,2019-12-02 22:56:07.684449,,,,Onsite,9,45,42,0 days 00:00:55.000000000,0 days 00:22:12.684449000
0,2019-12-02 01:08:00.000000,2019-12-02 00:00:35.000000,2019-12-02 00:20:18.404200,2019-12-02 00:20:33.384069,,,,Onsite,1,45,43,-1 days +22:52:35.000000000,0 days 00:19:58.384069000
1,2019-12-02 01:06:00.000000,2019-12-02 01:06:50.000000,2019-12-02 01:22:36.500492,2019-12-02 01:22:49.757529,,,,Onsite,1,45,43,0 days 00:00:50.000000000,0 days 00:15:59.757529000
2,2019-12-02 02:11:00.000000,2019-12-02 02:11:35.000000,2019-12-02 02:23:24.314864,2019-12-02 02:23:36.319155,,,,Onsite,1,45,43,0 days 00:00:35.000000000,0 days 00:12:01.319155000
3,2019-12-02 03:15:00.000000,2019-12-02 03:15:50.000000,2019-12-02 03:34:03.281404,2019-12-02 03:34:53.281404,2019-12-02 04:02:51.599140,2019-12-02 04:03:41.599140,2019-12-02 04:19:58.161536,Replace,1,45,43,0 days 00:00:50.000000000,0 days 00:19:03.281404000
4,2019-12-02 04:18:00.000000,2019-12-02 04:18:45.000000,2019-12-02 04:36:48.034933,2019-12-02 04:37:33.034933,2019-12-02 05:11:05.325404,2019-12-02 05:11:50.325404,2019-12-02 05:30:51.926392,Replace,1,45,43,0 days 00:00:45.000000000,0 days 00:18:48.034933000
5,2019-12-02 05:14:00.000000,2019-12-02 05:14:45.000000,2019-12-02 05:34:35.488017,2019-12-02 05:35:01.348604,,,,Onsite,1,45,43,0 days 00:00:45.000000000,0 days 00:20:16.348604000
6,2019-12-02 06:13:00.000000,2019-12-02 06:13:45.000000,2019-12-02 06:28:39.461448,2019-12-02 06:28:43.949951,,,,Onsite,1,45,43,0 days 00:00:45.000000000,0 days 00:14:58.949951000
7,2019-12-02 07:21:00.000000,2019-12-02 07:21:30.000000,2019-12-02 07:40:11.642894,2019-12-02 07:40:41.642894,2019-12-02 08:17:01.759315,2019-12-02 08:17:31.759315,2019-12-02 08:35:00.148201,Replace,1,45,43,0 days 00:00:30.000000000,0 days 00:19:11.642894000
8,2019-12-02 08:33:00.000000,2019-12-02 08:33:35.000000,2019-12-02 08:52:27.760872,2019-12-02 08:52:35.403208,,,,Onsite,1,45,43,0 days 00:00:35.000000000,0 days 00:19:00.403208000
9,2019-12-02 09:41:00.000000,2019-12-02 09:41:55.000000,2019-12-02 09:58:16.804292,2019-12-02 09:58:31.545883,,,,Onsite,1,45,43,0 days 00:00:55.000000000,0 days 00:16:36.545883000
10,2019-12-02 10:41:00.000000,2019-12-02 10:41:30.000000,2019-12-02 10:58:57.529128,2019-12-02 10:59:27.529128,2019-12-02 11:32:06.278082,2019-12-02 11:32:36.278082,2019-12-02 11:52:42.042069,Replace,1,45,43,0 days 00:00:30.000000000,0 days 00:17:57.529128000
11,2019-12-02 12:47:00.000000,2019-12-02 12:47:35.000000,2019-12-02 13:06:21.046430,2019-12-02 13:06:56.046430,2019-12-02 13:36:31.911768,2019-12-02 13:37:06.911768,2019-12-02 13:57:40.428502,Replace,1,45,43,0 days 00:00:35.000000000,0 days 00:19:21.046430000
12,2019-12-02 11:49:00.000000,2019-12-02 11:49:25.000000,2019-12-02 12:06:10.853190,2019-12-02 12:06:35.853190,2019-12-02 12:46:49.019724,2019-12-02 12:47:14.019724,2019-12-02 13:02:48.700433,Replace,1,45,43,0 days 00:00:25.000000000,0 days 00:17:10.853190000
13,2019-12-02 14:10:00.000000,2019-12-02 14:10:35.000000,2019-12-02 14:26:17.978699,2019-12-02 14:26:52.978699,2019-12-02 14:51:09.201226,2019-12-02 14:51:44.201226,2019-12-02 15:08:28.359683,Replace,1,45,43,0 days 00:00:35.000000000,0 days 00:16:17.978699000
14,2019-12-02 15:14:00.000000,2019-12-02 15:14:45.000000,2019-12-02 15:32:25.552559,2019-12-02 15:33:10.552559,2019-12-02 16:12:06.821156,2019-12-02 16:12:51.821156,2019-12-02 16:36:16.091779,Replace,1,45,43,0 days 00:00:45.000000000,0 days 00:18:25.552559000
15,2019-12-02 16:26:00.000000,2019-12-02 16:26:45.000000,2019-12-02 16:40:16.803806,2019-12-02 16:40:38.822693,,,,Onsite,1,45,43,0 days 00:00:45.000000000,0 days 00:13:53.822693000
16,2019-12-02 17:32:00.000000,2019-12-02 17:32:35.000000,2019-12-02 17:45:19.551667,2019-12-02 17:45:54.551667,2019-12-02 18:32:15.497745,2019-12-02 18:32:50.497745,2019-12-02 18:48:07.287256,Replace,1,45,43,0 days 00:00:35.000000000,0 days 00:13:19.551667000
17,2019-12-02 18:38:00.000000,2019-12-02 18:38:55.000000,2019-12-02 18:55:56.872189,2019-12-02 18:56:11.009191,,,,Onsite,1,45,43,0 days 00:00:55.000000000,0 days 00:17:16.009191000
18,2019-12-02 20:50:00.000000,2019-12-02 20:50:35.000000,2019-12-02 21:01:55.096683,2019-12-02 21:02:30.096683,2019-12-02 21:37:33.186446,2019-12-02 21:38:08.186446,2019-12-02 21:52:43.080126,Replace,1,45,43,0 days 00:00:35.000000000,0 days 00:11:55.096683000
19,2019-12-02 19:43:00.000000,2019-12-02 19:43:45.000000,2019-12-02 20:03:08.973621,2019-12-02 20:03:53.973621,2019-12-02 20:35:54.671304,2019-12-02 20:36:39.671304,2019-12-02 20:50:19.962739,Replace,1,45,43,0 days 00:00:45.000000000,0 days 00:20:08.973621000
0,2019-12-02 01:09:00.000000,2019-12-02 00:00:30.000000,2019-12-02 00:16:15.063995,2019-12-02 00:16:45.063995,2019-12-02 00:54:54.469790,2019-12-02 00:55:24.469790,2019-12-02 01:12:18.598664,Replace,2,45,43,-1 days +22:51:30.000000000,0 days 00:16:15.063995000
1,2019-12-02 01:20:00.000000,2019-12-02 01:20:45.000000,2019-12-02 01:38:24.702931,2019-12-02 01:39:09.702931,2019-12-02 02:10:40.208940,2019-12-02 02:11:25.208940,2019-12-02 02:28:35.766354,Replace,2,45,43,0 days 00:00:45.000000000,0 days 00:18:24.702931000
2,2019-12-02 02:36:00.000000,2019-12-02 02:36:55.000000,2019-12-02 02:55:13.836916,2019-12-02 02:56:08.836916,2019-12-02 03:38:39.362998,2019-12-02 03:39:34.362998,2019-12-02 03:57:15.894053,Replace,2,45,43,0 days 00:00:55.000000000,0 days 00:19:13.836916000
3,2019-12-02 03:44:00.000000,2019-12-02 03:44:35.000000,2019-12-02 03:56:47.157215,2019-12-02 03:57:22.157215,2019-12-02 04:34:05.261420,2019-12-02 04:34:40.261420,2019-12-02 04:50:47.788171,Replace,2,45,43,0 days 00:00:35.000000000,0 days 00:12:47.157215000
4,2019-12-02 04:55:00.000000,2019-12-02 04:55:30.000000,2019-12-02 05:12:09.134487,2019-12-02 05:12:39.134487,2019-12-02 05:42:58.835710,2019-12-02 05:43:28.835710,2019-12-02 05:56:28.879539,Replace,2,45,43,0 days 00:00:30.000000000,0 days 00:17:09.134487000
5,2019-12-02 05:52:00.000000,2019-12-02 05:52:30.000000,2019-12-02 06:13:26.095904,2019-12-02 06:13:56.095904,2019-12-02 06:52:06.224558,2019-12-02 06:52:36.224558,2019-12-02 07:12:01.692550,Replace,2,45,43,0 days 00:00:30.000000000,0 days 00:21:26.095904000
6,2019-12-02 07:04:00.000000,2019-12-02 07:04:35.000000,2019-12-02 07:20:02.400616,2019-12-02 07:20:21.152876,,,,Onsite,2,45,43,0 days 00:00:35.000000000,0 days 00:15:46.152876000
7,2019-12-02 07:59:00.000000,2019-12-02 07:59:35.000000,2019-12-02 08:11:43.646308,2019-12-02 08:11:54.560007,,,,Onsite,2,45,43,0 days 00:00:35.000000000,0 days 00:12:19.560007000
8,2019-12-02 09:07:00.000000,2019-12-02 09:07:45.000000,2019-12-02 09:23:03.749411,2019-12-02 09:23:48.749411,2019-12-02 10:01:10.442338,2019-12-02 10:01:55.442338,2019-12-02 10:17:57.280861,Replace,2,45,43,0 days 00:00:45.000000000,0 days 00:16:03.749411000
9,2019-12-02 10:09:00.000000,2019-12-02 10:09:50.000000,2019-12-02 10:25:44.258784,2019-12-02 10:26:34.258784,2019-12-02 11:16:24.316659,2019-12-02 11:17:14.316659,2019-12-02 11:40:49.319217,Replace,2,45,43,0 days 00:00:50.000000000,0 days 00:16:44.258784000
10,2019-12-02 11:23:00.000000,2019-12-02 11:23:45.000000,2019-12-02 11:45:49.627863,2019-12-02 11:46:00.680183,,,,Onsite,2,45,43,0 days 00:00:45.000000000,0 days 00:22:15.680183000
11,2019-12-02 12:26:00.000000,2019-12-02 12:26:55.000000,2019-12-02 12:41:17.399481,2019-12-02 12:42:12.399481,2019-12-02 13:19:03.480559,2019-12-02 13:19:58.480559,2019-12-02 13:36:33.730944,Replace,2,45,43,0 days 00:00:55.000000000,0 days 00:15:17.399481000
12,2019-12-02 13:40:00.000000,2019-12-02 13:40:45.000000,2019-12-02 13:53:39.436543,2019-12-02 13:54:24.436543,2019-12-02 14:23:43.012961,2019-12-02 14:24:28.012961,2019-12-02 14:43:26.302868,Replace,2,45,43,0 days 00:00:45.000000000,0 days 00:13:39.436543000
13,2019-12-02 14:45:00.000000,2019-12-02 14:45:45.000000,2019-12-02 15:03:44.116696,2019-12-02 15:04:29.116696,2019-12-02 15:37:41.819464,2019-12-02 15:38:26.819464,2019-12-02 15:52:01.263132,Replace,2,45,43,0 days 00:00:45.000000000,0 days 00:18:44.116696000
14,2019-12-02 16:01:00.000000,2019-12-02 16:01:25.000000,2019-12-02 16:16:03.823587,2019-12-02 16:16:28.823587,2019-12-02 16:38:41.578735,2019-12-02 16:39:06.578735,2019-12-02 16:57:40.566999,Replace,2,45,43,0 days 00:00:25.000000000,0 days 00:15:03.823587000
15,2019-12-02 17:04:00.000000,2019-12-02 17:04:35.000000,2019-12-02 17:20:10.365811,2019-12-02 17:20:20.730376,,,,Onsite,2,45,43,0 days 00:00:35.000000000,0 days 00:15:45.730376000
16,2019-12-02 18:23:00.000000,2019-12-02 18:23:35.000000,2019-12-02 18:39:40.317988,2019-12-02 18:40:15.317988,2019-12-02 19:19:00.560988,2019-12-02 19:19:35.560988,2019-12-02 19:31:54.311641,Replace,2,45,43,0 days 00:00:35.000000000,0 days 00:16:40.317988000
17,2019-12-02 19:30:00.000000,2019-12-02 19:30:45.000000,2019-12-02 19:44:15.098686,2019-12-02 19:44:26.174953,,,,Onsite,2,45,43,0 days 00:00:45.000000000,0 days 00:13:41.174953000
18,2019-12-02 20:51:00.000000,2019-12-02 20:51:50.000000,2019-12-02 21:08:31.009823,2019-12-02 21:09:21.009823,2019-12-02 21:44:21.371614,2019-12-02 21:45:11.371614,2019-12-02 21:56:02.747127,Replace,2,45,43,0 days 00:00:50.000000000,0 days 00:17:31.009823000
19,2019-12-02 22:06:00.000000,2019-12-02 22:06:35.000000,2019-12-02 22:22:11.871592,2019-12-02 22:22:29.972671,,,,Onsite,2,45,43,0 days 00:00:35.000000000,0 days 00:15:54.972671000
0,2019-12-02 01:01:00.000000,2019-12-02 00:00:50.000000,2019-12-02 00:14:07.760565,2019-12-02 00:14:57.760565,2019-12-02 00:49:46.488311,2019-12-02 00:50:36.488311,2019-12-02 01:03:40.011398,Replace,3,45,43,-1 days +22:59:50.000000000,0 days 00:14:07.760565000
1,2019-12-02 01:12:00.000000,2019-12-02 01:12:45.000000,2019-12-02 01:34:57.435628,2019-12-02 01:35:18.652608,,,,Onsite,3,45,43,0 days 00:00:45.000000000,0 days 00:22:33.652608000
2,2019-12-02 02:21:00.000000,2019-12-02 02:21:55.000000,2019-12-02 02:37:07.770407,2019-12-02 02:38:02.770407,2019-12-02 03:08:01.344634,2019-12-02 03:08:56.344634,2019-12-02 03:28:26.282708,Replace,3,45,43,0 days 00:00:55.000000000,0 days 00:16:07.770407000
3,2019-12-02 03:44:00.000000,2019-12-02 03:44:45.000000,2019-12-02 03:55:31.277004,2019-12-02 03:56:16.277004,2019-12-02 04:36:11.723748,2019-12-02 04:36:56.723748,2019-12-02 04:53:45.254169,Replace,3,45,43,0 days 00:00:45.000000000,0 days 00:11:31.277004000
4,2019-12-02 04:58:00.000000,2019-12-02 04:58:35.000000,2019-12-02 05:13:42.869002,2019-12-02 05:14:03.795674,,,,Onsite,3,45,43,0 days 00:00:35.000000000,0 days 00:15:28.795674000
5,2019-12-02 06:19:00.000000,2019-12-02 06:19:35.000000,2019-12-02 06:36:19.469655,2019-12-02 06:36:54.469655,2019-12-02 07:04:40.370533,2019-12-02 07:05:15.370533,2019-12-02 07:16:52.592950,Replace,3,45,43,0 days 00:00:35.000000000,0 days 00:17:19.469655000
6,2019-12-02 07:11:00.000000,2019-12-02 07:11:30.000000,2019-12-02 07:30:20.790581,2019-12-02 07:30:32.605384,,,,Onsite,3,45,43,0 days 00:00:30.000000000,0 days 00:19:02.605384000
7,2019-12-02 08:13:00.000000,2019-12-02 08:13:50.000000,2019-12-02 08:29:32.336766,2019-12-02 08:29:54.285034,,,,Onsite,3,45,43,0 days 00:00:50.000000000,0 days 00:16:04.285034000
8,2019-12-02 09:25:00.000000,2019-12-02 09:25:50.000000,2019-12-02 09:39:21.249121,2019-12-02 09:40:11.249121,2019-12-02 10:27:41.712689,2019-12-02 10:28:31.712689,2019-12-02 10:43:02.808311,Replace,3,45,43,0 days 00:00:50.000000000,0 days 00:14:21.249121000
9,2019-12-02 10:38:00.000000,2019-12-02 10:38:45.000000,2019-12-02 10:54:14.309269,2019-12-02 10:54:59.309269,2019-12-02 11:22:23.789882,2019-12-02 11:23:08.789882,2019-12-02 11:42:04.225115,Replace,3,45,43,0 days 00:00:45.000000000,0 days 00:16:14.309269000
10,2019-12-02 11:39:00.000000,2019-12-02 11:39:35.000000,2019-12-02 11:55:43.862234,2019-12-02 11:56:04.332216,,,,Onsite,3,45,43,0 days 00:00:35.000000000,0 days 00:16:29.332216000
11,2019-12-02 12:39:00.000000,2019-12-02 12:39:45.000000,2019-12-02 12:51:59.946941,2019-12-02 12:52:44.946941,2019-12-02 13:32:41.086279,2019-12-02 13:33:26.086279,2019-12-02 13:47:43.494633,Replace,3,45,43,0 days 00:00:45.000000000,0 days 00:12:59.946941000
12,2019-12-02 13:57:00.000000,2019-12-02 13:57:50.000000,2019-12-02 14:10:53.866375,2019-12-02 14:11:43.866375,2019-12-02 14:51:03.732455,2019-12-02 14:51:53.732455,2019-12-02 15:06:06.821569,Replace,3,45,43,0 days 00:00:50.000000000,0 days 00:13:53.866375000
13,2019-12-02 15:05:00.000000,2019-12-02 15:05:45.000000,2019-12-02 15:20:52.089317,2019-12-02 15:21:37.089317,2019-12-02 16:04:14.117283,2019-12-02 16:04:59.117283,2019-12-02 16:28:00.560766,Replace,3,45,43,0 days 00:00:45.000000000,0 days 00:15:52.089317000
14,2019-12-02 16:15:00.000000,2019-12-02 16:15:50.000000,2019-12-02 16:29:17.514923,2019-12-02 16:30:07.514923,2019-12-02 17:05:27.007937,2019-12-02 17:06:17.007937,2019-12-02 17:23:38.062662,Replace,3,45,43,0 days 00:00:50.000000000,0 days 00:14:17.514923000
15,2019-12-02 17:36:00.000000,2019-12-02 17:36:50.000000,2019-12-02 17:53:25.587804,2019-12-02 17:53:39.148889,,,,Onsite,3,45,43,0 days 00:00:50.000000000,0 days 00:16:49.148889000
16,2019-12-02 18:50:00.000000,2019-12-02 18:50:55.000000,2019-12-02 19:09:29.396582,2019-12-02 19:10:24.396582,2019-12-02 20:10:02.532898,2019-12-02 20:10:57.532898,2019-12-02 20:25:32.287042,Replace,3,45,43,0 days 00:00:55.000000000,0 days 00:19:29.396582000
17,2019-12-02 20:13:00.000000,2019-12-02 20:13:45.000000,2019-12-02 20:27:01.754738,2019-12-02 20:27:46.754738,2019-12-02 21:11:58.035750,2019-12-02 21:12:43.035750,2019-12-02 21:29:10.370937,Replace,3,45,43,0 days 00:00:45.000000000,0 days 00:14:01.754738000
18,2019-12-02 21:35:00.000000,2019-12-02 21:35:55.000000,2019-12-02 21:51:27.248393,2019-12-02 21:51:31.311135,,,,Onsite,3,45,43,0 days 00:00:55.000000000,0 days 00:15:36.311135000
0,2019-12-02 01:07:00.000000,2019-12-02 00:00:35.000000,2019-12-02 00:17:27.865027,2019-12-02 00:17:53.882559,,,,Onsite,4,45,43,-1 days +22:53:35.000000000,0 days 00:17:18.882559000
1,2019-12-02 01:15:00.000000,2019-12-02 01:15:25.000000,2019-12-02 01:30:43.786632,2019-12-02 01:30:54.726150,,,,Onsite,4,45,43,0 days 00:00:25.000000000,0 days 00:15:29.726150000
2,2019-12-02 02:20:00.000000,2019-12-02 02:20:45.000000,2019-12-02 02:39:39.628703,2019-12-02 02:39:53.468557,,,,Onsite,4,45,43,0 days 00:00:45.000000000,0 days 00:19:08.468557000
3,2019-12-02 03:31:00.000000,2019-12-02 03:31:45.000000,2019-12-02 03:49:12.653353,2019-12-02 03:49:57.653353,2019-12-02 04:32:25.622476,2019-12-02 04:33:10.622476,2019-12-02 04:49:31.710678,Replace,4,45,43,0 days 00:00:45.000000000,0 days 00:18:12.653353000
4,2019-12-02 04:31:00.000000,2019-12-02 04:31:35.000000,2019-12-02 04:50:25.304141,2019-12-02 04:51:00.304141,2019-12-02 05:23:39.499919,2019-12-02 05:24:14.499919,2019-12-02 05:44:21.460107,Replace,4,45,43,0 days 00:00:35.000000000,0 days 00:19:25.304141000
5,2019-12-02 05:39:00.000000,2019-12-02 05:39:30.000000,2019-12-02 05:54:40.501640,2019-12-02 05:54:51.806193,,,,Onsite,4,45,43,0 days 00:00:30.000000000,0 days 00:15:21.806193000
6,2019-12-02 06:36:00.000000,2019-12-02 06:36:45.000000,2019-12-02 06:50:31.387723,2019-12-02 06:50:45.223733,,,,Onsite,4,45,43,0 days 00:00:45.000000000,0 days 00:14:00.223733000
7,2019-12-02 07:44:00.000000,2019-12-02 07:44:35.000000,2019-12-02 08:00:43.318208,2019-12-02 08:00:53.963674,,,,Onsite,4,45,43,0 days 00:00:35.000000000,0 days 00:16:18.963674000
8,2019-12-02 09:02:00.000000,2019-12-02 09:02:45.000000,2019-12-02 09:19:19.665516,2019-12-02 09:20:04.665516,2019-12-02 09:59:34.724254,2019-12-02 10:00:19.724254,2019-12-02 10:22:43.904487,Replace,4,45,43,0 days 00:00:45.000000000,0 days 00:17:19.665516000
9,2019-12-02 10:06:00.000000,2019-12-02 10:06:55.000000,2019-12-02 10:23:51.150434,2019-12-02 10:24:46.150434,2019-12-02 10:55:33.647513,2019-12-02 10:56:28.647513,2019-12-02 11:11:43.397345,Replace,4,45,43,0 days 00:00:55.000000000,0 days 00:17:51.150434000
10,2019-12-02 11:09:00.000000,2019-12-02 11:09:50.000000,2019-12-02 11:27:34.922196,2019-12-02 11:28:24.922196,2019-12-02 12:08:10.316689,2019-12-02 12:09:00.316689,2019-12-02 12:31:15.548353,Replace,4,45,43,0 days 00:00:50.000000000,0 days 00:18:34.922196000
11,2019-12-02 12:20:00.000000,2019-12-02 12:20:35.000000,2019-12-02 12:35:34.079793,2019-12-02 12:36:09.079793,2019-12-02 13:01:53.614375,2019-12-02 13:02:28.614375,2019-12-02 13:20:45.342245,Replace,4,45,43,0 days 00:00:35.000000000,0 days 00:15:34.079793000
12,2019-12-02 13:33:00.000000,2019-12-02 13:33:35.000000,2019-12-02 13:51:16.190250,2019-12-02 13:51:51.190250,2019-12-02 14:28:58.469708,2019-12-02 14:29:33.469708,2019-12-02 14:46:07.044565,Replace,4,45,43,0 days 00:00:35.000000000,0 days 00:18:16.190250000
13,2019-12-02 14:55:00.000000,2019-12-02 14:55:25.000000,2019-12-02 15:11:42.645896,2019-12-02 15:12:07.645896,2019-12-02 15:48:07.805456,2019-12-02 15:48:32.805456,2019-12-02 16:04:05.871708,Replace,4,45,43,0 days 00:00:25.000000000,0 days 00:16:42.645896000
14,2019-12-02 16:00:00.000000,2019-12-02 16:00:45.000000,2019-12-02 16:18:04.328345,2019-12-02 16:18:49.328345,2019-12-02 16:53:13.732962,2019-12-02 16:53:58.732962,2019-12-02 17:15:36.192871,Replace,4,45,43,0 days 00:00:45.000000000,0 days 00:18:04.328345000
15,2019-12-02 17:13:00.000000,2019-12-02 17:13:50.000000,2019-12-02 17:34:11.625436,2019-12-02 17:34:21.855436,,,,Onsite,4,45,43,0 days 00:00:50.000000000,0 days 00:20:31.855436000
16,2019-12-02 18:28:00.000000,2019-12-02 18:28:30.000000,2019-12-02 18:46:22.605469,2019-12-02 18:46:29.202422,,,,Onsite,4,45,43,0 days 00:00:30.000000000,0 days 00:17:59.202422000
17,2019-12-02 19:36:00.000000,2019-12-02 19:36:45.000000,2019-12-02 19:47:45.438511,2019-12-02 19:48:04.008364,,,,Onsite,4,45,43,0 days 00:00:45.000000000,0 days 00:11:19.008364000
18,2019-12-02 20:37:00.000000,2019-12-02 20:37:45.000000,2019-12-02 20:53:25.726616,2019-12-02 20:53:32.662615,,,,Onsite,4,45,43,0 days 00:00:45.000000000,0 days 00:15:47.662615000
0,2019-12-02 01:06:00.000000,2019-12-02 00:00:45.000000,2019-12-02 00:18:47.638041,2019-12-02 00:19:10.916533,,,,Onsite,5,45,43,-1 days +22:54:45.000000000,0 days 00:18:25.916533000
1,2019-12-02 01:08:00.000000,2019-12-02 01:08:45.000000,2019-12-02 01:26:55.615880,2019-12-02 01:27:40.615880,2019-12-02 02:10:42.542749,2019-12-02 02:11:27.542749,2019-12-02 02:35:09.793131,Replace,5,45,43,0 days 00:00:45.000000000,0 days 00:18:55.615880000
2,2019-12-02 02:21:00.000000,2019-12-02 02:21:25.000000,2019-12-02 02:38:46.305024,2019-12-02 02:39:03.365620,,,,Onsite,5,45,43,0 days 00:00:25.000000000,0 days 00:17:38.365620000
3,2019-12-02 03:27:00.000000,2019-12-02 03:27:55.000000,2019-12-02 03:43:47.895244,2019-12-02 03:44:05.754632,,,,Onsite,5,45,43,0 days 00:00:55.000000000,0 days 00:16:10.754632000
4,2019-12-02 04:46:00.000000,2019-12-02 04:46:30.000000,2019-12-02 05:05:47.695739,2019-12-02 05:06:17.695739,2019-12-02 05:51:48.386269,2019-12-02 05:52:18.386269,2019-12-02 06:15:40.988303,Replace,5,45,43,0 days 00:00:30.000000000,0 days 00:19:47.695739000
5,2019-12-02 05:48:00.000000,2019-12-02 05:48:25.000000,2019-12-02 06:02:37.851643,2019-12-02 06:02:58.084542,,,,Onsite,5,45,43,0 days 00:00:25.000000000,0 days 00:14:33.084542000
6,2019-12-02 06:50:00.000000,2019-12-02 06:50:35.000000,2019-12-02 07:02:05.850300,2019-12-02 07:02:19.824605,,,,Onsite,5,45,43,0 days 00:00:35.000000000,0 days 00:11:44.824605000
7,2019-12-02 07:40:00.000000,2019-12-02 07:40:45.000000,2019-12-02 07:52:12.275105,2019-12-02 07:52:57.275105,2019-12-02 08:39:20.858744,2019-12-02 08:40:05.858744,2019-12-02 08:53:42.217769,Replace,5,45,43,0 days 00:00:45.000000000,0 days 00:12:12.275105000
8,2019-12-02 08:43:00.000000,2019-12-02 08:43:30.000000,2019-12-02 08:59:43.551316,2019-12-02 09:00:12.640560,,,,Onsite,5,45,43,0 days 00:00:30.000000000,0 days 00:16:42.640560000
9,2019-12-02 09:53:00.000000,2019-12-02 09:53:35.000000,2019-12-02 10:09:23.666842,2019-12-02 10:09:49.288892,,,,Onsite,5,45,43,0 days 00:00:35.000000000,0 days 00:16:14.288892000
10,2019-12-02 10:53:00.000000,2019-12-02 10:53:25.000000,2019-12-02 11:09:12.886019,2019-12-02 11:09:34.629361,,,,Onsite,5,45,43,0 days 00:00:25.000000000,0 days 00:16:09.629361000
11,2019-12-02 11:47:00.000000,2019-12-02 11:47:45.000000,2019-12-02 12:04:48.937649,2019-12-02 12:05:33.937649,2019-12-02 12:54:15.020898,2019-12-02 12:55:00.020898,2019-12-02 13:12:29.948403,Replace,5,45,43,0 days 00:00:45.000000000,0 days 00:17:48.937649000
12,2019-12-02 12:41:00.000000,2019-12-02 12:41:45.000000,2019-12-02 12:58:48.584430,2019-12-02 12:59:33.584430,2019-12-02 13:23:51.316710,2019-12-02 13:24:36.316710,2019-12-02 13:44:06.103773,Replace,5,45,43,0 days 00:00:45.000000000,0 days 00:17:48.584430000
13,2019-12-02 13:55:00.000000,2019-12-02 13:55:55.000000,2019-12-02 14:15:15.505126,2019-12-02 14:16:10.505126,2019-12-02 14:43:13.576527,2019-12-02 14:44:08.576527,2019-12-02 15:03:07.171948,Replace,5,45,43,0 days 00:00:55.000000000,0 days 00:20:15.505126000
14,2019-12-02 14:58:00.000000,2019-12-02 14:58:35.000000,2019-12-02 15:10:42.087885,2019-12-02 15:11:17.087885,2019-12-02 15:47:10.232335,2019-12-02 15:47:45.232335,2019-12-02 16:01:45.499807,Replace,5,45,43,0 days 00:00:35.000000000,0 days 00:12:42.087885000
15,2019-12-02 15:58:00.000000,2019-12-02 15:58:35.000000,2019-12-02 16:18:31.797902,2019-12-02 16:18:37.036668,,,,Onsite,5,45,43,0 days 00:00:35.000000000,0 days 00:20:02.036668000
16,2019-12-02 17:03:00.000000,2019-12-02 17:03:35.000000,2019-12-02 17:17:23.561109,2019-12-02 17:17:58.561109,2019-12-02 17:45:01.128944,2019-12-02 17:45:36.128944,2019-12-02 18:06:05.030221,Replace,5,45,43,0 days 00:00:35.000000000,0 days 00:14:23.561109000
17,2019-12-02 18:33:00.000000,2019-12-02 18:33:35.000000,2019-12-02 18:45:16.774202,2019-12-02 18:45:51.774202,2019-12-02 19:21:54.062499,2019-12-02 19:22:29.062499,2019-12-02 19:34:41.250174,Replace,5,45,43,0 days 00:00:35.000000000,0 days 00:12:16.774202000
18,2019-12-02 19:49:00.000000,2019-12-02 19:49:45.000000,2019-12-02 20:00:13.808501,2019-12-02 20:00:18.139072,,,,Onsite,5,45,43,0 days 00:00:45.000000000,0 days 00:10:33.139072000
19,2019-12-02 20:54:00.000000,2019-12-02 20:54:35.000000,2019-12-02 21:12:10.360694,2019-12-02 21:12:45.360694,2019-12-02 22:02:14.151095,2019-12-02 22:02:49.151095,2019-12-02 22:13:34.071997,Replace,5,45,43,0 days 00:00:35.000000000,0 days 00:18:10.360694000
20,2019-12-02 21:55:00.000000,2019-12-02 21:55:35.000000,2019-12-02 22:10:56.205693,2019-12-02 22:11:31.205693,2019-12-02 22:36:38.718175,2019-12-02 22:37:13.718175,2019-12-02 22:52:52.557010,Replace,5,45,43,0 days 00:00:35.000000000,0 days 00:15:56.205693000
0,2019-12-02 01:19:00.000000,2019-12-02 00:00:30.000000,2019-12-02 00:18:15.563597,2019-12-02 00:18:39.365857,,,,Onsite,6,45,43,-1 days +22:41:30.000000000,0 days 00:18:09.365857000
1,2019-12-02 00:58:00.000000,2019-12-02 00:58:25.000000,2019-12-02 01:12:00.349866,2019-12-02 01:12:16.823064,,,,Onsite,6,45,43,0 days 00:00:25.000000000,0 days 00:13:51.823064000
2,2019-12-02 02:03:00.000000,2019-12-02 02:03:55.000000,2019-12-02 02:20:38.832498,2019-12-02 02:20:56.837781,,,,Onsite,6,45,43,0 days 00:00:55.000000000,0 days 00:17:01.837781000
3,2019-12-02 03:17:00.000000,2019-12-02 03:17:30.000000,2019-12-02 03:33:14.294319,2019-12-02 03:33:44.294319,2019-12-02 04:14:58.511591,2019-12-02 04:15:28.511591,2019-12-02 04:36:00.933540,Replace,6,45,43,0 days 00:00:30.000000000,0 days 00:16:14.294319000
4,2019-12-02 04:26:00.000000,2019-12-02 04:26:45.000000,2019-12-02 04:48:22.379248,2019-12-02 04:48:32.213590,,,,Onsite,6,45,43,0 days 00:00:45.000000000,0 days 00:21:47.213590000
5,2019-12-02 05:42:00.000000,2019-12-02 05:42:55.000000,2019-12-02 06:00:19.199052,2019-12-02 06:01:14.199052,2019-12-02 06:33:33.224633,2019-12-02 06:34:28.224633,2019-12-02 06:46:41.478865,Replace,6,45,43,0 days 00:00:55.000000000,0 days 00:18:19.199052000
6,2019-12-02 07:01:00.000000,2019-12-02 07:01:55.000000,2019-12-02 07:17:49.219167,2019-12-02 07:18:06.649880,,,,Onsite,6,45,43,0 days 00:00:55.000000000,0 days 00:16:11.649880000
7,2019-12-02 07:59:00.000000,2019-12-02 07:59:50.000000,2019-12-02 08:13:50.934744,2019-12-02 08:14:40.934744,2019-12-02 09:08:00.595237,2019-12-02 09:08:50.595237,2019-12-02 09:25:10.743321,Replace,6,45,43,0 days 00:00:50.000000000,0 days 00:14:50.934744000
8,2019-12-02 09:17:00.000000,2019-12-02 09:17:35.000000,2019-12-02 09:36:37.911547,2019-12-02 09:37:12.911547,2019-12-02 10:26:43.915361,2019-12-02 10:27:18.915361,2019-12-02 10:40:44.592532,Replace,6,45,43,0 days 00:00:35.000000000,0 days 00:19:37.911547000
9,2019-12-02 10:24:00.000000,2019-12-02 10:24:25.000000,2019-12-02 10:38:02.693589,2019-12-02 10:38:27.693589,2019-12-02 11:04:26.472677,2019-12-02 11:04:51.472677,2019-12-02 11:17:40.790064,Replace,6,45,43,0 days 00:00:25.000000000,0 days 00:14:02.693589000
10,2019-12-02 11:42:00.000000,2019-12-02 11:42:50.000000,2019-12-02 11:57:03.791467,2019-12-02 11:57:09.420212,,,,Onsite,6,45,43,0 days 00:00:50.000000000,0 days 00:14:19.420212000
11,2019-12-02 12:31:00.000000,2019-12-02 12:31:30.000000,2019-12-02 12:48:25.275532,2019-12-02 12:48:55.275532,2019-12-02 13:23:02.870526,2019-12-02 13:23:32.870526,2019-12-02 13:42:02.028167,Replace,6,45,43,0 days 00:00:30.000000000,0 days 00:17:25.275532000
12,2019-12-02 13:38:00.000000,2019-12-02 13:38:45.000000,2019-12-02 13:51:11.666836,2019-12-02 13:51:56.666836,2019-12-02 14:28:38.644710,2019-12-02 14:29:23.644710,2019-12-02 14:44:45.303367,Replace,6,45,43,0 days 00:00:45.000000000,0 days 00:13:11.666836000
13,2019-12-02 15:33:00.000000,2019-12-02 15:33:25.000000,2019-12-02 15:48:38.875067,2019-12-02 15:49:03.875067,2019-12-02 16:18:31.109484,2019-12-02 16:18:56.109484,2019-12-02 16:36:46.720621,Replace,6,45,43,0 days 00:00:25.000000000,0 days 00:15:38.875067000
14,2019-12-02 14:29:00.000000,2019-12-02 14:29:45.000000,2019-12-02 14:48:56.847100,2019-12-02 14:49:41.847100,2019-12-02 15:41:01.350235,2019-12-02 15:41:46.350235,2019-12-02 16:00:24.898425,Replace,6,45,43,0 days 00:00:45.000000000,0 days 00:19:56.847100000
15,2019-12-02 16:46:00.000000,2019-12-02 16:46:45.000000,2019-12-02 17:03:08.632604,2019-12-02 17:03:16.238052,,,,Onsite,6,45,43,0 days 00:00:45.000000000,0 days 00:16:31.238052000
16,2019-12-02 18:00:00.000000,2019-12-02 18:00:45.000000,2019-12-02 18:15:41.035103,2019-12-02 18:16:26.035103,2019-12-02 18:54:10.085202,2019-12-02 18:54:55.085202,2019-12-02 19:11:20.511706,Replace,6,45,43,0 days 00:00:45.000000000,0 days 00:15:41.035103000
17,2019-12-02 19:20:00.000000,2019-12-02 19:20:50.000000,2019-12-02 19:35:08.154471,2019-12-02 19:35:58.154471,2019-12-02 20:25:55.648328,2019-12-02 20:26:45.648328,2019-12-02 20:37:47.572531,Replace,6,45,43,0 days 00:00:50.000000000,0 days 00:15:08.154471000
18,2019-12-02 20:22:00.000000,2019-12-02 20:22:55.000000,2019-12-02 20:44:07.645519,2019-12-02 20:45:02.645519,2019-12-02 21:21:16.498034,2019-12-02 21:22:11.498034,2019-12-02 21:35:01.665208,Replace,6,45,43,0 days 00:00:55.000000000,0 days 00:22:07.645519000
0,2019-12-02 01:24:00.000000,2019-12-02 00:00:45.000000,2019-12-02 00:14:42.143572,2019-12-02 00:15:27.143572,2019-12-02 00:45:28.351270,2019-12-02 00:46:13.351270,2019-12-02 01:00:53.669312,Replace,7,45,43,-1 days +22:36:45.000000000,0 days 00:14:42.143572000
1,2019-12-02 01:15:00.000000,2019-12-02 01:15:35.000000,2019-12-02 01:30:39.443474,2019-12-02 01:31:14.443474,2019-12-02 02:24:23.414540,2019-12-02 02:24:58.414540,2019-12-02 02:42:53.171854,Replace,7,45,43,0 days 00:00:35.000000000,0 days 00:15:39.443474000
2,2019-12-02 02:13:00.000000,2019-12-02 02:13:35.000000,2019-12-02 02:27:43.016171,2019-12-02 02:27:59.301949,,,,Onsite,7,45,43,0 days 00:00:35.000000000,0 days 00:14:24.301949000
3,2019-12-02 03:17:00.000000,2019-12-02 03:17:45.000000,2019-12-02 03:35:24.059296,2019-12-02 03:36:09.059296,2019-12-02 04:17:58.675779,2019-12-02 04:18:43.675779,2019-12-02 04:42:22.415250,Replace,7,45,43,0 days 00:00:45.000000000,0 days 00:18:24.059296000
4,2019-12-02 04:31:00.000000,2019-12-02 04:31:25.000000,2019-12-02 04:51:18.595838,2019-12-02 04:51:43.595838,2019-12-02 05:44:13.387179,2019-12-02 05:44:38.387179,2019-12-02 05:57:35.659150,Replace,7,45,43,0 days 00:00:25.000000000,0 days 00:20:18.595838000
5,2019-12-02 05:32:00.000000,2019-12-02 05:32:55.000000,2019-12-02 05:48:59.431576,2019-12-02 05:49:54.431576,2019-12-02 06:28:39.373936,2019-12-02 06:29:34.373936,2019-12-02 06:46:23.881350,Replace,7,45,43,0 days 00:00:55.000000000,0 days 00:16:59.431576000
6,2019-12-02 06:39:00.000000,2019-12-02 06:39:35.000000,2019-12-02 07:02:46.016218,2019-12-02 07:03:21.016218,2019-12-02 07:42:58.259372,2019-12-02 07:43:33.259372,2019-12-02 07:59:03.133568,Replace,7,45,43,0 days 00:00:35.000000000,0 days 00:23:46.016218000
7,2019-12-02 07:43:00.000000,2019-12-02 07:43:30.000000,2019-12-02 07:55:34.103748,2019-12-02 07:55:48.417825,,,,Onsite,7,45,43,0 days 00:00:30.000000000,0 days 00:12:18.417825000
8,2019-12-02 08:48:00.000000,2019-12-02 08:48:30.000000,2019-12-02 09:02:09.255260,2019-12-02 09:02:18.007086,,,,Onsite,7,45,43,0 days 00:00:30.000000000,0 days 00:13:48.007086000
9,2019-12-02 09:54:00.000000,2019-12-02 09:54:45.000000,2019-12-02 10:09:06.071706,2019-12-02 10:09:26.482727,,,,Onsite,7,45,43,0 days 00:00:45.000000000,0 days 00:14:41.482727000
10,2019-12-02 11:00:00.000000,2019-12-02 11:00:55.000000,2019-12-02 11:19:25.620265,2019-12-02 11:19:32.891628,,,,Onsite,7,45,43,0 days 00:00:55.000000000,0 days 00:18:37.891628000
11,2019-12-02 12:22:00.000000,2019-12-02 12:22:45.000000,2019-12-02 12:32:01.058594,2019-12-02 12:32:46.058594,2019-12-02 13:14:29.238730,2019-12-02 13:15:14.238730,2019-12-02 13:32:56.944868,Replace,7,45,43,0 days 00:00:45.000000000,0 days 00:10:01.058594000
12,2019-12-02 13:27:00.000000,2019-12-02 13:27:35.000000,2019-12-02 13:40:56.243468,2019-12-02 13:41:31.243468,2019-12-02 14:05:55.468025,2019-12-02 14:06:30.468025,2019-12-02 14:23:54.000229,Replace,7,45,43,0 days 00:00:35.000000000,0 days 00:13:56.243468000
13,2019-12-02 14:34:00.000000,2019-12-02 14:34:45.000000,2019-12-02 14:53:26.465594,2019-12-02 14:53:39.611011,,,,Onsite,7,45,43,0 days 00:00:45.000000000,0 days 00:18:54.611011000
14,2019-12-02 15:49:00.000000,2019-12-02 15:49:55.000000,2019-12-02 16:08:56.635262,2019-12-02 16:09:51.635262,2019-12-02 16:56:43.341770,2019-12-02 16:57:38.341770,2019-12-02 17:09:47.781977,Replace,7,45,43,0 days 00:00:55.000000000,0 days 00:19:56.635262000
15,2019-12-02 16:53:00.000000,2019-12-02 16:53:45.000000,2019-12-02 17:05:23.559677,2019-12-02 17:06:08.559677,2019-12-02 18:01:28.257152,2019-12-02 18:02:13.257152,2019-12-02 18:14:24.516043,Replace,7,45,43,0 days 00:00:45.000000000,0 days 00:12:23.559677000
16,2019-12-02 18:05:00.000000,2019-12-02 18:05:55.000000,2019-12-02 18:22:40.000547,2019-12-02 18:22:46.718341,,,,Onsite,7,45,43,0 days 00:00:55.000000000,0 days 00:16:51.718341000
17,2019-12-02 19:08:00.000000,2019-12-02 19:08:45.000000,2019-12-02 19:27:56.388553,2019-12-02 19:28:41.388553,2019-12-02 20:09:02.063311,2019-12-02 20:09:47.063311,2019-12-02 20:28:17.763995,Replace,7,45,43,0 days 00:00:45.000000000,0 days 00:19:56.388553000
18,2019-12-02 20:19:00.000000,2019-12-02 20:19:55.000000,2019-12-02 20:35:51.572527,2019-12-02 20:36:08.103007,,,,Onsite,7,45,43,0 days 00:00:55.000000000,0 days 00:16:13.103007000
19,2019-12-02 21:30:00.000000,2019-12-02 21:30:25.000000,2019-12-02 21:40:40.970431,2019-12-02 21:41:05.970431,2019-12-02 22:24:35.272726,2019-12-02 22:25:00.272726,2019-12-02 22:44:51.943134,Replace,7,45,43,0 days 00:00:25.000000000,0 days 00:10:40.970431000
20,2019-12-02 22:34:00.000000,2019-12-02 22:34:35.000000,2019-12-02 22:52:49.731805,2019-12-02 22:53:13.092760,,,,Onsite,7,45,43,0 days 00:00:35.000000000,0 days 00:18:38.092760000
0,2019-12-02 01:03:00.000000,2019-12-02 00:00:45.000000,2019-12-02 00:16:35.290826,2019-12-02 00:16:50.131141,,,,Onsite,8,45,43,-1 days +22:57:45.000000000,0 days 00:16:05.131141000
1,2019-12-02 01:23:00.000000,2019-12-02 01:23:35.000000,2019-12-02 01:41:10.229658,2019-12-02 01:41:45.229658,2019-12-02 02:09:24.940770,2019-12-02 02:09:59.940770,2019-12-02 02:26:31.508739,Replace,8,45,43,0 days 00:00:35.000000000,0 days 00:18:10.229658000
2,2019-12-02 02:31:00.000000,2019-12-02 02:31:45.000000,2019-12-02 02:52:26.111998,2019-12-02 02:53:11.111998,2019-12-02 03:31:33.639244,2019-12-02 03:32:18.639244,2019-12-02 03:49:05.330975,Replace,8,45,43,0 days 00:00:45.000000000,0 days 00:21:26.111998000
3,2019-12-02 03:40:00.000000,2019-12-02 03:40:25.000000,2019-12-02 03:54:00.998089,2019-12-02 03:54:25.998089,2019-12-02 04:32:52.690037,2019-12-02 04:33:17.690037,2019-12-02 04:51:54.894538,Replace,8,45,43,0 days 00:00:25.000000000,0 days 00:14:00.998089000
4,2019-12-02 04:56:00.000000,2019-12-02 04:56:30.000000,2019-12-02 05:14:55.339363,2019-12-02 05:15:07.194886,,,,Onsite,8,45,43,0 days 00:00:30.000000000,0 days 00:18:37.194886000
5,2019-12-02 07:10:00.000000,2019-12-02 07:10:45.000000,2019-12-02 07:25:54.100249,2019-12-02 07:26:11.515935,,,,Onsite,8,45,43,0 days 00:00:45.000000000,0 days 00:15:26.515935000
6,2019-12-02 06:06:00.000000,2019-12-02 06:06:50.000000,2019-12-02 06:22:34.985094,2019-12-02 06:23:24.985094,2019-12-02 07:09:13.754523,2019-12-02 07:10:03.754523,2019-12-02 07:24:21.055133,Replace,8,45,43,0 days 00:00:50.000000000,0 days 00:16:34.985094000
7,2019-12-02 08:09:00.000000,2019-12-02 08:09:45.000000,2019-12-02 08:24:01.514226,2019-12-02 08:24:46.514226,2019-12-02 08:55:57.211059,2019-12-02 08:56:42.211059,2019-12-02 09:14:09.497470,Replace,8,45,43,0 days 00:00:45.000000000,0 days 00:15:01.514226000
8,2019-12-02 09:04:00.000000,2019-12-02 09:04:45.000000,2019-12-02 09:25:08.784239,2019-12-02 09:25:53.784239,2019-12-02 09:57:16.867674,2019-12-02 09:58:01.867674,2019-12-02 10:14:39.008171,Replace,8,45,43,0 days 00:00:45.000000000,0 days 00:21:08.784239000
9,2019-12-02 10:29:00.000000,2019-12-02 10:29:50.000000,2019-12-02 10:47:58.253482,2019-12-02 10:48:48.253482,2019-12-02 11:19:16.514967,2019-12-02 11:20:06.514967,2019-12-02 11:40:50.339766,Replace,8,45,43,0 days 00:00:50.000000000,0 days 00:18:58.253482000
10,2019-12-02 11:44:00.000000,2019-12-02 11:44:50.000000,2019-12-02 12:02:01.232797,2019-12-02 12:02:51.232797,2019-12-02 12:35:01.253433,2019-12-02 12:35:51.253433,2019-12-02 12:56:55.475692,Replace,8,45,43,0 days 00:00:50.000000000,0 days 00:18:01.232797000
11,2019-12-02 12:45:00.000000,2019-12-02 12:45:35.000000,2019-12-02 12:56:37.356480,2019-12-02 12:56:49.742393,,,,Onsite,8,45,43,0 days 00:00:35.000000000,0 days 00:11:14.742393000
12,2019-12-02 13:47:00.000000,2019-12-02 13:47:30.000000,2019-12-02 14:06:17.579359,2019-12-02 14:06:38.417545,,,,Onsite,8,45,43,0 days 00:00:30.000000000,0 days 00:19:08.417545000
13,2019-12-02 15:00:00.000000,2019-12-02 15:00:45.000000,2019-12-02 15:16:47.989139,2019-12-02 15:17:32.989139,2019-12-02 15:56:13.965050,2019-12-02 15:56:58.965050,2019-12-02 16:11:06.404302,Replace,8,45,43,0 days 00:00:45.000000000,0 days 00:16:47.989139000
14,2019-12-02 16:14:00.000000,2019-12-02 16:14:45.000000,2019-12-02 16:28:39.750586,2019-12-02 16:29:24.750586,2019-12-02 17:01:25.495040,2019-12-02 17:02:10.495040,2019-12-02 17:20:30.303576,Replace,8,45,43,0 days 00:00:45.000000000,0 days 00:14:39.750586000
15,2019-12-02 17:13:00.000000,2019-12-02 17:13:35.000000,2019-12-02 17:25:16.934536,2019-12-02 17:25:36.047382,,,,Onsite,8,45,43,0 days 00:00:35.000000000,0 days 00:12:01.047382000
16,2019-12-02 18:29:00.000000,2019-12-02 18:29:50.000000,2019-12-02 18:45:18.079647,2019-12-02 18:46:08.079647,2019-12-02 19:12:37.026774,2019-12-02 19:13:27.026774,2019-12-02 19:31:37.019442,Replace,8,45,43,0 days 00:00:50.000000000,0 days 00:16:18.079647000
17,2019-12-02 19:40:00.000000,2019-12-02 19:40:25.000000,2019-12-02 19:55:25.112980,2019-12-02 19:55:50.112980,2019-12-02 20:18:51.045344,2019-12-02 20:19:16.045344,2019-12-02 20:36:03.815245,Replace,8,45,43,0 days 00:00:25.000000000,0 days 00:15:25.112980000
18,2019-12-02 21:04:00.000000,2019-12-02 21:04:30.000000,2019-12-02 21:21:40.085230,2019-12-02 21:22:10.085230,2019-12-02 21:52:26.653836,2019-12-02 21:52:56.653836,2019-12-02 22:08:39.439815,Replace,8,45,43,0 days 00:00:30.000000000,0 days 00:17:40.085230000
0,2019-12-02 01:21:00.000000,2019-12-02 00:00:55.000000,2019-12-02 00:13:47.492255,2019-12-02 00:14:42.492255,2019-12-02 00:53:59.608134,2019-12-02 00:54:54.608134,2019-12-02 01:15:16.032918,Replace,9,45,43,-1 days +22:39:55.000000000,0 days 00:13:47.492255000
1,2019-12-02 00:53:00.000000,2019-12-02 00:53:45.000000,2019-12-02 01:12:13.056231,2019-12-02 01:12:58.056231,2019-12-02 01:56:07.674729,2019-12-02 01:56:52.674729,2019-12-02 02:11:04.966100,Replace,9,45,43,0 days 00:00:45.000000000,0 days 00:19:13.056231000
2,2019-12-02 02:11:00.000000,2019-12-02 02:11:50.000000,2019-12-02 02:28:48.820635,2019-12-02 02:29:38.820635,2019-12-02 03:17:15.596035,2019-12-02 03:18:05.596035,2019-12-02 03:31:37.093032,Replace,9,45,43,0 days 00:00:50.000000000,0 days 00:17:48.820635000
3,2019-12-02 03:25:00.000000,2019-12-02 03:25:25.000000,2019-12-02 03:42:34.045423,2019-12-02 03:42:59.045423,2019-12-02 04:38:58.670989,2019-12-02 04:39:23.670989,2019-12-02 04:58:01.819493,Replace,9,45,43,0 days 00:00:25.000000000,0 days 00:17:34.045423000
4,2019-12-02 04:23:00.000000,2019-12-02 04:23:25.000000,2019-12-02 04:40:51.161684,2019-12-02 04:41:16.161684,2019-12-02 05:27:45.460983,2019-12-02 05:28:10.460983,2019-12-02 05:43:44.879510,Replace,9,45,43,0 days 00:00:25.000000000,0 days 00:17:51.161684000
5,2019-12-02 05:33:00.000000,2019-12-02 05:33:50.000000,2019-12-02 05:53:21.469837,2019-12-02 05:54:11.469837,2019-12-02 06:34:58.466100,2019-12-02 06:35:48.466100,2019-12-02 06:47:59.656649,Replace,9,45,43,0 days 00:00:50.000000000,0 days 00:20:21.469837000
6,2019-12-02 06:39:00.000000,2019-12-02 06:39:30.000000,2019-12-02 06:58:59.652557,2019-12-02 06:59:29.652557,2019-12-02 07:45:55.050155,2019-12-02 07:46:25.050155,2019-12-02 08:00:36.562443,Replace,9,45,43,0 days 00:00:30.000000000,0 days 00:19:59.652557000
7,2019-12-02 07:45:00.000000,2019-12-02 07:45:35.000000,2019-12-02 08:04:29.600683,2019-12-02 08:05:04.600683,2019-12-02 08:31:57.006044,2019-12-02 08:32:32.006044,2019-12-02 08:47:19.514913,Replace,9,45,43,0 days 00:00:35.000000000,0 days 00:19:29.600683000
8,2019-12-02 08:46:00.000000,2019-12-02 08:46:35.000000,2019-12-02 09:03:09.556862,2019-12-02 09:03:44.556862,2019-12-02 09:36:58.838237,2019-12-02 09:37:33.838237,2019-12-02 09:56:38.309438,Replace,9,45,43,0 days 00:00:35.000000000,0 days 00:17:09.556862000
9,2019-12-02 09:58:00.000000,2019-12-02 09:58:45.000000,2019-12-02 10:12:43.000301,2019-12-02 10:13:28.000301,2019-12-02 10:43:48.902249,2019-12-02 10:44:33.902249,2019-12-02 11:00:14.518950,Replace,9,45,43,0 days 00:00:45.000000000,0 days 00:14:43.000301000
10,2019-12-02 11:17:00.000000,2019-12-02 11:17:55.000000,2019-12-02 11:28:12.066129,2019-12-02 11:28:21.453394,,,,Onsite,9,45,43,0 days 00:00:55.000000000,0 days 00:10:26.453394000
11,2019-12-02 12:15:00.000000,2019-12-02 12:15:25.000000,2019-12-02 12:39:33.212626,2019-12-02 12:40:01.245642,,,,Onsite,9,45,43,0 days 00:00:25.000000000,0 days 00:24:36.245642000
12,2019-12-02 13:33:00.000000,2019-12-02 13:33:30.000000,2019-12-02 13:53:57.427094,2019-12-02 13:54:21.026642,,,,Onsite,9,45,43,0 days 00:00:30.000000000,0 days 00:20:51.026642000
13,2019-12-02 14:37:00.000000,2019-12-02 14:37:55.000000,2019-12-02 14:53:48.805126,2019-12-02 14:54:43.805126,2019-12-02 15:36:28.287006,2019-12-02 15:37:23.287006,2019-12-02 15:50:32.783779,Replace,9,45,43,0 days 00:00:55.000000000,0 days 00:16:48.805126000
14,2019-12-02 15:47:00.000000,2019-12-02 15:47:35.000000,2019-12-02 15:58:55.328599,2019-12-02 15:59:00.446155,,,,Onsite,9,45,43,0 days 00:00:35.000000000,0 days 00:11:25.446155000
15,2019-12-02 16:51:00.000000,2019-12-02 16:51:55.000000,2019-12-02 17:05:37.654128,2019-12-02 17:06:32.654128,2019-12-02 17:58:17.095000,2019-12-02 17:59:12.095000,2019-12-02 18:19:17.660384,Replace,9,45,43,0 days 00:00:55.000000000,0 days 00:14:37.654128000
16,2019-12-02 18:06:00.000000,2019-12-02 18:06:55.000000,2019-12-02 18:25:33.297264,2019-12-02 18:25:47.348496,,,,Onsite,9,45,43,0 days 00:00:55.000000000,0 days 00:18:52.348496000
17,2019-12-02 19:15:00.000000,2019-12-02 19:15:45.000000,2019-12-02 19:28:08.146577,2019-12-02 19:28:25.491702,,,,Onsite,9,45,43,0 days 00:00:45.000000000,0 days 00:12:40.491702000
18,2019-12-02 20:08:00.000000,2019-12-02 20:08:35.000000,2019-12-02 20:28:13.451809,2019-12-02 20:28:48.451809,2019-12-02 20:57:51.938217,2019-12-02 20:58:26.938217,2019-12-02 21:16:04.856806,Replace,9,45,43,0 days 00:00:35.000000000,0 days 00:20:13.451809000
19,2019-12-02 21:13:00.000000,2019-12-02 21:13:45.000000,2019-12-02 21:35:33.588633,2019-12-02 21:35:53.287590,,,,Onsite,9,45,43,0 days 00:00:45.000000000,0 days 00:22:08.287590000
0,2019-12-02 01:19:00.000000,2019-12-02 00:00:45.000000,2019-12-02 00:16:31.678990,2019-12-02 00:17:07.395586,,,,Onsite,1,45,44,-1 days +22:41:45.000000000,0 days 00:16:22.395586000
1,2019-12-02 00:56:00.000000,2019-12-02 00:56:30.000000,2019-12-02 01:11:31.649278,2019-12-02 01:12:01.649278,2019-12-02 01:59:15.031372,2019-12-02 01:59:45.031372,2019-12-02 02:16:07.241565,Replace,1,45,44,0 days 00:00:30.000000000,0 days 00:15:31.649278000
2,2019-12-02 01:57:00.000000,2019-12-02 01:57:25.000000,2019-12-02 02:16:03.047153,2019-12-02 02:16:28.047153,2019-12-02 02:56:38.873116,2019-12-02 02:57:03.873116,2019-12-02 03:15:37.749192,Replace,1,45,44,0 days 00:00:25.000000000,0 days 00:19:03.047153000
3,2019-12-02 03:09:00.000000,2019-12-02 03:09:45.000000,2019-12-02 03:22:18.149065,2019-12-02 03:22:27.532727,,,,Onsite,1,45,44,0 days 00:00:45.000000000,0 days 00:12:42.532727000
4,2019-12-02 04:12:00.000000,2019-12-02 04:12:45.000000,2019-12-02 04:24:36.246675,2019-12-02 04:25:21.246675,2019-12-02 04:53:51.627543,2019-12-02 04:54:36.627543,2019-12-02 05:10:39.638170,Replace,1,45,44,0 days 00:00:45.000000000,0 days 00:12:36.246675000
5,2019-12-02 05:23:00.000000,2019-12-02 05:23:45.000000,2019-12-02 05:42:24.496929,2019-12-02 05:43:09.496929,2019-12-02 06:33:51.566376,2019-12-02 06:34:36.566376,2019-12-02 06:52:27.710442,Replace,1,45,44,0 days 00:00:45.000000000,0 days 00:19:24.496929000
6,2019-12-02 06:32:00.000000,2019-12-02 06:32:30.000000,2019-12-02 06:51:49.596441,2019-12-02 06:52:19.443809,,,,Onsite,1,45,44,0 days 00:00:30.000000000,0 days 00:19:49.443809000
7,2019-12-02 07:33:00.000000,2019-12-02 07:33:45.000000,2019-12-02 07:47:35.224142,2019-12-02 07:48:20.224142,2019-12-02 08:19:33.138293,2019-12-02 08:20:18.138293,2019-12-02 08:32:30.224685,Replace,1,45,44,0 days 00:00:45.000000000,0 days 00:14:35.224142000
8,2019-12-02 08:48:00.000000,2019-12-02 08:48:45.000000,2019-12-02 09:07:49.231620,2019-12-02 09:08:34.231620,2019-12-02 10:04:48.418097,2019-12-02 10:05:33.418097,2019-12-02 10:26:55.247904,Replace,1,45,44,0 days 00:00:45.000000000,0 days 00:19:49.231620000
9,2019-12-02 10:01:00.000000,2019-12-02 10:01:45.000000,2019-12-02 10:12:39.792555,2019-12-02 10:13:24.792555,2019-12-02 11:07:47.837056,2019-12-02 11:08:32.837056,2019-12-02 11:26:10.425193,Replace,1,45,44,0 days 00:00:45.000000000,0 days 00:11:39.792555000
10,2019-12-02 11:00:00.000000,2019-12-02 11:00:35.000000,2019-12-02 11:14:50.953320,2019-12-02 11:15:25.953320,2019-12-02 11:55:45.652340,2019-12-02 11:56:20.652340,2019-12-02 12:18:29.073775,Replace,1,45,44,0 days 00:00:35.000000000,0 days 00:14:50.953320000
11,2019-12-02 12:06:00.000000,2019-12-02 12:06:55.000000,2019-12-02 12:23:39.903057,2019-12-02 12:24:34.903057,2019-12-02 13:02:45.861502,2019-12-02 13:03:40.861502,2019-12-02 13:22:09.842429,Replace,1,45,44,0 days 00:00:55.000000000,0 days 00:17:39.903057000
12,2019-12-02 13:07:00.000000,2019-12-02 13:07:30.000000,2019-12-02 13:22:21.330454,2019-12-02 13:22:41.506291,,,,Onsite,1,45,44,0 days 00:00:30.000000000,0 days 00:15:11.506291000
13,2019-12-02 14:04:00.000000,2019-12-02 14:04:35.000000,2019-12-02 14:19:05.503761,2019-12-02 14:19:40.503761,2019-12-02 15:10:29.701656,2019-12-02 15:11:04.701656,2019-12-02 15:31:21.627926,Replace,1,45,44,0 days 00:00:35.000000000,0 days 00:15:05.503761000
14,2019-12-02 15:07:00.000000,2019-12-02 15:07:45.000000,2019-12-02 15:25:35.652421,2019-12-02 15:26:20.652421,2019-12-02 16:00:32.399366,2019-12-02 16:01:17.399366,2019-12-02 16:16:07.990533,Replace,1,45,44,0 days 00:00:45.000000000,0 days 00:18:35.652421000
15,2019-12-02 16:22:00.000000,2019-12-02 16:22:50.000000,2019-12-02 16:39:09.038657,2019-12-02 16:39:59.038657,2019-12-02 17:31:45.729777,2019-12-02 17:32:35.729777,2019-12-02 17:47:41.692590,Replace,1,45,44,0 days 00:00:50.000000000,0 days 00:17:09.038657000
16,2019-12-02 17:35:00.000000,2019-12-02 17:35:55.000000,2019-12-02 17:55:00.255012,2019-12-02 17:55:55.255012,2019-12-02 18:32:56.907371,2019-12-02 18:33:51.907371,2019-12-02 18:49:11.501266,Replace,1,45,44,0 days 00:00:55.000000000,0 days 00:20:00.255012000
17,2019-12-02 19:39:00.000000,2019-12-02 19:39:35.000000,2019-12-02 19:55:40.529806,2019-12-02 19:56:15.529806,2019-12-02 20:35:20.476356,2019-12-02 20:35:55.476356,2019-12-02 20:55:35.555238,Replace,1,45,44,0 days 00:00:35.000000000,0 days 00:16:40.529806000
18,2019-12-02 20:49:00.000000,2019-12-02 20:49:50.000000,2019-12-02 21:04:17.714635,2019-12-02 21:04:35.391082,,,,Onsite,1,45,44,0 days 00:00:50.000000000,0 days 00:14:45.391082000
19,2019-12-02 18:39:00.000000,2019-12-02 18:39:50.000000,2019-12-02 18:56:36.569352,2019-12-02 18:57:26.569352,2019-12-02 19:39:31.098152,2019-12-02 19:40:21.098152,2019-12-02 19:57:19.075876,Replace,1,45,44,0 days 00:00:50.000000000,0 days 00:17:36.569352000
20,2019-12-02 22:07:00.000000,2019-12-02 22:07:55.000000,2019-12-02 22:22:12.425380,2019-12-02 22:22:29.103019,,,,Onsite,1,45,44,0 days 00:00:55.000000000,0 days 00:14:34.103019000
0,2019-12-02 01:20:00.000000,2019-12-02 00:00:45.000000,2019-12-02 00:12:05.826878,2019-12-02 00:12:50.826878,2019-12-02 00:49:25.207300,2019-12-02 00:50:10.207300,2019-12-02 01:06:46.137631,Replace,2,45,44,-1 days +22:40:45.000000000,0 days 00:12:05.826878000
1,2019-12-02 01:13:00.000000,2019-12-02 01:13:45.000000,2019-12-02 01:28:47.460224,2019-12-02 01:29:32.460224,2019-12-02 02:07:38.909668,2019-12-02 02:08:23.909668,2019-12-02 02:24:19.561584,Replace,2,45,44,0 days 00:00:45.000000000,0 days 00:15:47.460224000
2,2019-12-02 02:30:00.000000,2019-12-02 02:30:50.000000,2019-12-02 02:41:59.627715,2019-12-02 02:42:49.627715,2019-12-02 03:15:25.001594,2019-12-02 03:16:15.001594,2019-12-02 03:36:54.225399,Replace,2,45,44,0 days 00:00:50.000000000,0 days 00:11:59.627715000
3,2019-12-02 03:37:00.000000,2019-12-02 03:37:45.000000,2019-12-02 03:54:00.060895,2019-12-02 03:54:45.060895,2019-12-02 04:30:39.657656,2019-12-02 04:31:24.657656,2019-12-02 04:46:57.196244,Replace,2,45,44,0 days 00:00:45.000000000,0 days 00:17:00.060895000
4,2019-12-02 04:45:00.000000,2019-12-02 04:45:45.000000,2019-12-02 04:56:36.138576,2019-12-02 04:57:21.138576,2019-12-02 05:20:00.677505,2019-12-02 05:20:45.677505,2019-12-02 05:31:16.045806,Replace,2,45,44,0 days 00:00:45.000000000,0 days 00:11:36.138576000
5,2019-12-02 06:02:00.000000,2019-12-02 06:02:45.000000,2019-12-02 06:16:22.808847,2019-12-02 06:17:07.808847,2019-12-02 06:55:39.724371,2019-12-02 06:56:24.724371,2019-12-02 07:07:02.664397,Replace,2,45,44,0 days 00:00:45.000000000,0 days 00:14:22.808847000
6,2019-12-02 07:07:00.000000,2019-12-02 07:07:55.000000,2019-12-02 07:23:48.408510,2019-12-02 07:24:43.408510,2019-12-02 08:08:10.435863,2019-12-02 08:09:05.435863,2019-12-02 08:21:06.555793,Replace,2,45,44,0 days 00:00:55.000000000,0 days 00:16:48.408510000
7,2019-12-02 08:20:00.000000,2019-12-02 08:20:25.000000,2019-12-02 08:36:55.082876,2019-12-02 08:36:59.022917,,,,Onsite,2,45,44,0 days 00:00:25.000000000,0 days 00:16:34.022917000
8,2019-12-02 09:34:00.000000,2019-12-02 09:34:35.000000,2019-12-02 09:45:00.380459,2019-12-02 09:45:35.380459,2019-12-02 10:17:57.786483,2019-12-02 10:18:32.786483,2019-12-02 10:32:50.298253,Replace,2,45,44,0 days 00:00:35.000000000,0 days 00:11:00.380459000
9,2019-12-02 10:24:00.000000,2019-12-02 10:24:45.000000,2019-12-02 10:45:20.066432,2019-12-02 10:46:05.066432,2019-12-02 11:33:11.761523,2019-12-02 11:33:56.761523,2019-12-02 11:47:38.492923,Replace,2,45,44,0 days 00:00:45.000000000,0 days 00:21:20.066432000
10,2019-12-02 11:55:00.000000,2019-12-02 11:55:25.000000,2019-12-02 12:14:53.456711,2019-12-02 12:15:18.456711,2019-12-02 12:55:52.780756,2019-12-02 12:56:17.780756,2019-12-02 13:14:05.428073,Replace,2,45,44,0 days 00:00:25.000000000,0 days 00:19:53.456711000
11,2019-12-02 13:13:00.000000,2019-12-02 13:13:55.000000,2019-12-02 13:27:52.738094,2019-12-02 13:28:47.738094,2019-12-02 14:12:05.133720,2019-12-02 14:13:00.133720,2019-12-02 14:34:21.718677,Replace,2,45,44,0 days 00:00:55.000000000,0 days 00:14:52.738094000
12,2019-12-02 14:16:00.000000,2019-12-02 14:16:50.000000,2019-12-02 14:32:17.858588,2019-12-02 14:32:25.885653,,,,Onsite,2,45,44,0 days 00:00:50.000000000,0 days 00:15:35.885653000
13,2019-12-02 15:30:00.000000,2019-12-02 15:30:30.000000,2019-12-02 15:43:11.280202,2019-12-02 15:43:41.280202,2019-12-02 16:27:24.405167,2019-12-02 16:27:54.405167,2019-12-02 16:42:50.094371,Replace,2,45,44,0 days 00:00:30.000000000,0 days 00:13:11.280202000
14,2019-12-02 16:30:00.000000,2019-12-02 16:30:45.000000,2019-12-02 16:47:04.096160,2019-12-02 16:47:49.096160,2019-12-02 17:15:06.614784,2019-12-02 17:15:51.614784,2019-12-02 17:33:50.517424,Replace,2,45,44,0 days 00:00:45.000000000,0 days 00:17:04.096160000
15,2019-12-02 17:54:00.000000,2019-12-02 17:54:45.000000,2019-12-02 18:06:54.368822,2019-12-02 18:07:39.368822,2019-12-02 18:51:50.346045,2019-12-02 18:52:35.346045,2019-12-02 19:07:12.911911,Replace,2,45,44,0 days 00:00:45.000000000,0 days 00:12:54.368822000
16,2019-12-02 19:17:00.000000,2019-12-02 19:17:45.000000,2019-12-02 19:30:03.709809,2019-12-02 19:30:48.709809,2019-12-02 19:55:32.698908,2019-12-02 19:56:17.698908,2019-12-02 20:08:59.540591,Replace,2,45,44,0 days 00:00:45.000000000,0 days 00:13:03.709809000
17,2019-12-02 20:23:00.000000,2019-12-02 20:23:45.000000,2019-12-02 20:38:53.731656,2019-12-02 20:39:38.731656,2019-12-02 21:16:54.523996,2019-12-02 21:17:39.523996,2019-12-02 21:35:42.564881,Replace,2,45,44,0 days 00:00:45.000000000,0 days 00:15:53.731656000
18,2019-12-02 21:26:00.000000,2019-12-02 21:26:45.000000,2019-12-02 21:48:46.581810,2019-12-02 21:49:31.581810,2019-12-02 22:29:42.111157,2019-12-02 22:30:27.111157,2019-12-02 22:52:02.483711,Replace,2,45,44,0 days 00:00:45.000000000,0 days 00:22:46.581810000
19,2019-12-02 22:25:00.000000,2019-12-02 22:25:30.000000,2019-12-02 22:40:35.549952,2019-12-02 22:40:57.787981,,,,Onsite,2,45,44,0 days 00:00:30.000000000,0 days 00:15:27.787981000
0,2019-12-02 01:14:00.000000,2019-12-02 00:00:35.000000,2019-12-02 00:13:10.919345,2019-12-02 00:13:45.919345,2019-12-02 00:39:14.805888,2019-12-02 00:39:49.805888,2019-12-02 00:59:31.227097,Replace,3,45,44,-1 days +22:46:35.000000000,0 days 00:13:10.919345000
1,2019-12-02 02:08:00.000000,2019-12-02 02:08:50.000000,2019-12-02 02:25:26.754995,2019-12-02 02:26:16.754995,2019-12-02 02:53:40.328164,2019-12-02 02:54:30.328164,2019-12-02 03:09:40.008584,Replace,3,45,44,0 days 00:00:50.000000000,0 days 00:17:26.754995000
2,2019-12-02 00:58:00.000000,2019-12-02 00:58:30.000000,2019-12-02 01:16:59.710633,2019-12-02 01:17:29.710633,2019-12-02 01:47:10.752816,2019-12-02 01:47:40.752816,2019-12-02 02:08:11.158201,Replace,3,45,44,0 days 00:00:30.000000000,0 days 00:18:59.710633000
3,2019-12-02 03:13:00.000000,2019-12-02 03:13:45.000000,2019-12-02 03:33:36.912460,2019-12-02 03:33:56.946354,,,,Onsite,3,45,44,0 days 00:00:45.000000000,0 days 00:20:11.946354000
4,2019-12-02 04:23:00.000000,2019-12-02 04:23:25.000000,2019-12-02 04:37:43.511216,2019-12-02 04:38:08.511216,2019-12-02 05:18:20.440306,2019-12-02 05:18:45.440306,2019-12-02 05:38:02.324068,Replace,3,45,44,0 days 00:00:25.000000000,0 days 00:14:43.511216000
5,2019-12-02 05:36:00.000000,2019-12-02 05:36:30.000000,2019-12-02 05:50:36.718690,2019-12-02 05:51:06.718690,2019-12-02 06:38:25.023699,2019-12-02 06:38:55.023699,2019-12-02 07:00:03.132765,Replace,3,45,44,0 days 00:00:30.000000000,0 days 00:14:36.718690000
6,2019-12-02 06:49:00.000000,2019-12-02 06:49:50.000000,2019-12-02 07:08:16.554144,2019-12-02 07:09:06.554144,2019-12-02 07:43:09.658920,2019-12-02 07:43:59.658920,2019-12-02 07:56:25.212210,Replace,3,45,44,0 days 00:00:50.000000000,0 days 00:19:16.554144000
7,2019-12-02 07:57:00.000000,2019-12-02 07:57:45.000000,2019-12-02 08:04:30.592190,2019-12-02 08:05:15.592190,2019-12-02 09:02:02.804851,2019-12-02 09:02:47.804851,2019-12-02 09:21:47.217184,Replace,3,45,44,0 days 00:00:45.000000000,0 days 00:07:30.592190000
8,2019-12-02 08:50:00.000000,2019-12-02 08:50:45.000000,2019-12-02 09:05:38.458001,2019-12-02 09:06:23.458001,2019-12-02 09:41:52.271340,2019-12-02 09:42:37.271340,2019-12-02 10:03:10.059946,Replace,3,45,44,0 days 00:00:45.000000000,0 days 00:15:38.458001000
9,2019-12-02 09:59:00.000000,2019-12-02 09:59:35.000000,2019-12-02 10:17:12.617723,2019-12-02 10:17:48.106971,,,,Onsite,3,45,44,0 days 00:00:35.000000000,0 days 00:18:13.106971000
10,2019-12-02 11:07:00.000000,2019-12-02 11:07:35.000000,2019-12-02 11:26:06.868460,2019-12-02 11:26:41.868460,2019-12-02 12:02:04.059479,2019-12-02 12:02:39.059479,2019-12-02 12:17:45.136170,Replace,3,45,44,0 days 00:00:35.000000000,0 days 00:19:06.868460000
11,2019-12-02 12:10:00.000000,2019-12-02 12:10:55.000000,2019-12-02 12:32:26.075564,2019-12-02 12:33:21.075564,2019-12-02 13:08:43.714600,2019-12-02 13:09:38.714600,2019-12-02 13:25:44.573708,Replace,3,45,44,0 days 00:00:55.000000000,0 days 00:22:26.075564000
12,2019-12-02 13:36:00.000000,2019-12-02 13:36:30.000000,2019-12-02 13:53:36.145109,2019-12-02 13:54:06.145109,2019-12-02 14:40:54.903130,2019-12-02 14:41:24.903130,2019-12-02 14:54:39.764950,Replace,3,45,44,0 days 00:00:30.000000000,0 days 00:17:36.145109000
13,2019-12-02 14:29:00.000000,2019-12-02 14:29:25.000000,2019-12-02 14:48:42.407004,2019-12-02 14:49:11.426511,,,,Onsite,3,45,44,0 days 00:00:25.000000000,0 days 00:19:46.426511000
14,2019-12-02 16:45:00.000000,2019-12-02 16:45:35.000000,2019-12-02 17:01:49.630211,2019-12-02 17:02:24.630211,2019-12-02 17:40:02.909457,2019-12-02 17:40:37.909457,2019-12-02 17:56:47.923840,Replace,3,45,44,0 days 00:00:35.000000000,0 days 00:16:49.630211000
15,2019-12-02 15:30:00.000000,2019-12-02 15:30:35.000000,2019-12-02 15:48:54.628210,2019-12-02 15:49:29.628210,2019-12-02 16:31:52.959570,2019-12-02 16:32:27.959570,2019-12-02 16:45:04.735896,Replace,3,45,44,0 days 00:00:35.000000000,0 days 00:18:54.628210000
16,2019-12-02 17:57:00.000000,2019-12-02 17:57:50.000000,2019-12-02 18:12:35.788606,2019-12-02 18:13:25.788606,2019-12-02 18:59:34.942816,2019-12-02 19:00:24.942816,2019-12-02 19:19:42.570401,Replace,3,45,44,0 days 00:00:50.000000000,0 days 00:15:35.788606000
17,2019-12-02 19:13:00.000000,2019-12-02 19:13:45.000000,2019-12-02 19:30:26.603653,2019-12-02 19:31:11.603653,2019-12-02 20:09:11.550164,2019-12-02 20:09:56.550164,2019-12-02 20:33:32.643476,Replace,3,45,44,0 days 00:00:45.000000000,0 days 00:17:26.603653000
18,2019-12-02 20:01:00.000000,2019-12-02 20:01:30.000000,2019-12-02 20:16:24.296636,2019-12-02 20:16:59.762319,,,,Onsite,3,45,44,0 days 00:00:30.000000000,0 days 00:15:29.762319000
19,2019-12-02 21:04:00.000000,2019-12-02 21:04:55.000000,2019-12-02 21:21:56.105598,2019-12-02 21:22:51.105598,2019-12-02 22:08:28.421211,2019-12-02 22:09:23.421211,2019-12-02 22:22:30.627445,Replace,3,45,44,0 days 00:00:55.000000000,0 days 00:17:56.105598000
0,2019-12-02 01:15:00.000000,2019-12-02 00:00:45.000000,2019-12-02 00:12:47.584611,2019-12-02 00:13:32.584611,2019-12-02 00:47:11.937379,2019-12-02 00:47:56.937379,2019-12-02 00:59:32.908760,Replace,4,45,44,-1 days +22:45:45.000000000,0 days 00:12:47.584611000
1,2019-12-02 01:03:00.000000,2019-12-02 01:03:25.000000,2019-12-02 01:26:24.122368,2019-12-02 01:26:36.429766,,,,Onsite,4,45,44,0 days 00:00:25.000000000,0 days 00:23:11.429766000
2,2019-12-02 02:03:00.000000,2019-12-02 02:03:25.000000,2019-12-02 02:21:58.225320,2019-12-02 02:22:23.225320,2019-12-02 02:55:47.041947,2019-12-02 02:56:12.041947,2019-12-02 03:16:27.614962,Replace,4,45,44,0 days 00:00:25.000000000,0 days 00:18:58.225320000
3,2019-12-02 03:02:00.000000,2019-12-02 03:02:45.000000,2019-12-02 03:13:29.876618,2019-12-02 03:13:42.835100,,,,Onsite,4,45,44,0 days 00:00:45.000000000,0 days 00:10:57.835100000
4,2019-12-02 04:08:00.000000,2019-12-02 04:08:45.000000,2019-12-02 04:27:42.725381,2019-12-02 04:27:53.152320,,,,Onsite,4,45,44,0 days 00:00:45.000000000,0 days 00:19:08.152320000
5,2019-12-02 05:18:00.000000,2019-12-02 05:18:35.000000,2019-12-02 05:34:43.796023,2019-12-02 05:35:18.796023,2019-12-02 06:01:03.885480,2019-12-02 06:01:38.885480,2019-12-02 06:24:09.637545,Replace,4,45,44,0 days 00:00:35.000000000,0 days 00:16:43.796023000
6,2019-12-02 06:46:00.000000,2019-12-02 06:46:35.000000,2019-12-02 06:59:30.333912,2019-12-02 07:00:05.333912,2019-12-02 07:46:13.329831,2019-12-02 07:46:48.329831,2019-12-02 08:03:51.907555,Replace,4,45,44,0 days 00:00:35.000000000,0 days 00:13:30.333912000
7,2019-12-02 07:44:00.000000,2019-12-02 07:44:45.000000,2019-12-02 08:05:14.713693,2019-12-02 08:05:32.318651,,,,Onsite,4,45,44,0 days 00:00:45.000000000,0 days 00:20:47.318651000
8,2019-12-02 08:51:00.000000,2019-12-02 08:51:30.000000,2019-12-02 09:10:01.238323,2019-12-02 09:10:24.481780,,,,Onsite,4,45,44,0 days 00:00:30.000000000,0 days 00:18:54.481780000
9,2019-12-02 10:02:00.000000,2019-12-02 10:02:45.000000,2019-12-02 10:20:51.352780,2019-12-02 10:21:36.352780,2019-12-02 10:59:09.021287,2019-12-02 10:59:54.021287,2019-12-02 11:15:34.335932,Replace,4,45,44,0 days 00:00:45.000000000,0 days 00:18:51.352780000
10,2019-12-02 11:17:00.000000,2019-12-02 11:17:30.000000,2019-12-02 11:32:41.875760,2019-12-02 11:33:12.430040,,,,Onsite,4,45,44,0 days 00:00:30.000000000,0 days 00:15:42.430040000
11,2019-12-02 12:22:00.000000,2019-12-02 12:22:35.000000,2019-12-02 12:38:41.791189,2019-12-02 12:38:57.530235,,,,Onsite,4,45,44,0 days 00:00:35.000000000,0 days 00:16:22.530235000
12,2019-12-02 13:30:00.000000,2019-12-02 13:30:45.000000,2019-12-02 13:45:05.192295,2019-12-02 13:45:50.192295,2019-12-02 14:24:15.505628,2019-12-02 14:25:00.505628,2019-12-02 14:39:37.056927,Replace,4,45,44,0 days 00:00:45.000000000,0 days 00:15:05.192295000
13,2019-12-02 14:39:00.000000,2019-12-02 14:39:35.000000,2019-12-02 14:58:58.633960,2019-12-02 14:59:14.841380,,,,Onsite,4,45,44,0 days 00:00:35.000000000,0 days 00:19:39.841380000
14,2019-12-02 15:45:00.000000,2019-12-02 15:45:35.000000,2019-12-02 15:59:17.601040,2019-12-02 15:59:36.749806,,,,Onsite,4,45,44,0 days 00:00:35.000000000,0 days 00:14:01.749806000
15,2019-12-02 17:09:00.000000,2019-12-02 17:09:50.000000,2019-12-02 17:24:42.415511,2019-12-02 17:25:00.614540,,,,Onsite,4,45,44,0 days 00:00:50.000000000,0 days 00:15:10.614540000
16,2019-12-02 18:27:00.000000,2019-12-02 18:27:50.000000,2019-12-02 18:47:32.936877,2019-12-02 18:47:41.507656,,,,Onsite,4,45,44,0 days 00:00:50.000000000,0 days 00:19:51.507656000
17,2019-12-02 19:33:00.000000,2019-12-02 19:33:45.000000,2019-12-02 19:48:29.329696,2019-12-02 19:48:52.151469,,,,Onsite,4,45,44,0 days 00:00:45.000000000,0 days 00:15:07.151469000
18,2019-12-02 20:44:00.000000,2019-12-02 20:44:45.000000,2019-12-02 20:58:13.719674,2019-12-02 20:58:45.403543,,,,Onsite,4,45,44,0 days 00:00:45.000000000,0 days 00:14:00.403543000
19,2019-12-02 21:48:00.000000,2019-12-02 21:48:30.000000,2019-12-02 22:01:18.847195,2019-12-02 22:01:24.513436,,,,Onsite,4,45,44,0 days 00:00:30.000000000,0 days 00:12:54.513436000
0,2019-12-02 01:06:00.000000,2019-12-02 00:00:45.000000,2019-12-02 00:18:59.195009,2019-12-02 00:19:44.195009,2019-12-02 00:53:32.474286,2019-12-02 00:54:17.474286,2019-12-02 01:13:06.328036,Replace,5,45,44,-1 days +22:54:45.000000000,0 days 00:18:59.195009000
1,2019-12-02 01:02:00.000000,2019-12-02 01:02:35.000000,2019-12-02 01:19:32.819833,2019-12-02 01:20:07.819833,2019-12-02 01:53:53.913352,2019-12-02 01:54:28.913352,2019-12-02 02:07:10.340370,Replace,5,45,44,0 days 00:00:35.000000000,0 days 00:17:32.819833000
2,2019-12-02 01:55:00.000000,2019-12-02 01:55:25.000000,2019-12-02 02:12:15.603675,2019-12-02 02:12:33.478533,,,,Onsite,5,45,44,0 days 00:00:25.000000000,0 days 00:17:08.478533000
3,2019-12-02 03:10:00.000000,2019-12-02 03:10:25.000000,2019-12-02 03:24:48.218985,2019-12-02 03:25:05.652013,,,,Onsite,5,45,44,0 days 00:00:25.000000000,0 days 00:14:40.652013000
4,2019-12-02 04:25:00.000000,2019-12-02 04:25:45.000000,2019-12-02 04:42:16.974934,2019-12-02 04:42:47.987666,,,,Onsite,5,45,44,0 days 00:00:45.000000000,0 days 00:17:02.987666000
5,2019-12-02 05:35:00.000000,2019-12-02 05:35:45.000000,2019-12-02 05:54:50.725853,2019-12-02 05:55:14.118812,,,,Onsite,5,45,44,0 days 00:00:45.000000000,0 days 00:19:29.118812000
6,2019-12-02 06:31:00.000000,2019-12-02 06:31:30.000000,2019-12-02 06:51:47.929143,2019-12-02 06:52:17.929143,2019-12-02 07:25:17.413248,2019-12-02 07:25:47.413248,2019-12-02 07:44:19.468513,Replace,5,45,44,0 days 00:00:30.000000000,0 days 00:20:47.929143000
7,2019-12-02 07:30:00.000000,2019-12-02 07:30:35.000000,2019-12-02 07:44:12.039859,2019-12-02 07:44:47.039859,2019-12-02 08:33:53.227373,2019-12-02 08:34:28.227373,2019-12-02 08:49:55.339012,Replace,5,45,44,0 days 00:00:35.000000000,0 days 00:14:12.039859000
8,2019-12-02 08:49:00.000000,2019-12-02 08:49:30.000000,2019-12-02 09:07:04.014322,2019-12-02 09:07:29.328469,,,,Onsite,5,45,44,0 days 00:00:30.000000000,0 days 00:17:59.328469000
9,2019-12-02 10:02:00.000000,2019-12-02 10:02:45.000000,2019-12-02 10:15:56.224337,2019-12-02 10:16:08.859770,,,,Onsite,5,45,44,0 days 00:00:45.000000000,0 days 00:13:23.859770000
10,2019-12-02 11:17:00.000000,2019-12-02 11:17:30.000000,2019-12-02 11:34:02.985320,2019-12-02 11:34:32.985320,2019-12-02 12:13:48.888151,2019-12-02 12:14:18.888151,2019-12-02 12:29:46.049272,Replace,5,45,44,0 days 00:00:30.000000000,0 days 00:17:02.985320000
11,2019-12-02 12:11:00.000000,2019-12-02 12:11:25.000000,2019-12-02 12:29:04.112430,2019-12-02 12:29:29.112430,2019-12-02 12:59:40.086952,2019-12-02 13:00:05.086952,2019-12-02 13:19:27.818020,Replace,5,45,44,0 days 00:00:25.000000000,0 days 00:18:04.112430000
12,2019-12-02 13:27:00.000000,2019-12-02 13:27:45.000000,2019-12-02 13:38:37.534167,2019-12-02 13:39:22.534167,2019-12-02 14:12:02.219101,2019-12-02 14:12:47.219101,2019-12-02 14:31:36.134561,Replace,5,45,44,0 days 00:00:45.000000000,0 days 00:11:37.534167000
13,2019-12-02 14:20:00.000000,2019-12-02 14:20:35.000000,2019-12-02 14:39:19.269669,2019-12-02 14:39:54.269669,2019-12-02 15:38:56.962124,2019-12-02 15:39:31.962124,2019-12-02 15:59:01.188667,Replace,5,45,44,0 days 00:00:35.000000000,0 days 00:19:19.269669000
14,2019-12-02 15:26:00.000000,2019-12-02 15:26:35.000000,2019-12-02 15:42:48.413966,2019-12-02 15:42:56.884070,,,,Onsite,5,45,44,0 days 00:00:35.000000000,0 days 00:16:21.884070000
15,2019-12-02 16:33:00.000000,2019-12-02 16:33:45.000000,2019-12-02 16:49:08.391517,2019-12-02 16:49:31.383049,,,,Onsite,5,45,44,0 days 00:00:45.000000000,0 days 00:15:46.383049000
16,2019-12-02 17:40:00.000000,2019-12-02 17:40:45.000000,2019-12-02 17:57:32.710561,2019-12-02 17:58:17.710561,2019-12-02 18:48:09.533587,2019-12-02 18:48:54.533587,2019-12-02 19:00:46.195233,Replace,5,45,44,0 days 00:00:45.000000000,0 days 00:17:32.710561000
17,2019-12-02 18:54:00.000000,2019-12-02 18:54:45.000000,2019-12-02 19:07:36.392810,2019-12-02 19:07:53.048228,,,,Onsite,5,45,44,0 days 00:00:45.000000000,0 days 00:13:08.048228000
18,2019-12-02 20:01:00.000000,2019-12-02 20:01:35.000000,2019-12-02 20:21:41.842763,2019-12-02 20:22:16.842763,2019-12-02 20:56:29.817451,2019-12-02 20:57:04.817451,2019-12-02 21:18:26.142583,Replace,5,45,44,0 days 00:00:35.000000000,0 days 00:20:41.842763000
19,2019-12-02 21:07:00.000000,2019-12-02 21:07:30.000000,2019-12-02 21:20:40.678568,2019-12-02 21:21:10.678568,2019-12-02 21:56:57.992528,2019-12-02 21:57:27.992528,2019-12-02 22:13:40.264878,Replace,5,45,44,0 days 00:00:30.000000000,0 days 00:13:40.678568000
0,2019-12-02 01:05:00.000000,2019-12-02 00:00:45.000000,2019-12-02 00:20:08.089981,2019-12-02 00:20:19.033610,,,,Onsite,6,45,44,-1 days +22:55:45.000000000,0 days 00:19:34.033610000
1,2019-12-02 01:18:00.000000,2019-12-02 01:18:25.000000,2019-12-02 01:35:13.844151,2019-12-02 01:35:38.844151,2019-12-02 02:00:04.972656,2019-12-02 02:00:29.972656,2019-12-02 02:14:22.258609,Replace,6,45,44,0 days 00:00:25.000000000,0 days 00:17:13.844151000
2,2019-12-02 02:39:00.000000,2019-12-02 02:39:45.000000,2019-12-02 02:58:16.339285,2019-12-02 02:59:01.339285,2019-12-02 03:29:13.401261,2019-12-02 03:29:58.401261,2019-12-02 03:50:53.211604,Replace,6,45,44,0 days 00:00:45.000000000,0 days 00:19:16.339285000
3,2019-12-02 03:45:00.000000,2019-12-02 03:45:25.000000,2019-12-02 04:05:56.913290,2019-12-02 04:06:21.913290,2019-12-02 04:45:19.573361,2019-12-02 04:45:44.573361,2019-12-02 05:00:23.736544,Replace,6,45,44,0 days 00:00:25.000000000,0 days 00:20:56.913290000
4,2019-12-02 05:16:00.000000,2019-12-02 05:16:55.000000,2019-12-02 05:34:39.084157,2019-12-02 05:34:42.895776,,,,Onsite,6,45,44,0 days 00:00:55.000000000,0 days 00:17:47.895776000
5,2019-12-02 06:19:00.000000,2019-12-02 06:19:35.000000,2019-12-02 06:34:58.288687,2019-12-02 06:35:33.288687,2019-12-02 07:28:59.317824,2019-12-02 07:29:34.317824,2019-12-02 07:43:47.063388,Replace,6,45,44,0 days 00:00:35.000000000,0 days 00:15:58.288687000
6,2019-12-02 07:28:00.000000,2019-12-02 07:28:50.000000,2019-12-02 07:50:26.661215,2019-12-02 07:51:16.661215,2019-12-02 08:32:19.573608,2019-12-02 08:33:09.573608,2019-12-02 08:48:29.715988,Replace,6,45,44,0 days 00:00:50.000000000,0 days 00:22:26.661215000
7,2019-12-02 08:44:00.000000,2019-12-02 08:44:25.000000,2019-12-02 09:05:01.435612,2019-12-02 09:05:23.248858,,,,Onsite,6,45,44,0 days 00:00:25.000000000,0 days 00:20:58.248858000
8,2019-12-02 09:52:00.000000,2019-12-02 09:52:30.000000,2019-12-02 10:07:32.415639,2019-12-02 10:07:44.892144,,,,Onsite,6,45,44,0 days 00:00:30.000000000,0 days 00:15:14.892144000
9,2019-12-02 10:49:00.000000,2019-12-02 10:49:35.000000,2019-12-02 11:00:35.925899,2019-12-02 11:01:10.925899,2019-12-02 11:43:50.028825,2019-12-02 11:44:25.028825,2019-12-02 12:02:13.319428,Replace,6,45,44,0 days 00:00:35.000000000,0 days 00:11:35.925899000
10,2019-12-02 12:07:00.000000,2019-12-02 12:07:50.000000,2019-12-02 12:26:54.840377,2019-12-02 12:27:44.840377,2019-12-02 12:57:16.325341,2019-12-02 12:58:06.325341,2019-12-02 13:12:52.531467,Replace,6,45,44,0 days 00:00:50.000000000,0 days 00:19:54.840377000
11,2019-12-02 13:17:00.000000,2019-12-02 13:17:45.000000,2019-12-02 13:37:51.662698,2019-12-02 13:38:36.662698,2019-12-02 14:30:44.293382,2019-12-02 14:31:29.293382,2019-12-02 14:45:28.122560,Replace,6,45,44,0 days 00:00:45.000000000,0 days 00:20:51.662698000
12,2019-12-02 14:28:00.000000,2019-12-02 14:28:45.000000,2019-12-02 14:44:43.090383,2019-12-02 14:45:05.045406,,,,Onsite,6,45,44,0 days 00:00:45.000000000,0 days 00:16:20.045406000
13,2019-12-02 15:52:00.000000,2019-12-02 15:52:35.000000,2019-12-02 16:07:51.701710,2019-12-02 16:08:26.701710,2019-12-02 16:39:31.743606,2019-12-02 16:40:06.743606,2019-12-02 16:55:08.348692,Replace,6,45,44,0 days 00:00:35.000000000,0 days 00:15:51.701710000
14,2019-12-02 17:01:00.000000,2019-12-02 17:01:30.000000,2019-12-02 17:13:54.969496,2019-12-02 17:14:12.441191,,,,Onsite,6,45,44,0 days 00:00:30.000000000,0 days 00:12:42.441191000
15,2019-12-02 17:55:00.000000,2019-12-02 17:55:35.000000,2019-12-02 18:14:24.964030,2019-12-02 18:14:59.964030,2019-12-02 18:40:37.371513,2019-12-02 18:41:12.371513,2019-12-02 18:57:04.825397,Replace,6,45,44,0 days 00:00:35.000000000,0 days 00:19:24.964030000
16,2019-12-02 19:03:00.000000,2019-12-02 19:03:50.000000,2019-12-02 19:24:58.934072,2019-12-02 19:25:16.556763,,,,Onsite,6,45,44,0 days 00:00:50.000000000,0 days 00:21:26.556763000
17,2019-12-02 20:13:00.000000,2019-12-02 20:13:45.000000,2019-12-02 20:29:29.694544,2019-12-02 20:30:14.694544,2019-12-02 20:56:33.258154,2019-12-02 20:57:18.258154,2019-12-02 21:16:07.702252,Replace,6,45,44,0 days 00:00:45.000000000,0 days 00:16:29.694544000
18,2019-12-02 21:15:00.000000,2019-12-02 21:15:35.000000,2019-12-02 21:31:40.331804,2019-12-02 21:32:08.128294,,,,Onsite,6,45,44,0 days 00:00:35.000000000,0 days 00:16:33.128294000
0,2019-12-02 00:59:00.000000,2019-12-02 00:00:45.000000,2019-12-02 00:21:13.987077,2019-12-02 00:21:58.987077,2019-12-02 00:52:10.905186,2019-12-02 00:52:55.905186,2019-12-02 01:09:03.567338,Replace,7,45,44,-1 days +23:01:45.000000000,0 days 00:21:13.987077000
1,2019-12-02 01:17:00.000000,2019-12-02 01:17:30.000000,2019-12-02 01:27:24.993552,2019-12-02 01:27:54.993552,2019-12-02 01:54:34.016710,2019-12-02 01:55:04.016710,2019-12-02 02:12:40.265366,Replace,7,45,44,0 days 00:00:30.000000000,0 days 00:10:24.993552000
2,2019-12-02 02:19:00.000000,2019-12-02 02:19:30.000000,2019-12-02 02:36:05.173504,2019-12-02 02:36:28.401930,,,,Onsite,7,45,44,0 days 00:00:30.000000000,0 days 00:16:58.401930000
3,2019-12-02 03:28:00.000000,2019-12-02 03:28:50.000000,2019-12-02 03:42:22.241682,2019-12-02 03:43:12.241682,2019-12-02 04:14:45.683942,2019-12-02 04:15:35.683942,2019-12-02 04:32:26.748091,Replace,7,45,44,0 days 00:00:50.000000000,0 days 00:14:22.241682000
4,2019-12-02 04:41:00.000000,2019-12-02 04:41:30.000000,2019-12-02 05:00:51.085256,2019-12-02 05:01:17.168633,,,,Onsite,7,45,44,0 days 00:00:30.000000000,0 days 00:19:47.168633000
5,2019-12-02 05:55:00.000000,2019-12-02 05:55:45.000000,2019-12-02 06:11:25.767816,2019-12-02 06:12:10.767816,2019-12-02 06:37:13.350500,2019-12-02 06:37:58.350500,2019-12-02 06:53:37.945078,Replace,7,45,44,0 days 00:00:45.000000000,0 days 00:16:25.767816000
6,2019-12-02 07:18:00.000000,2019-12-02 07:18:30.000000,2019-12-02 07:38:37.513427,2019-12-02 07:38:52.175334,,,,Onsite,7,45,44,0 days 00:00:30.000000000,0 days 00:20:22.175334000
7,2019-12-02 08:29:00.000000,2019-12-02 08:29:45.000000,2019-12-02 08:43:27.405679,2019-12-02 08:44:12.405679,2019-12-02 09:31:51.333852,2019-12-02 09:32:36.333852,2019-12-02 09:46:53.510408,Replace,7,45,44,0 days 00:00:45.000000000,0 days 00:14:27.405679000
8,2019-12-02 09:46:00.000000,2019-12-02 09:46:25.000000,2019-12-02 09:58:14.188302,2019-12-02 09:58:39.188302,2019-12-02 10:32:28.257462,2019-12-02 10:32:53.257462,2019-12-02 10:54:41.829373,Replace,7,45,44,0 days 00:00:25.000000000,0 days 00:12:14.188302000
9,2019-12-02 11:12:00.000000,2019-12-02 11:12:25.000000,2019-12-02 11:25:36.674208,2019-12-02 11:26:01.674208,2019-12-02 12:18:32.426556,2019-12-02 12:18:57.426556,2019-12-02 12:34:05.118234,Replace,7,45,44,0 days 00:00:25.000000000,0 days 00:13:36.674208000
10,2019-12-02 12:29:00.000000,2019-12-02 12:29:45.000000,2019-12-02 12:42:26.424581,2019-12-02 12:43:11.424581,2019-12-02 13:12:16.839630,2019-12-02 13:13:01.839630,2019-12-02 13:29:38.858413,Replace,7,45,44,0 days 00:00:45.000000000,0 days 00:13:26.424581000
11,2019-12-02 13:42:00.000000,2019-12-02 13:42:45.000000,2019-12-02 13:59:37.993386,2019-12-02 13:59:49.129420,,,,Onsite,7,45,44,0 days 00:00:45.000000000,0 days 00:17:04.129420000
12,2019-12-02 14:45:00.000000,2019-12-02 14:45:25.000000,2019-12-02 15:02:50.135891,2019-12-02 15:03:15.135891,2019-12-02 15:54:14.972227,2019-12-02 15:54:39.972227,2019-12-02 16:07:22.234381,Replace,7,45,44,0 days 00:00:25.000000000,0 days 00:17:50.135891000
13,2019-12-02 15:50:00.000000,2019-12-02 15:50:45.000000,2019-12-02 16:09:31.368002,2019-12-02 16:10:16.368002,2019-12-02 16:41:11.637829,2019-12-02 16:41:56.637829,2019-12-02 17:01:53.006907,Replace,7,45,44,0 days 00:00:45.000000000,0 days 00:19:31.368002000
14,2019-12-02 17:06:00.000000,2019-12-02 17:06:45.000000,2019-12-02 17:22:48.779111,2019-12-02 17:23:14.491508,,,,Onsite,7,45,44,0 days 00:00:45.000000000,0 days 00:16:29.491508000
15,2019-12-02 18:13:00.000000,2019-12-02 18:13:30.000000,2019-12-02 18:32:51.277736,2019-12-02 18:33:07.625719,,,,Onsite,7,45,44,0 days 00:00:30.000000000,0 days 00:19:37.625719000
16,2019-12-02 19:04:00.000000,2019-12-02 19:04:25.000000,2019-12-02 19:22:36.219339,2019-12-02 19:22:53.536462,,,,Onsite,7,45,44,0 days 00:00:25.000000000,0 days 00:18:28.536462000
17,2019-12-02 20:10:00.000000,2019-12-02 20:10:30.000000,2019-12-02 20:26:29.915008,2019-12-02 20:26:53.067814,,,,Onsite,7,45,44,0 days 00:00:30.000000000,0 days 00:16:23.067814000
18,2019-12-02 21:12:00.000000,2019-12-02 21:12:35.000000,2019-12-02 21:29:03.392784,2019-12-02 21:29:38.392784,2019-12-02 22:26:50.334723,2019-12-02 22:27:25.334723,2019-12-02 22:46:12.218568,Replace,7,45,44,0 days 00:00:35.000000000,0 days 00:17:03.392784000
0,2019-12-02 01:03:00.000000,2019-12-02 00:00:50.000000,2019-12-02 00:18:43.865752,2019-12-02 00:18:58.750182,,,,Onsite,8,45,44,-1 days +22:57:50.000000000,0 days 00:18:08.750182000
1,2019-12-02 01:11:00.000000,2019-12-02 01:11:35.000000,2019-12-02 01:30:04.341893,2019-12-02 01:30:14.314974,,,,Onsite,8,45,44,0 days 00:00:35.000000000,0 days 00:18:39.314974000
2,2019-12-02 02:10:00.000000,2019-12-02 02:10:55.000000,2019-12-02 02:27:09.641200,2019-12-02 02:27:18.115360,,,,Onsite,8,45,44,0 days 00:00:55.000000000,0 days 00:16:23.115360000
3,2019-12-02 03:29:00.000000,2019-12-02 03:29:45.000000,2019-12-02 03:48:14.018215,2019-12-02 03:48:33.498863,,,,Onsite,8,45,44,0 days 00:00:45.000000000,0 days 00:18:48.498863000
4,2019-12-02 04:40:00.000000,2019-12-02 04:40:45.000000,2019-12-02 04:58:11.293746,2019-12-02 04:58:27.358318,,,,Onsite,8,45,44,0 days 00:00:45.000000000,0 days 00:17:42.358318000
5,2019-12-02 05:40:00.000000,2019-12-02 05:40:55.000000,2019-12-02 05:59:07.055347,2019-12-02 06:00:02.055347,2019-12-02 06:48:41.081751,2019-12-02 06:49:36.081751,2019-12-02 07:06:54.700057,Replace,8,45,44,0 days 00:00:55.000000000,0 days 00:19:07.055347000
6,2019-12-02 07:04:00.000000,2019-12-02 07:04:55.000000,2019-12-02 07:19:47.368069,2019-12-02 07:20:42.368069,2019-12-02 07:59:54.300583,2019-12-02 08:00:49.300583,2019-12-02 08:22:05.769341,Replace,8,45,44,0 days 00:00:55.000000000,0 days 00:15:47.368069000
7,2019-12-02 08:03:00.000000,2019-12-02 08:03:45.000000,2019-12-02 08:17:44.407068,2019-12-02 08:18:29.407068,2019-12-02 08:53:42.006335,2019-12-02 08:54:27.006335,2019-12-02 09:15:55.130605,Replace,8,45,44,0 days 00:00:45.000000000,0 days 00:14:44.407068000
8,2019-12-02 10:17:00.000000,2019-12-02 10:17:45.000000,2019-12-02 10:33:24.797841,2019-12-02 10:33:30.307137,,,,Onsite,8,45,44,0 days 00:00:45.000000000,0 days 00:15:45.307137000
9,2019-12-02 09:15:00.000000,2019-12-02 09:15:35.000000,2019-12-02 09:29:24.288857,2019-12-02 09:29:59.288857,2019-12-02 09:59:55.774926,2019-12-02 10:00:30.774926,2019-12-02 10:17:02.877517,Replace,8,45,44,0 days 00:00:35.000000000,0 days 00:14:24.288857000
10,2019-12-02 11:21:00.000000,2019-12-02 11:21:30.000000,2019-12-02 11:36:44.354260,2019-12-02 11:37:03.241623,,,,Onsite,8,45,44,0 days 00:00:30.000000000,0 days 00:15:33.241623000
11,2019-12-02 12:30:00.000000,2019-12-02 12:30:55.000000,2019-12-02 12:48:18.013205,2019-12-02 12:48:27.248613,,,,Onsite,8,45,44,0 days 00:00:55.000000000,0 days 00:17:32.248613000
12,2019-12-02 13:39:00.000000,2019-12-02 13:39:35.000000,2019-12-02 13:53:10.833944,2019-12-02 13:53:45.833944,2019-12-02 14:27:02.044125,2019-12-02 14:27:37.044125,2019-12-02 14:45:04.882909,Replace,8,45,44,0 days 00:00:35.000000000,0 days 00:14:10.833944000
13,2019-12-02 14:45:00.000000,2019-12-02 14:45:25.000000,2019-12-02 15:03:31.378186,2019-12-02 15:03:56.378186,2019-12-02 15:41:20.066401,2019-12-02 15:41:45.066401,2019-12-02 15:57:22.945909,Replace,8,45,44,0 days 00:00:25.000000000,0 days 00:18:31.378186000
14,2019-12-02 15:44:00.000000,2019-12-02 15:44:45.000000,2019-12-02 16:02:59.931180,2019-12-02 16:03:28.087605,,,,Onsite,8,45,44,0 days 00:00:45.000000000,0 days 00:18:43.087605000
15,2019-12-02 16:43:00.000000,2019-12-02 16:43:35.000000,2019-12-02 16:58:02.893995,2019-12-02 16:58:37.893995,2019-12-02 17:42:40.786014,2019-12-02 17:43:15.786014,2019-12-02 17:55:43.327755,Replace,8,45,44,0 days 00:00:35.000000000,0 days 00:15:02.893995000
16,2019-12-02 17:54:00.000000,2019-12-02 17:54:50.000000,2019-12-02 18:09:25.308667,2019-12-02 18:09:34.679371,,,,Onsite,8,45,44,0 days 00:00:50.000000000,0 days 00:14:44.679371000
17,2019-12-02 19:00:00.000000,2019-12-02 19:00:45.000000,2019-12-02 19:13:13.900197,2019-12-02 19:13:58.900197,2019-12-02 19:48:40.716286,2019-12-02 19:49:25.716286,2019-12-02 20:11:53.631662,Replace,8,45,44,0 days 00:00:45.000000000,0 days 00:13:13.900197000
18,2019-12-02 19:54:00.000000,2019-12-02 19:54:45.000000,2019-12-02 20:12:56.226848,2019-12-02 20:13:14.565996,,,,Onsite,8,45,44,0 days 00:00:45.000000000,0 days 00:18:29.565996000
19,2019-12-02 21:04:00.000000,2019-12-02 21:04:45.000000,2019-12-02 21:19:22.721228,2019-12-02 21:19:52.675611,,,,Onsite,8,45,44,0 days 00:00:45.000000000,0 days 00:15:07.675611000
20,2019-12-02 22:15:00.000000,2019-12-02 22:15:55.000000,2019-12-02 22:30:01.712505,2019-12-02 22:30:10.731242,,,,Onsite,8,45,44,0 days 00:00:55.000000000,0 days 00:14:15.731242000
0,2019-12-02 00:57:00.000000,2019-12-02 00:00:35.000000,2019-12-02 00:20:54.429692,2019-12-02 00:21:29.429692,2019-12-02 00:50:24.633751,2019-12-02 00:50:59.633751,2019-12-02 01:10:36.352085,Replace,9,45,44,-1 days +23:03:35.000000000,0 days 00:20:54.429692000
1,2019-12-02 00:59:00.000000,2019-12-02 00:59:35.000000,2019-12-02 01:17:03.039383,2019-12-02 01:17:22.398274,,,,Onsite,9,45,44,0 days 00:00:35.000000000,0 days 00:17:47.398274000
2,2019-12-02 02:25:00.000000,2019-12-02 02:25:30.000000,2019-12-02 02:45:30.427936,2019-12-02 02:46:00.427936,2019-12-02 03:38:47.600449,2019-12-02 03:39:17.600449,2019-12-02 03:52:33.315643,Replace,9,45,44,0 days 00:00:30.000000000,0 days 00:20:30.427936000
3,2019-12-02 03:36:00.000000,2019-12-02 03:36:25.000000,2019-12-02 03:53:21.652461,2019-12-02 03:53:46.652461,2019-12-02 04:51:17.712040,2019-12-02 04:51:42.712040,2019-12-02 05:07:12.232828,Replace,9,45,44,0 days 00:00:25.000000000,0 days 00:17:21.652461000
4,2019-12-02 04:38:00.000000,2019-12-02 04:38:45.000000,2019-12-02 04:57:14.252782,2019-12-02 04:57:20.815291,,,,Onsite,9,45,44,0 days 00:00:45.000000000,0 days 00:18:35.815291000
5,2019-12-02 05:47:00.000000,2019-12-02 05:47:55.000000,2019-12-02 05:59:09.128556,2019-12-02 05:59:23.370774,,,,Onsite,9,45,44,0 days 00:00:55.000000000,0 days 00:11:28.370774000
6,2019-12-02 06:56:00.000000,2019-12-02 06:56:45.000000,2019-12-02 07:14:16.962162,2019-12-02 07:15:01.962162,2019-12-02 08:03:50.524357,2019-12-02 08:04:35.524357,2019-12-02 08:20:14.920176,Replace,9,45,44,0 days 00:00:45.000000000,0 days 00:18:16.962162000
7,2019-12-02 07:53:00.000000,2019-12-02 07:53:45.000000,2019-12-02 08:12:55.308497,2019-12-02 08:13:40.308497,2019-12-02 08:54:51.663973,2019-12-02 08:55:36.663973,2019-12-02 09:08:35.701461,Replace,9,45,44,0 days 00:00:45.000000000,0 days 00:19:55.308497000
8,2019-12-02 09:02:00.000000,2019-12-02 09:02:45.000000,2019-12-02 09:19:38.674160,2019-12-02 09:20:23.674160,2019-12-02 10:06:45.949703,2019-12-02 10:07:30.949703,2019-12-02 10:23:29.462226,Replace,9,45,44,0 days 00:00:45.000000000,0 days 00:17:38.674160000
9,2019-12-02 10:03:00.000000,2019-12-02 10:03:45.000000,2019-12-02 10:24:07.169457,2019-12-02 10:24:20.521808,,,,Onsite,9,45,44,0 days 00:00:45.000000000,0 days 00:20:35.521808000
10,2019-12-02 11:24:00.000000,2019-12-02 11:24:45.000000,2019-12-02 11:40:09.523902,2019-12-02 11:40:13.943184,,,,Onsite,9,45,44,0 days 00:00:45.000000000,0 days 00:15:28.943184000
11,2019-12-02 12:31:00.000000,2019-12-02 12:31:30.000000,2019-12-02 12:42:42.880450,2019-12-02 12:42:54.890168,,,,Onsite,9,45,44,0 days 00:00:30.000000000,0 days 00:11:24.890168000
12,2019-12-02 13:50:00.000000,2019-12-02 13:50:50.000000,2019-12-02 14:07:27.294932,2019-12-02 14:08:17.294932,2019-12-02 14:58:46.414547,2019-12-02 14:59:36.414547,2019-12-02 15:18:09.958795,Replace,9,45,44,0 days 00:00:50.000000000,0 days 00:17:27.294932000
13,2019-12-02 14:51:00.000000,2019-12-02 14:51:35.000000,2019-12-02 15:00:21.774002,2019-12-02 15:00:56.774002,2019-12-02 15:42:11.282096,2019-12-02 15:42:46.282096,2019-12-02 15:54:47.324468,Replace,9,45,44,0 days 00:00:35.000000000,0 days 00:09:21.774002000
14,2019-12-02 15:54:00.000000,2019-12-02 15:54:30.000000,2019-12-02 16:08:04.284186,2019-12-02 16:08:34.284186,2019-12-02 16:44:41.284227,2019-12-02 16:45:11.284227,2019-12-02 17:00:07.592793,Replace,9,45,44,0 days 00:00:30.000000000,0 days 00:14:04.284186000
15,2019-12-02 16:54:00.000000,2019-12-02 16:54:30.000000,2019-12-02 17:12:12.094842,2019-12-02 17:12:42.094842,2019-12-02 18:00:11.003751,2019-12-02 18:00:41.003751,2019-12-02 18:15:14.407227,Replace,9,45,44,0 days 00:00:30.000000000,0 days 00:18:12.094842000
16,2019-12-02 18:05:00.000000,2019-12-02 18:05:35.000000,2019-12-02 18:24:21.613423,2019-12-02 18:24:56.613423,2019-12-02 18:50:59.744448,2019-12-02 18:51:34.744448,2019-12-02 19:05:57.373105,Replace,9,45,44,0 days 00:00:35.000000000,0 days 00:19:21.613423000
17,2019-12-02 19:19:00.000000,2019-12-02 19:19:25.000000,2019-12-02 19:37:40.505996,2019-12-02 19:38:05.505996,2019-12-02 20:11:02.928729,2019-12-02 20:11:27.928729,2019-12-02 20:27:15.865503,Replace,9,45,44,0 days 00:00:25.000000000,0 days 00:18:40.505996000
18,2019-12-02 20:23:00.000000,2019-12-02 20:23:25.000000,2019-12-02 20:38:52.181205,2019-12-02 20:39:17.181205,2019-12-02 21:24:05.381297,2019-12-02 21:24:30.381297,2019-12-02 21:43:22.669006,Replace,9,45,44,0 days 00:00:25.000000000,0 days 00:15:52.181205000
19,2019-12-02 21:27:00.000000,2019-12-02 21:27:50.000000,2019-12-02 21:43:49.222466,2019-12-02 21:44:39.222466,2019-12-02 22:13:41.690104,2019-12-02 22:14:31.690104,2019-12-02 22:27:10.316177,Replace,9,45,44,0 days 00:00:50.000000000,0 days 00:16:49.222466000
0,2019-12-02 01:08:00.000000,2019-12-02 00:00:50.000000,2019-12-02 00:21:01.411369,2019-12-02 00:21:08.518314,,,,Onsite,1,45,45,-1 days +22:52:50.000000000,0 days 00:20:18.518314000
1,2019-12-02 01:08:00.000000,2019-12-02 01:08:55.000000,2019-12-02 01:20:56.261211,2019-12-02 01:21:16.232362,,,,Onsite,1,45,45,0 days 00:00:55.000000000,0 days 00:12:21.232362000
2,2019-12-02 02:37:00.000000,2019-12-02 02:37:35.000000,2019-12-02 02:57:13.615884,2019-12-02 02:57:27.139161,,,,Onsite,1,45,45,0 days 00:00:35.000000000,0 days 00:19:52.139161000
3,2019-12-02 03:44:00.000000,2019-12-02 03:44:30.000000,2019-12-02 04:07:03.326759,2019-12-02 04:07:22.819733,,,,Onsite,1,45,45,0 days 00:00:30.000000000,0 days 00:22:52.819733000
4,2019-12-02 05:01:00.000000,2019-12-02 05:01:35.000000,2019-12-02 05:19:16.687962,2019-12-02 05:19:51.687962,2019-12-02 05:50:23.505784,2019-12-02 05:50:58.505784,2019-12-02 06:04:36.352968,Replace,1,45,45,0 days 00:00:35.000000000,0 days 00:18:16.687962000
5,2019-12-02 06:00:00.000000,2019-12-02 06:00:45.000000,2019-12-02 06:19:32.960904,2019-12-02 06:20:17.960904,2019-12-02 07:10:50.731087,2019-12-02 07:11:35.731087,2019-12-02 07:31:37.101253,Replace,1,45,45,0 days 00:00:45.000000000,0 days 00:19:32.960904000
6,2019-12-02 06:58:00.000000,2019-12-02 06:58:55.000000,2019-12-02 07:17:54.721759,2019-12-02 07:18:49.721759,2019-12-02 07:52:21.785092,2019-12-02 07:53:16.785092,2019-12-02 08:06:22.154883,Replace,1,45,45,0 days 00:00:55.000000000,0 days 00:19:54.721759000
7,2019-12-02 08:13:00.000000,2019-12-02 08:13:35.000000,2019-12-02 08:26:24.945790,2019-12-02 08:26:59.945790,2019-12-02 09:07:03.960334,2019-12-02 09:07:38.960334,2019-12-02 09:20:56.390257,Replace,1,45,45,0 days 00:00:35.000000000,0 days 00:13:24.945790000
8,2019-12-02 09:31:00.000000,2019-12-02 09:31:55.000000,2019-12-02 09:47:01.597177,2019-12-02 09:47:56.597177,2019-12-02 10:32:06.534074,2019-12-02 10:33:01.534074,2019-12-02 10:48:28.947383,Replace,1,45,45,0 days 00:00:55.000000000,0 days 00:16:01.597177000
9,2019-12-02 10:43:00.000000,2019-12-02 10:43:35.000000,2019-12-02 11:03:59.558435,2019-12-02 11:04:34.558435,2019-12-02 11:35:27.640935,2019-12-02 11:36:02.640935,2019-12-02 11:53:53.882187,Replace,1,45,45,0 days 00:00:35.000000000,0 days 00:20:59.558435000
10,2019-12-02 11:43:00.000000,2019-12-02 11:43:55.000000,2019-12-02 12:02:56.332042,2019-12-02 12:03:51.332042,2019-12-02 12:34:21.625332,2019-12-02 12:35:16.625332,2019-12-02 12:50:26.666540,Replace,1,45,45,0 days 00:00:55.000000000,0 days 00:19:56.332042000
11,2019-12-02 12:48:00.000000,2019-12-02 12:48:30.000000,2019-12-02 13:02:39.580073,2019-12-02 13:03:09.580073,2019-12-02 13:54:48.906740,2019-12-02 13:55:18.906740,2019-12-02 14:10:43.585969,Replace,1,45,45,0 days 00:00:30.000000000,0 days 00:14:39.580073000
12,2019-12-02 13:50:00.000000,2019-12-02 13:50:45.000000,2019-12-02 14:05:47.663035,2019-12-02 14:06:32.663035,2019-12-02 14:42:57.757333,2019-12-02 14:43:42.757333,2019-12-02 14:59:13.872342,Replace,1,45,45,0 days 00:00:45.000000000,0 days 00:15:47.663035000
13,2019-12-02 14:52:00.000000,2019-12-02 14:52:35.000000,2019-12-02 15:09:02.769428,2019-12-02 15:09:10.333164,,,,Onsite,1,45,45,0 days 00:00:35.000000000,0 days 00:16:35.333164000
14,2019-12-02 17:07:00.000000,2019-12-02 17:07:25.000000,2019-12-02 17:22:09.277178,2019-12-02 17:22:13.611567,,,,Onsite,1,45,45,0 days 00:00:25.000000000,0 days 00:14:48.611567000
15,2019-12-02 15:59:00.000000,2019-12-02 15:59:45.000000,2019-12-02 16:17:35.696873,2019-12-02 16:18:20.696873,2019-12-02 16:55:28.197416,2019-12-02 16:56:13.197416,2019-12-02 17:07:05.542041,Replace,1,45,45,0 days 00:00:45.000000000,0 days 00:18:35.696873000
16,2019-12-02 18:29:00.000000,2019-12-02 18:29:45.000000,2019-12-02 18:41:46.561132,2019-12-02 18:42:06.925892,,,,Onsite,1,45,45,0 days 00:00:45.000000000,0 days 00:12:21.925892000
17,2019-12-02 19:26:00.000000,2019-12-02 19:26:55.000000,2019-12-02 19:45:15.862156,2019-12-02 19:46:10.862156,2019-12-02 20:16:02.126909,2019-12-02 20:16:57.126909,2019-12-02 20:29:37.155813,Replace,1,45,45,0 days 00:00:55.000000000,0 days 00:19:15.862156000
18,2019-12-02 20:42:00.000000,2019-12-02 20:42:55.000000,2019-12-02 20:51:07.828944,2019-12-02 20:52:02.828944,2019-12-02 21:29:46.302678,2019-12-02 21:30:41.302678,2019-12-02 21:46:13.263642,Replace,1,45,45,0 days 00:00:55.000000000,0 days 00:09:07.828944000
19,2019-12-02 21:37:00.000000,2019-12-02 21:37:30.000000,2019-12-02 21:53:49.580914,2019-12-02 21:54:19.580914,2019-12-02 22:19:31.192588,2019-12-02 22:20:01.192588,2019-12-02 22:34:08.108928,Replace,1,45,45,0 days 00:00:30.000000000,0 days 00:16:49.580914000
0,2019-12-02 01:16:00.000000,2019-12-02 00:00:45.000000,2019-12-02 00:16:46.875001,2019-12-02 00:17:31.875001,2019-12-02 01:07:16.388901,2019-12-02 01:08:01.388901,2019-12-02 01:26:41.200429,Replace,2,45,45,-1 days +22:44:45.000000000,0 days 00:16:46.875001000
1,2019-12-02 01:10:00.000000,2019-12-02 01:10:25.000000,2019-12-02 01:24:51.251990,2019-12-02 01:25:16.251990,2019-12-02 02:01:47.561842,2019-12-02 02:02:12.561842,2019-12-02 02:20:10.129392,Replace,2,45,45,0 days 00:00:25.000000000,0 days 00:14:51.251990000
2,2019-12-02 02:14:00.000000,2019-12-02 02:14:25.000000,2019-12-02 02:28:26.622557,2019-12-02 02:28:51.622557,2019-12-02 03:08:51.047523,2019-12-02 03:09:16.047523,2019-12-02 03:22:51.077080,Replace,2,45,45,0 days 00:00:25.000000000,0 days 00:14:26.622557000
3,2019-12-02 03:29:00.000000,2019-12-02 03:29:45.000000,2019-12-02 03:47:24.537233,2019-12-02 03:48:09.537233,2019-12-02 04:15:37.955137,2019-12-02 04:16:22.955137,2019-12-02 04:33:37.201818,Replace,2,45,45,0 days 00:00:45.000000000,0 days 00:18:24.537233000
4,2019-12-02 04:42:00.000000,2019-12-02 04:42:45.000000,2019-12-02 05:00:22.285997,2019-12-02 05:01:07.285997,2019-12-02 05:30:15.142875,2019-12-02 05:31:00.142875,2019-12-02 05:48:33.954459,Replace,2,45,45,0 days 00:00:45.000000000,0 days 00:18:22.285997000
5,2019-12-02 05:55:00.000000,2019-12-02 05:55:25.000000,2019-12-02 06:09:34.614872,2019-12-02 06:09:59.614872,2019-12-02 06:47:16.483014,2019-12-02 06:47:41.483014,2019-12-02 07:04:37.282565,Replace,2,45,45,0 days 00:00:25.000000000,0 days 00:14:34.614872000
6,2019-12-02 07:14:00.000000,2019-12-02 07:14:25.000000,2019-12-02 07:28:08.943041,2019-12-02 07:28:33.943041,2019-12-02 07:55:00.586847,2019-12-02 07:55:25.586847,2019-12-02 08:12:55.023929,Replace,2,45,45,0 days 00:00:25.000000000,0 days 00:14:08.943041000
7,2019-12-02 08:20:00.000000,2019-12-02 08:20:55.000000,2019-12-02 08:39:17.350917,2019-12-02 08:40:12.350917,2019-12-02 09:05:29.722859,2019-12-02 09:06:24.722859,2019-12-02 09:29:25.562802,Replace,2,45,45,0 days 00:00:55.000000000,0 days 00:19:17.350917000
8,2019-12-02 09:22:00.000000,2019-12-02 09:22:45.000000,2019-12-02 09:40:55.141222,2019-12-02 09:41:03.635969,,,,Onsite,2,45,45,0 days 00:00:45.000000000,0 days 00:18:18.635969000
9,2019-12-02 10:39:00.000000,2019-12-02 10:39:45.000000,2019-12-02 10:55:23.317135,2019-12-02 10:55:32.653698,,,,Onsite,2,45,45,0 days 00:00:45.000000000,0 days 00:15:47.653698000
10,2019-12-02 11:40:00.000000,2019-12-02 11:40:50.000000,2019-12-02 11:55:17.714571,2019-12-02 11:55:31.635007,,,,Onsite,2,45,45,0 days 00:00:50.000000000,0 days 00:14:41.635007000
11,2019-12-02 12:35:00.000000,2019-12-02 12:35:45.000000,2019-12-02 12:46:53.298003,2019-12-02 12:47:00.435093,,,,Onsite,2,45,45,0 days 00:00:45.000000000,0 days 00:11:15.435093000
12,2019-12-02 13:38:00.000000,2019-12-02 13:38:55.000000,2019-12-02 13:54:49.448919,2019-12-02 13:55:04.967908,,,,Onsite,2,45,45,0 days 00:00:55.000000000,0 days 00:16:09.967908000
13,2019-12-02 14:41:00.000000,2019-12-02 14:41:45.000000,2019-12-02 15:01:33.596025,2019-12-02 15:02:18.596025,2019-12-02 15:37:43.060882,2019-12-02 15:38:28.060882,2019-12-02 15:52:26.199541,Replace,2,45,45,0 days 00:00:45.000000000,0 days 00:20:33.596025000
14,2019-12-02 15:40:00.000000,2019-12-02 15:40:25.000000,2019-12-02 15:53:47.002381,2019-12-02 15:54:12.002381,2019-12-02 16:26:35.938119,2019-12-02 16:27:00.938119,2019-12-02 16:42:46.797453,Replace,2,45,45,0 days 00:00:25.000000000,0 days 00:13:47.002381000
15,2019-12-02 16:43:00.000000,2019-12-02 16:43:35.000000,2019-12-02 17:02:37.243201,2019-12-02 17:03:12.243201,2019-12-02 17:59:35.066796,2019-12-02 18:00:10.066796,2019-12-02 18:12:51.640785,Replace,2,45,45,0 days 00:00:35.000000000,0 days 00:19:37.243201000
16,2019-12-02 17:42:00.000000,2019-12-02 17:42:35.000000,2019-12-02 17:54:51.979451,2019-12-02 17:55:26.979451,2019-12-02 18:50:17.283506,2019-12-02 18:50:52.283506,2019-12-02 19:04:18.116187,Replace,2,45,45,0 days 00:00:35.000000000,0 days 00:12:51.979451000
17,2019-12-02 18:57:00.000000,2019-12-02 18:57:55.000000,2019-12-02 19:13:42.132570,2019-12-02 19:14:37.132570,2019-12-02 19:52:42.814605,2019-12-02 19:53:37.814605,2019-12-02 20:10:54.147121,Replace,2,45,45,0 days 00:00:55.000000000,0 days 00:16:42.132570000
18,2019-12-02 20:03:00.000000,2019-12-02 20:03:45.000000,2019-12-02 20:20:53.189217,2019-12-02 20:21:38.189217,2019-12-02 20:58:35.484123,2019-12-02 20:59:20.484123,2019-12-02 21:17:48.210070,Replace,2,45,45,0 days 00:00:45.000000000,0 days 00:17:53.189217000
19,2019-12-02 21:09:00.000000,2019-12-02 21:09:45.000000,2019-12-02 21:25:34.188332,2019-12-02 21:26:19.188332,2019-12-02 22:05:15.087899,2019-12-02 22:06:00.087899,2019-12-02 22:22:19.918916,Replace,2,45,45,0 days 00:00:45.000000000,0 days 00:16:34.188332000
20,2019-12-02 22:13:00.000000,2019-12-02 22:13:30.000000,2019-12-02 22:28:20.682164,2019-12-02 22:28:28.244189,,,,Onsite,2,45,45,0 days 00:00:30.000000000,0 days 00:14:58.244189000
0,2019-12-02 01:05:00.000000,2019-12-02 00:00:55.000000,2019-12-02 00:16:07.695233,2019-12-02 00:16:33.536209,,,,Onsite,3,45,45,-1 days +22:55:55.000000000,0 days 00:15:38.536209000
1,2019-12-02 01:05:00.000000,2019-12-02 01:05:45.000000,2019-12-02 01:21:48.331437,2019-12-02 01:21:57.129279,,,,Onsite,3,45,45,0 days 00:00:45.000000000,0 days 00:16:12.129279000
2,2019-12-02 02:19:00.000000,2019-12-02 02:19:35.000000,2019-12-02 02:34:11.713577,2019-12-02 02:34:29.648602,,,,Onsite,3,45,45,0 days 00:00:35.000000000,0 days 00:14:54.648602000
3,2019-12-02 03:26:00.000000,2019-12-02 03:26:45.000000,2019-12-02 03:41:02.809487,2019-12-02 03:41:47.809487,2019-12-02 04:08:56.016683,2019-12-02 04:09:41.016683,2019-12-02 04:26:21.239212,Replace,3,45,45,0 days 00:00:45.000000000,0 days 00:15:02.809487000
4,2019-12-02 04:37:00.000000,2019-12-02 04:37:35.000000,2019-12-02 04:58:50.981256,2019-12-02 04:59:25.981256,2019-12-02 05:47:21.129773,2019-12-02 05:47:56.129773,2019-12-02 06:08:29.861081,Replace,3,45,45,0 days 00:00:35.000000000,0 days 00:21:50.981256000
5,2019-12-02 05:43:00.000000,2019-12-02 05:43:55.000000,2019-12-02 05:56:41.275831,2019-12-02 05:57:36.275831,2019-12-02 06:20:03.468595,2019-12-02 06:20:58.468595,2019-12-02 06:38:43.194298,Replace,3,45,45,0 days 00:00:55.000000000,0 days 00:13:41.275831000
6,2019-12-02 06:45:00.000000,2019-12-02 06:45:45.000000,2019-12-02 07:03:18.503204,2019-12-02 07:04:03.503204,2019-12-02 07:47:42.630225,2019-12-02 07:48:27.630225,2019-12-02 08:08:58.815515,Replace,3,45,45,0 days 00:00:45.000000000,0 days 00:18:18.503204000
7,2019-12-02 07:41:00.000000,2019-12-02 07:41:45.000000,2019-12-02 07:58:18.954072,2019-12-02 07:59:03.954072,2019-12-02 08:42:57.484461,2019-12-02 08:43:42.484461,2019-12-02 09:06:45.195087,Replace,3,45,45,0 days 00:00:45.000000000,0 days 00:17:18.954072000
8,2019-12-02 08:48:00.000000,2019-12-02 08:48:35.000000,2019-12-02 09:06:46.688246,2019-12-02 09:07:21.688246,2019-12-02 09:35:53.278100,2019-12-02 09:36:28.278100,2019-12-02 09:56:06.671161,Replace,3,45,45,0 days 00:00:35.000000000,0 days 00:18:46.688246000
9,2019-12-02 09:49:00.000000,2019-12-02 09:49:55.000000,2019-12-02 10:08:08.838941,2019-12-02 10:08:12.964942,,,,Onsite,3,45,45,0 days 00:00:55.000000000,0 days 00:18:17.964942000
10,2019-12-02 10:57:00.000000,2019-12-02 10:57:30.000000,2019-12-02 11:13:10.711117,2019-12-02 11:13:27.386899,,,,Onsite,3,45,45,0 days 00:00:30.000000000,0 days 00:15:57.386899000
11,2019-12-02 12:05:00.000000,2019-12-02 12:05:35.000000,2019-12-02 12:23:01.656463,2019-12-02 12:23:18.610175,,,,Onsite,3,45,45,0 days 00:00:35.000000000,0 days 00:17:43.610175000
12,2019-12-02 13:21:00.000000,2019-12-02 13:21:45.000000,2019-12-02 13:35:09.508652,2019-12-02 13:35:54.508652,2019-12-02 14:17:38.210834,2019-12-02 14:18:23.210834,2019-12-02 14:30:36.801685,Replace,3,45,45,0 days 00:00:45.000000000,0 days 00:14:09.508652000
13,2019-12-02 14:34:00.000000,2019-12-02 14:34:25.000000,2019-12-02 14:46:16.300153,2019-12-02 14:46:41.300153,2019-12-02 15:25:32.512949,2019-12-02 15:25:57.512949,2019-12-02 15:46:07.147312,Replace,3,45,45,0 days 00:00:25.000000000,0 days 00:12:16.300153000
14,2019-12-02 15:52:00.000000,2019-12-02 15:52:35.000000,2019-12-02 16:06:48.433569,2019-12-02 16:06:51.868982,,,,Onsite,3,45,45,0 days 00:00:35.000000000,0 days 00:14:16.868982000
15,2019-12-02 17:07:00.000000,2019-12-02 17:07:45.000000,2019-12-02 17:22:30.726959,2019-12-02 17:23:15.726959,2019-12-02 17:58:57.026915,2019-12-02 17:59:42.026915,2019-12-02 18:14:11.899558,Replace,3,45,45,0 days 00:00:45.000000000,0 days 00:15:30.726959000
16,2019-12-02 18:09:00.000000,2019-12-02 18:09:45.000000,2019-12-02 18:24:39.940428,2019-12-02 18:25:24.940428,2019-12-02 18:54:43.589736,2019-12-02 18:55:28.589736,2019-12-02 19:09:34.084718,Replace,3,45,45,0 days 00:00:45.000000000,0 days 00:15:39.940428000
17,2019-12-02 19:15:00.000000,2019-12-02 19:15:45.000000,2019-12-02 19:32:54.003910,2019-12-02 19:33:39.003910,2019-12-02 20:20:20.484237,2019-12-02 20:21:05.484237,2019-12-02 20:31:50.390373,Replace,3,45,45,0 days 00:00:45.000000000,0 days 00:17:54.003910000
18,2019-12-02 20:38:00.000000,2019-12-02 20:38:35.000000,2019-12-02 20:53:34.251621,2019-12-02 20:53:44.339138,,,,Onsite,3,45,45,0 days 00:00:35.000000000,0 days 00:15:09.339138000
19,2019-12-02 21:51:00.000000,2019-12-02 21:51:25.000000,2019-12-02 22:12:30.885139,2019-12-02 22:12:43.626008,,,,Onsite,3,45,45,0 days 00:00:25.000000000,0 days 00:21:18.626008000
0,2019-12-02 01:07:00.000000,2019-12-02 00:00:45.000000,2019-12-02 00:21:13.225094,2019-12-02 00:21:33.317087,,,,Onsite,4,45,45,-1 days +22:53:45.000000000,0 days 00:20:48.317087000
1,2019-12-02 01:15:00.000000,2019-12-02 01:15:45.000000,2019-12-02 01:29:27.259411,2019-12-02 01:30:12.259411,2019-12-02 02:00:13.086587,2019-12-02 02:00:58.086587,2019-12-02 02:22:01.658846,Replace,4,45,45,0 days 00:00:45.000000000,0 days 00:14:27.259411000
2,2019-12-02 02:32:00.000000,2019-12-02 02:32:35.000000,2019-12-02 02:50:56.757260,2019-12-02 02:51:31.757260,2019-12-02 03:23:12.709717,2019-12-02 03:23:47.709717,2019-12-02 03:34:45.233130,Replace,4,45,45,0 days 00:00:35.000000000,0 days 00:18:56.757260000
3,2019-12-02 03:38:00.000000,2019-12-02 03:38:55.000000,2019-12-02 03:55:01.690489,2019-12-02 03:55:30.183542,,,,Onsite,4,45,45,0 days 00:00:55.000000000,0 days 00:16:35.183542000
4,2019-12-02 04:49:00.000000,2019-12-02 04:49:35.000000,2019-12-02 05:01:53.471288,2019-12-02 05:02:03.953587,,,,Onsite,4,45,45,0 days 00:00:35.000000000,0 days 00:12:28.953587000
5,2019-12-02 06:00:00.000000,2019-12-02 06:00:45.000000,2019-12-02 06:13:15.054041,2019-12-02 06:14:00.054041,2019-12-02 06:47:58.605549,2019-12-02 06:48:43.605549,2019-12-02 07:11:39.003914,Replace,4,45,45,0 days 00:00:45.000000000,0 days 00:13:15.054041000
6,2019-12-02 07:12:00.000000,2019-12-02 07:12:25.000000,2019-12-02 07:25:48.821741,2019-12-02 07:26:13.821741,2019-12-02 08:14:47.116158,2019-12-02 08:15:12.116158,2019-12-02 08:36:24.737561,Replace,4,45,45,0 days 00:00:25.000000000,0 days 00:13:48.821741000
7,2019-12-02 08:18:00.000000,2019-12-02 08:18:45.000000,2019-12-02 08:36:54.842655,2019-12-02 08:37:39.842655,2019-12-02 09:09:15.695706,2019-12-02 09:10:00.695706,2019-12-02 09:22:33.476461,Replace,4,45,45,0 days 00:00:45.000000000,0 days 00:18:54.842655000
8,2019-12-02 09:20:00.000000,2019-12-02 09:20:35.000000,2019-12-02 09:38:41.556248,2019-12-02 09:39:16.556248,2019-12-02 10:08:07.658398,2019-12-02 10:08:42.658398,2019-12-02 10:24:12.365816,Replace,4,45,45,0 days 00:00:35.000000000,0 days 00:18:41.556248000
9,2019-12-02 10:23:00.000000,2019-12-02 10:23:35.000000,2019-12-02 10:43:34.030120,2019-12-02 10:44:09.030120,2019-12-02 11:22:02.490898,2019-12-02 11:22:37.490898,2019-12-02 11:40:05.433416,Replace,4,45,45,0 days 00:00:35.000000000,0 days 00:20:34.030120000
10,2019-12-02 11:23:00.000000,2019-12-02 11:23:45.000000,2019-12-02 11:38:08.296504,2019-12-02 11:38:53.296504,2019-12-02 12:28:46.792365,2019-12-02 12:29:31.792365,2019-12-02 12:43:43.123666,Replace,4,45,45,0 days 00:00:45.000000000,0 days 00:15:08.296504000
11,2019-12-02 12:45:00.000000,2019-12-02 12:45:55.000000,2019-12-02 13:02:25.858860,2019-12-02 13:03:20.858860,2019-12-02 13:34:56.024906,2019-12-02 13:35:51.024906,2019-12-02 13:55:13.583777,Replace,4,45,45,0 days 00:00:55.000000000,0 days 00:17:25.858860000
12,2019-12-02 13:42:00.000000,2019-12-02 13:42:25.000000,2019-12-02 13:59:06.401725,2019-12-02 13:59:19.329076,,,,Onsite,4,45,45,0 days 00:00:25.000000000,0 days 00:16:54.329076000
13,2019-12-02 14:56:00.000000,2019-12-02 14:56:35.000000,2019-12-02 15:14:02.106469,2019-12-02 15:14:35.648018,,,,Onsite,4,45,45,0 days 00:00:35.000000000,0 days 00:18:00.648018000
14,2019-12-02 15:55:00.000000,2019-12-02 15:55:55.000000,2019-12-02 16:08:11.387988,2019-12-02 16:08:23.889050,,,,Onsite,4,45,45,0 days 00:00:55.000000000,0 days 00:12:28.889050000
15,2019-12-02 16:55:00.000000,2019-12-02 16:55:35.000000,2019-12-02 17:11:06.501755,2019-12-02 17:11:41.501755,2019-12-02 17:50:51.559406,2019-12-02 17:51:26.559406,2019-12-02 18:06:13.796549,Replace,4,45,45,0 days 00:00:35.000000000,0 days 00:16:06.501755000
16,2019-12-02 18:04:00.000000,2019-12-02 18:04:25.000000,2019-12-02 18:22:32.789062,2019-12-02 18:22:53.042252,,,,Onsite,4,45,45,0 days 00:00:25.000000000,0 days 00:18:28.042252000
17,2019-12-02 19:03:00.000000,2019-12-02 19:03:45.000000,2019-12-02 19:20:36.546044,2019-12-02 19:20:58.026707,,,,Onsite,4,45,45,0 days 00:00:45.000000000,0 days 00:17:13.026707000
18,2019-12-02 20:16:00.000000,2019-12-02 20:16:35.000000,2019-12-02 20:35:39.967084,2019-12-02 20:36:14.967084,2019-12-02 21:21:30.444813,2019-12-02 21:22:05.444813,2019-12-02 21:37:43.019103,Replace,4,45,45,0 days 00:00:35.000000000,0 days 00:19:39.967084000
19,2019-12-02 21:17:00.000000,2019-12-02 21:17:50.000000,2019-12-02 21:35:01.871384,2019-12-02 21:35:12.259120,,,,Onsite,4,45,45,0 days 00:00:50.000000000,0 days 00:17:22.259120000
20,2019-12-02 22:15:00.000000,2019-12-02 22:15:45.000000,2019-12-02 22:31:56.764517,2019-12-02 22:32:14.048162,,,,Onsite,4,45,45,0 days 00:00:45.000000000,0 days 00:16:29.048162000
0,2019-12-02 01:01:00.000000,2019-12-02 00:00:35.000000,2019-12-02 00:14:37.564790,2019-12-02 00:15:12.564790,2019-12-02 00:46:30.551617,2019-12-02 00:47:05.551617,2019-12-02 00:58:57.198138,Replace,5,45,45,-1 days +22:59:35.000000000,0 days 00:14:37.564790000
1,2019-12-02 01:19:00.000000,2019-12-02 01:19:45.000000,2019-12-02 01:40:54.360448,2019-12-02 01:41:39.360448,2019-12-02 02:24:10.331945,2019-12-02 02:24:55.331945,2019-12-02 02:39:50.591428,Replace,5,45,45,0 days 00:00:45.000000000,0 days 00:21:54.360448000
2,2019-12-02 02:26:00.000000,2019-12-02 02:26:50.000000,2019-12-02 02:43:24.811865,2019-12-02 02:44:14.811865,2019-12-02 03:27:00.212244,2019-12-02 03:27:50.212244,2019-12-02 03:46:01.850718,Replace,5,45,45,0 days 00:00:50.000000000,0 days 00:17:24.811865000
3,2019-12-02 03:38:00.000000,2019-12-02 03:38:45.000000,2019-12-02 03:56:35.140162,2019-12-02 03:56:41.449358,,,,Onsite,5,45,45,0 days 00:00:45.000000000,0 days 00:17:56.449358000
4,2019-12-02 04:50:00.000000,2019-12-02 04:50:25.000000,2019-12-02 05:09:39.359429,2019-12-02 05:10:04.359429,2019-12-02 05:37:15.301085,2019-12-02 05:37:40.301085,2019-12-02 05:54:22.159262,Replace,5,45,45,0 days 00:00:25.000000000,0 days 00:19:39.359429000
5,2019-12-02 05:40:00.000000,2019-12-02 05:40:55.000000,2019-12-02 05:52:37.619487,2019-12-02 05:52:40.017407,,,,Onsite,5,45,45,0 days 00:00:55.000000000,0 days 00:11:45.017407000
6,2019-12-02 07:00:00.000000,2019-12-02 07:00:55.000000,2019-12-02 07:22:17.789150,2019-12-02 07:23:12.789150,2019-12-02 07:49:30.843375,2019-12-02 07:50:25.843375,2019-12-02 08:06:26.525046,Replace,5,45,45,0 days 00:00:55.000000000,0 days 00:22:17.789150000
7,2019-12-02 07:52:00.000000,2019-12-02 07:52:50.000000,2019-12-02 08:10:38.341413,2019-12-02 08:10:48.490884,,,,Onsite,5,45,45,0 days 00:00:50.000000000,0 days 00:17:58.490884000
8,2019-12-02 08:57:00.000000,2019-12-02 08:57:55.000000,2019-12-02 09:11:10.062507,2019-12-02 09:12:05.062507,2019-12-02 09:59:33.874852,2019-12-02 10:00:28.874852,2019-12-02 10:14:09.018341,Replace,5,45,45,0 days 00:00:55.000000000,0 days 00:14:10.062507000
9,2019-12-02 10:13:00.000000,2019-12-02 10:13:55.000000,2019-12-02 10:25:59.050626,2019-12-02 10:26:54.050626,2019-12-02 11:20:41.937061,2019-12-02 11:21:36.937061,2019-12-02 11:41:18.278803,Replace,5,45,45,0 days 00:00:55.000000000,0 days 00:12:59.050626000
10,2019-12-02 11:32:00.000000,2019-12-02 11:32:45.000000,2019-12-02 11:53:47.604351,2019-12-02 11:54:32.604351,2019-12-02 12:23:46.576802,2019-12-02 12:24:31.576802,2019-12-02 12:46:43.944496,Replace,5,45,45,0 days 00:00:45.000000000,0 days 00:21:47.604351000
11,2019-12-02 12:31:00.000000,2019-12-02 12:31:45.000000,2019-12-02 12:46:44.629330,2019-12-02 12:47:07.880741,,,,Onsite,5,45,45,0 days 00:00:45.000000000,0 days 00:15:22.880741000
12,2019-12-02 13:38:00.000000,2019-12-02 13:38:45.000000,2019-12-02 13:55:39.925738,2019-12-02 13:56:24.925738,2019-12-02 14:26:14.944765,2019-12-02 14:26:59.944765,2019-12-02 14:40:50.730653,Replace,5,45,45,0 days 00:00:45.000000000,0 days 00:17:39.925738000
13,2019-12-02 14:59:00.000000,2019-12-02 14:59:45.000000,2019-12-02 15:18:56.176511,2019-12-02 15:19:41.176511,2019-12-02 15:48:03.351182,2019-12-02 15:48:48.351182,2019-12-02 16:11:38.931977,Replace,5,45,45,0 days 00:00:45.000000000,0 days 00:19:56.176511000
14,2019-12-02 16:17:00.000000,2019-12-02 16:17:35.000000,2019-12-02 16:30:32.295341,2019-12-02 16:31:07.295341,2019-12-02 17:08:28.494241,2019-12-02 17:09:03.494241,2019-12-02 17:23:22.203300,Replace,5,45,45,0 days 00:00:35.000000000,0 days 00:13:32.295341000
15,2019-12-02 17:31:00.000000,2019-12-02 17:31:30.000000,2019-12-02 17:48:23.688344,2019-12-02 17:48:53.688344,2019-12-02 18:16:43.629232,2019-12-02 18:17:13.629232,2019-12-02 18:32:14.952674,Replace,5,45,45,0 days 00:00:30.000000000,0 days 00:17:23.688344000
16,2019-12-02 18:54:00.000000,2019-12-02 18:54:35.000000,2019-12-02 19:09:07.609817,2019-12-02 19:09:42.609817,2019-12-02 19:46:34.387149,2019-12-02 19:47:09.387149,2019-12-02 20:00:33.597529,Replace,5,45,45,0 days 00:00:35.000000000,0 days 00:15:07.609817000
17,2019-12-02 19:57:00.000000,2019-12-02 19:57:45.000000,2019-12-02 20:18:14.852443,2019-12-02 20:18:59.852443,2019-12-02 20:56:13.850861,2019-12-02 20:56:58.850861,2019-12-02 21:15:18.857560,Replace,5,45,45,0 days 00:00:45.000000000,0 days 00:21:14.852443000
18,2019-12-02 21:04:00.000000,2019-12-02 21:04:55.000000,2019-12-02 21:24:19.267619,2019-12-02 21:25:14.267619,2019-12-02 21:59:30.409391,2019-12-02 22:00:25.409391,2019-12-02 22:12:23.941258,Replace,5,45,45,0 days 00:00:55.000000000,0 days 00:20:19.267619000
19,2019-12-02 22:03:00.000000,2019-12-02 22:03:45.000000,2019-12-02 22:19:22.461247,2019-12-02 22:19:32.473416,,,,Onsite,5,45,45,0 days 00:00:45.000000000,0 days 00:15:47.473416000
0,2019-12-02 01:04:00.000000,2019-12-02 00:00:35.000000,2019-12-02 00:17:23.640556,2019-12-02 00:17:58.640556,2019-12-02 00:50:30.658826,2019-12-02 00:51:05.658826,2019-12-02 01:04:52.128103,Replace,6,45,45,-1 days +22:56:35.000000000,0 days 00:17:23.640556000
1,2019-12-02 01:19:00.000000,2019-12-02 01:19:55.000000,2019-12-02 01:37:07.839051,2019-12-02 01:38:02.839051,2019-12-02 02:08:06.691771,2019-12-02 02:09:01.691771,2019-12-02 02:21:32.989057,Replace,6,45,45,0 days 00:00:55.000000000,0 days 00:18:07.839051000
2,2019-12-02 02:25:00.000000,2019-12-02 02:25:45.000000,2019-12-02 02:41:21.325608,2019-12-02 02:41:26.901429,,,,Onsite,6,45,45,0 days 00:00:45.000000000,0 days 00:15:41.901429000
3,2019-12-02 03:25:00.000000,2019-12-02 03:25:35.000000,2019-12-02 03:42:42.732051,2019-12-02 03:43:17.732051,2019-12-02 04:28:54.595983,2019-12-02 04:29:29.595983,2019-12-02 04:46:47.025637,Replace,6,45,45,0 days 00:00:35.000000000,0 days 00:17:42.732051000
4,2019-12-02 04:45:00.000000,2019-12-02 04:45:45.000000,2019-12-02 05:02:57.595327,2019-12-02 05:03:42.595327,2019-12-02 05:36:03.595373,2019-12-02 05:36:48.595373,2019-12-02 05:51:11.799678,Replace,6,45,45,0 days 00:00:45.000000000,0 days 00:17:57.595327000
5,2019-12-02 05:53:00.000000,2019-12-02 05:53:45.000000,2019-12-02 06:05:13.843955,2019-12-02 06:05:45.484510,,,,Onsite,6,45,45,0 days 00:00:45.000000000,0 days 00:12:00.484510000
6,2019-12-02 06:55:00.000000,2019-12-02 06:55:30.000000,2019-12-02 07:12:23.281841,2019-12-02 07:12:53.281841,2019-12-02 07:46:10.737171,2019-12-02 07:46:40.737171,2019-12-02 08:05:01.438229,Replace,6,45,45,0 days 00:00:30.000000000,0 days 00:17:23.281841000
7,2019-12-02 08:11:00.000000,2019-12-02 08:11:55.000000,2019-12-02 08:22:33.758543,2019-12-02 08:22:44.358824,,,,Onsite,6,45,45,0 days 00:00:55.000000000,0 days 00:10:49.358824000
8,2019-12-02 09:41:00.000000,2019-12-02 09:41:45.000000,2019-12-02 09:59:54.825305,2019-12-02 10:00:39.825305,2019-12-02 10:38:08.521526,2019-12-02 10:38:53.521526,2019-12-02 10:55:10.943031,Replace,6,45,45,0 days 00:00:45.000000000,0 days 00:18:54.825305000
9,2019-12-02 10:49:00.000000,2019-12-02 10:49:25.000000,2019-12-02 11:00:50.528280,2019-12-02 11:01:15.528280,2019-12-02 11:41:16.477995,2019-12-02 11:41:41.477995,2019-12-02 12:03:06.901982,Replace,6,45,45,0 days 00:00:25.000000000,0 days 00:11:50.528280000
10,2019-12-02 11:55:00.000000,2019-12-02 11:55:45.000000,2019-12-02 12:12:17.898346,2019-12-02 12:13:02.898346,2019-12-02 12:51:16.099092,2019-12-02 12:52:01.099092,2019-12-02 13:07:27.248299,Replace,6,45,45,0 days 00:00:45.000000000,0 days 00:17:17.898346000
11,2019-12-02 12:59:00.000000,2019-12-02 12:59:55.000000,2019-12-02 13:15:27.147883,2019-12-02 13:16:22.147883,2019-12-02 13:58:25.974203,2019-12-02 13:59:20.974203,2019-12-02 14:15:03.242505,Replace,6,45,45,0 days 00:00:55.000000000,0 days 00:16:27.147883000
12,2019-12-02 14:04:00.000000,2019-12-02 14:04:55.000000,2019-12-02 14:17:45.767288,2019-12-02 14:18:40.767288,2019-12-02 14:58:53.361643,2019-12-02 14:59:48.361643,2019-12-02 15:22:01.523631,Replace,6,45,45,0 days 00:00:55.000000000,0 days 00:13:45.767288000
13,2019-12-02 15:12:00.000000,2019-12-02 15:12:45.000000,2019-12-02 15:30:38.807091,2019-12-02 15:30:41.831788,,,,Onsite,6,45,45,0 days 00:00:45.000000000,0 days 00:17:56.831788000
14,2019-12-02 16:20:00.000000,2019-12-02 16:20:25.000000,2019-12-02 16:37:52.862032,2019-12-02 16:38:17.862032,2019-12-02 17:24:22.483958,2019-12-02 17:24:47.483958,2019-12-02 17:44:44.422672,Replace,6,45,45,0 days 00:00:25.000000000,0 days 00:17:52.862032000
15,2019-12-02 17:30:00.000000,2019-12-02 17:30:45.000000,2019-12-02 17:43:02.004443,2019-12-02 17:43:47.004443,2019-12-02 18:37:48.928419,2019-12-02 18:38:33.928419,2019-12-02 19:00:18.924628,Replace,6,45,45,0 days 00:00:45.000000000,0 days 00:13:02.004443000
16,2019-12-02 18:30:00.000000,2019-12-02 18:30:45.000000,2019-12-02 18:47:06.082902,2019-12-02 18:47:13.761246,,,,Onsite,6,45,45,0 days 00:00:45.000000000,0 days 00:16:28.761246000
17,2019-12-02 20:42:00.000000,2019-12-02 20:42:45.000000,2019-12-02 20:57:51.405105,2019-12-02 20:58:36.405105,2019-12-02 21:31:34.547040,2019-12-02 21:32:19.547040,2019-12-02 21:46:55.049691,Replace,6,45,45,0 days 00:00:45.000000000,0 days 00:15:51.405105000
18,2019-12-02 19:32:00.000000,2019-12-02 19:32:55.000000,2019-12-02 19:50:58.502481,2019-12-02 19:51:53.502481,2019-12-02 20:22:18.141232,2019-12-02 20:23:13.141232,2019-12-02 20:42:28.872999,Replace,6,45,45,0 days 00:00:55.000000000,0 days 00:18:58.502481000
19,2019-12-02 21:49:00.000000,2019-12-02 21:49:35.000000,2019-12-02 22:06:12.322560,2019-12-02 22:06:47.322560,2019-12-02 22:33:42.692138,2019-12-02 22:34:17.692138,2019-12-02 22:47:02.399874,Replace,6,45,45,0 days 00:00:35.000000000,0 days 00:17:12.322560000
0,2019-12-02 01:08:00.000000,2019-12-02 00:00:25.000000,2019-12-02 00:17:23.039205,2019-12-02 00:17:48.039205,2019-12-02 00:45:26.356485,2019-12-02 00:45:51.356485,2019-12-02 01:07:45.229083,Replace,7,45,45,-1 days +22:52:25.000000000,0 days 00:17:23.039205000
1,2019-12-02 01:04:00.000000,2019-12-02 01:04:25.000000,2019-12-02 01:21:54.020765,2019-12-02 01:22:19.020765,2019-12-02 02:08:43.362792,2019-12-02 02:09:08.362792,2019-12-02 02:29:36.400912,Replace,7,45,45,0 days 00:00:25.000000000,0 days 00:17:54.020765000
2,2019-12-02 02:05:00.000000,2019-12-02 02:05:45.000000,2019-12-02 02:24:33.298701,2019-12-02 02:25:18.298701,2019-12-02 03:07:27.990287,2019-12-02 03:08:12.990287,2019-12-02 03:24:37.711557,Replace,7,45,45,0 days 00:00:45.000000000,0 days 00:19:33.298701000
3,2019-12-02 03:24:00.000000,2019-12-02 03:24:30.000000,2019-12-02 03:38:58.586386,2019-12-02 03:39:28.586386,2019-12-02 04:25:25.879462,2019-12-02 04:25:55.879462,2019-12-02 04:39:23.633917,Replace,7,45,45,0 days 00:00:30.000000000,0 days 00:14:58.586386000
4,2019-12-02 04:39:00.000000,2019-12-02 04:39:45.000000,2019-12-02 04:56:40.102043,2019-12-02 04:57:25.102043,2019-12-02 05:39:52.823894,2019-12-02 05:40:37.823894,2019-12-02 05:56:03.630007,Replace,7,45,45,0 days 00:00:45.000000000,0 days 00:17:40.102043000
5,2019-12-02 05:36:00.000000,2019-12-02 05:36:45.000000,2019-12-02 05:54:37.765597,2019-12-02 05:55:22.765597,2019-12-02 06:34:39.160531,2019-12-02 06:35:24.160531,2019-12-02 06:54:20.116344,Replace,7,45,45,0 days 00:00:45.000000000,0 days 00:18:37.765597000
6,2019-12-02 06:32:00.000000,2019-12-02 06:32:45.000000,2019-12-02 06:49:24.159870,2019-12-02 06:49:36.828028,,,,Onsite,7,45,45,0 days 00:00:45.000000000,0 days 00:16:51.828028000
7,2019-12-02 07:37:00.000000,2019-12-02 07:37:25.000000,2019-12-02 07:55:31.664030,2019-12-02 07:55:56.664030,2019-12-02 08:40:40.930567,2019-12-02 08:41:05.930567,2019-12-02 08:56:26.327867,Replace,7,45,45,0 days 00:00:25.000000000,0 days 00:18:31.664030000
8,2019-12-02 08:25:00.000000,2019-12-02 08:25:45.000000,2019-12-02 08:41:58.706933,2019-12-02 08:42:43.706933,2019-12-02 09:05:41.873244,2019-12-02 09:06:26.873244,2019-12-02 09:21:51.768717,Replace,7,45,45,0 days 00:00:45.000000000,0 days 00:16:58.706933000
9,2019-12-02 09:37:00.000000,2019-12-02 09:37:55.000000,2019-12-02 09:52:21.215628,2019-12-02 09:53:16.215628,2019-12-02 10:28:37.876260,2019-12-02 10:29:32.876260,2019-12-02 10:47:11.411942,Replace,7,45,45,0 days 00:00:55.000000000,0 days 00:15:21.215628000
10,2019-12-02 11:46:00.000000,2019-12-02 11:46:45.000000,2019-12-02 12:00:44.162913,2019-12-02 12:00:55.153894,,,,Onsite,7,45,45,0 days 00:00:45.000000000,0 days 00:14:10.153894000
11,2019-12-02 10:46:00.000000,2019-12-02 10:46:35.000000,2019-12-02 10:59:39.142654,2019-12-02 11:00:14.142654,2019-12-02 11:46:32.560687,2019-12-02 11:47:07.560687,2019-12-02 12:01:16.680099,Replace,7,45,45,0 days 00:00:35.000000000,0 days 00:13:39.142654000
12,2019-12-02 12:42:00.000000,2019-12-02 12:42:25.000000,2019-12-02 12:54:56.154290,2019-12-02 12:55:21.154290,2019-12-02 13:27:18.538561,2019-12-02 13:27:43.538561,2019-12-02 13:46:42.935594,Replace,7,45,45,0 days 00:00:25.000000000,0 days 00:12:56.154290000
13,2019-12-02 13:43:00.000000,2019-12-02 13:43:30.000000,2019-12-02 13:54:17.427083,2019-12-02 13:54:47.427083,2019-12-02 14:24:31.905772,2019-12-02 14:25:01.905772,2019-12-02 14:41:05.501657,Replace,7,45,45,0 days 00:00:30.000000000,0 days 00:11:17.427083000
14,2019-12-02 14:44:00.000000,2019-12-02 14:44:45.000000,2019-12-02 15:00:50.747049,2019-12-02 15:01:35.747049,2019-12-02 15:31:54.933550,2019-12-02 15:32:39.933550,2019-12-02 15:47:14.821331,Replace,7,45,45,0 days 00:00:45.000000000,0 days 00:16:50.747049000
15,2019-12-02 15:54:00.000000,2019-12-02 15:54:45.000000,2019-12-02 16:06:49.921950,2019-12-02 16:07:34.921950,2019-12-02 16:45:47.305073,2019-12-02 16:46:32.305073,2019-12-02 16:58:31.078401,Replace,7,45,45,0 days 00:00:45.000000000,0 days 00:12:49.921950000
16,2019-12-02 17:08:00.000000,2019-12-02 17:08:50.000000,2019-12-02 17:29:59.128585,2019-12-02 17:30:49.128585,2019-12-02 17:52:29.114815,2019-12-02 17:53:19.114815,2019-12-02 18:08:50.326103,Replace,7,45,45,0 days 00:00:50.000000000,0 days 00:21:59.128585000
17,2019-12-02 18:29:00.000000,2019-12-02 18:29:35.000000,2019-12-02 18:45:44.164852,2019-12-02 18:45:56.977817,,,,Onsite,7,45,45,0 days 00:00:35.000000000,0 days 00:16:21.977817000
18,2019-12-02 19:42:00.000000,2019-12-02 19:42:30.000000,2019-12-02 19:55:41.852804,2019-12-02 19:56:11.852804,2019-12-02 20:33:23.485568,2019-12-02 20:33:53.485568,2019-12-02 20:53:49.105226,Replace,7,45,45,0 days 00:00:30.000000000,0 days 00:13:41.852804000
19,2019-12-02 20:57:00.000000,2019-12-02 20:57:35.000000,2019-12-02 21:15:40.271379,2019-12-02 21:15:50.264517,,,,Onsite,7,45,45,0 days 00:00:35.000000000,0 days 00:18:15.264517000
20,2019-12-02 21:57:00.000000,2019-12-02 21:57:45.000000,2019-12-02 22:14:25.858575,2019-12-02 22:14:44.602907,,,,Onsite,7,45,45,0 days 00:00:45.000000000,0 days 00:16:59.602907000
0,2019-12-02 01:06:00.000000,2019-12-02 00:00:50.000000,2019-12-02 00:18:42.973391,2019-12-02 00:19:02.383843,,,,Onsite,8,45,45,-1 days +22:54:50.000000000,0 days 00:18:12.383843000
1,2019-12-02 00:59:00.000000,2019-12-02 00:59:50.000000,2019-12-02 01:17:46.032243,2019-12-02 01:17:49.324229,,,,Onsite,8,45,45,0 days 00:00:50.000000000,0 days 00:17:59.324229000
2,2019-12-02 02:01:00.000000,2019-12-02 02:01:45.000000,2019-12-02 02:18:11.198424,2019-12-02 02:18:56.198424,2019-12-02 02:48:26.251915,2019-12-02 02:49:11.251915,2019-12-02 03:03:46.809156,Replace,8,45,45,0 days 00:00:45.000000000,0 days 00:17:11.198424000
3,2019-12-02 03:07:00.000000,2019-12-02 03:07:30.000000,2019-12-02 03:22:31.878850,2019-12-02 03:23:01.878850,2019-12-02 03:54:29.994299,2019-12-02 03:54:59.994299,2019-12-02 04:11:12.476843,Replace,8,45,45,0 days 00:00:30.000000000,0 days 00:15:31.878850000
4,2019-12-02 04:13:00.000000,2019-12-02 04:13:50.000000,2019-12-02 04:30:26.477945,2019-12-02 04:30:52.737536,,,,Onsite,8,45,45,0 days 00:00:50.000000000,0 days 00:17:02.737536000
5,2019-12-02 05:01:00.000000,2019-12-02 05:01:25.000000,2019-12-02 05:20:27.078309,2019-12-02 05:20:36.473135,,,,Onsite,8,45,45,0 days 00:00:25.000000000,0 days 00:19:11.473135000
6,2019-12-02 06:08:00.000000,2019-12-02 06:08:30.000000,2019-12-02 06:24:11.421504,2019-12-02 06:24:41.421504,2019-12-02 06:55:23.169850,2019-12-02 06:55:53.169850,2019-12-02 07:11:54.425937,Replace,8,45,45,0 days 00:00:30.000000000,0 days 00:16:11.421504000
7,2019-12-02 07:05:00.000000,2019-12-02 07:05:35.000000,2019-12-02 07:21:09.732256,2019-12-02 07:21:26.921377,,,,Onsite,8,45,45,0 days 00:00:35.000000000,0 days 00:15:51.921377000
8,2019-12-02 08:00:00.000000,2019-12-02 08:00:45.000000,2019-12-02 08:17:28.812267,2019-12-02 08:18:13.812267,2019-12-02 08:55:13.677430,2019-12-02 08:55:58.677430,2019-12-02 09:12:04.153580,Replace,8,45,45,0 days 00:00:45.000000000,0 days 00:17:28.812267000
9,2019-12-02 09:08:00.000000,2019-12-02 09:08:35.000000,2019-12-02 09:22:49.758021,2019-12-02 09:23:24.758021,2019-12-02 10:04:27.053752,2019-12-02 10:05:02.053752,2019-12-02 10:24:29.460018,Replace,8,45,45,0 days 00:00:35.000000000,0 days 00:14:49.758021000
10,2019-12-02 10:11:00.000000,2019-12-02 10:11:50.000000,2019-12-02 10:30:46.093945,2019-12-02 10:31:36.093945,2019-12-02 11:16:48.994267,2019-12-02 11:17:38.994267,2019-12-02 11:28:48.893140,Replace,8,45,45,0 days 00:00:50.000000000,0 days 00:19:46.093945000
11,2019-12-02 11:24:00.000000,2019-12-02 11:24:55.000000,2019-12-02 11:37:08.088148,2019-12-02 11:38:03.088148,2019-12-02 12:06:19.447970,2019-12-02 12:07:14.447970,2019-12-02 12:19:58.822940,Replace,8,45,45,0 days 00:00:55.000000000,0 days 00:13:08.088148000
12,2019-12-02 12:32:00.000000,2019-12-02 12:32:50.000000,2019-12-02 12:47:15.745499,2019-12-02 12:47:39.215903,,,,Onsite,8,45,45,0 days 00:00:50.000000000,0 days 00:14:49.215903000
13,2019-12-02 13:50:00.000000,2019-12-02 13:50:30.000000,2019-12-02 14:05:21.145026,2019-12-02 14:05:51.145026,2019-12-02 14:42:20.495290,2019-12-02 14:42:50.495290,2019-12-02 14:56:36.305726,Replace,8,45,45,0 days 00:00:30.000000000,0 days 00:15:21.145026000
14,2019-12-02 15:00:00.000000,2019-12-02 15:00:30.000000,2019-12-02 15:17:19.194528,2019-12-02 15:17:49.194528,2019-12-02 16:10:22.391212,2019-12-02 16:10:52.391212,2019-12-02 16:21:50.907634,Replace,8,45,45,0 days 00:00:30.000000000,0 days 00:17:19.194528000
15,2019-12-02 16:09:00.000000,2019-12-02 16:09:35.000000,2019-12-02 16:26:30.284488,2019-12-02 16:27:05.284488,2019-12-02 16:55:27.353817,2019-12-02 16:56:02.353817,2019-12-02 17:15:19.774764,Replace,8,45,45,0 days 00:00:35.000000000,0 days 00:17:30.284488000
16,2019-12-02 17:25:00.000000,2019-12-02 17:25:50.000000,2019-12-02 17:40:21.613046,2019-12-02 17:41:11.613046,2019-12-02 18:13:51.427017,2019-12-02 18:14:41.427017,2019-12-02 18:29:04.733820,Replace,8,45,45,0 days 00:00:50.000000000,0 days 00:15:21.613046000
17,2019-12-02 18:30:00.000000,2019-12-02 18:30:55.000000,2019-12-02 18:47:05.367550,2019-12-02 18:48:00.367550,2019-12-02 19:35:13.989478,2019-12-02 19:36:08.989478,2019-12-02 19:53:41.469965,Replace,8,45,45,0 days 00:00:55.000000000,0 days 00:17:05.367550000
18,2019-12-02 19:37:00.000000,2019-12-02 19:37:30.000000,2019-12-02 19:51:18.611016,2019-12-02 19:51:36.670606,,,,Onsite,8,45,45,0 days 00:00:30.000000000,0 days 00:14:06.670606000
19,2019-12-02 20:45:00.000000,2019-12-02 20:45:50.000000,2019-12-02 21:05:24.714315,2019-12-02 21:06:14.714315,2019-12-02 21:43:35.855705,2019-12-02 21:44:25.855705,2019-12-02 22:01:55.334502,Replace,8,45,45,0 days 00:00:50.000000000,0 days 00:20:24.714315000
0,2019-12-02 01:14:00.000000,2019-12-02 00:00:45.000000,2019-12-02 00:09:30.686391,2019-12-02 00:09:56.059024,,,,Onsite,9,45,45,-1 days +22:46:45.000000000,0 days 00:09:11.059024000
1,2019-12-02 01:07:00.000000,2019-12-02 01:07:35.000000,2019-12-02 01:22:41.414091,2019-12-02 01:22:57.724341,,,,Onsite,9,45,45,0 days 00:00:35.000000000,0 days 00:15:22.724341000
2,2019-12-02 02:10:00.000000,2019-12-02 02:10:30.000000,2019-12-02 02:22:49.460356,2019-12-02 02:23:19.460356,2019-12-02 02:51:18.132515,2019-12-02 02:51:48.132515,2019-12-02 03:06:34.050713,Replace,9,45,45,0 days 00:00:30.000000000,0 days 00:12:49.460356000
3,2019-12-02 03:19:00.000000,2019-12-02 03:19:45.000000,2019-12-02 03:36:45.354603,2019-12-02 03:37:30.354603,2019-12-02 04:12:46.688916,2019-12-02 04:13:31.688916,2019-12-02 04:32:25.727915,Replace,9,45,45,0 days 00:00:45.000000000,0 days 00:17:45.354603000
4,2019-12-02 04:28:00.000000,2019-12-02 04:28:45.000000,2019-12-02 04:47:46.350138,2019-12-02 04:48:31.350138,2019-12-02 05:34:50.440658,2019-12-02 05:35:35.440658,2019-12-02 05:52:39.175512,Replace,9,45,45,0 days 00:00:45.000000000,0 days 00:19:46.350138000
5,2019-12-02 05:47:00.000000,2019-12-02 05:47:25.000000,2019-12-02 06:02:19.400703,2019-12-02 06:02:44.400703,2019-12-02 06:29:48.426363,2019-12-02 06:30:13.426363,2019-12-02 06:52:15.021104,Replace,9,45,45,0 days 00:00:25.000000000,0 days 00:15:19.400703000
6,2019-12-02 07:03:00.000000,2019-12-02 07:03:35.000000,2019-12-02 07:17:44.250262,2019-12-02 07:17:55.445762,,,,Onsite,9,45,45,0 days 00:00:35.000000000,0 days 00:14:20.445762000
7,2019-12-02 08:22:00.000000,2019-12-02 08:22:30.000000,2019-12-02 08:38:02.943860,2019-12-02 08:38:32.943860,2019-12-02 09:08:36.619422,2019-12-02 09:09:06.619422,2019-12-02 09:25:20.327253,Replace,9,45,45,0 days 00:00:30.000000000,0 days 00:16:02.943860000
8,2019-12-02 09:26:00.000000,2019-12-02 09:26:45.000000,2019-12-02 09:41:56.686792,2019-12-02 09:42:04.176850,,,,Onsite,9,45,45,0 days 00:00:45.000000000,0 days 00:15:19.176850000
9,2019-12-02 10:23:00.000000,2019-12-02 10:23:45.000000,2019-12-02 10:41:46.256911,2019-12-02 10:42:31.256911,2019-12-02 11:12:24.125255,2019-12-02 11:13:09.125255,2019-12-02 11:25:37.682333,Replace,9,45,45,0 days 00:00:45.000000000,0 days 00:18:46.256911000
10,2019-12-02 11:26:00.000000,2019-12-02 11:26:35.000000,2019-12-02 11:40:34.370675,2019-12-02 11:41:09.370675,2019-12-02 12:15:32.872449,2019-12-02 12:16:07.872449,2019-12-02 12:30:01.030081,Replace,9,45,45,0 days 00:00:35.000000000,0 days 00:14:34.370675000
11,2019-12-02 12:33:00.000000,2019-12-02 12:33:45.000000,2019-12-02 12:54:47.199327,2019-12-02 12:55:32.199327,2019-12-02 13:35:56.031787,2019-12-02 13:36:41.031787,2019-12-02 13:52:59.476368,Replace,9,45,45,0 days 00:00:45.000000000,0 days 00:21:47.199327000
12,2019-12-02 13:48:00.000000,2019-12-02 13:48:45.000000,2019-12-02 14:06:13.404792,2019-12-02 14:06:58.404792,2019-12-02 14:51:31.837106,2019-12-02 14:52:16.837106,2019-12-02 15:05:39.835949,Replace,9,45,45,0 days 00:00:45.000000000,0 days 00:18:13.404792000
13,2019-12-02 14:57:00.000000,2019-12-02 14:57:35.000000,2019-12-02 15:13:18.529342,2019-12-02 15:13:53.529342,2019-12-02 15:47:51.228476,2019-12-02 15:48:26.228476,2019-12-02 16:07:17.006152,Replace,9,45,45,0 days 00:00:35.000000000,0 days 00:16:18.529342000
14,2019-12-02 16:13:00.000000,2019-12-02 16:13:45.000000,2019-12-02 16:30:16.473743,2019-12-02 16:31:01.473743,2019-12-02 17:20:41.432834,2019-12-02 17:21:26.432834,2019-12-02 17:39:28.949433,Replace,9,45,45,0 days 00:00:45.000000000,0 days 00:17:16.473743000
15,2019-12-02 17:19:00.000000,2019-12-02 17:19:45.000000,2019-12-02 17:39:02.473207,2019-12-02 17:39:47.473207,2019-12-02 18:06:16.150054,2019-12-02 18:07:01.150054,2019-12-02 18:18:31.687820,Replace,9,45,45,0 days 00:00:45.000000000,0 days 00:20:02.473207000
16,2019-12-02 18:33:00.000000,2019-12-02 18:33:50.000000,2019-12-02 18:53:16.130631,2019-12-02 18:53:36.806495,,,,Onsite,9,45,45,0 days 00:00:50.000000000,0 days 00:19:46.806495000
17,2019-12-02 19:53:00.000000,2019-12-02 19:53:30.000000,2019-12-02 20:05:58.852212,2019-12-02 20:06:28.852212,2019-12-02 20:38:54.080289,2019-12-02 20:39:24.080289,2019-12-02 20:54:07.558863,Replace,9,45,45,0 days 00:00:30.000000000,0 days 00:12:58.852212000
18,2019-12-02 20:53:00.000000,2019-12-02 20:53:25.000000,2019-12-02 21:07:02.309085,2019-12-02 21:07:22.794441,,,,Onsite,9,45,45,0 days 00:00:25.000000000,0 days 00:13:57.794441000
0,2019-12-02 00:55:00.000000,2019-12-02 00:00:45.000000,2019-12-02 00:18:12.014197,2019-12-02 00:18:57.014197,2019-12-02 00:58:18.162892,2019-12-02 00:59:03.162892,2019-12-02 01:12:13.992619,Replace,1,45,46,-1 days +23:05:45.000000000,0 days 00:18:12.014197000
1,2019-12-02 01:12:00.000000,2019-12-02 01:12:50.000000,2019-12-02 01:30:41.257710,2019-12-02 01:31:31.257710,2019-12-02 02:05:59.237997,2019-12-02 02:06:49.237997,2019-12-02 02:21:43.791977,Replace,1,45,46,0 days 00:00:50.000000000,0 days 00:18:41.257710000
2,2019-12-02 02:15:00.000000,2019-12-02 02:15:50.000000,2019-12-02 02:32:08.749191,2019-12-02 02:32:58.749191,2019-12-02 03:22:10.929207,2019-12-02 03:23:00.929207,2019-12-02 03:45:05.223466,Replace,1,45,46,0 days 00:00:50.000000000,0 days 00:17:08.749191000
3,2019-12-02 03:13:00.000000,2019-12-02 03:13:25.000000,2019-12-02 03:35:56.016817,2019-12-02 03:36:21.718166,,,,Onsite,1,45,46,0 days 00:00:25.000000000,0 days 00:22:56.718166000
4,2019-12-02 04:27:00.000000,2019-12-02 04:27:45.000000,2019-12-02 04:40:59.186164,2019-12-02 04:41:05.243567,,,,Onsite,1,45,46,0 days 00:00:45.000000000,0 days 00:13:20.243567000
5,2019-12-02 06:33:00.000000,2019-12-02 06:33:30.000000,2019-12-02 06:49:46.724612,2019-12-02 06:50:16.724612,2019-12-02 07:18:33.314282,2019-12-02 07:19:03.314282,2019-12-02 07:30:23.860653,Replace,1,45,46,0 days 00:00:30.000000000,0 days 00:16:46.724612000
6,2019-12-02 05:27:00.000000,2019-12-02 05:27:55.000000,2019-12-02 05:45:50.110028,2019-12-02 05:46:45.110028,2019-12-02 06:32:27.668600,2019-12-02 06:33:22.668600,2019-12-02 06:54:04.107767,Replace,1,45,46,0 days 00:00:55.000000000,0 days 00:18:50.110028000
7,2019-12-02 07:47:00.000000,2019-12-02 07:47:25.000000,2019-12-02 08:05:32.552689,2019-12-02 08:05:48.932635,,,,Onsite,1,45,46,0 days 00:00:25.000000000,0 days 00:18:23.932635000
8,2019-12-02 08:57:00.000000,2019-12-02 08:57:45.000000,2019-12-02 09:19:24.948999,2019-12-02 09:20:09.948999,2019-12-02 10:02:31.343365,2019-12-02 10:03:16.343365,2019-12-02 10:20:53.179102,Replace,1,45,46,0 days 00:00:45.000000000,0 days 00:22:24.948999000
9,2019-12-02 10:16:00.000000,2019-12-02 10:16:35.000000,2019-12-02 10:30:57.770524,2019-12-02 10:31:32.770524,2019-12-02 11:11:59.191368,2019-12-02 11:12:34.191368,2019-12-02 11:30:48.516541,Replace,1,45,46,0 days 00:00:35.000000000,0 days 00:14:57.770524000
10,2019-12-02 11:35:00.000000,2019-12-02 11:35:45.000000,2019-12-02 11:54:36.600830,2019-12-02 11:54:51.896735,,,,Onsite,1,45,46,0 days 00:00:45.000000000,0 days 00:19:06.896735000
11,2019-12-02 12:37:00.000000,2019-12-02 12:37:45.000000,2019-12-02 12:52:10.138526,2019-12-02 12:52:17.107060,,,,Onsite,1,45,46,0 days 00:00:45.000000000,0 days 00:14:32.107060000
12,2019-12-02 13:47:00.000000,2019-12-02 13:47:50.000000,2019-12-02 14:04:35.791207,2019-12-02 14:05:25.791207,2019-12-02 14:45:29.263921,2019-12-02 14:46:19.263921,2019-12-02 15:00:59.918002,Replace,1,45,46,0 days 00:00:50.000000000,0 days 00:17:35.791207000
13,2019-12-02 14:43:00.000000,2019-12-02 14:43:45.000000,2019-12-02 14:58:52.526787,2019-12-02 14:59:37.526787,2019-12-02 15:33:35.025741,2019-12-02 15:34:20.025741,2019-12-02 15:46:37.422284,Replace,1,45,46,0 days 00:00:45.000000000,0 days 00:15:52.526787000
14,2019-12-02 15:51:00.000000,2019-12-02 15:51:55.000000,2019-12-02 16:01:20.735210,2019-12-02 16:01:30.864486,,,,Onsite,1,45,46,0 days 00:00:55.000000000,0 days 00:09:35.864486000
15,2019-12-02 17:05:00.000000,2019-12-02 17:05:50.000000,2019-12-02 17:21:04.550253,2019-12-02 17:21:54.550253,2019-12-02 18:01:06.178108,2019-12-02 18:01:56.178108,2019-12-02 18:15:10.506407,Replace,1,45,46,0 days 00:00:50.000000000,0 days 00:16:04.550253000
16,2019-12-02 18:08:00.000000,2019-12-02 18:08:35.000000,2019-12-02 18:28:13.492973,2019-12-02 18:28:53.620333,,,,Onsite,1,45,46,0 days 00:00:35.000000000,0 days 00:20:18.620333000
17,2019-12-02 19:04:00.000000,2019-12-02 19:04:25.000000,2019-12-02 19:26:54.286844,2019-12-02 19:27:19.286844,2019-12-02 20:03:26.375004,2019-12-02 20:03:51.375004,2019-12-02 20:19:02.006911,Replace,1,45,46,0 days 00:00:25.000000000,0 days 00:22:54.286844000
18,2019-12-02 20:05:00.000000,2019-12-02 20:05:50.000000,2019-12-02 20:21:49.206051,2019-12-02 20:22:04.802290,,,,Onsite,1,45,46,0 days 00:00:50.000000000,0 days 00:16:14.802290000
19,2019-12-02 21:13:00.000000,2019-12-02 21:13:55.000000,2019-12-02 21:29:23.257587,2019-12-02 21:29:34.349439,,,,Onsite,1,45,46,0 days 00:00:55.000000000,0 days 00:15:39.349439000
0,2019-12-02 01:06:00.000000,2019-12-02 00:00:45.000000,2019-12-02 00:17:32.582309,2019-12-02 00:17:40.252875,,,,Onsite,2,45,46,-1 days +22:54:45.000000000,0 days 00:16:55.252875000
1,2019-12-02 01:04:00.000000,2019-12-02 01:04:45.000000,2019-12-02 01:25:36.804992,2019-12-02 01:25:43.000011,,,,Onsite,2,45,46,0 days 00:00:45.000000000,0 days 00:20:58.000011000
2,2019-12-02 02:13:00.000000,2019-12-02 02:13:35.000000,2019-12-02 02:28:44.651450,2019-12-02 02:28:55.597786,,,,Onsite,2,45,46,0 days 00:00:35.000000000,0 days 00:15:20.597786000
3,2019-12-02 03:19:00.000000,2019-12-02 03:19:45.000000,2019-12-02 03:34:13.020566,2019-12-02 03:34:58.020566,2019-12-02 03:57:24.021929,2019-12-02 03:58:09.021929,2019-12-02 04:16:47.147010,Replace,2,45,46,0 days 00:00:45.000000000,0 days 00:15:13.020566000
4,2019-12-02 04:24:00.000000,2019-12-02 04:24:35.000000,2019-12-02 04:36:39.227787,2019-12-02 04:37:14.227787,2019-12-02 05:10:49.702784,2019-12-02 05:11:24.702784,2019-12-02 05:26:25.069655,Replace,2,45,46,0 days 00:00:35.000000000,0 days 00:12:39.227787000
5,2019-12-02 06:27:00.000000,2019-12-02 06:27:35.000000,2019-12-02 06:42:33.477394,2019-12-02 06:42:58.057566,,,,Onsite,2,45,46,0 days 00:00:35.000000000,0 days 00:15:23.057566000
6,2019-12-02 05:17:00.000000,2019-12-02 05:17:55.000000,2019-12-02 05:33:50.165039,2019-12-02 05:34:45.165039,2019-12-02 06:26:14.668127,2019-12-02 06:27:09.668127,2019-12-02 06:43:05.529787,Replace,2,45,46,0 days 00:00:55.000000000,0 days 00:16:50.165039000
7,2019-12-02 07:38:00.000000,2019-12-02 07:38:50.000000,2019-12-02 07:54:34.351403,2019-12-02 07:55:24.351403,2019-12-02 08:32:23.397469,2019-12-02 08:33:13.397469,2019-12-02 08:51:57.578027,Replace,2,45,46,0 days 00:00:50.000000000,0 days 00:16:34.351403000
8,2019-12-02 08:40:00.000000,2019-12-02 08:40:35.000000,2019-12-02 08:52:39.608092,2019-12-02 08:52:50.372594,,,,Onsite,2,45,46,0 days 00:00:35.000000000,0 days 00:12:15.372594000
9,2019-12-02 09:45:00.000000,2019-12-02 09:45:30.000000,2019-12-02 10:01:25.149292,2019-12-02 10:01:49.577737,,,,Onsite,2,45,46,0 days 00:00:30.000000000,0 days 00:16:19.577737000
10,2019-12-02 10:51:00.000000,2019-12-02 10:51:35.000000,2019-12-02 11:05:19.886634,2019-12-02 11:05:54.886634,2019-12-02 11:53:10.492510,2019-12-02 11:53:45.492510,2019-12-02 12:06:37.567561,Replace,2,45,46,0 days 00:00:35.000000000,0 days 00:14:19.886634000
11,2019-12-02 11:47:00.000000,2019-12-02 11:47:50.000000,2019-12-02 12:03:51.756126,2019-12-02 12:04:12.547670,,,,Onsite,2,45,46,0 days 00:00:50.000000000,0 days 00:16:22.547670000
12,2019-12-02 12:55:00.000000,2019-12-02 12:55:45.000000,2019-12-02 13:09:42.371790,2019-12-02 13:10:27.371790,2019-12-02 13:51:59.057079,2019-12-02 13:52:44.057079,2019-12-02 14:08:18.084006,Replace,2,45,46,0 days 00:00:45.000000000,0 days 00:14:42.371790000
13,2019-12-02 13:55:00.000000,2019-12-02 13:55:35.000000,2019-12-02 14:14:44.440270,2019-12-02 14:15:04.373805,,,,Onsite,2,45,46,0 days 00:00:35.000000000,0 days 00:19:29.373805000
14,2019-12-02 15:07:00.000000,2019-12-02 15:07:45.000000,2019-12-02 15:27:43.310784,2019-12-02 15:28:28.310784,2019-12-02 15:57:30.451962,2019-12-02 15:58:15.451962,2019-12-02 16:16:42.373922,Replace,2,45,46,0 days 00:00:45.000000000,0 days 00:20:43.310784000
15,2019-12-02 16:06:00.000000,2019-12-02 16:06:45.000000,2019-12-02 16:24:58.268763,2019-12-02 16:25:13.332293,,,,Onsite,2,45,46,0 days 00:00:45.000000000,0 days 00:18:28.332293000
16,2019-12-02 17:03:00.000000,2019-12-02 17:03:45.000000,2019-12-02 17:20:49.817549,2019-12-02 17:20:58.988893,,,,Onsite,2,45,46,0 days 00:00:45.000000000,0 days 00:17:13.988893000
17,2019-12-02 18:24:00.000000,2019-12-02 18:24:55.000000,2019-12-02 18:42:30.581238,2019-12-02 18:42:41.193037,,,,Onsite,2,45,46,0 days 00:00:55.000000000,0 days 00:17:46.193037000
18,2019-12-02 19:19:00.000000,2019-12-02 19:19:35.000000,2019-12-02 19:36:38.886272,2019-12-02 19:36:58.341052,,,,Onsite,2,45,46,0 days 00:00:35.000000000,0 days 00:17:23.341052000
19,2019-12-02 20:23:00.000000,2019-12-02 20:23:45.000000,2019-12-02 20:39:35.636943,2019-12-02 20:40:20.636943,2019-12-02 21:23:32.645839,2019-12-02 21:24:17.645839,2019-12-02 21:45:02.169445,Replace,2,45,46,0 days 00:00:45.000000000,0 days 00:16:35.636943000
20,2019-12-02 21:51:00.000000,2019-12-02 21:51:45.000000,2019-12-02 22:06:15.905667,2019-12-02 22:06:36.888239,,,,Onsite,2,45,46,0 days 00:00:45.000000000,0 days 00:14:51.888239000
0,2019-12-02 00:58:00.000000,2019-12-02 00:00:55.000000,2019-12-02 00:15:45.317913,2019-12-02 00:15:53.102234,,,,Onsite,3,45,46,-1 days +23:02:55.000000000,0 days 00:14:58.102234000
1,2019-12-02 01:16:00.000000,2019-12-02 01:16:45.000000,2019-12-02 01:34:04.032590,2019-12-02 01:34:49.032590,2019-12-02 02:29:07.647688,2019-12-02 02:29:52.647688,2019-12-02 02:43:15.893809,Replace,3,45,46,0 days 00:00:45.000000000,0 days 00:18:04.032590000
2,2019-12-02 02:23:00.000000,2019-12-02 02:23:35.000000,2019-12-02 02:39:33.103742,2019-12-02 02:40:08.103742,2019-12-02 03:06:37.150685,2019-12-02 03:07:12.150685,2019-12-02 03:24:42.776296,Replace,3,45,46,0 days 00:00:35.000000000,0 days 00:16:33.103742000
3,2019-12-02 03:30:00.000000,2019-12-02 03:30:45.000000,2019-12-02 03:48:46.044670,2019-12-02 03:49:31.044670,2019-12-02 04:38:31.736094,2019-12-02 04:39:16.736094,2019-12-02 04:56:13.381301,Replace,3,45,46,0 days 00:00:45.000000000,0 days 00:18:46.044670000
4,2019-12-02 04:42:00.000000,2019-12-02 04:42:35.000000,2019-12-02 04:54:49.292438,2019-12-02 04:55:24.292438,2019-12-02 05:32:58.036843,2019-12-02 05:33:33.036843,2019-12-02 05:45:24.980670,Replace,3,45,46,0 days 00:00:35.000000000,0 days 00:12:49.292438000
5,2019-12-02 05:54:00.000000,2019-12-02 05:54:45.000000,2019-12-02 06:14:47.300179,2019-12-02 06:15:01.477149,,,,Onsite,3,45,46,0 days 00:00:45.000000000,0 days 00:20:16.477149000
6,2019-12-02 06:44:00.000000,2019-12-02 06:44:35.000000,2019-12-02 06:58:28.392187,2019-12-02 06:58:41.277800,,,,Onsite,3,45,46,0 days 00:00:35.000000000,0 days 00:14:06.277800000
7,2019-12-02 07:45:00.000000,2019-12-02 07:45:45.000000,2019-12-02 07:57:06.723937,2019-12-02 07:57:27.074956,,,,Onsite,3,45,46,0 days 00:00:45.000000000,0 days 00:11:42.074956000
8,2019-12-02 08:28:00.000000,2019-12-02 08:28:45.000000,2019-12-02 08:43:45.538662,2019-12-02 08:44:11.393600,,,,Onsite,3,45,46,0 days 00:00:45.000000000,0 days 00:15:26.393600000
9,2019-12-02 09:41:00.000000,2019-12-02 09:41:35.000000,2019-12-02 10:00:52.558294,2019-12-02 10:01:27.558294,2019-12-02 10:25:52.929536,2019-12-02 10:26:27.929536,2019-12-02 10:39:34.870237,Replace,3,45,46,0 days 00:00:35.000000000,0 days 00:19:52.558294000
10,2019-12-02 10:49:00.000000,2019-12-02 10:49:35.000000,2019-12-02 11:05:22.455470,2019-12-02 11:05:37.676045,,,,Onsite,3,45,46,0 days 00:00:35.000000000,0 days 00:16:02.676045000
11,2019-12-02 12:04:00.000000,2019-12-02 12:04:35.000000,2019-12-02 12:22:54.570824,2019-12-02 12:23:29.570824,2019-12-02 12:55:51.999737,2019-12-02 12:56:26.999737,2019-12-02 13:10:32.281962,Replace,3,45,46,0 days 00:00:35.000000000,0 days 00:18:54.570824000
12,2019-12-02 14:37:00.000000,2019-12-02 14:37:50.000000,2019-12-02 14:58:06.399517,2019-12-02 14:58:31.333664,,,,Onsite,3,45,46,0 days 00:00:50.000000000,0 days 00:20:41.333664000
13,2019-12-02 13:19:00.000000,2019-12-02 13:19:35.000000,2019-12-02 13:35:18.852912,2019-12-02 13:35:53.852912,2019-12-02 14:24:51.085129,2019-12-02 14:25:26.085129,2019-12-02 14:37:36.336049,Replace,3,45,46,0 days 00:00:35.000000000,0 days 00:16:18.852912000
14,2019-12-02 15:49:00.000000,2019-12-02 15:49:45.000000,2019-12-02 16:02:32.649241,2019-12-02 16:03:17.649241,2019-12-02 16:47:08.588586,2019-12-02 16:47:53.588586,2019-12-02 17:04:27.111412,Replace,3,45,46,0 days 00:00:45.000000000,0 days 00:13:32.649241000
15,2019-12-02 16:53:00.000000,2019-12-02 16:53:55.000000,2019-12-02 17:08:24.637555,2019-12-02 17:08:52.212168,,,,Onsite,3,45,46,0 days 00:00:55.000000000,0 days 00:14:57.212168000
16,2019-12-02 18:02:00.000000,2019-12-02 18:02:30.000000,2019-12-02 18:19:18.968128,2019-12-02 18:19:48.968128,2019-12-02 19:02:05.412537,2019-12-02 19:02:35.412537,2019-12-02 19:18:09.257712,Replace,3,45,46,0 days 00:00:30.000000000,0 days 00:17:18.968128000
17,2019-12-02 19:12:00.000000,2019-12-02 19:12:45.000000,2019-12-02 19:27:19.002297,2019-12-02 19:28:04.002297,2019-12-02 20:22:25.095172,2019-12-02 20:23:10.095172,2019-12-02 20:36:34.563392,Replace,3,45,46,0 days 00:00:45.000000000,0 days 00:15:19.002297000
18,2019-12-02 20:25:00.000000,2019-12-02 20:25:50.000000,2019-12-02 20:42:47.437126,2019-12-02 20:43:37.437126,2019-12-02 21:29:08.449606,2019-12-02 21:29:58.449606,2019-12-02 21:45:23.317335,Replace,3,45,46,0 days 00:00:50.000000000,0 days 00:17:47.437126000
19,2019-12-02 21:38:00.000000,2019-12-02 21:38:35.000000,2019-12-02 21:57:41.740098,2019-12-02 21:58:04.312629,,,,Onsite,3,45,46,0 days 00:00:35.000000000,0 days 00:19:29.312629000
0,2019-12-02 01:18:00.000000,2019-12-02 00:00:35.000000,2019-12-02 00:26:50.885810,2019-12-02 00:27:25.885810,2019-12-02 01:17:42.583712,2019-12-02 01:18:17.583712,2019-12-02 01:31:38.688421,Replace,4,45,46,-1 days +22:42:35.000000000,0 days 00:26:50.885810000
1,2019-12-02 00:59:00.000000,2019-12-02 00:59:45.000000,2019-12-02 01:16:30.302468,2019-12-02 01:17:15.302468,2019-12-02 01:53:58.090051,2019-12-02 01:54:43.090051,2019-12-02 02:13:56.889319,Replace,4,45,46,0 days 00:00:45.000000000,0 days 00:17:30.302468000
2,2019-12-02 02:13:00.000000,2019-12-02 02:13:50.000000,2019-12-02 02:32:51.341934,2019-12-02 02:33:41.341934,2019-12-02 03:03:58.102433,2019-12-02 03:04:48.102433,2019-12-02 03:17:56.410066,Replace,4,45,46,0 days 00:00:50.000000000,0 days 00:19:51.341934000
3,2019-12-02 03:22:00.000000,2019-12-02 03:22:25.000000,2019-12-02 03:37:49.489578,2019-12-02 03:38:18.663932,,,,Onsite,4,45,46,0 days 00:00:25.000000000,0 days 00:15:53.663932000
4,2019-12-02 04:47:00.000000,2019-12-02 04:47:45.000000,2019-12-02 05:03:26.894957,2019-12-02 05:03:35.339415,,,,Onsite,4,45,46,0 days 00:00:45.000000000,0 days 00:15:50.339415000
5,2019-12-02 05:48:00.000000,2019-12-02 05:48:45.000000,2019-12-02 06:09:26.366892,2019-12-02 06:10:11.366892,2019-12-02 06:57:04.559525,2019-12-02 06:57:49.559525,2019-12-02 07:15:56.154995,Replace,4,45,46,0 days 00:00:45.000000000,0 days 00:21:26.366892000
6,2019-12-02 06:48:00.000000,2019-12-02 06:48:35.000000,2019-12-02 07:07:18.471242,2019-12-02 07:07:53.471242,2019-12-02 07:48:16.746654,2019-12-02 07:48:51.746654,2019-12-02 08:02:43.132998,Replace,4,45,46,0 days 00:00:35.000000000,0 days 00:19:18.471242000
7,2019-12-02 07:56:00.000000,2019-12-02 07:56:45.000000,2019-12-02 08:06:56.528678,2019-12-02 08:07:41.528678,2019-12-02 08:30:45.319190,2019-12-02 08:31:30.319190,2019-12-02 08:44:27.592754,Replace,4,45,46,0 days 00:00:45.000000000,0 days 00:10:56.528678000
8,2019-12-02 09:01:00.000000,2019-12-02 09:01:55.000000,2019-12-02 09:21:03.784142,2019-12-02 09:21:58.784142,2019-12-02 09:44:35.094699,2019-12-02 09:45:30.094699,2019-12-02 10:08:51.132666,Replace,4,45,46,0 days 00:00:55.000000000,0 days 00:20:03.784142000
9,2019-12-02 10:19:00.000000,2019-12-02 10:19:45.000000,2019-12-02 10:33:23.982564,2019-12-02 10:34:08.982564,2019-12-02 11:23:45.684422,2019-12-02 11:24:30.684422,2019-12-02 11:39:57.208549,Replace,4,45,46,0 days 00:00:45.000000000,0 days 00:14:23.982564000
10,2019-12-02 11:17:00.000000,2019-12-02 11:17:45.000000,2019-12-02 11:31:32.323112,2019-12-02 11:31:38.368929,,,,Onsite,4,45,46,0 days 00:00:45.000000000,0 days 00:13:53.368929000
11,2019-12-02 12:26:00.000000,2019-12-02 12:26:45.000000,2019-12-02 12:41:20.371272,2019-12-02 12:42:05.371272,2019-12-02 13:36:38.033327,2019-12-02 13:37:23.033327,2019-12-02 14:01:35.740756,Replace,4,45,46,0 days 00:00:45.000000000,0 days 00:15:20.371272000
12,2019-12-02 13:41:00.000000,2019-12-02 13:41:45.000000,2019-12-02 13:54:22.780318,2019-12-02 13:54:43.133868,,,,Onsite,4,45,46,0 days 00:00:45.000000000,0 days 00:12:58.133868000
13,2019-12-02 15:05:00.000000,2019-12-02 15:05:45.000000,2019-12-02 15:19:42.856126,2019-12-02 15:20:07.104319,,,,Onsite,4,45,46,0 days 00:00:45.000000000,0 days 00:14:22.104319000
14,2019-12-02 16:08:00.000000,2019-12-02 16:08:25.000000,2019-12-02 16:23:49.904059,2019-12-02 16:23:56.191909,,,,Onsite,4,45,46,0 days 00:00:25.000000000,0 days 00:15:31.191909000
15,2019-12-02 17:11:00.000000,2019-12-02 17:11:45.000000,2019-12-02 17:27:47.015969,2019-12-02 17:28:16.396966,,,,Onsite,4,45,46,0 days 00:00:45.000000000,0 days 00:16:31.396966000
16,2019-12-02 18:09:00.000000,2019-12-02 18:09:35.000000,2019-12-02 18:24:13.375495,2019-12-02 18:24:26.847223,,,,Onsite,4,45,46,0 days 00:00:35.000000000,0 days 00:14:51.847223000
17,2019-12-02 19:37:00.000000,2019-12-02 19:37:25.000000,2019-12-02 19:53:16.579562,2019-12-02 19:53:41.579562,2019-12-02 20:28:41.868413,2019-12-02 20:29:06.868413,2019-12-02 20:44:02.232463,Replace,4,45,46,0 days 00:00:25.000000000,0 days 00:16:16.579562000
18,2019-12-02 20:38:00.000000,2019-12-02 20:38:45.000000,2019-12-02 20:56:58.403387,2019-12-02 20:57:43.403387,2019-12-02 21:21:59.859360,2019-12-02 21:22:44.859360,2019-12-02 21:44:35.836590,Replace,4,45,46,0 days 00:00:45.000000000,0 days 00:18:58.403387000
19,2019-12-02 21:42:00.000000,2019-12-02 21:42:35.000000,2019-12-02 21:58:54.157266,2019-12-02 21:59:29.157266,2019-12-02 22:27:16.319344,2019-12-02 22:27:51.319344,2019-12-02 22:47:26.429516,Replace,4,45,46,0 days 00:00:35.000000000,0 days 00:16:54.157266000
0,2019-12-02 01:02:00.000000,2019-12-02 00:00:30.000000,2019-12-02 00:14:47.491222,2019-12-02 00:15:17.491222,2019-12-02 00:50:08.119130,2019-12-02 00:50:38.119130,2019-12-02 01:05:01.351702,Replace,5,45,46,-1 days +22:58:30.000000000,0 days 00:14:47.491222000
1,2019-12-02 01:17:00.000000,2019-12-02 01:17:45.000000,2019-12-02 01:32:42.386634,2019-12-02 01:33:27.386634,2019-12-02 02:07:02.581298,2019-12-02 02:07:47.581298,2019-12-02 02:21:40.282059,Replace,5,45,46,0 days 00:00:45.000000000,0 days 00:15:42.386634000
2,2019-12-02 02:24:00.000000,2019-12-02 02:24:35.000000,2019-12-02 02:43:14.557388,2019-12-02 02:43:49.557388,2019-12-02 03:13:28.617637,2019-12-02 03:14:03.617637,2019-12-02 03:30:44.225150,Replace,5,45,46,0 days 00:00:35.000000000,0 days 00:19:14.557388000
3,2019-12-02 03:47:00.000000,2019-12-02 03:47:35.000000,2019-12-02 04:06:58.858952,2019-12-02 04:07:33.858952,2019-12-02 04:46:53.448657,2019-12-02 04:47:28.448657,2019-12-02 05:08:04.183449,Replace,5,45,46,0 days 00:00:35.000000000,0 days 00:19:58.858952000
4,2019-12-02 05:05:00.000000,2019-12-02 05:05:45.000000,2019-12-02 05:21:12.852508,2019-12-02 05:21:57.852508,2019-12-02 06:15:47.809849,2019-12-02 06:16:32.809849,2019-12-02 06:32:48.598583,Replace,5,45,46,0 days 00:00:45.000000000,0 days 00:16:12.852508000
5,2019-12-02 06:04:00.000000,2019-12-02 06:04:45.000000,2019-12-02 06:18:46.147109,2019-12-02 06:18:51.366254,,,,Onsite,5,45,46,0 days 00:00:45.000000000,0 days 00:14:06.366254000
6,2019-12-02 08:31:00.000000,2019-12-02 08:31:25.000000,2019-12-02 08:43:19.052890,2019-12-02 08:43:40.092704,,,,Onsite,5,45,46,0 days 00:00:25.000000000,0 days 00:12:15.092704000
7,2019-12-02 07:17:00.000000,2019-12-02 07:17:35.000000,2019-12-02 07:35:29.946798,2019-12-02 07:36:04.946798,2019-12-02 08:15:46.644791,2019-12-02 08:16:21.644791,2019-12-02 08:31:13.604449,Replace,5,45,46,0 days 00:00:35.000000000,0 days 00:18:29.946798000
8,2019-12-02 09:42:00.000000,2019-12-02 09:42:35.000000,2019-12-02 09:57:16.274943,2019-12-02 09:57:51.274943,2019-12-02 10:52:14.553799,2019-12-02 10:52:49.553799,2019-12-02 11:10:44.806797,Replace,5,45,46,0 days 00:00:35.000000000,0 days 00:15:16.274943000
9,2019-12-02 11:01:00.000000,2019-12-02 11:01:45.000000,2019-12-02 11:18:32.180296,2019-12-02 11:19:17.180296,2019-12-02 11:43:36.624914,2019-12-02 11:44:21.624914,2019-12-02 12:03:45.273873,Replace,5,45,46,0 days 00:00:45.000000000,0 days 00:17:32.180296000
10,2019-12-02 12:03:00.000000,2019-12-02 12:03:30.000000,2019-12-02 12:17:17.236962,2019-12-02 12:17:47.236962,2019-12-02 13:00:54.832896,2019-12-02 13:01:24.832896,2019-12-02 13:17:56.600321,Replace,5,45,46,0 days 00:00:30.000000000,0 days 00:14:17.236962000
11,2019-12-02 13:08:00.000000,2019-12-02 13:08:30.000000,2019-12-02 13:23:01.476229,2019-12-02 13:23:27.738297,,,,Onsite,5,45,46,0 days 00:00:30.000000000,0 days 00:14:57.738297000
12,2019-12-02 14:25:00.000000,2019-12-02 14:25:45.000000,2019-12-02 14:43:24.330925,2019-12-02 14:43:41.807766,,,,Onsite,5,45,46,0 days 00:00:45.000000000,0 days 00:17:56.807766000
13,2019-12-02 15:30:00.000000,2019-12-02 15:30:45.000000,2019-12-02 15:48:00.035285,2019-12-02 15:48:45.035285,2019-12-02 16:19:25.382420,2019-12-02 16:20:10.382420,2019-12-02 16:34:32.888110,Replace,5,45,46,0 days 00:00:45.000000000,0 days 00:18:00.035285000
14,2019-12-02 16:41:00.000000,2019-12-02 16:41:45.000000,2019-12-02 17:00:33.062045,2019-12-02 17:00:51.295088,,,,Onsite,5,45,46,0 days 00:00:45.000000000,0 days 00:19:06.295088000
15,2019-12-02 18:02:00.000000,2019-12-02 18:02:55.000000,2019-12-02 18:23:50.834461,2019-12-02 18:24:09.828548,,,,Onsite,5,45,46,0 days 00:00:55.000000000,0 days 00:21:14.828548000
16,2019-12-02 19:23:00.000000,2019-12-02 19:23:35.000000,2019-12-02 19:35:59.869025,2019-12-02 19:36:34.869025,2019-12-02 20:27:59.362414,2019-12-02 20:28:34.362414,2019-12-02 20:46:29.542821,Replace,5,45,46,0 days 00:00:35.000000000,0 days 00:12:59.869025000
17,2019-12-02 20:20:00.000000,2019-12-02 20:20:45.000000,2019-12-02 20:38:04.239181,2019-12-02 20:38:20.081789,,,,Onsite,5,45,46,0 days 00:00:45.000000000,0 days 00:17:35.081789000
18,2019-12-02 21:25:00.000000,2019-12-02 21:25:35.000000,2019-12-02 21:34:54.144605,2019-12-02 21:35:29.144605,2019-12-02 22:01:49.168707,2019-12-02 22:02:24.168707,2019-12-02 22:21:41.468807,Replace,5,45,46,0 days 00:00:35.000000000,0 days 00:09:54.144605000
19,2019-12-02 22:28:00.000000,2019-12-02 22:28:35.000000,2019-12-02 22:44:56.448064,2019-12-02 22:45:13.819868,,,,Onsite,5,45,46,0 days 00:00:35.000000000,0 days 00:16:38.819868000
0,2019-12-02 01:08:00.000000,2019-12-02 00:00:25.000000,2019-12-02 00:14:20.308597,2019-12-02 00:14:45.308597,2019-12-02 00:56:46.294052,2019-12-02 00:57:11.294052,2019-12-02 01:19:51.577271,Replace,6,45,46,-1 days +22:52:25.000000000,0 days 00:14:20.308597000
1,2019-12-02 01:09:00.000000,2019-12-02 01:09:50.000000,2019-12-02 01:33:00.832689,2019-12-02 01:33:50.832689,2019-12-02 02:11:36.163084,2019-12-02 02:12:26.163084,2019-12-02 02:28:16.922992,Replace,6,45,46,0 days 00:00:50.000000000,0 days 00:24:00.832689000
2,2019-12-02 02:25:00.000000,2019-12-02 02:25:45.000000,2019-12-02 02:40:31.688653,2019-12-02 02:41:00.679961,,,,Onsite,6,45,46,0 days 00:00:45.000000000,0 days 00:15:15.679961000
3,2019-12-02 03:27:00.000000,2019-12-02 03:27:45.000000,2019-12-02 03:43:32.359358,2019-12-02 03:43:39.579346,,,,Onsite,6,45,46,0 days 00:00:45.000000000,0 days 00:15:54.579346000
4,2019-12-02 04:36:00.000000,2019-12-02 04:36:25.000000,2019-12-02 04:48:57.888203,2019-12-02 04:49:22.888203,2019-12-02 05:31:35.776511,2019-12-02 05:32:00.776511,2019-12-02 05:52:49.836109,Replace,6,45,46,0 days 00:00:25.000000000,0 days 00:12:57.888203000
5,2019-12-02 05:28:00.000000,2019-12-02 05:28:45.000000,2019-12-02 05:42:54.685831,2019-12-02 05:43:13.878374,,,,Onsite,6,45,46,0 days 00:00:45.000000000,0 days 00:14:28.878374000
6,2019-12-02 06:46:00.000000,2019-12-02 06:46:45.000000,2019-12-02 07:02:19.573547,2019-12-02 07:03:04.573547,2019-12-02 07:39:30.944566,2019-12-02 07:40:15.944566,2019-12-02 07:53:16.434862,Replace,6,45,46,0 days 00:00:45.000000000,0 days 00:16:19.573547000
7,2019-12-02 07:52:00.000000,2019-12-02 07:52:45.000000,2019-12-02 08:11:30.279051,2019-12-02 08:12:15.279051,2019-12-02 08:55:04.169100,2019-12-02 08:55:49.169100,2019-12-02 09:11:00.115865,Replace,6,45,46,0 days 00:00:45.000000000,0 days 00:19:30.279051000
8,2019-12-02 08:54:00.000000,2019-12-02 08:54:45.000000,2019-12-02 09:13:24.904103,2019-12-02 09:14:09.904103,2019-12-02 09:37:00.720567,2019-12-02 09:37:45.720567,2019-12-02 09:53:42.913777,Replace,6,45,46,0 days 00:00:45.000000000,0 days 00:19:24.904103000
9,2019-12-02 10:06:00.000000,2019-12-02 10:06:35.000000,2019-12-02 10:23:45.393919,2019-12-02 10:23:52.854286,,,,Onsite,6,45,46,0 days 00:00:35.000000000,0 days 00:17:17.854286000
10,2019-12-02 11:13:00.000000,2019-12-02 11:13:35.000000,2019-12-02 11:31:30.174442,2019-12-02 11:31:33.853252,,,,Onsite,6,45,46,0 days 00:00:35.000000000,0 days 00:17:58.853252000
11,2019-12-02 12:16:00.000000,2019-12-02 12:16:45.000000,2019-12-02 12:28:37.276601,2019-12-02 12:29:22.276601,2019-12-02 13:15:39.232709,2019-12-02 13:16:24.232709,2019-12-02 13:34:03.831650,Replace,6,45,46,0 days 00:00:45.000000000,0 days 00:12:37.276601000
12,2019-12-02 13:40:00.000000,2019-12-02 13:40:55.000000,2019-12-02 13:54:26.958320,2019-12-02 13:55:21.958320,2019-12-02 14:33:01.870083,2019-12-02 14:33:56.870083,2019-12-02 14:56:58.694982,Replace,6,45,46,0 days 00:00:55.000000000,0 days 00:14:26.958320000
13,2019-12-02 14:28:00.000000,2019-12-02 14:28:45.000000,2019-12-02 14:45:24.824937,2019-12-02 14:45:36.661430,,,,Onsite,6,45,46,0 days 00:00:45.000000000,0 days 00:16:51.661430000
14,2019-12-02 15:18:00.000000,2019-12-02 15:18:25.000000,2019-12-02 15:32:47.594670,2019-12-02 15:33:12.594670,2019-12-02 16:01:50.155468,2019-12-02 16:02:15.155468,2019-12-02 16:20:37.166286,Replace,6,45,46,0 days 00:00:25.000000000,0 days 00:14:47.594670000
15,2019-12-02 16:33:00.000000,2019-12-02 16:33:35.000000,2019-12-02 16:47:24.854150,2019-12-02 16:47:59.854150,2019-12-02 17:27:45.043933,2019-12-02 17:28:20.043933,2019-12-02 17:41:58.231264,Replace,6,45,46,0 days 00:00:35.000000000,0 days 00:14:24.854150000
16,2019-12-02 17:36:00.000000,2019-12-02 17:36:45.000000,2019-12-02 17:51:38.871548,2019-12-02 17:51:50.839602,,,,Onsite,6,45,46,0 days 00:00:45.000000000,0 days 00:15:05.839602000
17,2019-12-02 18:30:00.000000,2019-12-02 18:30:55.000000,2019-12-02 18:42:43.586609,2019-12-02 18:42:48.529072,,,,Onsite,6,45,46,0 days 00:00:55.000000000,0 days 00:11:53.529072000
18,2019-12-02 19:47:00.000000,2019-12-02 19:47:45.000000,2019-12-02 20:10:00.452905,2019-12-02 20:10:16.681617,,,,Onsite,6,45,46,0 days 00:00:45.000000000,0 days 00:22:31.681617000
19,2019-12-02 21:00:00.000000,2019-12-02 21:00:50.000000,2019-12-02 21:23:02.571059,2019-12-02 21:23:52.571059,2019-12-02 21:59:27.079807,2019-12-02 22:00:17.079807,2019-12-02 22:18:28.170368,Replace,6,45,46,0 days 00:00:50.000000000,0 days 00:23:02.571059000
20,2019-12-02 22:14:00.000000,2019-12-02 22:14:25.000000,2019-12-02 22:29:39.797517,2019-12-02 22:29:48.632392,,,,Onsite,6,45,46,0 days 00:00:25.000000000,0 days 00:15:23.632392000
0,2019-12-02 01:12:00.000000,2019-12-02 00:00:50.000000,2019-12-02 00:18:45.869038,2019-12-02 00:19:35.869038,2019-12-02 00:41:21.572720,2019-12-02 00:42:11.572720,2019-12-02 01:02:51.908719,Replace,7,45,46,-1 days +22:48:50.000000000,0 days 00:18:45.869038000
1,2019-12-02 01:01:00.000000,2019-12-02 01:01:45.000000,2019-12-02 01:20:55.018703,2019-12-02 01:21:18.352478,,,,Onsite,7,45,46,0 days 00:00:45.000000000,0 days 00:19:33.352478000
2,2019-12-02 02:10:00.000000,2019-12-02 02:10:50.000000,2019-12-02 02:26:24.192438,2019-12-02 02:27:14.192438,2019-12-02 02:55:38.409016,2019-12-02 02:56:28.409016,2019-12-02 03:15:18.453419,Replace,7,45,46,0 days 00:00:50.000000000,0 days 00:16:24.192438000
3,2019-12-02 03:29:00.000000,2019-12-02 03:29:35.000000,2019-12-02 03:45:19.550024,2019-12-02 03:45:54.550024,2019-12-02 04:17:39.355428,2019-12-02 04:18:14.355428,2019-12-02 04:32:47.618454,Replace,7,45,46,0 days 00:00:35.000000000,0 days 00:16:19.550024000
4,2019-12-02 04:41:00.000000,2019-12-02 04:41:35.000000,2019-12-02 05:00:45.655943,2019-12-02 05:01:20.655943,2019-12-02 05:38:25.089935,2019-12-02 05:39:00.089935,2019-12-02 05:51:32.530800,Replace,7,45,46,0 days 00:00:35.000000000,0 days 00:19:45.655943000
5,2019-12-02 05:49:00.000000,2019-12-02 05:49:45.000000,2019-12-02 06:10:57.677800,2019-12-02 06:11:42.677800,2019-12-02 07:07:23.675258,2019-12-02 07:08:08.675258,2019-12-02 07:23:10.138814,Replace,7,45,46,0 days 00:00:45.000000000,0 days 00:21:57.677800000
6,2019-12-02 07:00:00.000000,2019-12-02 07:00:50.000000,2019-12-02 07:15:47.222294,2019-12-02 07:16:37.222294,2019-12-02 07:42:26.293124,2019-12-02 07:43:16.293124,2019-12-02 08:04:00.186359,Replace,7,45,46,0 days 00:00:50.000000000,0 days 00:15:47.222294000
7,2019-12-02 08:14:00.000000,2019-12-02 08:14:45.000000,2019-12-02 08:33:21.666722,2019-12-02 08:34:06.666722,2019-12-02 09:04:30.615362,2019-12-02 09:05:15.615362,2019-12-02 09:27:22.158279,Replace,7,45,46,0 days 00:00:45.000000000,0 days 00:19:21.666722000
8,2019-12-02 09:31:00.000000,2019-12-02 09:31:45.000000,2019-12-02 09:42:50.717334,2019-12-02 09:43:01.111561,,,,Onsite,7,45,46,0 days 00:00:45.000000000,0 days 00:11:16.111561000
9,2019-12-02 10:48:00.000000,2019-12-02 10:48:25.000000,2019-12-02 11:03:32.975922,2019-12-02 11:03:57.975922,2019-12-02 11:38:47.505927,2019-12-02 11:39:12.505927,2019-12-02 11:56:45.315767,Replace,7,45,46,0 days 00:00:25.000000000,0 days 00:15:32.975922000
10,2019-12-02 11:59:00.000000,2019-12-02 11:59:30.000000,2019-12-02 12:20:06.494012,2019-12-02 12:20:33.923824,,,,Onsite,7,45,46,0 days 00:00:30.000000000,0 days 00:21:03.923824000
11,2019-12-02 13:23:00.000000,2019-12-02 13:23:55.000000,2019-12-02 13:41:38.288825,2019-12-02 13:42:33.288825,2019-12-02 14:36:37.327173,2019-12-02 14:37:32.327173,2019-12-02 14:50:58.621583,Replace,7,45,46,0 days 00:00:55.000000000,0 days 00:18:38.288825000
12,2019-12-02 14:35:00.000000,2019-12-02 14:35:35.000000,2019-12-02 14:52:38.464910,2019-12-02 14:53:13.464910,2019-12-02 15:15:12.073661,2019-12-02 15:15:47.073661,2019-12-02 15:27:53.505755,Replace,7,45,46,0 days 00:00:35.000000000,0 days 00:17:38.464910000
13,2019-12-02 15:47:00.000000,2019-12-02 15:47:25.000000,2019-12-02 16:02:22.852827,2019-12-02 16:02:47.852827,2019-12-02 16:36:29.152651,2019-12-02 16:36:54.152651,2019-12-02 16:54:00.938132,Replace,7,45,46,0 days 00:00:25.000000000,0 days 00:15:22.852827000
14,2019-12-02 17:01:00.000000,2019-12-02 17:01:30.000000,2019-12-02 17:16:56.957391,2019-12-02 17:17:26.957391,2019-12-02 18:00:19.327995,2019-12-02 18:00:49.327995,2019-12-02 18:23:13.992984,Replace,7,45,46,0 days 00:00:30.000000000,0 days 00:15:56.957391000
15,2019-12-02 18:11:00.000000,2019-12-02 18:11:30.000000,2019-12-02 18:26:48.606312,2019-12-02 18:27:18.606312,2019-12-02 19:15:15.509644,2019-12-02 19:15:45.509644,2019-12-02 19:31:38.052732,Replace,7,45,46,0 days 00:00:30.000000000,0 days 00:15:48.606312000
16,2019-12-02 19:27:00.000000,2019-12-02 19:27:45.000000,2019-12-02 19:45:53.706768,2019-12-02 19:46:10.202792,,,,Onsite,7,45,46,0 days 00:00:45.000000000,0 days 00:18:25.202792000
17,2019-12-02 20:49:00.000000,2019-12-02 20:49:30.000000,2019-12-02 21:02:36.030402,2019-12-02 21:02:59.935750,,,,Onsite,7,45,46,0 days 00:00:30.000000000,0 days 00:13:29.935750000
18,2019-12-02 21:53:00.000000,2019-12-02 21:53:30.000000,2019-12-02 22:08:43.360463,2019-12-02 22:08:51.566085,,,,Onsite,7,45,46,0 days 00:00:30.000000000,0 days 00:15:21.566085000
0,2019-12-02 01:07:00.000000,2019-12-02 00:00:45.000000,2019-12-02 00:12:51.687794,2019-12-02 00:13:18.644974,,,,Onsite,8,45,46,-1 days +22:53:45.000000000,0 days 00:12:33.644974000
1,2019-12-02 01:11:00.000000,2019-12-02 01:11:50.000000,2019-12-02 01:27:27.356680,2019-12-02 01:27:56.082584,,,,Onsite,8,45,46,0 days 00:00:50.000000000,0 days 00:16:06.082584000
2,2019-12-02 02:16:00.000000,2019-12-02 02:16:25.000000,2019-12-02 02:33:10.041757,2019-12-02 02:33:35.041757,2019-12-02 03:14:50.145198,2019-12-02 03:15:15.145198,2019-12-02 03:31:24.515513,Replace,8,45,46,0 days 00:00:25.000000000,0 days 00:17:10.041757000
3,2019-12-02 03:30:00.000000,2019-12-02 03:30:30.000000,2019-12-02 03:51:13.205107,2019-12-02 03:51:43.205107,2019-12-02 04:26:17.587172,2019-12-02 04:26:47.587172,2019-12-02 04:45:54.663717,Replace,8,45,46,0 days 00:00:30.000000000,0 days 00:21:13.205107000
4,2019-12-02 04:43:00.000000,2019-12-02 04:43:45.000000,2019-12-02 04:58:14.649588,2019-12-02 04:58:59.649588,2019-12-02 05:40:22.010076,2019-12-02 05:41:07.010076,2019-12-02 05:55:40.938470,Replace,8,45,46,0 days 00:00:45.000000000,0 days 00:15:14.649588000
5,2019-12-02 05:42:00.000000,2019-12-02 05:42:50.000000,2019-12-02 05:59:32.522609,2019-12-02 06:00:22.522609,2019-12-02 06:31:30.298611,2019-12-02 06:32:20.298611,2019-12-02 06:54:33.945658,Replace,8,45,46,0 days 00:00:50.000000000,0 days 00:17:32.522609000
6,2019-12-02 07:05:00.000000,2019-12-02 07:05:45.000000,2019-12-02 07:22:35.348419,2019-12-02 07:23:20.348419,2019-12-02 07:54:08.954748,2019-12-02 07:54:53.954748,2019-12-02 08:09:48.855423,Replace,8,45,46,0 days 00:00:45.000000000,0 days 00:17:35.348419000
7,2019-12-02 08:11:00.000000,2019-12-02 08:11:35.000000,2019-12-02 08:29:55.151132,2019-12-02 08:30:30.151132,2019-12-02 09:17:15.047519,2019-12-02 09:17:50.047519,2019-12-02 09:32:00.399082,Replace,8,45,46,0 days 00:00:35.000000000,0 days 00:18:55.151132000
8,2019-12-02 09:35:00.000000,2019-12-02 09:35:55.000000,2019-12-02 09:50:55.594034,2019-12-02 09:51:50.594034,2019-12-02 10:21:01.028340,2019-12-02 10:21:56.028340,2019-12-02 10:42:57.345027,Replace,8,45,46,0 days 00:00:55.000000000,0 days 00:15:55.594034000
9,2019-12-02 10:49:00.000000,2019-12-02 10:49:55.000000,2019-12-02 11:06:55.566204,2019-12-02 11:07:20.194587,,,,Onsite,8,45,46,0 days 00:00:55.000000000,0 days 00:17:25.194587000
10,2019-12-02 11:48:00.000000,2019-12-02 11:48:25.000000,2019-12-02 12:04:37.156136,2019-12-02 12:05:02.156136,2019-12-02 12:42:05.428625,2019-12-02 12:42:30.428625,2019-12-02 12:56:36.416723,Replace,8,45,46,0 days 00:00:25.000000000,0 days 00:16:37.156136000
11,2019-12-02 12:45:00.000000,2019-12-02 12:45:45.000000,2019-12-02 13:04:36.684521,2019-12-02 13:05:21.684521,2019-12-02 14:01:55.428296,2019-12-02 14:02:40.428296,2019-12-02 14:19:25.635295,Replace,8,45,46,0 days 00:00:45.000000000,0 days 00:19:36.684521000
12,2019-12-02 13:57:00.000000,2019-12-02 13:57:50.000000,2019-12-02 14:17:58.036527,2019-12-02 14:18:48.036527,2019-12-02 14:47:49.907360,2019-12-02 14:48:39.907360,2019-12-02 15:01:15.552904,Replace,8,45,46,0 days 00:00:50.000000000,0 days 00:20:58.036527000
13,2019-12-02 15:19:00.000000,2019-12-02 15:19:55.000000,2019-12-02 15:32:18.489446,2019-12-02 15:32:23.465096,,,,Onsite,8,45,46,0 days 00:00:55.000000000,0 days 00:12:28.465096000
14,2019-12-02 16:31:00.000000,2019-12-02 16:31:55.000000,2019-12-02 16:49:09.112829,2019-12-02 16:49:24.352734,,,,Onsite,8,45,46,0 days 00:00:55.000000000,0 days 00:17:29.352734000
15,2019-12-02 17:48:00.000000,2019-12-02 17:48:45.000000,2019-12-02 18:03:07.144061,2019-12-02 18:03:21.821036,,,,Onsite,8,45,46,0 days 00:00:45.000000000,0 days 00:14:36.821036000
16,2019-12-02 18:53:00.000000,2019-12-02 18:53:45.000000,2019-12-02 19:11:50.348713,2019-12-02 19:12:35.348713,2019-12-02 20:02:24.033252,2019-12-02 20:03:09.033252,2019-12-02 20:22:59.242174,Replace,8,45,46,0 days 00:00:45.000000000,0 days 00:18:50.348713000
17,2019-12-02 19:58:00.000000,2019-12-02 19:58:55.000000,2019-12-02 20:07:34.567382,2019-12-02 20:08:29.567382,2019-12-02 20:42:14.195062,2019-12-02 20:43:09.195062,2019-12-02 21:02:03.987705,Replace,8,45,46,0 days 00:00:55.000000000,0 days 00:09:34.567382000
18,2019-12-02 20:59:00.000000,2019-12-02 20:59:45.000000,2019-12-02 21:13:13.357987,2019-12-02 21:13:37.326373,,,,Onsite,8,45,46,0 days 00:00:45.000000000,0 days 00:13:52.326373000
0,2019-12-02 01:03:00.000000,2019-12-02 00:00:45.000000,2019-12-02 00:18:30.492728,2019-12-02 00:18:46.246009,,,,Onsite,9,45,46,-1 days +22:57:45.000000000,0 days 00:18:01.246009000
1,2019-12-02 01:16:00.000000,2019-12-02 01:16:25.000000,2019-12-02 01:30:03.174893,2019-12-02 01:30:28.174893,2019-12-02 02:13:27.445645,2019-12-02 02:13:52.445645,2019-12-02 02:29:13.608557,Replace,9,45,46,0 days 00:00:25.000000000,0 days 00:14:03.174893000
2,2019-12-02 02:20:00.000000,2019-12-02 02:20:25.000000,2019-12-02 02:35:08.749888,2019-12-02 02:35:33.749888,2019-12-02 03:22:08.842666,2019-12-02 03:22:33.842666,2019-12-02 03:37:36.317043,Replace,9,45,46,0 days 00:00:25.000000000,0 days 00:15:08.749888000
3,2019-12-02 03:20:00.000000,2019-12-02 03:20:55.000000,2019-12-02 03:37:47.748623,2019-12-02 03:38:11.774575,,,,Onsite,9,45,46,0 days 00:00:55.000000000,0 days 00:17:16.774575000
4,2019-12-02 04:22:00.000000,2019-12-02 04:22:55.000000,2019-12-02 04:40:29.588182,2019-12-02 04:41:24.588182,2019-12-02 05:10:27.651585,2019-12-02 05:11:22.651585,2019-12-02 05:33:57.192365,Replace,9,45,46,0 days 00:00:55.000000000,0 days 00:18:29.588182000
5,2019-12-02 05:27:00.000000,2019-12-02 05:27:45.000000,2019-12-02 05:42:20.991977,2019-12-02 05:43:05.991977,2019-12-02 06:10:37.346435,2019-12-02 06:11:22.346435,2019-12-02 06:33:12.707026,Replace,9,45,46,0 days 00:00:45.000000000,0 days 00:15:20.991977000
6,2019-12-02 06:38:00.000000,2019-12-02 06:38:35.000000,2019-12-02 06:48:21.433417,2019-12-02 06:48:34.193114,,,,Onsite,9,45,46,0 days 00:00:35.000000000,0 days 00:09:59.193114000
7,2019-12-02 07:46:00.000000,2019-12-02 07:46:35.000000,2019-12-02 07:58:40.356357,2019-12-02 07:59:15.356357,2019-12-02 08:25:42.858347,2019-12-02 08:26:17.858347,2019-12-02 08:44:14.615128,Replace,9,45,46,0 days 00:00:35.000000000,0 days 00:12:40.356357000
8,2019-12-02 08:58:00.000000,2019-12-02 08:58:35.000000,2019-12-02 09:12:27.892460,2019-12-02 09:12:43.368041,,,,Onsite,9,45,46,0 days 00:00:35.000000000,0 days 00:14:08.368041000
9,2019-12-02 10:01:00.000000,2019-12-02 10:01:50.000000,2019-12-02 10:18:44.359865,2019-12-02 10:18:51.965339,,,,Onsite,9,45,46,0 days 00:00:50.000000000,0 days 00:17:01.965339000
10,2019-12-02 11:15:00.000000,2019-12-02 11:15:45.000000,2019-12-02 11:39:07.325898,2019-12-02 11:39:39.548905,,,,Onsite,9,45,46,0 days 00:00:45.000000000,0 days 00:23:54.548905000
11,2019-12-02 12:21:00.000000,2019-12-02 12:21:45.000000,2019-12-02 12:36:50.133587,2019-12-02 12:36:57.188895,,,,Onsite,9,45,46,0 days 00:00:45.000000000,0 days 00:15:12.188895000
12,2019-12-02 13:28:00.000000,2019-12-02 13:28:55.000000,2019-12-02 13:49:40.998256,2019-12-02 13:50:35.998256,2019-12-02 14:25:13.494201,2019-12-02 14:26:08.494201,2019-12-02 14:42:26.085048,Replace,9,45,46,0 days 00:00:55.000000000,0 days 00:21:40.998256000
13,2019-12-02 14:35:00.000000,2019-12-02 14:35:25.000000,2019-12-02 14:53:41.411470,2019-12-02 14:53:48.334074,,,,Onsite,9,45,46,0 days 00:00:25.000000000,0 days 00:18:23.334074000
14,2019-12-02 15:52:00.000000,2019-12-02 15:52:25.000000,2019-12-02 16:08:00.728966,2019-12-02 16:08:25.728966,2019-12-02 16:52:26.918286,2019-12-02 16:52:51.918286,2019-12-02 17:14:47.611687,Replace,9,45,46,0 days 00:00:25.000000000,0 days 00:16:00.728966000
15,2019-12-02 16:53:00.000000,2019-12-02 16:53:25.000000,2019-12-02 17:09:26.459467,2019-12-02 17:09:39.648145,,,,Onsite,9,45,46,0 days 00:00:25.000000000,0 days 00:16:14.648145000
16,2019-12-02 18:01:00.000000,2019-12-02 18:01:50.000000,2019-12-02 18:17:16.579185,2019-12-02 18:18:06.579185,2019-12-02 18:49:27.055428,2019-12-02 18:50:17.055428,2019-12-02 19:04:38.947829,Replace,9,45,46,0 days 00:00:50.000000000,0 days 00:16:16.579185000
17,2019-12-02 18:56:00.000000,2019-12-02 18:56:25.000000,2019-12-02 19:14:13.906957,2019-12-02 19:14:38.906957,2019-12-02 19:50:43.547501,2019-12-02 19:51:08.547501,2019-12-02 20:11:56.057337,Replace,9,45,46,0 days 00:00:25.000000000,0 days 00:18:13.906957000
18,2019-12-02 20:04:00.000000,2019-12-02 20:04:25.000000,2019-12-02 20:17:24.639908,2019-12-02 20:17:49.639908,2019-12-02 21:08:27.423592,2019-12-02 21:08:52.423592,2019-12-02 21:27:11.866607,Replace,9,45,46,0 days 00:00:25.000000000,0 days 00:13:24.639908000
19,2019-12-02 21:09:00.000000,2019-12-02 21:09:45.000000,2019-12-02 21:25:46.661761,2019-12-02 21:26:04.806980,,,,Onsite,9,45,46,0 days 00:00:45.000000000,0 days 00:16:19.806980000
20,2019-12-02 22:22:00.000000,2019-12-02 22:22:35.000000,2019-12-02 22:41:31.307282,2019-12-02 22:41:55.108607,,,,Onsite,9,45,46,0 days 00:00:35.000000000,0 days 00:19:20.108607000
0,2019-12-02 01:23:00.000000,2019-12-02 00:00:50.000000,2019-12-02 00:18:52.264405,2019-12-02 00:19:42.264405,2019-12-02 00:45:34.165384,2019-12-02 00:46:24.165384,2019-12-02 01:04:53.619216,Replace,1,45,47,-1 days +22:37:50.000000000,0 days 00:18:52.264405000
1,2019-12-02 00:57:00.000000,2019-12-02 00:57:30.000000,2019-12-02 01:12:47.218112,2019-12-02 01:13:17.218112,2019-12-02 01:43:32.106959,2019-12-02 01:44:02.106959,2019-12-02 02:07:45.712596,Replace,1,45,47,0 days 00:00:30.000000000,0 days 00:15:47.218112000
2,2019-12-02 02:08:00.000000,2019-12-02 02:08:45.000000,2019-12-02 02:24:45.711197,2019-12-02 02:25:30.711197,2019-12-02 03:07:50.301400,2019-12-02 03:08:35.301400,2019-12-02 03:24:49.265581,Replace,1,45,47,0 days 00:00:45.000000000,0 days 00:16:45.711197000
3,2019-12-02 03:18:00.000000,2019-12-02 03:18:30.000000,2019-12-02 03:32:34.812396,2019-12-02 03:33:04.812396,2019-12-02 04:27:30.708745,2019-12-02 04:28:00.708745,2019-12-02 04:46:21.601715,Replace,1,45,47,0 days 00:00:30.000000000,0 days 00:14:34.812396000
4,2019-12-02 04:20:00.000000,2019-12-02 04:20:30.000000,2019-12-02 04:40:35.535303,2019-12-02 04:41:05.535303,2019-12-02 05:17:25.861792,2019-12-02 05:17:55.861792,2019-12-02 05:38:00.645544,Replace,1,45,47,0 days 00:00:30.000000000,0 days 00:20:35.535303000
5,2019-12-02 05:30:00.000000,2019-12-02 05:30:50.000000,2019-12-02 05:49:32.980820,2019-12-02 05:49:42.608785,,,,Onsite,1,45,47,0 days 00:00:50.000000000,0 days 00:18:52.608785000
6,2019-12-02 06:33:00.000000,2019-12-02 06:33:35.000000,2019-12-02 06:49:50.099139,2019-12-02 06:50:25.099139,2019-12-02 07:18:15.409456,2019-12-02 07:18:50.409456,2019-12-02 07:35:51.469931,Replace,1,45,47,0 days 00:00:35.000000000,0 days 00:16:50.099139000
7,2019-12-02 07:51:00.000000,2019-12-02 07:51:25.000000,2019-12-02 08:07:22.571204,2019-12-02 08:07:47.571204,2019-12-02 08:34:56.069036,2019-12-02 08:35:21.069036,2019-12-02 08:51:13.856384,Replace,1,45,47,0 days 00:00:25.000000000,0 days 00:16:22.571204000
8,2019-12-02 08:59:00.000000,2019-12-02 08:59:45.000000,2019-12-02 09:21:49.573384,2019-12-02 09:21:58.086874,,,,Onsite,1,45,47,0 days 00:00:45.000000000,0 days 00:22:13.086874000
9,2019-12-02 10:08:00.000000,2019-12-02 10:08:25.000000,2019-12-02 10:20:16.085640,2019-12-02 10:20:41.085640,2019-12-02 11:05:36.205233,2019-12-02 11:06:01.205233,2019-12-02 11:20:42.833874,Replace,1,45,47,0 days 00:00:25.000000000,0 days 00:12:16.085640000
10,2019-12-02 11:16:00.000000,2019-12-02 11:16:45.000000,2019-12-02 11:34:24.068934,2019-12-02 11:35:09.068934,2019-12-02 12:21:32.488114,2019-12-02 12:22:17.488114,2019-12-02 12:41:00.369810,Replace,1,45,47,0 days 00:00:45.000000000,0 days 00:18:24.068934000
11,2019-12-02 12:25:00.000000,2019-12-02 12:25:45.000000,2019-12-02 12:43:59.674074,2019-12-02 12:44:44.674074,2019-12-02 13:37:53.468555,2019-12-02 13:38:38.468555,2019-12-02 13:57:28.706776,Replace,1,45,47,0 days 00:00:45.000000000,0 days 00:18:59.674074000
12,2019-12-02 13:25:00.000000,2019-12-02 13:25:35.000000,2019-12-02 13:46:24.691963,2019-12-02 13:46:45.888964,,,,Onsite,1,45,47,0 days 00:00:35.000000000,0 days 00:21:10.888964000
13,2019-12-02 14:34:00.000000,2019-12-02 14:34:55.000000,2019-12-02 14:51:24.581857,2019-12-02 14:52:19.581857,2019-12-02 15:49:45.814381,2019-12-02 15:50:40.814381,2019-12-02 16:06:17.010244,Replace,1,45,47,0 days 00:00:55.000000000,0 days 00:17:24.581857000
14,2019-12-02 15:40:00.000000,2019-12-02 15:40:25.000000,2019-12-02 15:54:29.014308,2019-12-02 15:54:54.014308,2019-12-02 16:20:19.556549,2019-12-02 16:20:44.556549,2019-12-02 16:35:25.949671,Replace,1,45,47,0 days 00:00:25.000000000,0 days 00:14:29.014308000
15,2019-12-02 16:56:00.000000,2019-12-02 16:56:50.000000,2019-12-02 17:17:57.313848,2019-12-02 17:18:06.112474,,,,Onsite,1,45,47,0 days 00:00:50.000000000,0 days 00:21:16.112474000
16,2019-12-02 17:59:00.000000,2019-12-02 17:59:45.000000,2019-12-02 18:11:32.160752,2019-12-02 18:12:17.160752,2019-12-02 18:57:23.224397,2019-12-02 18:58:08.224397,2019-12-02 19:17:10.303636,Replace,1,45,47,0 days 00:00:45.000000000,0 days 00:12:32.160752000
17,2019-12-02 19:08:00.000000,2019-12-02 19:08:25.000000,2019-12-02 19:18:11.350568,2019-12-02 19:18:38.826333,,,,Onsite,1,45,47,0 days 00:00:25.000000000,0 days 00:10:13.826333000
18,2019-12-02 20:14:00.000000,2019-12-02 20:14:25.000000,2019-12-02 20:31:09.771100,2019-12-02 20:31:22.064214,,,,Onsite,1,45,47,0 days 00:00:25.000000000,0 days 00:16:57.064214000
19,2019-12-02 21:31:00.000000,2019-12-02 21:31:55.000000,2019-12-02 21:45:50.628884,2019-12-02 21:46:45.628884,2019-12-02 22:16:29.787442,2019-12-02 22:17:24.787442,2019-12-02 22:35:05.223862,Replace,1,45,47,0 days 00:00:55.000000000,0 days 00:14:50.628884000
0,2019-12-02 01:07:00.000000,2019-12-02 00:00:25.000000,2019-12-02 00:17:16.581650,2019-12-02 00:17:41.581650,2019-12-02 00:51:35.281755,2019-12-02 00:52:00.281755,2019-12-02 01:10:44.566653,Replace,2,45,47,-1 days +22:53:25.000000000,0 days 00:17:16.581650000
1,2019-12-02 01:05:00.000000,2019-12-02 01:05:45.000000,2019-12-02 01:18:38.411474,2019-12-02 01:18:58.896065,,,,Onsite,2,45,47,0 days 00:00:45.000000000,0 days 00:13:13.896065000
2,2019-12-02 02:11:00.000000,2019-12-02 02:11:30.000000,2019-12-02 02:26:13.688657,2019-12-02 02:26:43.688657,2019-12-02 03:10:08.722663,2019-12-02 03:10:38.722663,2019-12-02 03:28:51.057160,Replace,2,45,47,0 days 00:00:30.000000000,0 days 00:15:13.688657000
3,2019-12-02 03:29:00.000000,2019-12-02 03:29:45.000000,2019-12-02 03:46:00.206084,2019-12-02 03:46:45.206084,2019-12-02 04:21:47.716992,2019-12-02 04:22:32.716992,2019-12-02 04:40:14.729794,Replace,2,45,47,0 days 00:00:45.000000000,0 days 00:17:00.206084000
4,2019-12-02 05:47:00.000000,2019-12-02 05:47:35.000000,2019-12-02 06:03:05.255245,2019-12-02 06:03:16.699804,,,,Onsite,2,45,47,0 days 00:00:35.000000000,0 days 00:15:41.699804000
5,2019-12-02 04:36:00.000000,2019-12-02 04:36:50.000000,2019-12-02 04:54:53.768468,2019-12-02 04:55:43.768468,2019-12-02 05:46:24.633433,2019-12-02 05:47:14.633433,2019-12-02 05:59:13.985336,Replace,2,45,47,0 days 00:00:50.000000000,0 days 00:18:53.768468000
6,2019-12-02 06:51:00.000000,2019-12-02 06:51:35.000000,2019-12-02 07:09:45.120783,2019-12-02 07:10:20.120783,2019-12-02 07:49:57.336978,2019-12-02 07:50:32.336978,2019-12-02 08:14:25.818603,Replace,2,45,47,0 days 00:00:35.000000000,0 days 00:18:45.120783000
7,2019-12-02 07:59:00.000000,2019-12-02 07:59:45.000000,2019-12-02 08:16:59.541671,2019-12-02 08:17:24.888134,,,,Onsite,2,45,47,0 days 00:00:45.000000000,0 days 00:17:39.888134000
8,2019-12-02 08:59:00.000000,2019-12-02 08:59:35.000000,2019-12-02 09:10:22.097782,2019-12-02 09:10:57.097782,2019-12-02 09:53:10.544143,2019-12-02 09:53:45.544143,2019-12-02 10:16:25.575991,Replace,2,45,47,0 days 00:00:35.000000000,0 days 00:11:22.097782000
9,2019-12-02 10:21:00.000000,2019-12-02 10:21:35.000000,2019-12-02 10:40:02.352623,2019-12-02 10:40:37.352623,2019-12-02 11:12:29.192209,2019-12-02 11:13:04.192209,2019-12-02 11:26:28.320751,Replace,2,45,47,0 days 00:00:35.000000000,0 days 00:19:02.352623000
10,2019-12-02 11:33:00.000000,2019-12-02 11:33:25.000000,2019-12-02 11:45:15.404326,2019-12-02 11:45:40.404326,2019-12-02 12:09:11.440035,2019-12-02 12:09:36.440035,2019-12-02 12:23:27.826070,Replace,2,45,47,0 days 00:00:25.000000000,0 days 00:12:15.404326000
11,2019-12-02 13:44:00.000000,2019-12-02 13:44:50.000000,2019-12-02 14:00:12.299200,2019-12-02 14:00:15.235640,,,,Onsite,2,45,47,0 days 00:00:50.000000000,0 days 00:15:25.235640000
12,2019-12-02 12:34:00.000000,2019-12-02 12:34:55.000000,2019-12-02 12:51:01.498662,2019-12-02 12:51:56.498662,2019-12-02 13:31:27.318244,2019-12-02 13:32:22.318244,2019-12-02 13:44:21.446279,Replace,2,45,47,0 days 00:00:55.000000000,0 days 00:17:01.498662000
13,2019-12-02 15:02:00.000000,2019-12-02 15:02:35.000000,2019-12-02 15:17:47.877945,2019-12-02 15:18:22.877945,2019-12-02 15:58:33.557890,2019-12-02 15:59:08.557890,2019-12-02 16:13:22.822570,Replace,2,45,47,0 days 00:00:35.000000000,0 days 00:15:47.877945000
14,2019-12-02 16:10:00.000000,2019-12-02 16:10:25.000000,2019-12-02 16:31:19.961742,2019-12-02 16:31:44.961742,2019-12-02 17:13:16.412943,2019-12-02 17:13:41.412943,2019-12-02 17:33:05.498272,Replace,2,45,47,0 days 00:00:25.000000000,0 days 00:21:19.961742000
15,2019-12-02 17:22:00.000000,2019-12-02 17:22:30.000000,2019-12-02 17:37:40.290316,2019-12-02 17:38:10.290316,2019-12-02 18:07:41.593378,2019-12-02 18:08:11.593378,2019-12-02 18:31:30.359840,Replace,2,45,47,0 days 00:00:30.000000000,0 days 00:15:40.290316000
16,2019-12-02 18:46:00.000000,2019-12-02 18:46:45.000000,2019-12-02 18:56:37.651456,2019-12-02 18:57:22.651456,2019-12-02 19:20:13.456285,2019-12-02 19:20:58.456285,2019-12-02 19:35:16.328484,Replace,2,45,47,0 days 00:00:45.000000000,0 days 00:10:37.651456000
17,2019-12-02 19:52:00.000000,2019-12-02 19:52:35.000000,2019-12-02 20:13:08.933590,2019-12-02 20:13:34.401832,,,,Onsite,2,45,47,0 days 00:00:35.000000000,0 days 00:20:59.401832000
18,2019-12-02 21:00:00.000000,2019-12-02 21:00:30.000000,2019-12-02 21:17:10.045366,2019-12-02 21:17:41.621882,,,,Onsite,2,45,47,0 days 00:00:30.000000000,0 days 00:17:11.621882000
0,2019-12-02 01:06:00.000000,2019-12-02 00:00:35.000000,2019-12-02 00:16:07.540208,2019-12-02 00:16:38.424993,,,,Onsite,3,45,47,-1 days +22:54:35.000000000,0 days 00:16:03.424993000
1,2019-12-02 01:09:00.000000,2019-12-02 01:09:50.000000,2019-12-02 01:31:06.985617,2019-12-02 01:31:56.985617,2019-12-02 02:19:03.290160,2019-12-02 02:19:53.290160,2019-12-02 02:38:31.540820,Replace,3,45,47,0 days 00:00:50.000000000,0 days 00:22:06.985617000
2,2019-12-02 02:06:00.000000,2019-12-02 02:06:45.000000,2019-12-02 02:23:50.780723,2019-12-02 02:24:35.780723,2019-12-02 02:53:52.398571,2019-12-02 02:54:37.398571,2019-12-02 03:11:25.455804,Replace,3,45,47,0 days 00:00:45.000000000,0 days 00:17:50.780723000
3,2019-12-02 03:08:00.000000,2019-12-02 03:08:45.000000,2019-12-02 03:29:21.072324,2019-12-02 03:29:32.135427,,,,Onsite,3,45,47,0 days 00:00:45.000000000,0 days 00:20:47.135427000
4,2019-12-02 04:10:00.000000,2019-12-02 04:10:45.000000,2019-12-02 04:29:25.145458,2019-12-02 04:30:10.145458,2019-12-02 05:07:25.919270,2019-12-02 05:08:10.919270,2019-12-02 05:28:20.521039,Replace,3,45,47,0 days 00:00:45.000000000,0 days 00:19:25.145458000
5,2019-12-02 05:03:00.000000,2019-12-02 05:03:25.000000,2019-12-02 05:17:45.473681,2019-12-02 05:18:10.473681,2019-12-02 05:51:03.955429,2019-12-02 05:51:28.955429,2019-12-02 06:12:52.181565,Replace,3,45,47,0 days 00:00:25.000000000,0 days 00:14:45.473681000
6,2019-12-02 06:08:00.000000,2019-12-02 06:08:55.000000,2019-12-02 06:29:41.413633,2019-12-02 06:30:36.413633,2019-12-02 07:12:07.741050,2019-12-02 07:13:02.741050,2019-12-02 07:29:12.157106,Replace,3,45,47,0 days 00:00:55.000000000,0 days 00:21:41.413633000
7,2019-12-02 07:09:00.000000,2019-12-02 07:09:25.000000,2019-12-02 07:26:18.530413,2019-12-02 07:26:43.530413,2019-12-02 08:08:14.552339,2019-12-02 08:08:39.552339,2019-12-02 08:22:06.816174,Replace,3,45,47,0 days 00:00:25.000000000,0 days 00:17:18.530413000
8,2019-12-02 08:15:00.000000,2019-12-02 08:15:45.000000,2019-12-02 08:28:48.320434,2019-12-02 08:28:53.464024,,,,Onsite,3,45,47,0 days 00:00:45.000000000,0 days 00:13:08.464024000
9,2019-12-02 09:31:00.000000,2019-12-02 09:31:55.000000,2019-12-02 09:49:18.898634,2019-12-02 09:50:13.898634,2019-12-02 10:24:50.628572,2019-12-02 10:25:45.628572,2019-12-02 10:46:51.182719,Replace,3,45,47,0 days 00:00:55.000000000,0 days 00:18:18.898634000
10,2019-12-02 10:38:00.000000,2019-12-02 10:38:55.000000,2019-12-02 11:03:05.186981,2019-12-02 11:03:11.615436,,,,Onsite,3,45,47,0 days 00:00:55.000000000,0 days 00:24:16.615436000
11,2019-12-02 11:45:00.000000,2019-12-02 11:45:30.000000,2019-12-02 12:01:22.003373,2019-12-02 12:01:52.003373,2019-12-02 13:01:37.425017,2019-12-02 13:02:07.425017,2019-12-02 13:17:15.052072,Replace,3,45,47,0 days 00:00:30.000000000,0 days 00:16:22.003373000
12,2019-12-02 12:56:00.000000,2019-12-02 12:56:55.000000,2019-12-02 13:17:22.267655,2019-12-02 13:18:17.267655,2019-12-02 13:49:11.530012,2019-12-02 13:50:06.530012,2019-12-02 14:05:04.771985,Replace,3,45,47,0 days 00:00:55.000000000,0 days 00:21:22.267655000
13,2019-12-02 13:57:00.000000,2019-12-02 13:57:30.000000,2019-12-02 14:14:28.187491,2019-12-02 14:14:58.187491,2019-12-02 14:43:55.292761,2019-12-02 14:44:25.292761,2019-12-02 15:06:12.781692,Replace,3,45,47,0 days 00:00:30.000000000,0 days 00:17:28.187491000
14,2019-12-02 14:54:00.000000,2019-12-02 14:54:35.000000,2019-12-02 15:17:03.987840,2019-12-02 15:17:17.634081,,,,Onsite,3,45,47,0 days 00:00:35.000000000,0 days 00:22:42.634081000
15,2019-12-02 15:54:00.000000,2019-12-02 15:54:55.000000,2019-12-02 16:12:53.824998,2019-12-02 16:13:06.108499,,,,Onsite,3,45,47,0 days 00:00:55.000000000,0 days 00:18:11.108499000
16,2019-12-02 17:00:00.000000,2019-12-02 17:00:45.000000,2019-12-02 17:13:42.497662,2019-12-02 17:14:27.497662,2019-12-02 17:51:05.272294,2019-12-02 17:51:50.272294,2019-12-02 18:08:22.701338,Replace,3,45,47,0 days 00:00:45.000000000,0 days 00:13:42.497662000
17,2019-12-02 18:13:00.000000,2019-12-02 18:13:25.000000,2019-12-02 18:30:01.465303,2019-12-02 18:30:13.124408,,,,Onsite,3,45,47,0 days 00:00:25.000000000,0 days 00:16:48.124408000
18,2019-12-02 19:20:00.000000,2019-12-02 19:20:45.000000,2019-12-02 19:36:56.622164,2019-12-02 19:37:41.622164,2019-12-02 20:20:25.571058,2019-12-02 20:21:10.571058,2019-12-02 20:41:58.061333,Replace,3,45,47,0 days 00:00:45.000000000,0 days 00:16:56.622164000
19,2019-12-02 20:38:00.000000,2019-12-02 20:38:50.000000,2019-12-02 20:54:17.869162,2019-12-02 20:54:26.006749,,,,Onsite,3,45,47,0 days 00:00:50.000000000,0 days 00:15:36.006749000
0,2019-12-02 01:15:00.000000,2019-12-02 00:00:50.000000,2019-12-02 00:18:29.061405,2019-12-02 00:19:19.061405,2019-12-02 00:42:04.703203,2019-12-02 00:42:54.703203,2019-12-02 00:58:58.488755,Replace,4,45,47,-1 days +22:45:50.000000000,0 days 00:18:29.061405000
1,2019-12-02 01:23:00.000000,2019-12-02 01:23:50.000000,2019-12-02 01:36:52.518095,2019-12-02 01:37:42.518095,2019-12-02 02:13:59.171760,2019-12-02 02:14:49.171760,2019-12-02 02:29:23.674351,Replace,4,45,47,0 days 00:00:50.000000000,0 days 00:13:52.518095000
2,2019-12-02 02:30:00.000000,2019-12-02 02:30:45.000000,2019-12-02 02:49:39.900487,2019-12-02 02:50:24.900487,2019-12-02 03:45:02.730725,2019-12-02 03:45:47.730725,2019-12-02 03:58:58.793150,Replace,4,45,47,0 days 00:00:45.000000000,0 days 00:19:39.900487000
3,2019-12-02 03:30:00.000000,2019-12-02 03:30:35.000000,2019-12-02 03:44:21.284564,2019-12-02 03:44:24.284681,,,,Onsite,4,45,47,0 days 00:00:35.000000000,0 days 00:13:49.284681000
4,2019-12-02 04:55:00.000000,2019-12-02 04:55:45.000000,2019-12-02 05:13:41.639345,2019-12-02 05:13:58.271099,,,,Onsite,4,45,47,0 days 00:00:45.000000000,0 days 00:18:13.271099000
5,2019-12-02 05:48:00.000000,2019-12-02 05:48:45.000000,2019-12-02 06:00:58.520548,2019-12-02 06:01:43.520548,2019-12-02 06:39:09.881823,2019-12-02 06:39:54.881823,2019-12-02 07:01:54.865864,Replace,4,45,47,0 days 00:00:45.000000000,0 days 00:12:58.520548000
6,2019-12-02 06:50:00.000000,2019-12-02 06:50:35.000000,2019-12-02 07:09:55.774429,2019-12-02 07:10:30.774429,2019-12-02 07:56:09.749873,2019-12-02 07:56:44.749873,2019-12-02 08:15:52.014855,Replace,4,45,47,0 days 00:00:35.000000000,0 days 00:19:55.774429000
7,2019-12-02 07:53:00.000000,2019-12-02 07:53:35.000000,2019-12-02 08:10:23.350405,2019-12-02 08:10:41.743562,,,,Onsite,4,45,47,0 days 00:00:35.000000000,0 days 00:17:06.743562000
8,2019-12-02 08:51:00.000000,2019-12-02 08:51:25.000000,2019-12-02 09:08:37.111580,2019-12-02 09:09:02.111580,2019-12-02 09:45:31.436408,2019-12-02 09:45:56.436408,2019-12-02 10:07:54.843188,Replace,4,45,47,0 days 00:00:25.000000000,0 days 00:17:37.111580000
9,2019-12-02 09:46:00.000000,2019-12-02 09:46:45.000000,2019-12-02 10:04:37.647905,2019-12-02 10:05:22.647905,2019-12-02 10:39:55.059815,2019-12-02 10:40:40.059815,2019-12-02 10:52:20.770434,Replace,4,45,47,0 days 00:00:45.000000000,0 days 00:18:37.647905000
10,2019-12-02 10:54:00.000000,2019-12-02 10:54:35.000000,2019-12-02 11:08:01.985296,2019-12-02 11:08:17.730080,,,,Onsite,4,45,47,0 days 00:00:35.000000000,0 days 00:13:42.730080000
11,2019-12-02 12:04:00.000000,2019-12-02 12:04:50.000000,2019-12-02 12:20:44.671541,2019-12-02 12:20:59.315669,,,,Onsite,4,45,47,0 days 00:00:50.000000000,0 days 00:16:09.315669000
12,2019-12-02 13:07:00.000000,2019-12-02 13:07:35.000000,2019-12-02 13:22:57.431197,2019-12-02 13:23:12.483981,,,,Onsite,4,45,47,0 days 00:00:35.000000000,0 days 00:15:37.483981000
13,2019-12-02 14:25:00.000000,2019-12-02 14:25:30.000000,2019-12-02 14:40:54.104978,2019-12-02 14:41:24.104978,2019-12-02 15:21:07.081089,2019-12-02 15:21:37.081089,2019-12-02 15:36:24.309640,Replace,4,45,47,0 days 00:00:30.000000000,0 days 00:15:54.104978000
14,2019-12-02 16:30:00.000000,2019-12-02 16:30:45.000000,2019-12-02 16:47:04.945674,2019-12-02 16:47:49.945674,2019-12-02 17:18:24.219837,2019-12-02 17:19:09.219837,2019-12-02 17:32:57.739349,Replace,4,45,47,0 days 00:00:45.000000000,0 days 00:17:04.945674000
15,2019-12-02 15:28:00.000000,2019-12-02 15:28:45.000000,2019-12-02 15:43:55.621173,2019-12-02 15:44:40.621173,2019-12-02 16:30:04.083423,2019-12-02 16:30:49.083423,2019-12-02 16:52:08.883080,Replace,4,45,47,0 days 00:00:45.000000000,0 days 00:15:55.621173000
16,2019-12-02 17:33:00.000000,2019-12-02 17:33:25.000000,2019-12-02 17:49:27.358317,2019-12-02 17:49:52.358317,2019-12-02 18:26:04.217316,2019-12-02 18:26:29.217316,2019-12-02 18:42:47.768480,Replace,4,45,47,0 days 00:00:25.000000000,0 days 00:16:27.358317000
17,2019-12-02 18:51:00.000000,2019-12-02 18:51:35.000000,2019-12-02 19:07:59.077374,2019-12-02 19:08:34.077374,2019-12-02 19:48:30.141795,2019-12-02 19:49:05.141795,2019-12-02 20:05:21.450406,Replace,4,45,47,0 days 00:00:35.000000000,0 days 00:16:59.077374000
18,2019-12-02 20:18:00.000000,2019-12-02 20:18:45.000000,2019-12-02 20:32:51.111600,2019-12-02 20:33:29.886057,,,,Onsite,4,45,47,0 days 00:00:45.000000000,0 days 00:14:44.886057000
19,2019-12-02 21:37:00.000000,2019-12-02 21:37:45.000000,2019-12-02 21:52:47.852486,2019-12-02 21:53:00.153214,,,,Onsite,4,45,47,0 days 00:00:45.000000000,0 days 00:15:15.153214000
0,2019-12-02 01:32:00.000000,2019-12-02 00:00:55.000000,2019-12-02 00:16:16.053233,2019-12-02 00:17:11.053233,2019-12-02 01:04:53.451068,2019-12-02 01:05:48.451068,2019-12-02 01:22:23.383260,Replace,5,45,47,-1 days +22:28:55.000000000,0 days 00:16:16.053233000
1,2019-12-02 01:23:00.000000,2019-12-02 01:23:35.000000,2019-12-02 01:34:25.880684,2019-12-02 01:35:00.880684,2019-12-02 02:07:56.475828,2019-12-02 02:08:31.475828,2019-12-02 02:21:58.031331,Replace,5,45,47,0 days 00:00:35.000000000,0 days 00:11:25.880684000
2,2019-12-02 02:47:00.000000,2019-12-02 02:47:50.000000,2019-12-02 03:05:12.909213,2019-12-02 03:05:35.463724,,,,Onsite,5,45,47,0 days 00:00:50.000000000,0 days 00:17:45.463724000
3,2019-12-02 03:52:00.000000,2019-12-02 03:52:45.000000,2019-12-02 04:05:28.458291,2019-12-02 04:05:39.125894,,,,Onsite,5,45,47,0 days 00:00:45.000000000,0 days 00:12:54.125894000
4,2019-12-02 05:00:00.000000,2019-12-02 05:00:45.000000,2019-12-02 05:20:26.966107,2019-12-02 05:21:11.966107,2019-12-02 05:48:01.993146,2019-12-02 05:48:46.993146,2019-12-02 06:03:12.896655,Replace,5,45,47,0 days 00:00:45.000000000,0 days 00:20:26.966107000
5,2019-12-02 06:02:00.000000,2019-12-02 06:02:45.000000,2019-12-02 06:16:09.098686,2019-12-02 06:16:54.098686,2019-12-02 06:57:24.036508,2019-12-02 06:58:09.036508,2019-12-02 07:20:53.102663,Replace,5,45,47,0 days 00:00:45.000000000,0 days 00:14:09.098686000
6,2019-12-02 07:08:00.000000,2019-12-02 07:08:25.000000,2019-12-02 07:26:48.167327,2019-12-02 07:27:02.174127,,,,Onsite,5,45,47,0 days 00:00:25.000000000,0 days 00:18:37.174127000
7,2019-12-02 08:16:00.000000,2019-12-02 08:16:25.000000,2019-12-02 08:33:02.470176,2019-12-02 08:33:14.223877,,,,Onsite,5,45,47,0 days 00:00:25.000000000,0 days 00:16:49.223877000
8,2019-12-02 09:24:00.000000,2019-12-02 09:24:30.000000,2019-12-02 09:43:28.756234,2019-12-02 09:43:51.981475,,,,Onsite,5,45,47,0 days 00:00:30.000000000,0 days 00:19:21.981475000
9,2019-12-02 10:24:00.000000,2019-12-02 10:24:45.000000,2019-12-02 10:45:55.943318,2019-12-02 10:46:40.943318,2019-12-02 11:19:44.641284,2019-12-02 11:20:29.641284,2019-12-02 11:32:43.033821,Replace,5,45,47,0 days 00:00:45.000000000,0 days 00:21:55.943318000
10,2019-12-02 11:16:00.000000,2019-12-02 11:16:25.000000,2019-12-02 11:35:21.852539,2019-12-02 11:35:46.852539,2019-12-02 12:08:10.086806,2019-12-02 12:08:35.086806,2019-12-02 12:30:19.965907,Replace,5,45,47,0 days 00:00:25.000000000,0 days 00:19:21.852539000
11,2019-12-02 12:26:00.000000,2019-12-02 12:26:45.000000,2019-12-02 12:40:40.929041,2019-12-02 12:41:25.929041,2019-12-02 13:16:57.186412,2019-12-02 13:17:42.186412,2019-12-02 13:31:01.036870,Replace,5,45,47,0 days 00:00:45.000000000,0 days 00:14:40.929041000
12,2019-12-02 13:41:00.000000,2019-12-02 13:41:35.000000,2019-12-02 13:58:47.476376,2019-12-02 13:59:01.604097,,,,Onsite,5,45,47,0 days 00:00:35.000000000,0 days 00:17:26.604097000
13,2019-12-02 14:52:00.000000,2019-12-02 14:52:45.000000,2019-12-02 15:09:01.058444,2019-12-02 15:09:46.058444,2019-12-02 15:42:14.525292,2019-12-02 15:42:59.525292,2019-12-02 16:00:03.966399,Replace,5,45,47,0 days 00:00:45.000000000,0 days 00:17:01.058444000
14,2019-12-02 16:03:00.000000,2019-12-02 16:03:30.000000,2019-12-02 16:24:42.391326,2019-12-02 16:25:00.860755,,,,Onsite,5,45,47,0 days 00:00:30.000000000,0 days 00:21:30.860755000
15,2019-12-02 17:14:00.000000,2019-12-02 17:14:45.000000,2019-12-02 17:29:32.370844,2019-12-02 17:29:46.477086,,,,Onsite,5,45,47,0 days 00:00:45.000000000,0 days 00:15:01.477086000
16,2019-12-02 18:33:00.000000,2019-12-02 18:33:50.000000,2019-12-02 18:52:47.137959,2019-12-02 18:52:53.744652,,,,Onsite,5,45,47,0 days 00:00:50.000000000,0 days 00:19:03.744652000
17,2019-12-02 19:35:00.000000,2019-12-02 19:35:30.000000,2019-12-02 19:50:56.553054,2019-12-02 19:51:01.667091,,,,Onsite,5,45,47,0 days 00:00:30.000000000,0 days 00:15:31.667091000
18,2019-12-02 20:44:00.000000,2019-12-02 20:44:45.000000,2019-12-02 21:00:32.106075,2019-12-02 21:01:17.106075,2019-12-02 21:43:10.149040,2019-12-02 21:43:55.149040,2019-12-02 21:59:06.079442,Replace,5,45,47,0 days 00:00:45.000000000,0 days 00:16:32.106075000
19,2019-12-02 21:48:00.000000,2019-12-02 21:48:45.000000,2019-12-02 21:59:39.430466,2019-12-02 21:59:45.885627,,,,Onsite,5,45,47,0 days 00:00:45.000000000,0 days 00:11:00.885627000
0,2019-12-02 01:08:00.000000,2019-12-02 00:00:25.000000,2019-12-02 00:18:44.861943,2019-12-02 00:18:51.745753,,,,Onsite,6,45,47,-1 days +22:52:25.000000000,0 days 00:18:26.745753000
1,2019-12-02 01:20:00.000000,2019-12-02 01:20:50.000000,2019-12-02 01:41:29.300837,2019-12-02 01:42:19.300837,2019-12-02 02:17:56.370005,2019-12-02 02:18:46.370005,2019-12-02 02:36:35.191030,Replace,6,45,47,0 days 00:00:50.000000000,0 days 00:21:29.300837000
2,2019-12-02 02:28:00.000000,2019-12-02 02:28:45.000000,2019-12-02 02:45:53.936640,2019-12-02 02:46:38.936640,2019-12-02 03:24:47.301662,2019-12-02 03:25:32.301662,2019-12-02 03:45:38.149533,Replace,6,45,47,0 days 00:00:45.000000000,0 days 00:17:53.936640000
3,2019-12-02 03:33:00.000000,2019-12-02 03:33:45.000000,2019-12-02 03:50:44.132641,2019-12-02 03:51:29.132641,2019-12-02 04:27:33.366071,2019-12-02 04:28:18.366071,2019-12-02 04:51:52.089942,Replace,6,45,47,0 days 00:00:45.000000000,0 days 00:17:44.132641000
4,2019-12-02 04:48:00.000000,2019-12-02 04:48:35.000000,2019-12-02 05:03:51.657515,2019-12-02 05:04:11.211484,,,,Onsite,6,45,47,0 days 00:00:35.000000000,0 days 00:15:36.211484000
5,2019-12-02 06:07:00.000000,2019-12-02 06:07:35.000000,2019-12-02 06:19:18.701136,2019-12-02 06:19:53.701136,2019-12-02 06:51:51.156482,2019-12-02 06:52:26.156482,2019-12-02 07:10:38.031149,Replace,6,45,47,0 days 00:00:35.000000000,0 days 00:12:18.701136000
6,2019-12-02 07:06:00.000000,2019-12-02 07:06:45.000000,2019-12-02 07:29:18.559502,2019-12-02 07:30:03.559502,2019-12-02 08:06:28.943608,2019-12-02 08:07:13.943608,2019-12-02 08:26:22.917892,Replace,6,45,47,0 days 00:00:45.000000000,0 days 00:23:18.559502000
7,2019-12-02 08:27:00.000000,2019-12-02 08:27:45.000000,2019-12-02 08:46:59.452973,2019-12-02 08:47:44.452973,2019-12-02 09:42:12.974420,2019-12-02 09:42:57.974420,2019-12-02 09:55:46.816054,Replace,6,45,47,0 days 00:00:45.000000000,0 days 00:19:59.452973000
8,2019-12-02 09:30:00.000000,2019-12-02 09:30:50.000000,2019-12-02 09:46:15.677487,2019-12-02 09:47:05.677487,2019-12-02 10:17:33.345152,2019-12-02 10:18:23.345152,2019-12-02 10:32:51.298033,Replace,6,45,47,0 days 00:00:50.000000000,0 days 00:16:15.677487000
9,2019-12-02 10:29:00.000000,2019-12-02 10:29:25.000000,2019-12-02 10:49:40.415753,2019-12-02 10:50:05.415753,2019-12-02 11:30:12.514727,2019-12-02 11:30:37.514727,2019-12-02 11:42:40.065055,Replace,6,45,47,0 days 00:00:25.000000000,0 days 00:20:40.415753000
10,2019-12-02 11:44:00.000000,2019-12-02 11:44:35.000000,2019-12-02 12:02:45.934239,2019-12-02 12:03:20.934239,2019-12-02 12:35:53.516468,2019-12-02 12:36:28.516468,2019-12-02 12:49:29.758032,Replace,6,45,47,0 days 00:00:35.000000000,0 days 00:18:45.934239000
11,2019-12-02 12:55:00.000000,2019-12-02 12:55:25.000000,2019-12-02 13:08:10.806909,2019-12-02 13:08:35.806909,2019-12-02 13:53:01.815720,2019-12-02 13:53:26.815720,2019-12-02 14:13:08.099009,Replace,6,45,47,0 days 00:00:25.000000000,0 days 00:13:10.806909000
12,2019-12-02 14:08:00.000000,2019-12-02 14:08:25.000000,2019-12-02 14:26:00.125903,2019-12-02 14:26:25.125903,2019-12-02 14:56:43.302398,2019-12-02 14:57:08.302398,2019-12-02 15:12:51.006691,Replace,6,45,47,0 days 00:00:25.000000000,0 days 00:18:00.125903000
13,2019-12-02 15:15:00.000000,2019-12-02 15:15:50.000000,2019-12-02 15:31:54.962451,2019-12-02 15:32:44.962451,2019-12-02 16:01:05.769438,2019-12-02 16:01:55.769438,2019-12-02 16:21:34.792225,Replace,6,45,47,0 days 00:00:50.000000000,0 days 00:16:54.962451000
14,2019-12-02 16:17:00.000000,2019-12-02 16:17:35.000000,2019-12-02 16:36:55.570107,2019-12-02 16:37:30.570107,2019-12-02 17:10:19.924210,2019-12-02 17:10:54.924210,2019-12-02 17:29:32.237659,Replace,6,45,47,0 days 00:00:35.000000000,0 days 00:19:55.570107000
15,2019-12-02 17:34:00.000000,2019-12-02 17:34:50.000000,2019-12-02 17:52:32.802524,2019-12-02 17:53:22.802524,2019-12-02 18:25:22.053550,2019-12-02 18:26:12.053550,2019-12-02 18:42:32.063474,Replace,6,45,47,0 days 00:00:50.000000000,0 days 00:18:32.802524000
16,2019-12-02 18:51:00.000000,2019-12-02 18:51:25.000000,2019-12-02 19:07:32.987057,2019-12-02 19:07:48.080697,,,,Onsite,6,45,47,0 days 00:00:25.000000000,0 days 00:16:23.080697000
17,2019-12-02 20:04:00.000000,2019-12-02 20:04:25.000000,2019-12-02 20:15:33.498593,2019-12-02 20:15:58.498593,2019-12-02 20:55:08.399631,2019-12-02 20:55:33.399631,2019-12-02 21:07:51.297463,Replace,6,45,47,0 days 00:00:25.000000000,0 days 00:11:33.498593000
18,2019-12-02 21:04:00.000000,2019-12-02 21:04:35.000000,2019-12-02 21:21:53.768693,2019-12-02 21:22:28.768693,2019-12-02 22:04:38.368199,2019-12-02 22:05:13.368199,2019-12-02 22:27:48.592609,Replace,6,45,47,0 days 00:00:35.000000000,0 days 00:17:53.768693000
0,2019-12-02 01:11:00.000000,2019-12-02 00:00:25.000000,2019-12-02 00:18:34.028094,2019-12-02 00:18:44.568012,,,,Onsite,7,45,47,-1 days +22:49:25.000000000,0 days 00:18:19.568012000
1,2019-12-02 01:03:00.000000,2019-12-02 01:03:35.000000,2019-12-02 01:23:00.676777,2019-12-02 01:23:35.676777,2019-12-02 01:53:56.650911,2019-12-02 01:54:31.650911,2019-12-02 02:11:49.637993,Replace,7,45,47,0 days 00:00:35.000000000,0 days 00:20:00.676777000
2,2019-12-02 02:21:00.000000,2019-12-02 02:21:35.000000,2019-12-02 02:37:08.357594,2019-12-02 02:37:27.765756,,,,Onsite,7,45,47,0 days 00:00:35.000000000,0 days 00:15:52.765756000
3,2019-12-02 03:34:00.000000,2019-12-02 03:34:30.000000,2019-12-02 03:55:12.482675,2019-12-02 03:55:42.482675,2019-12-02 04:34:11.768328,2019-12-02 04:34:41.768328,2019-12-02 04:46:23.995288,Replace,7,45,47,0 days 00:00:30.000000000,0 days 00:21:12.482675000
4,2019-12-02 04:47:00.000000,2019-12-02 04:47:55.000000,2019-12-02 05:06:01.801068,2019-12-02 05:06:08.880395,,,,Onsite,7,45,47,0 days 00:00:55.000000000,0 days 00:18:13.880395000
5,2019-12-02 05:43:00.000000,2019-12-02 05:43:45.000000,2019-12-02 06:03:41.526452,2019-12-02 06:04:26.526452,2019-12-02 06:38:49.247490,2019-12-02 06:39:34.247490,2019-12-02 07:02:49.375542,Replace,7,45,47,0 days 00:00:45.000000000,0 days 00:20:41.526452000
6,2019-12-02 06:57:00.000000,2019-12-02 06:57:35.000000,2019-12-02 07:15:01.749857,2019-12-02 07:15:36.749857,2019-12-02 07:51:09.967504,2019-12-02 07:51:44.967504,2019-12-02 08:08:33.568554,Replace,7,45,47,0 days 00:00:35.000000000,0 days 00:18:01.749857000
7,2019-12-02 07:58:00.000000,2019-12-02 07:58:45.000000,2019-12-02 08:15:52.831505,2019-12-02 08:16:37.831505,2019-12-02 09:02:27.825852,2019-12-02 09:03:12.825852,2019-12-02 09:23:21.079970,Replace,7,45,47,0 days 00:00:45.000000000,0 days 00:17:52.831505000
8,2019-12-02 09:15:00.000000,2019-12-02 09:15:35.000000,2019-12-02 09:30:46.355804,2019-12-02 09:31:00.003599,,,,Onsite,7,45,47,0 days 00:00:35.000000000,0 days 00:15:25.003599000
9,2019-12-02 10:25:00.000000,2019-12-02 10:25:45.000000,2019-12-02 10:36:21.358745,2019-12-02 10:37:06.358745,2019-12-02 11:24:39.550619,2019-12-02 11:25:24.550619,2019-12-02 11:42:27.687314,Replace,7,45,47,0 days 00:00:45.000000000,0 days 00:11:21.358745000
10,2019-12-02 11:42:00.000000,2019-12-02 11:42:55.000000,2019-12-02 12:04:34.624820,2019-12-02 12:05:29.624820,2019-12-02 12:51:56.587616,2019-12-02 12:52:51.587616,2019-12-02 13:11:10.359358,Replace,7,45,47,0 days 00:00:55.000000000,0 days 00:22:34.624820000
11,2019-12-02 12:39:00.000000,2019-12-02 12:39:25.000000,2019-12-02 12:56:48.575203,2019-12-02 12:57:13.575203,2019-12-02 13:33:05.382373,2019-12-02 13:33:30.382373,2019-12-02 13:46:44.527579,Replace,7,45,47,0 days 00:00:25.000000000,0 days 00:17:48.575203000
12,2019-12-02 14:02:00.000000,2019-12-02 14:02:45.000000,2019-12-02 14:21:29.024759,2019-12-02 14:22:14.024759,2019-12-02 15:05:53.420427,2019-12-02 15:06:38.420427,2019-12-02 15:25:28.260048,Replace,7,45,47,0 days 00:00:45.000000000,0 days 00:19:29.024759000
13,2019-12-02 15:17:00.000000,2019-12-02 15:17:45.000000,2019-12-02 15:31:28.753721,2019-12-02 15:32:13.753721,2019-12-02 15:56:01.064141,2019-12-02 15:56:46.064141,2019-12-02 16:13:39.159510,Replace,7,45,47,0 days 00:00:45.000000000,0 days 00:14:28.753721000
14,2019-12-02 16:26:00.000000,2019-12-02 16:26:45.000000,2019-12-02 16:43:21.139678,2019-12-02 16:44:06.139678,2019-12-02 17:10:46.222802,2019-12-02 17:11:31.222802,2019-12-02 17:24:57.625718,Replace,7,45,47,0 days 00:00:45.000000000,0 days 00:17:21.139678000
15,2019-12-02 17:34:00.000000,2019-12-02 17:34:45.000000,2019-12-02 17:54:47.460234,2019-12-02 17:55:32.460234,2019-12-02 18:42:50.058697,2019-12-02 18:43:35.058697,2019-12-02 19:07:21.724167,Replace,7,45,47,0 days 00:00:45.000000000,0 days 00:20:47.460234000
16,2019-12-02 18:27:00.000000,2019-12-02 18:27:45.000000,2019-12-02 18:46:46.005470,2019-12-02 18:47:31.005470,2019-12-02 19:36:45.884139,2019-12-02 19:37:30.884139,2019-12-02 19:51:54.104951,Replace,7,45,47,0 days 00:00:45.000000000,0 days 00:19:46.005470000
17,2019-12-02 19:42:00.000000,2019-12-02 19:42:35.000000,2019-12-02 19:59:30.629995,2019-12-02 19:59:36.494166,,,,Onsite,7,45,47,0 days 00:00:35.000000000,0 days 00:17:01.494166000
18,2019-12-02 20:53:00.000000,2019-12-02 20:53:45.000000,2019-12-02 21:11:02.776234,2019-12-02 21:11:34.903929,,,,Onsite,7,45,47,0 days 00:00:45.000000000,0 days 00:17:49.903929000
0,2019-12-02 01:12:00.000000,2019-12-02 00:00:35.000000,2019-12-02 00:14:59.513240,2019-12-02 00:15:34.513240,2019-12-02 00:44:40.612092,2019-12-02 00:45:15.612092,2019-12-02 01:01:12.358899,Replace,8,45,47,-1 days +22:48:35.000000000,0 days 00:14:59.513240000
1,2019-12-02 01:04:00.000000,2019-12-02 01:04:55.000000,2019-12-02 01:22:17.740260,2019-12-02 01:23:12.740260,2019-12-02 02:01:38.071280,2019-12-02 02:02:33.071280,2019-12-02 02:19:54.923766,Replace,8,45,47,0 days 00:00:55.000000000,0 days 00:18:17.740260000
2,2019-12-02 02:11:00.000000,2019-12-02 02:11:25.000000,2019-12-02 02:28:26.200552,2019-12-02 02:28:37.379108,,,,Onsite,8,45,47,0 days 00:00:25.000000000,0 days 00:17:12.379108000
3,2019-12-02 03:21:00.000000,2019-12-02 03:21:30.000000,2019-12-02 03:40:52.384139,2019-12-02 03:41:22.384139,2019-12-02 04:36:33.654412,2019-12-02 04:37:03.654412,2019-12-02 04:54:36.381901,Replace,8,45,47,0 days 00:00:30.000000000,0 days 00:19:52.384139000
4,2019-12-02 04:35:00.000000,2019-12-02 04:35:25.000000,2019-12-02 04:55:29.687979,2019-12-02 04:55:54.687979,2019-12-02 05:20:58.434325,2019-12-02 05:21:23.434325,2019-12-02 05:37:32.090891,Replace,8,45,47,0 days 00:00:25.000000000,0 days 00:20:29.687979000
5,2019-12-02 05:36:00.000000,2019-12-02 05:36:35.000000,2019-12-02 05:56:45.447176,2019-12-02 05:57:20.447176,2019-12-02 06:24:36.725451,2019-12-02 06:25:11.725451,2019-12-02 06:42:26.974286,Replace,8,45,47,0 days 00:00:35.000000000,0 days 00:20:45.447176000
6,2019-12-02 06:42:00.000000,2019-12-02 06:42:25.000000,2019-12-02 06:57:06.273110,2019-12-02 06:57:17.552088,,,,Onsite,8,45,47,0 days 00:00:25.000000000,0 days 00:14:52.552088000
7,2019-12-02 07:37:00.000000,2019-12-02 07:37:45.000000,2019-12-02 07:58:19.349195,2019-12-02 07:58:20.872869,,,,Onsite,8,45,47,0 days 00:00:45.000000000,0 days 00:20:35.872869000
8,2019-12-02 08:57:00.000000,2019-12-02 08:57:25.000000,2019-12-02 09:13:10.600324,2019-12-02 09:13:35.600324,2019-12-02 09:44:47.178564,2019-12-02 09:45:12.178564,2019-12-02 10:01:22.903897,Replace,8,45,47,0 days 00:00:25.000000000,0 days 00:16:10.600324000
9,2019-12-02 10:08:00.000000,2019-12-02 10:08:45.000000,2019-12-02 10:23:47.251609,2019-12-02 10:23:56.933976,,,,Onsite,8,45,47,0 days 00:00:45.000000000,0 days 00:15:11.933976000
10,2019-12-02 11:19:00.000000,2019-12-02 11:19:45.000000,2019-12-02 11:38:35.766654,2019-12-02 11:39:20.766654,2019-12-02 12:26:31.206444,2019-12-02 12:27:16.206444,2019-12-02 12:44:29.277074,Replace,8,45,47,0 days 00:00:45.000000000,0 days 00:19:35.766654000
11,2019-12-02 12:38:00.000000,2019-12-02 12:38:30.000000,2019-12-02 12:58:08.772013,2019-12-02 12:58:19.782466,,,,Onsite,8,45,47,0 days 00:00:30.000000000,0 days 00:19:49.782466000
12,2019-12-02 13:33:00.000000,2019-12-02 13:33:50.000000,2019-12-02 13:49:55.223135,2019-12-02 13:50:45.223135,2019-12-02 14:19:35.749031,2019-12-02 14:20:25.749031,2019-12-02 14:33:46.790188,Replace,8,45,47,0 days 00:00:50.000000000,0 days 00:16:55.223135000
13,2019-12-02 14:46:00.000000,2019-12-02 14:46:45.000000,2019-12-02 15:02:03.173186,2019-12-02 15:02:48.173186,2019-12-02 15:29:18.049560,2019-12-02 15:30:03.049560,2019-12-02 15:45:06.448968,Replace,8,45,47,0 days 00:00:45.000000000,0 days 00:16:03.173186000
14,2019-12-02 15:59:00.000000,2019-12-02 15:59:45.000000,2019-12-02 16:17:15.034164,2019-12-02 16:18:00.034164,2019-12-02 16:47:26.774801,2019-12-02 16:48:11.774801,2019-12-02 17:04:36.180434,Replace,8,45,47,0 days 00:00:45.000000000,0 days 00:18:15.034164000
15,2019-12-02 17:03:00.000000,2019-12-02 17:03:45.000000,2019-12-02 17:15:55.425350,2019-12-02 17:16:00.504927,,,,Onsite,8,45,47,0 days 00:00:45.000000000,0 days 00:12:15.504927000
16,2019-12-02 18:13:00.000000,2019-12-02 18:13:35.000000,2019-12-02 18:30:56.784969,2019-12-02 18:31:11.627060,,,,Onsite,8,45,47,0 days 00:00:35.000000000,0 days 00:17:36.627060000
17,2019-12-02 19:21:00.000000,2019-12-02 19:21:45.000000,2019-12-02 19:43:17.163269,2019-12-02 19:44:02.163269,2019-12-02 20:07:29.976388,2019-12-02 20:08:14.976388,2019-12-02 20:24:55.704919,Replace,8,45,47,0 days 00:00:45.000000000,0 days 00:22:17.163269000
18,2019-12-02 20:32:00.000000,2019-12-02 20:32:30.000000,2019-12-02 20:45:24.581451,2019-12-02 20:45:54.581451,2019-12-02 21:38:59.059267,2019-12-02 21:39:29.059267,2019-12-02 21:56:32.657468,Replace,8,45,47,0 days 00:00:30.000000000,0 days 00:13:24.581451000
19,2019-12-02 21:38:00.000000,2019-12-02 21:38:50.000000,2019-12-02 21:56:00.156109,2019-12-02 21:56:16.812508,,,,Onsite,8,45,47,0 days 00:00:50.000000000,0 days 00:17:26.812508000
0,2019-12-02 01:02:00.000000,2019-12-02 00:00:45.000000,2019-12-02 00:19:43.078818,2019-12-02 00:20:02.576371,,,,Onsite,9,45,47,-1 days +22:58:45.000000000,0 days 00:19:17.576371000
1,2019-12-02 01:22:00.000000,2019-12-02 01:22:55.000000,2019-12-02 01:38:31.117573,2019-12-02 01:39:26.117573,2019-12-02 02:09:30.943971,2019-12-02 02:10:25.943971,2019-12-02 02:31:41.226828,Replace,9,45,47,0 days 00:00:55.000000000,0 days 00:16:31.117573000
2,2019-12-02 02:33:00.000000,2019-12-02 02:33:25.000000,2019-12-02 02:52:29.575510,2019-12-02 02:52:54.575510,2019-12-02 03:37:39.627270,2019-12-02 03:38:04.627270,2019-12-02 03:57:37.613896,Replace,9,45,47,0 days 00:00:25.000000000,0 days 00:19:29.575510000
3,2019-12-02 03:49:00.000000,2019-12-02 03:49:45.000000,2019-12-02 04:08:30.623666,2019-12-02 04:09:15.623666,2019-12-02 04:46:31.522202,2019-12-02 04:47:16.522202,2019-12-02 05:07:23.443991,Replace,9,45,47,0 days 00:00:45.000000000,0 days 00:19:30.623666000
4,2019-12-02 04:39:00.000000,2019-12-02 04:39:30.000000,2019-12-02 04:56:47.636944,2019-12-02 04:57:08.829686,,,,Onsite,9,45,47,0 days 00:00:30.000000000,0 days 00:17:38.829686000
5,2019-12-02 05:42:00.000000,2019-12-02 05:42:45.000000,2019-12-02 06:02:06.480363,2019-12-02 06:02:27.784964,,,,Onsite,9,45,47,0 days 00:00:45.000000000,0 days 00:19:42.784964000
6,2019-12-02 06:46:00.000000,2019-12-02 06:46:35.000000,2019-12-02 07:03:28.838129,2019-12-02 07:04:03.838129,2019-12-02 07:35:42.023921,2019-12-02 07:36:17.023921,2019-12-02 07:52:18.868354,Replace,9,45,47,0 days 00:00:35.000000000,0 days 00:17:28.838129000
7,2019-12-02 07:51:00.000000,2019-12-02 07:51:45.000000,2019-12-02 08:12:01.352907,2019-12-02 08:12:13.532701,,,,Onsite,9,45,47,0 days 00:00:45.000000000,0 days 00:20:28.532701000
8,2019-12-02 08:47:00.000000,2019-12-02 08:47:45.000000,2019-12-02 09:03:20.163252,2019-12-02 09:04:05.163252,2019-12-02 09:33:12.072127,2019-12-02 09:33:57.072127,2019-12-02 09:47:17.584294,Replace,9,45,47,0 days 00:00:45.000000000,0 days 00:16:20.163252000
9,2019-12-02 09:50:00.000000,2019-12-02 09:50:45.000000,2019-12-02 10:01:10.601901,2019-12-02 10:01:32.143558,,,,Onsite,9,45,47,0 days 00:00:45.000000000,0 days 00:10:47.143558000
10,2019-12-02 11:05:00.000000,2019-12-02 11:05:30.000000,2019-12-02 11:12:43.320279,2019-12-02 11:13:13.320279,2019-12-02 11:57:21.207208,2019-12-02 11:57:51.207208,2019-12-02 12:10:41.468709,Replace,9,45,47,0 days 00:00:30.000000000,0 days 00:07:43.320279000
11,2019-12-02 12:02:00.000000,2019-12-02 12:02:45.000000,2019-12-02 12:16:33.919136,2019-12-02 12:17:18.919136,2019-12-02 13:05:51.310992,2019-12-02 13:06:36.310992,2019-12-02 13:23:08.254589,Replace,9,45,47,0 days 00:00:45.000000000,0 days 00:14:33.919136000
12,2019-12-02 12:56:00.000000,2019-12-02 12:56:25.000000,2019-12-02 13:10:49.350358,2019-12-02 13:11:14.350358,2019-12-02 13:39:22.018302,2019-12-02 13:39:47.018302,2019-12-02 13:59:42.646897,Replace,9,45,47,0 days 00:00:25.000000000,0 days 00:14:49.350358000
13,2019-12-02 14:21:00.000000,2019-12-02 14:21:45.000000,2019-12-02 14:34:59.637028,2019-12-02 14:35:44.637028,2019-12-02 15:10:12.040266,2019-12-02 15:10:57.040266,2019-12-02 15:30:59.840164,Replace,9,45,47,0 days 00:00:45.000000000,0 days 00:13:59.637028000
14,2019-12-02 15:39:00.000000,2019-12-02 15:39:35.000000,2019-12-02 15:52:39.266142,2019-12-02 15:53:14.266142,2019-12-02 16:30:00.222327,2019-12-02 16:30:35.222327,2019-12-02 16:45:45.509723,Replace,9,45,47,0 days 00:00:35.000000000,0 days 00:13:39.266142000
15,2019-12-02 16:48:00.000000,2019-12-02 16:48:35.000000,2019-12-02 17:08:25.504721,2019-12-02 17:09:00.504721,2019-12-02 17:39:22.845277,2019-12-02 17:39:57.845277,2019-12-02 17:53:58.562019,Replace,9,45,47,0 days 00:00:35.000000000,0 days 00:20:25.504721000
16,2019-12-02 17:54:00.000000,2019-12-02 17:54:35.000000,2019-12-02 18:07:12.639639,2019-12-02 18:07:47.639639,2019-12-02 18:36:57.402823,2019-12-02 18:37:32.402823,2019-12-02 18:58:26.202529,Replace,9,45,47,0 days 00:00:35.000000000,0 days 00:13:12.639639000
17,2019-12-02 19:14:00.000000,2019-12-02 19:14:45.000000,2019-12-02 19:32:30.505187,2019-12-02 19:32:47.826373,,,,Onsite,9,45,47,0 days 00:00:45.000000000,0 days 00:18:02.826373000
18,2019-12-02 20:18:00.000000,2019-12-02 20:18:55.000000,2019-12-02 20:33:11.161992,2019-12-02 20:33:42.909516,,,,Onsite,9,45,47,0 days 00:00:55.000000000,0 days 00:14:47.909516000
19,2019-12-02 21:33:00.000000,2019-12-02 21:33:45.000000,2019-12-02 21:52:48.330219,2019-12-02 21:52:52.839667,,,,Onsite,9,45,47,0 days 00:00:45.000000000,0 days 00:19:07.839667000
0,2019-12-02 01:06:00.000000,2019-12-02 00:00:35.000000,2019-12-02 00:19:04.699608,2019-12-02 00:19:39.699608,2019-12-02 01:05:34.219927,2019-12-02 01:06:09.219927,2019-12-02 01:21:13.909840,Replace,1,45,48,-1 days +22:54:35.000000000,0 days 00:19:04.699608000
1,2019-12-02 00:59:00.000000,2019-12-02 00:59:45.000000,2019-12-02 01:18:28.450870,2019-12-02 01:19:13.450870,2019-12-02 01:56:45.974331,2019-12-02 01:57:30.974331,2019-12-02 02:17:47.898524,Replace,1,45,48,0 days 00:00:45.000000000,0 days 00:19:28.450870000
2,2019-12-02 02:02:00.000000,2019-12-02 02:02:50.000000,2019-12-02 02:19:25.546979,2019-12-02 02:19:26.960271,,,,Onsite,1,45,48,0 days 00:00:50.000000000,0 days 00:16:36.960271000
3,2019-12-02 03:01:00.000000,2019-12-02 03:01:45.000000,2019-12-02 03:13:32.422737,2019-12-02 03:13:47.606939,,,,Onsite,1,45,48,0 days 00:00:45.000000000,0 days 00:12:02.606939000
4,2019-12-02 03:52:00.000000,2019-12-02 03:52:45.000000,2019-12-02 04:11:42.127008,2019-12-02 04:12:27.127008,2019-12-02 05:06:48.419026,2019-12-02 05:07:33.419026,2019-12-02 05:19:11.328304,Replace,1,45,48,0 days 00:00:45.000000000,0 days 00:19:42.127008000
5,2019-12-02 04:57:00.000000,2019-12-02 04:57:55.000000,2019-12-02 05:14:33.958947,2019-12-02 05:15:28.958947,2019-12-02 05:52:16.162032,2019-12-02 05:53:11.162032,2019-12-02 06:08:26.760004,Replace,1,45,48,0 days 00:00:55.000000000,0 days 00:17:33.958947000
6,2019-12-02 05:59:00.000000,2019-12-02 05:59:25.000000,2019-12-02 06:19:36.834576,2019-12-02 06:20:01.834576,2019-12-02 06:50:29.937119,2019-12-02 06:50:54.937119,2019-12-02 07:14:01.894676,Replace,1,45,48,0 days 00:00:25.000000000,0 days 00:20:36.834576000
7,2019-12-02 07:17:00.000000,2019-12-02 07:17:25.000000,2019-12-02 07:34:20.068714,2019-12-02 07:34:45.068714,2019-12-02 08:28:23.377154,2019-12-02 08:28:48.377154,2019-12-02 08:47:52.111623,Replace,1,45,48,0 days 00:00:25.000000000,0 days 00:17:20.068714000
8,2019-12-02 08:32:00.000000,2019-12-02 08:32:45.000000,2019-12-02 08:48:52.159635,2019-12-02 08:49:37.159635,2019-12-02 09:24:46.721741,2019-12-02 09:25:31.721741,2019-12-02 09:42:17.769629,Replace,1,45,48,0 days 00:00:45.000000000,0 days 00:16:52.159635000
9,2019-12-02 09:49:00.000000,2019-12-02 09:49:30.000000,2019-12-02 10:06:07.129563,2019-12-02 10:06:37.129563,2019-12-02 10:50:25.815022,2019-12-02 10:50:55.815022,2019-12-02 11:04:21.059853,Replace,1,45,48,0 days 00:00:30.000000000,0 days 00:17:07.129563000
10,2019-12-02 11:01:00.000000,2019-12-02 11:01:35.000000,2019-12-02 11:15:40.138611,2019-12-02 11:16:15.138611,2019-12-02 11:50:26.628237,2019-12-02 11:51:01.628237,2019-12-02 12:04:49.310567,Replace,1,45,48,0 days 00:00:35.000000000,0 days 00:14:40.138611000
11,2019-12-02 12:11:00.000000,2019-12-02 12:11:55.000000,2019-12-02 12:30:52.861540,2019-12-02 12:31:00.329054,,,,Onsite,1,45,48,0 days 00:00:55.000000000,0 days 00:19:05.329054000
12,2019-12-02 13:17:00.000000,2019-12-02 13:17:50.000000,2019-12-02 13:36:12.272157,2019-12-02 13:37:02.272157,2019-12-02 14:06:16.701851,2019-12-02 14:07:06.701851,2019-12-02 14:28:48.850034,Replace,1,45,48,0 days 00:00:50.000000000,0 days 00:19:12.272157000
13,2019-12-02 14:15:00.000000,2019-12-02 14:15:30.000000,2019-12-02 14:28:38.129907,2019-12-02 14:29:08.129907,2019-12-02 15:08:46.452976,2019-12-02 15:09:16.452976,2019-12-02 15:29:40.680849,Replace,1,45,48,0 days 00:00:30.000000000,0 days 00:13:38.129907000
14,2019-12-02 15:25:00.000000,2019-12-02 15:25:55.000000,2019-12-02 15:38:58.120186,2019-12-02 15:39:53.120186,2019-12-02 16:14:02.218932,2019-12-02 16:14:57.218932,2019-12-02 16:28:41.657157,Replace,1,45,48,0 days 00:00:55.000000000,0 days 00:13:58.120186000
15,2019-12-02 16:35:00.000000,2019-12-02 16:35:45.000000,2019-12-02 16:49:08.245101,2019-12-02 16:49:53.245101,2019-12-02 17:13:28.841545,2019-12-02 17:14:13.841545,2019-12-02 17:33:19.604627,Replace,1,45,48,0 days 00:00:45.000000000,0 days 00:14:08.245101000
16,2019-12-02 17:53:00.000000,2019-12-02 17:53:35.000000,2019-12-02 18:04:03.526324,2019-12-02 18:04:10.068609,,,,Onsite,1,45,48,0 days 00:00:35.000000000,0 days 00:10:35.068609000
17,2019-12-02 18:54:00.000000,2019-12-02 18:54:45.000000,2019-12-02 19:09:44.020632,2019-12-02 19:09:53.752983,,,,Onsite,1,45,48,0 days 00:00:45.000000000,0 days 00:15:08.752983000
18,2019-12-02 19:51:00.000000,2019-12-02 19:51:55.000000,2019-12-02 20:05:49.584047,2019-12-02 20:06:44.584047,2019-12-02 20:53:06.351162,2019-12-02 20:54:01.351162,2019-12-02 21:11:27.881718,Replace,1,45,48,0 days 00:00:55.000000000,0 days 00:14:49.584047000
19,2019-12-02 20:49:00.000000,2019-12-02 20:49:35.000000,2019-12-02 21:02:46.974802,2019-12-02 21:03:04.757528,,,,Onsite,1,45,48,0 days 00:00:35.000000000,0 days 00:13:29.757528000
0,2019-12-02 01:17:00.000000,2019-12-02 00:00:45.000000,2019-12-02 00:15:07.776267,2019-12-02 00:15:15.752246,,,,Onsite,2,45,48,-1 days +22:43:45.000000000,0 days 00:14:30.752246000
1,2019-12-02 01:10:00.000000,2019-12-02 01:10:35.000000,2019-12-02 01:26:48.762821,2019-12-02 01:27:23.762821,2019-12-02 01:59:22.737749,2019-12-02 01:59:57.737749,2019-12-02 02:19:15.846847,Replace,2,45,48,0 days 00:00:35.000000000,0 days 00:16:48.762821000
2,2019-12-02 02:25:00.000000,2019-12-02 02:25:45.000000,2019-12-02 02:44:55.411391,2019-12-02 02:45:30.785471,,,,Onsite,2,45,48,0 days 00:00:45.000000000,0 days 00:19:45.785471000
3,2019-12-02 03:28:00.000000,2019-12-02 03:28:35.000000,2019-12-02 03:43:21.103124,2019-12-02 03:43:56.103124,2019-12-02 04:10:57.845376,2019-12-02 04:11:32.845376,2019-12-02 04:30:42.651080,Replace,2,45,48,0 days 00:00:35.000000000,0 days 00:15:21.103124000
4,2019-12-02 04:40:00.000000,2019-12-02 04:40:30.000000,2019-12-02 04:59:08.027535,2019-12-02 04:59:29.212358,,,,Onsite,2,45,48,0 days 00:00:30.000000000,0 days 00:18:59.212358000
5,2019-12-02 05:36:00.000000,2019-12-02 05:36:25.000000,2019-12-02 05:53:08.389248,2019-12-02 05:53:15.669048,,,,Onsite,2,45,48,0 days 00:00:25.000000000,0 days 00:16:50.669048000
6,2019-12-02 06:43:00.000000,2019-12-02 06:43:25.000000,2019-12-02 06:59:13.193121,2019-12-02 06:59:53.263887,,,,Onsite,2,45,48,0 days 00:00:25.000000000,0 days 00:16:28.263887000
7,2019-12-02 07:59:00.000000,2019-12-02 07:59:45.000000,2019-12-02 08:16:57.333255,2019-12-02 08:17:12.097113,,,,Onsite,2,45,48,0 days 00:00:45.000000000,0 days 00:17:27.097113000
8,2019-12-02 09:00:00.000000,2019-12-02 09:00:50.000000,2019-12-02 09:19:50.577470,2019-12-02 09:20:17.865240,,,,Onsite,2,45,48,0 days 00:00:50.000000000,0 days 00:19:27.865240000
9,2019-12-02 10:25:00.000000,2019-12-02 10:25:35.000000,2019-12-02 10:41:26.397960,2019-12-02 10:41:58.219513,,,,Onsite,2,45,48,0 days 00:00:35.000000000,0 days 00:16:23.219513000
10,2019-12-02 11:27:00.000000,2019-12-02 11:27:55.000000,2019-12-02 11:39:32.747878,2019-12-02 11:40:27.747878,2019-12-02 12:36:07.676144,2019-12-02 12:37:02.676144,2019-12-02 12:54:44.982851,Replace,2,45,48,0 days 00:00:55.000000000,0 days 00:12:32.747878000
11,2019-12-02 12:31:00.000000,2019-12-02 12:31:35.000000,2019-12-02 12:46:09.286312,2019-12-02 12:46:14.007538,,,,Onsite,2,45,48,0 days 00:00:35.000000000,0 days 00:14:39.007538000
12,2019-12-02 13:22:00.000000,2019-12-02 13:22:50.000000,2019-12-02 13:35:14.614872,2019-12-02 13:36:04.614872,2019-12-02 14:09:53.796850,2019-12-02 14:10:43.796850,2019-12-02 14:26:25.603669,Replace,2,45,48,0 days 00:00:50.000000000,0 days 00:13:14.614872000
13,2019-12-02 14:33:00.000000,2019-12-02 14:33:25.000000,2019-12-02 14:48:46.748749,2019-12-02 14:49:11.748749,2019-12-02 15:32:35.861500,2019-12-02 15:33:00.861500,2019-12-02 15:47:22.907330,Replace,2,45,48,0 days 00:00:25.000000000,0 days 00:15:46.748749000
14,2019-12-02 15:39:00.000000,2019-12-02 15:39:45.000000,2019-12-02 16:01:32.933991,2019-12-02 16:01:53.635508,,,,Onsite,2,45,48,0 days 00:00:45.000000000,0 days 00:22:08.635508000
15,2019-12-02 16:36:00.000000,2019-12-02 16:36:55.000000,2019-12-02 16:49:44.751881,2019-12-02 16:50:39.751881,2019-12-02 17:17:30.367720,2019-12-02 17:18:25.367720,2019-12-02 17:29:29.382392,Replace,2,45,48,0 days 00:00:55.000000000,0 days 00:13:44.751881000
16,2019-12-02 17:56:00.000000,2019-12-02 17:56:45.000000,2019-12-02 18:20:38.534593,2019-12-02 18:21:23.534593,2019-12-02 18:57:58.268536,2019-12-02 18:58:43.268536,2019-12-02 19:16:39.539311,Replace,2,45,48,0 days 00:00:45.000000000,0 days 00:24:38.534593000
17,2019-12-02 19:19:00.000000,2019-12-02 19:19:50.000000,2019-12-02 19:35:22.139589,2019-12-02 19:35:44.452511,,,,Onsite,2,45,48,0 days 00:00:50.000000000,0 days 00:15:54.452511000
18,2019-12-02 20:37:00.000000,2019-12-02 20:37:50.000000,2019-12-02 20:54:56.495304,2019-12-02 20:55:46.495304,2019-12-02 21:44:59.789512,2019-12-02 21:45:49.789512,2019-12-02 21:57:28.855019,Replace,2,45,48,0 days 00:00:50.000000000,0 days 00:17:56.495304000
19,2019-12-02 21:50:00.000000,2019-12-02 21:50:35.000000,2019-12-02 22:07:34.108208,2019-12-02 22:07:40.419446,,,,Onsite,2,45,48,0 days 00:00:35.000000000,0 days 00:17:05.419446000
0,2019-12-02 01:00:00.000000,2019-12-02 00:00:45.000000,2019-12-02 00:17:29.092952,2019-12-02 00:17:50.316657,,,,Onsite,3,45,48,-1 days +23:00:45.000000000,0 days 00:17:05.316657000
1,2019-12-02 01:11:00.000000,2019-12-02 01:11:55.000000,2019-12-02 01:32:57.273846,2019-12-02 01:33:02.417272,,,,Onsite,3,45,48,0 days 00:00:55.000000000,0 days 00:21:07.417272000
2,2019-12-02 02:24:00.000000,2019-12-02 02:24:35.000000,2019-12-02 02:43:06.952505,2019-12-02 02:43:41.952505,2019-12-02 03:09:23.751159,2019-12-02 03:09:58.751159,2019-12-02 03:24:45.239020,Replace,3,45,48,0 days 00:00:35.000000000,0 days 00:19:06.952505000
3,2019-12-02 03:23:00.000000,2019-12-02 03:23:45.000000,2019-12-02 03:38:09.110896,2019-12-02 03:38:27.280270,,,,Onsite,3,45,48,0 days 00:00:45.000000000,0 days 00:14:42.280270000
4,2019-12-02 04:23:00.000000,2019-12-02 04:23:35.000000,2019-12-02 04:42:25.602172,2019-12-02 04:43:00.602172,2019-12-02 05:12:11.962907,2019-12-02 05:12:46.962907,2019-12-02 05:31:49.078842,Replace,3,45,48,0 days 00:00:35.000000000,0 days 00:19:25.602172000
5,2019-12-02 05:37:00.000000,2019-12-02 05:37:45.000000,2019-12-02 05:56:30.589528,2019-12-02 05:57:15.589528,2019-12-02 06:30:38.522713,2019-12-02 06:31:23.522713,2019-12-02 06:46:00.394624,Replace,3,45,48,0 days 00:00:45.000000000,0 days 00:19:30.589528000
6,2019-12-02 06:40:00.000000,2019-12-02 06:40:45.000000,2019-12-02 06:55:21.128256,2019-12-02 06:55:31.017727,,,,Onsite,3,45,48,0 days 00:00:45.000000000,0 days 00:14:46.017727000
7,2019-12-02 07:46:00.000000,2019-12-02 07:46:35.000000,2019-12-02 08:00:39.819306,2019-12-02 08:00:51.405298,,,,Onsite,3,45,48,0 days 00:00:35.000000000,0 days 00:14:16.405298000
8,2019-12-02 09:03:00.000000,2019-12-02 09:03:35.000000,2019-12-02 09:17:58.656211,2019-12-02 09:18:33.656211,2019-12-02 10:09:35.309467,2019-12-02 10:10:10.309467,2019-12-02 10:25:37.984282,Replace,3,45,48,0 days 00:00:35.000000000,0 days 00:14:58.656211000
9,2019-12-02 10:20:00.000000,2019-12-02 10:20:25.000000,2019-12-02 10:36:57.609960,2019-12-02 10:37:22.609960,2019-12-02 11:08:21.946408,2019-12-02 11:08:46.946408,2019-12-02 11:23:38.948387,Replace,3,45,48,0 days 00:00:25.000000000,0 days 00:16:57.609960000
10,2019-12-02 11:38:00.000000,2019-12-02 11:38:45.000000,2019-12-02 11:55:51.269704,2019-12-02 11:56:36.269704,2019-12-02 12:25:21.259169,2019-12-02 12:26:06.259169,2019-12-02 12:43:05.126070,Replace,3,45,48,0 days 00:00:45.000000000,0 days 00:17:51.269704000
11,2019-12-02 12:46:00.000000,2019-12-02 12:46:55.000000,2019-12-02 13:07:56.509611,2019-12-02 13:08:51.509611,2019-12-02 13:42:00.595471,2019-12-02 13:42:55.595471,2019-12-02 14:01:32.294171,Replace,3,45,48,0 days 00:00:55.000000000,0 days 00:21:56.509611000
12,2019-12-02 13:56:00.000000,2019-12-02 13:56:55.000000,2019-12-02 14:10:51.502884,2019-12-02 14:10:59.355070,,,,Onsite,3,45,48,0 days 00:00:55.000000000,0 days 00:14:04.355070000
13,2019-12-02 14:52:00.000000,2019-12-02 14:52:30.000000,2019-12-02 15:07:17.062058,2019-12-02 15:07:46.805614,,,,Onsite,3,45,48,0 days 00:00:30.000000000,0 days 00:15:16.805614000
14,2019-12-02 16:16:00.000000,2019-12-02 16:16:30.000000,2019-12-02 16:32:03.821252,2019-12-02 16:32:33.821252,2019-12-02 16:57:57.368666,2019-12-02 16:58:27.368666,2019-12-02 17:13:14.942079,Replace,3,45,48,0 days 00:00:30.000000000,0 days 00:16:03.821252000
15,2019-12-02 17:30:00.000000,2019-12-02 17:30:45.000000,2019-12-02 17:52:55.412751,2019-12-02 17:53:40.412751,2019-12-02 18:22:12.635013,2019-12-02 18:22:57.635013,2019-12-02 18:41:34.427433,Replace,3,45,48,0 days 00:00:45.000000000,0 days 00:22:55.412751000
16,2019-12-02 18:45:00.000000,2019-12-02 18:45:45.000000,2019-12-02 19:02:47.905109,2019-12-02 19:03:32.905109,2019-12-02 19:30:08.760968,2019-12-02 19:30:53.760968,2019-12-02 19:52:09.580129,Replace,3,45,48,0 days 00:00:45.000000000,0 days 00:17:47.905109000
17,2019-12-02 19:54:00.000000,2019-12-02 19:54:45.000000,2019-12-02 20:10:51.967599,2019-12-02 20:11:36.967599,2019-12-02 20:52:58.147883,2019-12-02 20:53:43.147883,2019-12-02 21:07:35.204911,Replace,3,45,48,0 days 00:00:45.000000000,0 days 00:16:51.967599000
18,2019-12-02 20:59:00.000000,2019-12-02 20:59:45.000000,2019-12-02 21:15:18.569362,2019-12-02 21:16:03.569362,2019-12-02 22:05:00.539715,2019-12-02 22:05:45.539715,2019-12-02 22:29:14.938372,Replace,3,45,48,0 days 00:00:45.000000000,0 days 00:16:18.569362000
19,2019-12-02 22:16:00.000000,2019-12-02 22:16:45.000000,2019-12-02 22:31:48.338561,2019-12-02 22:31:59.071615,,,,Onsite,3,45,48,0 days 00:00:45.000000000,0 days 00:15:14.071615000
0,2019-12-02 01:05:00.000000,2019-12-02 01:05:50.000000,2019-12-02 01:23:30.487167,2019-12-02 01:23:47.407724,,,,Onsite,4,45,48,0 days 00:00:50.000000000,0 days 00:17:57.407724000
1,2019-12-02 01:09:00.000000,2019-12-02 00:00:50.000000,2019-12-02 00:23:56.149806,2019-12-02 00:24:46.149806,2019-12-02 01:05:48.841376,2019-12-02 01:06:38.841376,2019-12-02 01:27:20.651700,Replace,4,45,48,-1 days +22:51:50.000000000,0 days 00:23:56.149806000
2,2019-12-02 02:13:00.000000,2019-12-02 02:13:45.000000,2019-12-02 02:28:29.730632,2019-12-02 02:29:14.730632,2019-12-02 03:06:03.329514,2019-12-02 03:06:48.329514,2019-12-02 03:29:32.531475,Replace,4,45,48,0 days 00:00:45.000000000,0 days 00:15:29.730632000
3,2019-12-02 03:20:00.000000,2019-12-02 03:20:25.000000,2019-12-02 03:36:58.082038,2019-12-02 03:37:20.469840,,,,Onsite,4,45,48,0 days 00:00:25.000000000,0 days 00:16:55.469840000
4,2019-12-02 04:34:00.000000,2019-12-02 04:34:55.000000,2019-12-02 04:50:54.291468,2019-12-02 04:51:49.291468,2019-12-02 05:42:23.649484,2019-12-02 05:43:18.649484,2019-12-02 06:00:23.137755,Replace,4,45,48,0 days 00:00:55.000000000,0 days 00:16:54.291468000
5,2019-12-02 05:35:00.000000,2019-12-02 05:35:30.000000,2019-12-02 05:49:50.665301,2019-12-02 05:50:08.205647,,,,Onsite,4,45,48,0 days 00:00:30.000000000,0 days 00:14:38.205647000
6,2019-12-02 06:42:00.000000,2019-12-02 06:42:25.000000,2019-12-02 06:59:02.017226,2019-12-02 06:59:27.017226,2019-12-02 07:40:36.893788,2019-12-02 07:41:01.893788,2019-12-02 08:00:38.211237,Replace,4,45,48,0 days 00:00:25.000000000,0 days 00:17:02.017226000
7,2019-12-02 07:48:00.000000,2019-12-02 07:48:35.000000,2019-12-02 08:06:06.530582,2019-12-02 08:06:41.530582,2019-12-02 08:42:44.646992,2019-12-02 08:43:19.646992,2019-12-02 09:01:48.635593,Replace,4,45,48,0 days 00:00:35.000000000,0 days 00:18:06.530582000
8,2019-12-02 08:57:00.000000,2019-12-02 08:57:50.000000,2019-12-02 09:08:51.445156,2019-12-02 09:09:41.445156,2019-12-02 09:47:55.115110,2019-12-02 09:48:45.115110,2019-12-02 10:02:36.521986,Replace,4,45,48,0 days 00:00:50.000000000,0 days 00:11:51.445156000
9,2019-12-02 10:05:00.000000,2019-12-02 10:05:35.000000,2019-12-02 10:19:39.159528,2019-12-02 10:19:47.267281,,,,Onsite,4,45,48,0 days 00:00:35.000000000,0 days 00:14:12.267281000
10,2019-12-02 11:22:00.000000,2019-12-02 11:22:45.000000,2019-12-02 11:40:18.491877,2019-12-02 11:41:03.491877,2019-12-02 12:13:00.659828,2019-12-02 12:13:45.659828,2019-12-02 12:25:24.729151,Replace,4,45,48,0 days 00:00:45.000000000,0 days 00:18:18.491877000
11,2019-12-02 12:26:00.000000,2019-12-02 12:26:35.000000,2019-12-02 12:46:48.106767,2019-12-02 12:47:23.106767,2019-12-02 13:25:25.004517,2019-12-02 13:26:00.004517,2019-12-02 13:44:40.700137,Replace,4,45,48,0 days 00:00:35.000000000,0 days 00:20:48.106767000
12,2019-12-02 13:30:00.000000,2019-12-02 13:30:35.000000,2019-12-02 13:46:59.591722,2019-12-02 13:47:34.591722,2019-12-02 14:25:02.334057,2019-12-02 14:25:37.334057,2019-12-02 14:40:11.720640,Replace,4,45,48,0 days 00:00:35.000000000,0 days 00:16:59.591722000
13,2019-12-02 14:43:00.000000,2019-12-02 14:43:35.000000,2019-12-02 14:54:56.484498,2019-12-02 14:55:31.484498,2019-12-02 15:44:26.172325,2019-12-02 15:45:01.172325,2019-12-02 16:03:45.759881,Replace,4,45,48,0 days 00:00:35.000000000,0 days 00:11:56.484498000
14,2019-12-02 15:48:00.000000,2019-12-02 15:48:45.000000,2019-12-02 16:02:35.910525,2019-12-02 16:03:20.910525,2019-12-02 16:36:50.402399,2019-12-02 16:37:35.402399,2019-12-02 16:55:25.522598,Replace,4,45,48,0 days 00:00:45.000000000,0 days 00:14:35.910525000
15,2019-12-02 16:47:00.000000,2019-12-02 16:47:55.000000,2019-12-02 17:01:57.063415,2019-12-02 17:02:20.630550,,,,Onsite,4,45,48,0 days 00:00:55.000000000,0 days 00:14:25.630550000
16,2019-12-02 17:49:00.000000,2019-12-02 17:49:50.000000,2019-12-02 18:11:18.721030,2019-12-02 18:12:08.721030,2019-12-02 18:55:07.366751,2019-12-02 18:55:57.366751,2019-12-02 19:14:11.339199,Replace,4,45,48,0 days 00:00:50.000000000,0 days 00:22:18.721030000
17,2019-12-02 19:00:00.000000,2019-12-02 19:00:35.000000,2019-12-02 19:17:28.627521,2019-12-02 19:17:52.760956,,,,Onsite,4,45,48,0 days 00:00:35.000000000,0 days 00:17:17.760956000
18,2019-12-02 20:26:00.000000,2019-12-02 20:26:55.000000,2019-12-02 20:48:52.263837,2019-12-02 20:49:10.261345,,,,Onsite,4,45,48,0 days 00:00:55.000000000,0 days 00:22:15.261345000
19,2019-12-02 21:35:00.000000,2019-12-02 21:35:25.000000,2019-12-02 21:54:07.621374,2019-12-02 21:54:24.649521,,,,Onsite,4,45,48,0 days 00:00:25.000000000,0 days 00:18:59.649521000
20,2019-12-02 22:37:00.000000,2019-12-02 22:37:55.000000,2019-12-02 22:50:50.570376,2019-12-02 22:51:04.107774,,,,Onsite,4,45,48,0 days 00:00:55.000000000,0 days 00:13:09.107774000
0,2019-12-02 01:05:00.000000,2019-12-02 00:00:45.000000,2019-12-02 00:15:52.663900,2019-12-02 00:16:37.663900,2019-12-02 00:49:26.249299,2019-12-02 00:50:11.249299,2019-12-02 01:07:12.007539,Replace,5,45,48,-1 days +22:55:45.000000000,0 days 00:15:52.663900000
1,2019-12-02 00:59:00.000000,2019-12-02 00:59:35.000000,2019-12-02 01:11:41.294788,2019-12-02 01:12:16.294788,2019-12-02 01:43:00.516036,2019-12-02 01:43:35.516036,2019-12-02 01:59:18.771229,Replace,5,45,48,0 days 00:00:35.000000000,0 days 00:12:41.294788000
2,2019-12-02 01:53:00.000000,2019-12-02 01:53:35.000000,2019-12-02 02:08:45.978162,2019-12-02 02:09:02.078059,,,,Onsite,5,45,48,0 days 00:00:35.000000000,0 days 00:15:27.078059000
3,2019-12-02 02:52:00.000000,2019-12-02 02:52:55.000000,2019-12-02 03:08:10.438558,2019-12-02 03:09:05.438558,2019-12-02 03:40:36.259387,2019-12-02 03:41:31.259387,2019-12-02 03:54:30.534853,Replace,5,45,48,0 days 00:00:55.000000000,0 days 00:16:10.438558000
4,2019-12-02 04:03:00.000000,2019-12-02 04:03:25.000000,2019-12-02 04:17:03.401058,2019-12-02 04:17:12.423050,,,,Onsite,5,45,48,0 days 00:00:25.000000000,0 days 00:13:47.423050000
5,2019-12-02 05:14:00.000000,2019-12-02 05:14:45.000000,2019-12-02 05:29:53.925650,2019-12-02 05:30:08.968175,,,,Onsite,5,45,48,0 days 00:00:45.000000000,0 days 00:15:23.968175000
6,2019-12-02 06:16:00.000000,2019-12-02 06:16:45.000000,2019-12-02 06:30:40.076373,2019-12-02 06:30:49.529786,,,,Onsite,5,45,48,0 days 00:00:45.000000000,0 days 00:14:04.529786000
7,2019-12-02 07:29:00.000000,2019-12-02 07:29:45.000000,2019-12-02 07:45:05.438488,2019-12-02 07:45:50.438488,2019-12-02 08:14:57.080810,2019-12-02 08:15:42.080810,2019-12-02 08:38:17.344055,Replace,5,45,48,0 days 00:00:45.000000000,0 days 00:16:05.438488000
8,2019-12-02 08:44:00.000000,2019-12-02 08:44:50.000000,2019-12-02 08:59:40.148830,2019-12-02 09:00:30.148830,2019-12-02 09:35:22.637431,2019-12-02 09:36:12.637431,2019-12-02 09:52:09.260835,Replace,5,45,48,0 days 00:00:50.000000000,0 days 00:15:40.148830000
9,2019-12-02 09:51:00.000000,2019-12-02 09:51:55.000000,2019-12-02 10:04:48.219425,2019-12-02 10:05:43.219425,2019-12-02 10:38:32.835587,2019-12-02 10:39:27.835587,2019-12-02 10:56:41.314684,Replace,5,45,48,0 days 00:00:55.000000000,0 days 00:13:48.219425000
10,2019-12-02 11:11:00.000000,2019-12-02 11:11:55.000000,2019-12-02 11:28:57.693402,2019-12-02 11:29:52.693402,2019-12-02 12:00:38.208919,2019-12-02 12:01:33.208919,2019-12-02 12:25:55.220578,Replace,5,45,48,0 days 00:00:55.000000000,0 days 00:17:57.693402000
11,2019-12-02 12:16:00.000000,2019-12-02 12:16:55.000000,2019-12-02 12:33:09.405494,2019-12-02 12:33:28.009783,,,,Onsite,5,45,48,0 days 00:00:55.000000000,0 days 00:16:33.009783000
12,2019-12-02 13:30:00.000000,2019-12-02 13:30:55.000000,2019-12-02 13:49:09.374046,2019-12-02 13:50:04.374046,2019-12-02 14:25:22.722520,2019-12-02 14:26:17.722520,2019-12-02 14:49:25.027838,Replace,5,45,48,0 days 00:00:55.000000000,0 days 00:19:09.374046000
13,2019-12-02 14:41:00.000000,2019-12-02 14:41:25.000000,2019-12-02 14:57:41.084233,2019-12-02 14:57:59.635768,,,,Onsite,5,45,48,0 days 00:00:25.000000000,0 days 00:16:34.635768000
14,2019-12-02 15:43:00.000000,2019-12-02 15:43:45.000000,2019-12-02 16:00:28.407072,2019-12-02 16:01:13.407072,2019-12-02 16:59:23.409769,2019-12-02 17:00:08.409769,2019-12-02 17:12:19.515473,Replace,5,45,48,0 days 00:00:45.000000000,0 days 00:17:28.407072000
15,2019-12-02 16:33:00.000000,2019-12-02 16:33:55.000000,2019-12-02 16:55:43.311785,2019-12-02 16:55:51.489494,,,,Onsite,5,45,48,0 days 00:00:55.000000000,0 days 00:21:56.489494000
16,2019-12-02 18:40:00.000000,2019-12-02 18:40:30.000000,2019-12-02 18:55:48.434201,2019-12-02 18:56:18.434201,2019-12-02 19:21:36.611132,2019-12-02 19:22:06.611132,2019-12-02 19:40:55.803145,Replace,5,45,48,0 days 00:00:30.000000000,0 days 00:15:48.434201000
17,2019-12-02 17:40:00.000000,2019-12-02 17:40:35.000000,2019-12-02 18:03:05.692392,2019-12-02 18:03:40.692392,2019-12-02 18:39:30.988059,2019-12-02 18:40:05.988059,2019-12-02 18:50:40.153791,Replace,5,45,48,0 days 00:00:35.000000000,0 days 00:23:05.692392000
18,2019-12-02 19:50:00.000000,2019-12-02 19:50:45.000000,2019-12-02 20:09:09.166923,2019-12-02 20:09:54.166923,2019-12-02 20:38:54.544985,2019-12-02 20:39:39.544985,2019-12-02 20:55:28.475976,Replace,5,45,48,0 days 00:00:45.000000000,0 days 00:19:09.166923000
19,2019-12-02 20:51:00.000000,2019-12-02 20:51:45.000000,2019-12-02 21:04:23.009627,2019-12-02 21:04:25.302033,,,,Onsite,5,45,48,0 days 00:00:45.000000000,0 days 00:12:40.302033000
20,2019-12-02 21:41:00.000000,2019-12-02 21:41:55.000000,2019-12-02 21:56:19.978726,2019-12-02 21:57:14.978726,2019-12-02 22:36:41.078147,2019-12-02 22:37:36.078147,2019-12-02 22:55:42.393205,Replace,5,45,48,0 days 00:00:55.000000000,0 days 00:15:19.978726000
0,2019-12-02 01:14:00.000000,2019-12-02 00:00:45.000000,2019-12-02 00:14:56.811685,2019-12-02 00:15:41.811685,2019-12-02 00:36:56.054223,2019-12-02 00:37:41.054223,2019-12-02 00:48:41.374560,Replace,6,45,48,-1 days +22:46:45.000000000,0 days 00:14:56.811685000
1,2019-12-02 01:12:00.000000,2019-12-02 01:12:50.000000,2019-12-02 01:29:14.386439,2019-12-02 01:29:29.963322,,,,Onsite,6,45,48,0 days 00:00:50.000000000,0 days 00:16:39.963322000
2,2019-12-02 02:12:00.000000,2019-12-02 02:12:35.000000,2019-12-02 02:27:22.221267,2019-12-02 02:27:57.221267,2019-12-02 03:23:11.732793,2019-12-02 03:23:46.732793,2019-12-02 03:42:14.194600,Replace,6,45,48,0 days 00:00:35.000000000,0 days 00:15:22.221267000
3,2019-12-02 03:05:00.000000,2019-12-02 03:05:35.000000,2019-12-02 03:22:03.601209,2019-12-02 03:22:38.601209,2019-12-02 03:50:18.226777,2019-12-02 03:50:53.226777,2019-12-02 04:05:54.364595,Replace,6,45,48,0 days 00:00:35.000000000,0 days 00:17:03.601209000
4,2019-12-02 04:19:00.000000,2019-12-02 04:19:35.000000,2019-12-02 04:36:34.396301,2019-12-02 04:37:09.396301,2019-12-02 05:12:19.910334,2019-12-02 05:12:54.910334,2019-12-02 05:32:04.424622,Replace,6,45,48,0 days 00:00:35.000000000,0 days 00:17:34.396301000
5,2019-12-02 05:25:00.000000,2019-12-02 05:25:25.000000,2019-12-02 05:43:43.637879,2019-12-02 05:43:59.053298,,,,Onsite,6,45,48,0 days 00:00:25.000000000,0 days 00:18:34.053298000
6,2019-12-02 06:37:00.000000,2019-12-02 06:37:35.000000,2019-12-02 06:55:06.173230,2019-12-02 06:55:21.608517,,,,Onsite,6,45,48,0 days 00:00:35.000000000,0 days 00:17:46.608517000
7,2019-12-02 07:37:00.000000,2019-12-02 07:37:25.000000,2019-12-02 07:55:11.461838,2019-12-02 07:55:36.461838,2019-12-02 08:20:44.734185,2019-12-02 08:21:09.734185,2019-12-02 08:34:15.156114,Replace,6,45,48,0 days 00:00:25.000000000,0 days 00:18:11.461838000
8,2019-12-02 08:36:00.000000,2019-12-02 08:36:45.000000,2019-12-02 08:56:37.150355,2019-12-02 08:57:22.150355,2019-12-02 09:30:36.390542,2019-12-02 09:31:21.390542,2019-12-02 09:47:46.058580,Replace,6,45,48,0 days 00:00:45.000000000,0 days 00:20:37.150355000
9,2019-12-02 09:46:00.000000,2019-12-02 09:46:50.000000,2019-12-02 09:59:16.668716,2019-12-02 10:00:06.668716,2019-12-02 10:56:08.723106,2019-12-02 10:56:58.723106,2019-12-02 11:13:11.322204,Replace,6,45,48,0 days 00:00:50.000000000,0 days 00:13:16.668716000
10,2019-12-02 10:48:00.000000,2019-12-02 10:48:45.000000,2019-12-02 11:07:05.675760,2019-12-02 11:07:50.675760,2019-12-02 11:31:11.215103,2019-12-02 11:31:56.215103,2019-12-02 11:46:24.428330,Replace,6,45,48,0 days 00:00:45.000000000,0 days 00:19:05.675760000
11,2019-12-02 12:04:00.000000,2019-12-02 12:04:45.000000,2019-12-02 12:19:06.334362,2019-12-02 12:19:51.334362,2019-12-02 12:46:53.557902,2019-12-02 12:47:38.557902,2019-12-02 13:02:38.186085,Replace,6,45,48,0 days 00:00:45.000000000,0 days 00:15:06.334362000
12,2019-12-02 13:23:00.000000,2019-12-02 13:23:50.000000,2019-12-02 13:40:18.046108,2019-12-02 13:40:52.049397,,,,Onsite,6,45,48,0 days 00:00:50.000000000,0 days 00:17:02.049397000
13,2019-12-02 14:19:00.000000,2019-12-02 14:19:55.000000,2019-12-02 14:40:52.799069,2019-12-02 14:41:10.223655,,,,Onsite,6,45,48,0 days 00:00:55.000000000,0 days 00:21:15.223655000
14,2019-12-02 15:24:00.000000,2019-12-02 15:24:45.000000,2019-12-02 15:46:35.868349,2019-12-02 15:46:39.922363,,,,Onsite,6,45,48,0 days 00:00:45.000000000,0 days 00:21:54.922363000
15,2019-12-02 16:44:00.000000,2019-12-02 16:44:45.000000,2019-12-02 16:53:48.488125,2019-12-02 16:54:33.488125,2019-12-02 17:25:10.358732,2019-12-02 17:25:55.358732,2019-12-02 17:40:45.753660,Replace,6,45,48,0 days 00:00:45.000000000,0 days 00:09:48.488125000
16,2019-12-02 17:51:00.000000,2019-12-02 17:51:35.000000,2019-12-02 18:10:31.784802,2019-12-02 18:11:06.784802,2019-12-02 19:07:06.190275,2019-12-02 19:07:41.190275,2019-12-02 19:25:35.147700,Replace,6,45,48,0 days 00:00:35.000000000,0 days 00:19:31.784802000
17,2019-12-02 18:58:00.000000,2019-12-02 18:58:50.000000,2019-12-02 19:24:35.491365,2019-12-02 19:24:40.205223,,,,Onsite,6,45,48,0 days 00:00:50.000000000,0 days 00:25:50.205223000
18,2019-12-02 20:02:00.000000,2019-12-02 20:02:25.000000,2019-12-02 20:22:32.866116,2019-12-02 20:22:41.876693,,,,Onsite,6,45,48,0 days 00:00:25.000000000,0 days 00:20:16.876693000
19,2019-12-02 21:02:00.000000,2019-12-02 21:02:35.000000,2019-12-02 21:21:05.971256,2019-12-02 21:21:20.957091,,,,Onsite,6,45,48,0 days 00:00:35.000000000,0 days 00:18:45.957091000
20,2019-12-02 22:28:00.000000,2019-12-02 22:28:35.000000,2019-12-02 22:47:04.863040,2019-12-02 22:47:19.314734,,,,Onsite,6,45,48,0 days 00:00:35.000000000,0 days 00:18:44.314734000
0,2019-12-02 01:00:00.000000,2019-12-02 00:00:30.000000,2019-12-02 00:19:39.142489,2019-12-02 00:19:56.759450,,,,Onsite,7,45,48,-1 days +23:00:30.000000000,0 days 00:19:26.759450000
1,2019-12-02 01:19:00.000000,2019-12-02 01:19:30.000000,2019-12-02 01:38:22.091792,2019-12-02 01:38:42.869291,,,,Onsite,7,45,48,0 days 00:00:30.000000000,0 days 00:19:12.869291000
2,2019-12-02 02:22:00.000000,2019-12-02 02:22:50.000000,2019-12-02 02:36:57.157974,2019-12-02 02:37:47.157974,2019-12-02 03:22:31.621152,2019-12-02 03:23:21.621152,2019-12-02 03:46:52.710016,Replace,7,45,48,0 days 00:00:50.000000000,0 days 00:14:57.157974000
3,2019-12-02 03:25:00.000000,2019-12-02 03:25:45.000000,2019-12-02 03:44:27.526583,2019-12-02 03:45:12.526583,2019-12-02 04:27:29.166115,2019-12-02 04:28:14.166115,2019-12-02 04:43:16.778615,Replace,7,45,48,0 days 00:00:45.000000000,0 days 00:19:27.526583000
4,2019-12-02 04:40:00.000000,2019-12-02 04:40:55.000000,2019-12-02 04:59:45.565469,2019-12-02 04:59:51.276024,,,,Onsite,7,45,48,0 days 00:00:55.000000000,0 days 00:18:56.276024000
5,2019-12-02 05:56:00.000000,2019-12-02 05:56:25.000000,2019-12-02 06:13:10.435061,2019-12-02 06:13:35.435061,2019-12-02 06:59:45.124481,2019-12-02 07:00:10.124481,2019-12-02 07:21:56.361818,Replace,7,45,48,0 days 00:00:25.000000000,0 days 00:17:10.435061000
6,2019-12-02 07:11:00.000000,2019-12-02 07:11:25.000000,2019-12-02 07:28:28.479881,2019-12-02 07:28:40.927327,,,,Onsite,7,45,48,0 days 00:00:25.000000000,0 days 00:17:15.927327000
7,2019-12-02 08:23:00.000000,2019-12-02 08:23:25.000000,2019-12-02 08:41:06.625098,2019-12-02 08:41:26.771750,,,,Onsite,7,45,48,0 days 00:00:25.000000000,0 days 00:18:01.771750000
8,2019-12-02 09:33:00.000000,2019-12-02 09:33:35.000000,2019-12-02 09:53:26.064074,2019-12-02 09:54:01.064074,2019-12-02 10:36:40.553236,2019-12-02 10:37:15.553236,2019-12-02 10:57:45.557899,Replace,7,45,48,0 days 00:00:35.000000000,0 days 00:20:26.064074000
9,2019-12-02 10:29:00.000000,2019-12-02 10:29:35.000000,2019-12-02 10:42:55.750501,2019-12-02 10:43:30.750501,2019-12-02 11:10:13.590236,2019-12-02 11:10:48.590236,2019-12-02 11:22:53.611752,Replace,7,45,48,0 days 00:00:35.000000000,0 days 00:13:55.750501000
10,2019-12-02 11:41:00.000000,2019-12-02 11:41:50.000000,2019-12-02 11:55:04.051743,2019-12-02 11:55:54.051743,2019-12-02 12:23:30.744612,2019-12-02 12:24:20.744612,2019-12-02 12:40:52.860421,Replace,7,45,48,0 days 00:00:50.000000000,0 days 00:14:04.051743000
11,2019-12-02 12:42:00.000000,2019-12-02 12:42:30.000000,2019-12-02 12:56:42.021190,2019-12-02 12:57:12.021190,2019-12-02 13:35:07.061834,2019-12-02 13:35:37.061834,2019-12-02 13:53:52.317702,Replace,7,45,48,0 days 00:00:30.000000000,0 days 00:14:42.021190000
12,2019-12-02 13:53:00.000000,2019-12-02 13:53:30.000000,2019-12-02 14:06:30.713842,2019-12-02 14:07:00.713842,2019-12-02 14:48:24.354207,2019-12-02 14:48:54.354207,2019-12-02 15:05:06.371468,Replace,7,45,48,0 days 00:00:30.000000000,0 days 00:13:30.713842000
13,2019-12-02 15:07:00.000000,2019-12-02 15:07:45.000000,2019-12-02 15:21:43.221515,2019-12-02 15:22:28.221515,2019-12-02 16:02:18.546934,2019-12-02 16:03:03.546934,2019-12-02 16:18:20.011419,Replace,7,45,48,0 days 00:00:45.000000000,0 days 00:14:43.221515000
14,2019-12-02 16:17:00.000000,2019-12-02 16:17:45.000000,2019-12-02 16:36:01.894516,2019-12-02 16:36:07.376811,,,,Onsite,7,45,48,0 days 00:00:45.000000000,0 days 00:18:22.376811000
15,2019-12-02 17:23:00.000000,2019-12-02 17:23:35.000000,2019-12-02 17:42:02.325958,2019-12-02 17:42:08.138140,,,,Onsite,7,45,48,0 days 00:00:35.000000000,0 days 00:18:33.138140000
16,2019-12-02 18:25:00.000000,2019-12-02 18:25:30.000000,2019-12-02 18:42:50.215207,2019-12-02 18:43:01.556490,,,,Onsite,7,45,48,0 days 00:00:30.000000000,0 days 00:17:31.556490000
17,2019-12-02 19:08:00.000000,2019-12-02 19:08:35.000000,2019-12-02 19:27:05.802080,2019-12-02 19:27:25.062793,,,,Onsite,7,45,48,0 days 00:00:35.000000000,0 days 00:18:50.062793000
18,2019-12-02 20:25:00.000000,2019-12-02 20:25:55.000000,2019-12-02 20:39:53.198233,2019-12-02 20:40:48.198233,2019-12-02 21:08:54.623388,2019-12-02 21:09:49.623388,2019-12-02 21:27:05.766686,Replace,7,45,48,0 days 00:00:55.000000000,0 days 00:14:53.198233000
19,2019-12-02 21:26:00.000000,2019-12-02 21:26:30.000000,2019-12-02 21:44:43.589343,2019-12-02 21:45:13.589343,2019-12-02 22:08:19.387251,2019-12-02 22:08:49.387251,2019-12-02 22:22:55.319801,Replace,7,45,48,0 days 00:00:30.000000000,0 days 00:18:43.589343000
0,2019-12-02 01:20:00.000000,2019-12-02 00:00:45.000000,2019-12-02 00:12:39.348110,2019-12-02 00:13:24.348110,2019-12-02 01:10:50.335221,2019-12-02 01:11:35.335221,2019-12-02 01:26:52.256262,Replace,8,45,48,-1 days +22:40:45.000000000,0 days 00:12:39.348110000
1,2019-12-02 01:16:00.000000,2019-12-02 01:16:45.000000,2019-12-02 01:39:01.658764,2019-12-02 01:39:25.949457,,,,Onsite,8,45,48,0 days 00:00:45.000000000,0 days 00:22:40.949457000
2,2019-12-02 02:29:00.000000,2019-12-02 02:29:45.000000,2019-12-02 02:44:02.705623,2019-12-02 02:44:15.667962,,,,Onsite,8,45,48,0 days 00:00:45.000000000,0 days 00:14:30.667962000
3,2019-12-02 03:38:00.000000,2019-12-02 03:38:25.000000,2019-12-02 03:54:18.717139,2019-12-02 03:54:43.717139,2019-12-02 04:31:11.366451,2019-12-02 04:31:36.366451,2019-12-02 04:55:47.489733,Replace,8,45,48,0 days 00:00:25.000000000,0 days 00:16:18.717139000
4,2019-12-02 04:39:00.000000,2019-12-02 04:39:30.000000,2019-12-02 04:57:23.253440,2019-12-02 04:57:53.253440,2019-12-02 05:42:59.467871,2019-12-02 05:43:29.467871,2019-12-02 06:00:46.555352,Replace,8,45,48,0 days 00:00:30.000000000,0 days 00:18:23.253440000
5,2019-12-02 05:40:00.000000,2019-12-02 05:40:55.000000,2019-12-02 05:55:51.416079,2019-12-02 05:56:14.785961,,,,Onsite,8,45,48,0 days 00:00:55.000000000,0 days 00:15:19.785961000
6,2019-12-02 06:39:00.000000,2019-12-02 06:39:45.000000,2019-12-02 07:03:22.942809,2019-12-02 07:03:56.474307,,,,Onsite,8,45,48,0 days 00:00:45.000000000,0 days 00:24:11.474307000
7,2019-12-02 07:43:00.000000,2019-12-02 07:43:45.000000,2019-12-02 07:57:36.421218,2019-12-02 07:57:50.493072,,,,Onsite,8,45,48,0 days 00:00:45.000000000,0 days 00:14:05.493072000
8,2019-12-02 08:52:00.000000,2019-12-02 08:52:45.000000,2019-12-02 09:10:18.998493,2019-12-02 09:11:03.998493,2019-12-02 09:47:07.244271,2019-12-02 09:47:52.244271,2019-12-02 10:08:42.321609,Replace,8,45,48,0 days 00:00:45.000000000,0 days 00:18:18.998493000
9,2019-12-02 10:17:00.000000,2019-12-02 10:17:30.000000,2019-12-02 10:34:08.371337,2019-12-02 10:34:38.371337,2019-12-02 11:14:09.433038,2019-12-02 11:14:39.433038,2019-12-02 11:28:16.201196,Replace,8,45,48,0 days 00:00:30.000000000,0 days 00:17:08.371337000
10,2019-12-02 11:23:00.000000,2019-12-02 11:23:45.000000,2019-12-02 11:42:49.016790,2019-12-02 11:43:03.562672,,,,Onsite,8,45,48,0 days 00:00:45.000000000,0 days 00:19:18.562672000
11,2019-12-02 12:41:00.000000,2019-12-02 12:41:35.000000,2019-12-02 12:58:16.140143,2019-12-02 12:58:35.204162,,,,Onsite,8,45,48,0 days 00:00:35.000000000,0 days 00:17:00.204162000
12,2019-12-02 13:51:00.000000,2019-12-02 13:51:30.000000,2019-12-02 14:10:06.522363,2019-12-02 14:10:36.522363,2019-12-02 14:54:02.203457,2019-12-02 14:54:32.203457,2019-12-02 15:13:53.109582,Replace,8,45,48,0 days 00:00:30.000000000,0 days 00:19:06.522363000
13,2019-12-02 15:08:00.000000,2019-12-02 15:08:55.000000,2019-12-02 15:21:23.005182,2019-12-02 15:22:18.005182,2019-12-02 16:00:55.950137,2019-12-02 16:01:50.950137,2019-12-02 16:15:33.286211,Replace,8,45,48,0 days 00:00:55.000000000,0 days 00:13:23.005182000
14,2019-12-02 16:23:00.000000,2019-12-02 16:23:55.000000,2019-12-02 16:35:10.059224,2019-12-02 16:35:27.139218,,,,Onsite,8,45,48,0 days 00:00:55.000000000,0 days 00:11:32.139218000
15,2019-12-02 17:33:00.000000,2019-12-02 17:33:35.000000,2019-12-02 17:47:47.077621,2019-12-02 17:48:22.077621,2019-12-02 18:30:10.876119,2019-12-02 18:30:45.876119,2019-12-02 18:52:34.244418,Replace,8,45,48,0 days 00:00:35.000000000,0 days 00:14:47.077621000
16,2019-12-02 18:41:00.000000,2019-12-02 18:41:55.000000,2019-12-02 18:55:19.052911,2019-12-02 18:56:14.052911,2019-12-02 19:16:46.813954,2019-12-02 19:17:41.813954,2019-12-02 19:38:21.507988,Replace,8,45,48,0 days 00:00:55.000000000,0 days 00:14:19.052911000
17,2019-12-02 20:01:00.000000,2019-12-02 20:01:35.000000,2019-12-02 20:18:21.370244,2019-12-02 20:18:56.370244,2019-12-02 20:52:18.709047,2019-12-02 20:52:53.709047,2019-12-02 21:10:42.216675,Replace,8,45,48,0 days 00:00:35.000000000,0 days 00:17:21.370244000
18,2019-12-02 21:03:00.000000,2019-12-02 21:03:45.000000,2019-12-02 21:16:01.736406,2019-12-02 21:16:46.736406,2019-12-02 21:41:23.495504,2019-12-02 21:42:08.495504,2019-12-02 22:00:46.008861,Replace,8,45,48,0 days 00:00:45.000000000,0 days 00:13:01.736406000
0,2019-12-02 01:11:00.000000,2019-12-02 00:00:45.000000,2019-12-02 00:19:21.710679,2019-12-02 00:20:06.710679,2019-12-02 00:54:24.654209,2019-12-02 00:55:09.654209,2019-12-02 01:10:31.506710,Replace,9,45,48,-1 days +22:49:45.000000000,0 days 00:19:21.710679000
1,2019-12-02 01:16:00.000000,2019-12-02 01:16:50.000000,2019-12-02 01:35:31.277149,2019-12-02 01:35:44.882226,,,,Onsite,9,45,48,0 days 00:00:50.000000000,0 days 00:18:54.882226000
2,2019-12-02 02:19:00.000000,2019-12-02 02:19:50.000000,2019-12-02 02:36:24.703617,2019-12-02 02:37:14.703617,2019-12-02 02:59:58.898362,2019-12-02 03:00:48.898362,2019-12-02 03:17:41.587968,Replace,9,45,48,0 days 00:00:50.000000000,0 days 00:17:24.703617000
3,2019-12-02 03:39:00.000000,2019-12-02 03:39:50.000000,2019-12-02 03:59:40.429189,2019-12-02 04:00:30.429189,2019-12-02 04:29:48.991899,2019-12-02 04:30:38.991899,2019-12-02 04:53:29.236985,Replace,9,45,48,0 days 00:00:50.000000000,0 days 00:20:40.429189000
4,2019-12-02 04:49:00.000000,2019-12-02 04:49:25.000000,2019-12-02 05:10:55.883497,2019-12-02 05:11:20.883497,2019-12-02 05:46:37.308592,2019-12-02 05:47:02.308592,2019-12-02 06:04:45.689590,Replace,9,45,48,0 days 00:00:25.000000000,0 days 00:21:55.883497000
5,2019-12-02 05:44:00.000000,2019-12-02 05:44:45.000000,2019-12-02 05:58:29.608752,2019-12-02 05:59:14.608752,2019-12-02 06:37:11.596051,2019-12-02 06:37:56.596051,2019-12-02 06:52:39.480025,Replace,9,45,48,0 days 00:00:45.000000000,0 days 00:14:29.608752000
6,2019-12-02 06:57:00.000000,2019-12-02 06:57:25.000000,2019-12-02 07:18:22.548631,2019-12-02 07:18:38.352969,,,,Onsite,9,45,48,0 days 00:00:25.000000000,0 days 00:21:13.352969000
7,2019-12-02 07:56:00.000000,2019-12-02 07:56:45.000000,2019-12-02 08:15:32.867990,2019-12-02 08:16:01.155717,,,,Onsite,9,45,48,0 days 00:00:45.000000000,0 days 00:19:16.155717000
8,2019-12-02 09:04:00.000000,2019-12-02 09:04:45.000000,2019-12-02 09:19:31.714321,2019-12-02 09:20:16.714321,2019-12-02 09:55:37.650655,2019-12-02 09:56:22.650655,2019-12-02 10:13:39.336098,Replace,9,45,48,0 days 00:00:45.000000000,0 days 00:15:31.714321000
9,2019-12-02 11:13:00.000000,2019-12-02 11:13:55.000000,2019-12-02 11:23:32.324575,2019-12-02 11:23:59.785549,,,,Onsite,9,45,48,0 days 00:00:55.000000000,0 days 00:10:04.785549000
10,2019-12-02 10:15:00.000000,2019-12-02 10:15:30.000000,2019-12-02 10:30:41.835581,2019-12-02 10:31:11.835581,2019-12-02 11:01:22.243461,2019-12-02 11:01:52.243461,2019-12-02 11:13:04.504117,Replace,9,45,48,0 days 00:00:30.000000000,0 days 00:15:41.835581000
11,2019-12-02 12:25:00.000000,2019-12-02 12:25:50.000000,2019-12-02 12:47:16.773017,2019-12-02 12:48:06.773017,2019-12-02 13:31:10.392792,2019-12-02 13:32:00.392792,2019-12-02 13:54:01.905190,Replace,9,45,48,0 days 00:00:50.000000000,0 days 00:22:16.773017000
12,2019-12-02 13:23:00.000000,2019-12-02 13:23:50.000000,2019-12-02 13:45:12.787838,2019-12-02 13:46:02.787838,2019-12-02 14:34:39.910069,2019-12-02 14:35:29.910069,2019-12-02 14:54:29.363331,Replace,9,45,48,0 days 00:00:50.000000000,0 days 00:22:12.787838000
13,2019-12-02 14:27:00.000000,2019-12-02 14:27:45.000000,2019-12-02 14:45:59.436805,2019-12-02 14:46:44.436805,2019-12-02 15:27:40.809494,2019-12-02 15:28:25.809494,2019-12-02 15:47:07.427985,Replace,9,45,48,0 days 00:00:45.000000000,0 days 00:18:59.436805000
14,2019-12-02 15:46:00.000000,2019-12-02 15:46:35.000000,2019-12-02 15:56:26.443878,2019-12-02 15:56:45.715285,,,,Onsite,9,45,48,0 days 00:00:35.000000000,0 days 00:10:10.715285000
15,2019-12-02 16:48:00.000000,2019-12-02 16:48:50.000000,2019-12-02 17:07:52.818886,2019-12-02 17:08:42.818886,2019-12-02 17:46:50.538954,2019-12-02 17:47:40.538954,2019-12-02 18:04:14.084291,Replace,9,45,48,0 days 00:00:50.000000000,0 days 00:19:52.818886000
16,2019-12-02 17:49:00.000000,2019-12-02 17:49:25.000000,2019-12-02 18:01:45.478652,2019-12-02 18:02:10.478652,2019-12-02 18:24:39.131454,2019-12-02 18:25:04.131454,2019-12-02 18:40:20.657821,Replace,9,45,48,0 days 00:00:25.000000000,0 days 00:12:45.478652000
17,2019-12-02 19:01:00.000000,2019-12-02 19:01:45.000000,2019-12-02 19:15:01.956192,2019-12-02 19:15:07.917539,,,,Onsite,9,45,48,0 days 00:00:45.000000000,0 days 00:13:22.917539000
18,2019-12-02 20:09:00.000000,2019-12-02 20:09:50.000000,2019-12-02 20:26:24.014910,2019-12-02 20:26:32.805268,,,,Onsite,9,45,48,0 days 00:00:50.000000000,0 days 00:16:42.805268000
19,2019-12-02 21:05:00.000000,2019-12-02 21:05:30.000000,2019-12-02 21:20:04.435572,2019-12-02 21:20:34.435572,2019-12-02 21:52:26.230773,2019-12-02 21:52:56.230773,2019-12-02 22:07:38.576780,Replace,9,45,48,0 days 00:00:30.000000000,0 days 00:15:04.435572000
20,2019-12-02 22:05:00.000000,2019-12-02 22:05:45.000000,2019-12-02 22:23:51.014941,2019-12-02 22:24:07.883074,,,,Onsite,9,45,48,0 days 00:00:45.000000000,0 days 00:18:22.883074000
0,2019-12-02 01:08:00.000000,2019-12-02 00:00:25.000000,2019-12-02 00:16:42.209588,2019-12-02 00:17:07.209588,2019-12-02 00:46:38.259329,2019-12-02 00:47:03.259329,2019-12-02 01:01:52.014290,Replace,1,45,49,-1 days +22:52:25.000000000,0 days 00:16:42.209588000
1,2019-12-02 01:24:00.000000,2019-12-02 01:24:50.000000,2019-12-02 01:39:31.819173,2019-12-02 01:40:21.819173,2019-12-02 02:32:10.100622,2019-12-02 02:33:00.100622,2019-12-02 02:51:44.542178,Replace,1,45,49,0 days 00:00:50.000000000,0 days 00:15:31.819173000
2,2019-12-02 02:38:00.000000,2019-12-02 02:38:25.000000,2019-12-02 02:53:49.595617,2019-12-02 02:53:59.286887,,,,Onsite,1,45,49,0 days 00:00:25.000000000,0 days 00:15:34.286887000
3,2019-12-02 03:43:00.000000,2019-12-02 03:43:55.000000,2019-12-02 03:54:39.774691,2019-12-02 03:55:34.774691,2019-12-02 04:29:50.878956,2019-12-02 04:30:45.878956,2019-12-02 04:45:56.114059,Replace,1,45,49,0 days 00:00:55.000000000,0 days 00:11:39.774691000
4,2019-12-02 05:09:00.000000,2019-12-02 05:09:25.000000,2019-12-02 05:24:29.533038,2019-12-02 05:24:37.606174,,,,Onsite,1,45,49,0 days 00:00:25.000000000,0 days 00:15:12.606174000
5,2019-12-02 06:27:00.000000,2019-12-02 06:27:25.000000,2019-12-02 06:44:17.376477,2019-12-02 06:44:42.376477,2019-12-02 07:16:25.203410,2019-12-02 07:16:50.203410,2019-12-02 07:29:00.883258,Replace,1,45,49,0 days 00:00:25.000000000,0 days 00:17:17.376477000
6,2019-12-02 07:17:00.000000,2019-12-02 07:17:45.000000,2019-12-02 07:36:09.870921,2019-12-02 07:36:54.870921,2019-12-02 08:15:30.515126,2019-12-02 08:16:15.515126,2019-12-02 08:33:00.018246,Replace,1,45,49,0 days 00:00:45.000000000,0 days 00:19:09.870921000
7,2019-12-02 08:38:00.000000,2019-12-02 08:38:50.000000,2019-12-02 08:54:01.104540,2019-12-02 08:54:51.104540,2019-12-02 09:39:29.690604,2019-12-02 09:40:19.690604,2019-12-02 09:56:54.313226,Replace,1,45,49,0 days 00:00:50.000000000,0 days 00:16:01.104540000
8,2019-12-02 09:47:00.000000,2019-12-02 09:47:35.000000,2019-12-02 10:01:47.531842,2019-12-02 10:02:22.531842,2019-12-02 10:30:43.777622,2019-12-02 10:31:18.777622,2019-12-02 10:49:30.040303,Replace,1,45,49,0 days 00:00:35.000000000,0 days 00:14:47.531842000
9,2019-12-02 11:03:00.000000,2019-12-02 11:03:45.000000,2019-12-02 11:24:22.180334,2019-12-02 11:25:07.180334,2019-12-02 12:01:59.086740,2019-12-02 12:02:44.086740,2019-12-02 12:15:56.531353,Replace,1,45,49,0 days 00:00:45.000000000,0 days 00:21:22.180334000
10,2019-12-02 12:12:00.000000,2019-12-02 12:12:25.000000,2019-12-02 12:30:22.091262,2019-12-02 12:30:52.515573,,,,Onsite,1,45,49,0 days 00:00:25.000000000,0 days 00:18:27.515573000
11,2019-12-02 13:21:00.000000,2019-12-02 13:21:50.000000,2019-12-02 13:38:58.247883,2019-12-02 13:39:48.247883,2019-12-02 14:33:20.214232,2019-12-02 14:34:10.214232,2019-12-02 14:53:44.765548,Replace,1,45,49,0 days 00:00:50.000000000,0 days 00:17:58.247883000
12,2019-12-02 15:32:00.000000,2019-12-02 15:32:50.000000,2019-12-02 15:44:24.855289,2019-12-02 15:45:14.855289,2019-12-02 16:27:51.770499,2019-12-02 16:28:41.770499,2019-12-02 16:52:47.046473,Replace,1,45,49,0 days 00:00:50.000000000,0 days 00:12:24.855289000
13,2019-12-02 16:41:00.000000,2019-12-02 16:41:45.000000,2019-12-02 16:56:28.368582,2019-12-02 16:56:48.693596,,,,Onsite,1,45,49,0 days 00:00:45.000000000,0 days 00:15:03.693596000
14,2019-12-02 14:34:00.000000,2019-12-02 14:34:25.000000,2019-12-02 14:54:57.932162,2019-12-02 14:55:22.932162,2019-12-02 15:41:31.263682,2019-12-02 15:41:56.263682,2019-12-02 16:03:28.790645,Replace,1,45,49,0 days 00:00:25.000000000,0 days 00:20:57.932162000
15,2019-12-02 17:38:00.000000,2019-12-02 17:38:25.000000,2019-12-02 17:53:45.076707,2019-12-02 17:54:10.487007,,,,Onsite,1,45,49,0 days 00:00:25.000000000,0 days 00:15:45.487007000
16,2019-12-02 18:43:00.000000,2019-12-02 18:43:45.000000,2019-12-02 18:56:54.495104,2019-12-02 18:57:39.495104,2019-12-02 19:38:43.210747,2019-12-02 19:39:28.210747,2019-12-02 19:57:00.657705,Replace,1,45,49,0 days 00:00:45.000000000,0 days 00:13:54.495104000
17,2019-12-02 19:58:00.000000,2019-12-02 19:58:25.000000,2019-12-02 20:19:03.107137,2019-12-02 20:19:28.107137,2019-12-02 20:50:32.558306,2019-12-02 20:50:57.558306,2019-12-02 21:14:39.593892,Replace,1,45,49,0 days 00:00:25.000000000,0 days 00:21:03.107137000
18,2019-12-02 21:05:00.000000,2019-12-02 21:05:50.000000,2019-12-02 21:20:06.235250,2019-12-02 21:20:56.235250,2019-12-02 21:51:01.938511,2019-12-02 21:51:51.938511,2019-12-02 22:06:33.344502,Replace,1,45,49,0 days 00:00:50.000000000,0 days 00:15:06.235250000
0,2019-12-02 00:47:00.000000,2019-12-02 00:00:50.000000,2019-12-02 00:18:02.129576,2019-12-02 00:18:52.129576,2019-12-02 00:50:27.893958,2019-12-02 00:51:17.893958,2019-12-02 01:09:27.825461,Replace,2,45,49,-1 days +23:13:50.000000000,0 days 00:18:02.129576000
1,2019-12-02 01:10:00.000000,2019-12-02 01:10:25.000000,2019-12-02 01:23:11.816153,2019-12-02 01:23:19.318871,,,,Onsite,2,45,49,0 days 00:00:25.000000000,0 days 00:12:54.318871000
2,2019-12-02 02:10:00.000000,2019-12-02 02:10:30.000000,2019-12-02 02:23:30.264485,2019-12-02 02:24:00.264485,2019-12-02 03:01:32.156855,2019-12-02 03:02:02.156855,2019-12-02 03:19:48.208654,Replace,2,45,49,0 days 00:00:30.000000000,0 days 00:13:30.264485000
3,2019-12-02 03:12:00.000000,2019-12-02 03:12:30.000000,2019-12-02 03:21:08.436181,2019-12-02 03:21:38.436181,2019-12-02 04:02:39.864043,2019-12-02 04:03:09.864043,2019-12-02 04:14:16.215230,Replace,2,45,49,0 days 00:00:30.000000000,0 days 00:09:08.436181000
4,2019-12-02 04:30:00.000000,2019-12-02 04:30:30.000000,2019-12-02 04:47:53.242029,2019-12-02 04:48:23.242029,2019-12-02 05:23:45.835097,2019-12-02 05:24:15.835097,2019-12-02 05:42:58.723549,Replace,2,45,49,0 days 00:00:30.000000000,0 days 00:17:53.242029000
5,2019-12-02 05:31:00.000000,2019-12-02 05:31:55.000000,2019-12-02 05:48:58.426299,2019-12-02 05:49:53.426299,2019-12-02 06:22:40.517111,2019-12-02 06:23:35.517111,2019-12-02 06:37:28.821925,Replace,2,45,49,0 days 00:00:55.000000000,0 days 00:17:58.426299000
6,2019-12-02 06:45:00.000000,2019-12-02 06:45:30.000000,2019-12-02 07:00:25.692520,2019-12-02 07:00:39.864620,,,,Onsite,2,45,49,0 days 00:00:30.000000000,0 days 00:15:09.864620000
7,2019-12-02 07:43:00.000000,2019-12-02 07:43:35.000000,2019-12-02 07:54:05.631227,2019-12-02 07:54:40.631227,2019-12-02 08:36:05.338511,2019-12-02 08:36:40.338511,2019-12-02 08:49:04.029022,Replace,2,45,49,0 days 00:00:35.000000000,0 days 00:11:05.631227000
8,2019-12-02 08:59:00.000000,2019-12-02 08:59:50.000000,2019-12-02 09:13:50.311448,2019-12-02 09:14:00.713529,,,,Onsite,2,45,49,0 days 00:00:50.000000000,0 days 00:14:10.713529000
9,2019-12-02 10:11:00.000000,2019-12-02 10:11:45.000000,2019-12-02 10:28:27.194658,2019-12-02 10:29:12.194658,2019-12-02 11:11:04.759128,2019-12-02 11:11:49.759128,2019-12-02 11:23:11.448729,Replace,2,45,49,0 days 00:00:45.000000000,0 days 00:17:27.194658000
10,2019-12-02 11:15:00.000000,2019-12-02 11:15:45.000000,2019-12-02 11:30:53.342289,2019-12-02 11:31:10.436764,,,,Onsite,2,45,49,0 days 00:00:45.000000000,0 days 00:15:25.436764000
11,2019-12-02 12:33:00.000000,2019-12-02 12:33:50.000000,2019-12-02 12:54:34.370368,2019-12-02 12:55:24.370368,2019-12-02 13:47:20.396990,2019-12-02 13:48:10.396990,2019-12-02 14:04:05.531781,Replace,2,45,49,0 days 00:00:50.000000000,0 days 00:21:34.370368000
12,2019-12-02 13:45:00.000000,2019-12-02 13:45:45.000000,2019-12-02 14:04:40.338252,2019-12-02 14:05:25.338252,2019-12-02 14:48:24.189012,2019-12-02 14:49:09.189012,2019-12-02 15:10:01.443598,Replace,2,45,49,0 days 00:00:45.000000000,0 days 00:19:40.338252000
13,2019-12-02 14:50:00.000000,2019-12-02 14:50:45.000000,2019-12-02 15:01:33.654639,2019-12-02 15:02:18.654639,2019-12-02 15:37:54.632992,2019-12-02 15:38:39.632992,2019-12-02 15:56:00.860274,Replace,2,45,49,0 days 00:00:45.000000000,0 days 00:11:33.654639000
14,2019-12-02 16:01:00.000000,2019-12-02 16:01:55.000000,2019-12-02 16:13:26.383238,2019-12-02 16:14:21.383238,2019-12-02 16:44:43.879422,2019-12-02 16:45:38.879422,2019-12-02 17:03:27.972417,Replace,2,45,49,0 days 00:00:55.000000000,0 days 00:12:26.383238000
15,2019-12-02 17:15:00.000000,2019-12-02 17:15:30.000000,2019-12-02 17:33:52.427152,2019-12-02 17:34:03.017556,,,,Onsite,2,45,49,0 days 00:00:30.000000000,0 days 00:18:33.017556000
16,2019-12-02 18:21:00.000000,2019-12-02 18:21:55.000000,2019-12-02 18:37:07.197841,2019-12-02 18:38:02.197841,2019-12-02 19:22:50.821633,2019-12-02 19:23:45.821633,2019-12-02 19:45:31.889761,Replace,2,45,49,0 days 00:00:55.000000000,0 days 00:16:07.197841000
17,2019-12-02 19:22:00.000000,2019-12-02 19:22:45.000000,2019-12-02 19:39:44.317924,2019-12-02 19:40:13.869509,,,,Onsite,2,45,49,0 days 00:00:45.000000000,0 days 00:17:28.869509000
18,2019-12-02 20:32:00.000000,2019-12-02 20:32:45.000000,2019-12-02 20:48:21.150737,2019-12-02 20:48:37.710416,,,,Onsite,2,45,49,0 days 00:00:45.000000000,0 days 00:15:52.710416000
19,2019-12-02 21:46:00.000000,2019-12-02 21:46:45.000000,2019-12-02 22:00:18.228959,2019-12-02 22:00:41.019056,,,,Onsite,2,45,49,0 days 00:00:45.000000000,0 days 00:13:56.019056000
0,2019-12-02 01:03:00.000000,2019-12-02 00:00:45.000000,2019-12-02 00:14:53.208853,2019-12-02 00:15:38.208853,2019-12-02 00:47:56.182421,2019-12-02 00:48:41.182421,2019-12-02 01:03:05.356601,Replace,3,45,49,-1 days +22:57:45.000000000,0 days 00:14:53.208853000
1,2019-12-02 01:09:00.000000,2019-12-02 01:09:35.000000,2019-12-02 01:24:16.193679,2019-12-02 01:24:28.008545,,,,Onsite,3,45,49,0 days 00:00:35.000000000,0 days 00:14:53.008545000
2,2019-12-02 02:17:00.000000,2019-12-02 02:17:55.000000,2019-12-02 02:35:16.373816,2019-12-02 02:36:11.373816,2019-12-02 03:18:21.683718,2019-12-02 03:19:16.683718,2019-12-02 03:35:21.359530,Replace,3,45,49,0 days 00:00:55.000000000,0 days 00:18:16.373816000
3,2019-12-02 03:26:00.000000,2019-12-02 03:26:30.000000,2019-12-02 03:43:54.600431,2019-12-02 03:44:05.156195,,,,Onsite,3,45,49,0 days 00:00:30.000000000,0 days 00:17:35.156195000
4,2019-12-02 04:34:00.000000,2019-12-02 04:34:25.000000,2019-12-02 04:47:39.769423,2019-12-02 04:47:43.048698,,,,Onsite,3,45,49,0 days 00:00:25.000000000,0 days 00:13:18.048698000
5,2019-12-02 05:38:00.000000,2019-12-02 05:38:45.000000,2019-12-02 05:55:45.433694,2019-12-02 05:56:30.433694,2019-12-02 06:44:38.806402,2019-12-02 06:45:23.806402,2019-12-02 07:00:10.223811,Replace,3,45,49,0 days 00:00:45.000000000,0 days 00:17:45.433694000
6,2019-12-02 06:37:00.000000,2019-12-02 06:37:25.000000,2019-12-02 06:50:33.928984,2019-12-02 06:50:58.928984,2019-12-02 07:28:39.800441,2019-12-02 07:29:04.800441,2019-12-02 07:43:28.707238,Replace,3,45,49,0 days 00:00:25.000000000,0 days 00:13:33.928984000
7,2019-12-02 07:44:00.000000,2019-12-02 07:44:50.000000,2019-12-02 08:01:44.177037,2019-12-02 08:02:34.177037,2019-12-02 08:32:11.851232,2019-12-02 08:33:01.851232,2019-12-02 08:44:32.112518,Replace,3,45,49,0 days 00:00:50.000000000,0 days 00:17:44.177037000
8,2019-12-02 08:41:00.000000,2019-12-02 08:41:35.000000,2019-12-02 08:59:40.422099,2019-12-02 08:59:57.999308,,,,Onsite,3,45,49,0 days 00:00:35.000000000,0 days 00:18:22.999308000
9,2019-12-02 09:56:00.000000,2019-12-02 09:56:55.000000,2019-12-02 10:12:43.414883,2019-12-02 10:13:38.414883,2019-12-02 10:43:52.541541,2019-12-02 10:44:47.541541,2019-12-02 11:08:06.720289,Replace,3,45,49,0 days 00:00:55.000000000,0 days 00:16:43.414883000
10,2019-12-02 11:04:00.000000,2019-12-02 11:04:25.000000,2019-12-02 11:21:15.252026,2019-12-02 11:21:21.068324,,,,Onsite,3,45,49,0 days 00:00:25.000000000,0 days 00:16:56.068324000
11,2019-12-02 12:14:00.000000,2019-12-02 12:14:45.000000,2019-12-02 12:32:19.330679,2019-12-02 12:32:30.944688,,,,Onsite,3,45,49,0 days 00:00:45.000000000,0 days 00:17:45.944688000
12,2019-12-02 13:16:00.000000,2019-12-02 13:16:50.000000,2019-12-02 13:34:17.195112,2019-12-02 13:35:07.195112,2019-12-02 14:03:55.884866,2019-12-02 14:04:45.884866,2019-12-02 14:17:10.179622,Replace,3,45,49,0 days 00:00:50.000000000,0 days 00:18:17.195112000
13,2019-12-02 14:28:00.000000,2019-12-02 14:28:35.000000,2019-12-02 14:45:46.052817,2019-12-02 14:46:18.034311,,,,Onsite,3,45,49,0 days 00:00:35.000000000,0 days 00:17:43.034311000
14,2019-12-02 15:47:00.000000,2019-12-02 15:47:50.000000,2019-12-02 16:02:22.613838,2019-12-02 16:03:12.613838,2019-12-02 16:38:22.922796,2019-12-02 16:39:12.922796,2019-12-02 16:53:42.365091,Replace,3,45,49,0 days 00:00:50.000000000,0 days 00:15:22.613838000
15,2019-12-02 16:54:00.000000,2019-12-02 16:54:35.000000,2019-12-02 17:09:09.350038,2019-12-02 17:09:44.350038,2019-12-02 17:38:52.215798,2019-12-02 17:39:27.215798,2019-12-02 17:58:14.766621,Replace,3,45,49,0 days 00:00:35.000000000,0 days 00:15:09.350038000
16,2019-12-02 18:17:00.000000,2019-12-02 18:17:35.000000,2019-12-02 18:35:51.936742,2019-12-02 18:36:26.936742,2019-12-02 19:22:23.235723,2019-12-02 19:22:58.235723,2019-12-02 19:41:10.449353,Replace,3,45,49,0 days 00:00:35.000000000,0 days 00:18:51.936742000
17,2019-12-02 19:28:00.000000,2019-12-02 19:28:55.000000,2019-12-02 19:44:14.953422,2019-12-02 19:44:40.779510,,,,Onsite,3,45,49,0 days 00:00:55.000000000,0 days 00:15:45.779510000
18,2019-12-02 20:21:00.000000,2019-12-02 20:21:35.000000,2019-12-02 20:39:15.678332,2019-12-02 20:39:50.678332,2019-12-02 21:07:19.105505,2019-12-02 21:07:54.105505,2019-12-02 21:25:53.276423,Replace,3,45,49,0 days 00:00:35.000000000,0 days 00:18:15.678332000
19,2019-12-02 21:34:00.000000,2019-12-02 21:34:30.000000,2019-12-02 21:53:31.665093,2019-12-02 21:54:01.857349,,,,Onsite,3,45,49,0 days 00:00:30.000000000,0 days 00:19:31.857349000
0,2019-12-02 01:05:00.000000,2019-12-02 01:05:55.000000,2019-12-02 01:21:40.168316,2019-12-02 01:21:54.786783,,,,Onsite,4,45,49,0 days 00:00:55.000000000,0 days 00:15:59.786783000
1,2019-12-02 01:03:00.000000,2019-12-02 00:00:30.000000,2019-12-02 00:18:45.783484,2019-12-02 00:19:15.783484,2019-12-02 01:04:52.420455,2019-12-02 01:05:22.420455,2019-12-02 01:29:07.461204,Replace,4,45,49,-1 days +22:57:30.000000000,0 days 00:18:45.783484000
2,2019-12-02 02:15:00.000000,2019-12-02 02:15:50.000000,2019-12-02 02:31:57.068026,2019-12-02 02:32:11.526364,,,,Onsite,4,45,49,0 days 00:00:50.000000000,0 days 00:16:21.526364000
3,2019-12-02 03:21:00.000000,2019-12-02 03:21:45.000000,2019-12-02 03:36:23.310486,2019-12-02 03:37:08.310486,2019-12-02 04:07:04.674852,2019-12-02 04:07:49.674852,2019-12-02 04:24:17.018028,Replace,4,45,49,0 days 00:00:45.000000000,0 days 00:15:23.310486000
4,2019-12-02 04:36:00.000000,2019-12-02 04:36:50.000000,2019-12-02 04:59:50.414186,2019-12-02 04:59:58.816710,,,,Onsite,4,45,49,0 days 00:00:50.000000000,0 days 00:23:08.816710000
5,2019-12-02 05:39:00.000000,2019-12-02 05:39:55.000000,2019-12-02 05:59:09.407261,2019-12-02 06:00:04.407261,2019-12-02 06:36:39.793636,2019-12-02 06:37:34.793636,2019-12-02 06:55:01.299486,Replace,4,45,49,0 days 00:00:55.000000000,0 days 00:20:09.407261000
6,2019-12-02 06:24:00.000000,2019-12-02 06:24:30.000000,2019-12-02 06:39:56.079881,2019-12-02 06:40:09.322464,,,,Onsite,4,45,49,0 days 00:00:30.000000000,0 days 00:15:39.322464000
7,2019-12-02 07:24:00.000000,2019-12-02 07:24:45.000000,2019-12-02 07:42:46.760101,2019-12-02 07:43:31.760101,2019-12-02 08:25:47.325579,2019-12-02 08:26:32.325579,2019-12-02 08:43:31.595867,Replace,4,45,49,0 days 00:00:45.000000000,0 days 00:18:46.760101000
8,2019-12-02 08:38:00.000000,2019-12-02 08:38:50.000000,2019-12-02 08:54:19.950327,2019-12-02 08:54:36.179078,,,,Onsite,4,45,49,0 days 00:00:50.000000000,0 days 00:15:46.179078000
9,2019-12-02 09:52:00.000000,2019-12-02 09:52:55.000000,2019-12-02 10:14:34.637397,2019-12-02 10:14:51.417452,,,,Onsite,4,45,49,0 days 00:00:55.000000000,0 days 00:21:56.417452000
10,2019-12-02 11:00:00.000000,2019-12-02 11:00:50.000000,2019-12-02 11:19:11.056809,2019-12-02 11:20:01.056809,2019-12-02 11:51:14.114033,2019-12-02 11:52:04.114033,2019-12-02 12:08:17.134185,Replace,4,45,49,0 days 00:00:50.000000000,0 days 00:19:11.056809000
11,2019-12-02 12:23:00.000000,2019-12-02 12:23:50.000000,2019-12-02 12:40:02.568826,2019-12-02 12:40:05.908815,,,,Onsite,4,45,49,0 days 00:00:50.000000000,0 days 00:16:15.908815000
12,2019-12-02 13:22:00.000000,2019-12-02 13:22:30.000000,2019-12-02 13:39:39.458931,2019-12-02 13:40:09.458931,2019-12-02 14:20:17.955020,2019-12-02 14:20:47.955020,2019-12-02 14:34:49.203119,Replace,4,45,49,0 days 00:00:30.000000000,0 days 00:17:39.458931000
13,2019-12-02 14:25:00.000000,2019-12-02 14:25:25.000000,2019-12-02 14:39:10.116908,2019-12-02 14:39:35.116908,2019-12-02 15:14:13.046465,2019-12-02 15:14:38.046465,2019-12-02 15:35:05.912557,Replace,4,45,49,0 days 00:00:25.000000000,0 days 00:14:10.116908000
14,2019-12-02 15:33:00.000000,2019-12-02 15:33:45.000000,2019-12-02 15:46:12.730317,2019-12-02 15:46:34.006789,,,,Onsite,4,45,49,0 days 00:00:45.000000000,0 days 00:12:49.006789000
15,2019-12-02 16:37:00.000000,2019-12-02 16:37:45.000000,2019-12-02 16:58:46.779009,2019-12-02 16:59:31.779009,2019-12-02 17:39:51.837892,2019-12-02 17:40:36.837892,2019-12-02 17:57:29.001983,Replace,4,45,49,0 days 00:00:45.000000000,0 days 00:21:46.779009000
16,2019-12-02 17:46:00.000000,2019-12-02 17:46:35.000000,2019-12-02 18:00:09.718197,2019-12-02 18:00:34.450818,,,,Onsite,4,45,49,0 days 00:00:35.000000000,0 days 00:13:59.450818000
17,2019-12-02 18:42:00.000000,2019-12-02 18:42:45.000000,2019-12-02 18:57:43.804783,2019-12-02 18:58:28.804783,2019-12-02 19:48:29.714128,2019-12-02 19:49:14.714128,2019-12-02 20:05:02.134302,Replace,4,45,49,0 days 00:00:45.000000000,0 days 00:15:43.804783000
18,2019-12-02 19:47:00.000000,2019-12-02 19:47:30.000000,2019-12-02 20:02:12.883361,2019-12-02 20:02:42.883361,2019-12-02 20:40:32.592817,2019-12-02 20:41:02.592817,2019-12-02 21:02:34.033982,Replace,4,45,49,0 days 00:00:30.000000000,0 days 00:15:12.883361000
19,2019-12-02 21:01:00.000000,2019-12-02 21:01:45.000000,2019-12-02 21:16:45.841302,2019-12-02 21:17:30.841302,2019-12-02 22:01:36.534492,2019-12-02 22:02:21.534492,2019-12-02 22:23:31.559000,Replace,4,45,49,0 days 00:00:45.000000000,0 days 00:15:45.841302000
20,2019-12-02 22:09:00.000000,2019-12-02 22:09:45.000000,2019-12-02 22:30:56.614974,2019-12-02 22:31:28.837874,,,,Onsite,4,45,49,0 days 00:00:45.000000000,0 days 00:21:43.837874000
0,2019-12-02 01:00:00.000000,2019-12-02 00:00:45.000000,2019-12-02 00:16:18.757174,2019-12-02 00:16:22.621846,,,,Onsite,5,45,49,-1 days +23:00:45.000000000,0 days 00:15:37.621846000
1,2019-12-02 01:00:00.000000,2019-12-02 01:00:45.000000,2019-12-02 01:17:05.422501,2019-12-02 01:17:18.957589,,,,Onsite,5,45,49,0 days 00:00:45.000000000,0 days 00:16:33.957589000
2,2019-12-02 02:03:00.000000,2019-12-02 02:03:25.000000,2019-12-02 02:21:52.598599,2019-12-02 02:22:17.598599,2019-12-02 02:56:14.236262,2019-12-02 02:56:39.236262,2019-12-02 03:11:46.580556,Replace,5,45,49,0 days 00:00:25.000000000,0 days 00:18:52.598599000
3,2019-12-02 03:07:00.000000,2019-12-02 03:07:30.000000,2019-12-02 03:17:55.928483,2019-12-02 03:18:25.928483,2019-12-02 03:45:18.216702,2019-12-02 03:45:48.216702,2019-12-02 04:00:26.302180,Replace,5,45,49,0 days 00:00:30.000000000,0 days 00:10:55.928483000
4,2019-12-02 04:12:00.000000,2019-12-02 04:12:45.000000,2019-12-02 04:24:00.343406,2019-12-02 04:24:45.343406,2019-12-02 04:53:42.605297,2019-12-02 04:54:27.605297,2019-12-02 05:10:53.828446,Replace,5,45,49,0 days 00:00:45.000000000,0 days 00:12:00.343406000
5,2019-12-02 05:24:00.000000,2019-12-02 05:24:45.000000,2019-12-02 05:44:52.523570,2019-12-02 05:45:37.523570,2019-12-02 06:26:43.696334,2019-12-02 06:27:28.696334,2019-12-02 06:45:52.429805,Replace,5,45,49,0 days 00:00:45.000000000,0 days 00:20:52.523570000
6,2019-12-02 06:30:00.000000,2019-12-02 06:30:45.000000,2019-12-02 06:45:47.981522,2019-12-02 06:46:02.215703,,,,Onsite,5,45,49,0 days 00:00:45.000000000,0 days 00:15:17.215703000
7,2019-12-02 07:29:00.000000,2019-12-02 07:29:55.000000,2019-12-02 07:46:02.473985,2019-12-02 07:46:20.197304,,,,Onsite,5,45,49,0 days 00:00:55.000000000,0 days 00:16:25.197304000
8,2019-12-02 08:30:00.000000,2019-12-02 08:30:55.000000,2019-12-02 08:43:20.178855,2019-12-02 08:44:15.178855,2019-12-02 09:32:12.859034,2019-12-02 09:33:07.859034,2019-12-02 09:48:23.834301,Replace,5,45,49,0 days 00:00:55.000000000,0 days 00:13:20.178855000
9,2019-12-02 09:46:00.000000,2019-12-02 09:46:35.000000,2019-12-02 10:06:14.415168,2019-12-02 10:06:49.415168,2019-12-02 10:34:31.396737,2019-12-02 10:35:06.396737,2019-12-02 10:49:17.420157,Replace,5,45,49,0 days 00:00:35.000000000,0 days 00:20:14.415168000
10,2019-12-02 10:59:00.000000,2019-12-02 10:59:30.000000,2019-12-02 11:17:01.661068,2019-12-02 11:17:31.661068,2019-12-02 12:12:27.199663,2019-12-02 12:12:57.199663,2019-12-02 12:30:49.316128,Replace,5,45,49,0 days 00:00:30.000000000,0 days 00:18:01.661068000
11,2019-12-02 12:01:00.000000,2019-12-02 12:01:25.000000,2019-12-02 12:14:51.172868,2019-12-02 12:15:16.172868,2019-12-02 12:53:13.694765,2019-12-02 12:53:38.694765,2019-12-02 13:08:33.429484,Replace,5,45,49,0 days 00:00:25.000000000,0 days 00:13:51.172868000
12,2019-12-02 13:19:00.000000,2019-12-02 13:19:50.000000,2019-12-02 13:33:41.950366,2019-12-02 13:34:31.950366,2019-12-02 14:25:20.540960,2019-12-02 14:26:10.540960,2019-12-02 14:38:45.551738,Replace,5,45,49,0 days 00:00:50.000000000,0 days 00:14:41.950366000
13,2019-12-02 14:35:00.000000,2019-12-02 14:35:45.000000,2019-12-02 14:52:17.223781,2019-12-02 14:53:02.223781,2019-12-02 15:27:22.324676,2019-12-02 15:28:07.324676,2019-12-02 15:49:42.542853,Replace,5,45,49,0 days 00:00:45.000000000,0 days 00:17:17.223781000
14,2019-12-02 15:37:00.000000,2019-12-02 15:37:45.000000,2019-12-02 15:56:01.424931,2019-12-02 15:56:23.407777,,,,Onsite,5,45,49,0 days 00:00:45.000000000,0 days 00:18:38.407777000
15,2019-12-02 16:39:00.000000,2019-12-02 16:39:30.000000,2019-12-02 16:55:14.789554,2019-12-02 16:55:23.425916,,,,Onsite,5,45,49,0 days 00:00:30.000000000,0 days 00:15:53.425916000
16,2019-12-02 17:48:00.000000,2019-12-02 17:48:30.000000,2019-12-02 18:01:50.858231,2019-12-02 18:02:20.858231,2019-12-02 18:54:03.957000,2019-12-02 18:54:33.957000,2019-12-02 19:12:52.954459,Replace,5,45,49,0 days 00:00:30.000000000,0 days 00:13:50.858231000
17,2019-12-02 19:07:00.000000,2019-12-02 19:07:25.000000,2019-12-02 19:26:26.806020,2019-12-02 19:26:51.806020,2019-12-02 20:11:07.946779,2019-12-02 20:11:32.946779,2019-12-02 20:28:10.188179,Replace,5,45,49,0 days 00:00:25.000000000,0 days 00:19:26.806020000
18,2019-12-02 20:22:00.000000,2019-12-02 20:22:30.000000,2019-12-02 20:36:08.190527,2019-12-02 20:36:38.190527,2019-12-02 21:09:31.068108,2019-12-02 21:10:01.068108,2019-12-02 21:30:00.998879,Replace,5,45,49,0 days 00:00:30.000000000,0 days 00:14:08.190527000
0,2019-12-02 01:01:00.000000,2019-12-02 00:00:55.000000,2019-12-02 00:15:19.920558,2019-12-02 00:16:14.920558,2019-12-02 00:55:05.140503,2019-12-02 00:56:00.140503,2019-12-02 01:11:56.831865,Replace,6,45,49,-1 days +22:59:55.000000000,0 days 00:15:19.920558000
1,2019-12-02 01:09:00.000000,2019-12-02 01:09:30.000000,2019-12-02 01:27:48.783883,2019-12-02 01:28:12.680221,,,,Onsite,6,45,49,0 days 00:00:30.000000000,0 days 00:18:42.680221000
2,2019-12-02 02:23:00.000000,2019-12-02 02:23:55.000000,2019-12-02 02:41:53.769141,2019-12-02 02:42:05.189299,,,,Onsite,6,45,49,0 days 00:00:55.000000000,0 days 00:18:10.189299000
3,2019-12-02 03:30:00.000000,2019-12-02 03:30:35.000000,2019-12-02 03:47:18.615311,2019-12-02 03:47:35.294845,,,,Onsite,6,45,49,0 days 00:00:35.000000000,0 days 00:17:00.294845000
4,2019-12-02 04:39:00.000000,2019-12-02 04:39:45.000000,2019-12-02 04:54:51.867894,2019-12-02 04:54:59.253582,,,,Onsite,6,45,49,0 days 00:00:45.000000000,0 days 00:15:14.253582000
5,2019-12-02 05:38:00.000000,2019-12-02 05:38:25.000000,2019-12-02 05:53:55.553949,2019-12-02 05:54:24.475677,,,,Onsite,6,45,49,0 days 00:00:25.000000000,0 days 00:15:59.475677000
6,2019-12-02 06:48:00.000000,2019-12-02 06:48:30.000000,2019-12-02 07:04:04.827146,2019-12-02 07:04:34.827146,2019-12-02 07:47:30.576545,2019-12-02 07:48:00.576545,2019-12-02 08:06:48.954130,Replace,6,45,49,0 days 00:00:30.000000000,0 days 00:16:04.827146000
7,2019-12-02 07:52:00.000000,2019-12-02 07:52:30.000000,2019-12-02 08:09:56.545665,2019-12-02 08:10:26.545665,2019-12-02 08:38:42.718767,2019-12-02 08:39:12.718767,2019-12-02 08:56:37.471329,Replace,6,45,49,0 days 00:00:30.000000000,0 days 00:17:56.545665000
8,2019-12-02 08:53:00.000000,2019-12-02 08:53:25.000000,2019-12-02 09:13:21.915990,2019-12-02 09:13:46.915990,2019-12-02 09:48:47.812835,2019-12-02 09:49:12.812835,2019-12-02 10:07:19.902024,Replace,6,45,49,0 days 00:00:25.000000000,0 days 00:20:21.915990000
9,2019-12-02 10:12:00.000000,2019-12-02 10:12:55.000000,2019-12-02 10:32:28.645321,2019-12-02 10:33:23.645321,2019-12-02 11:19:09.443647,2019-12-02 11:20:04.443647,2019-12-02 11:34:43.832438,Replace,6,45,49,0 days 00:00:55.000000000,0 days 00:20:28.645321000
10,2019-12-02 11:25:00.000000,2019-12-02 11:25:25.000000,2019-12-02 11:36:13.163482,2019-12-02 11:36:38.163482,2019-12-02 12:29:09.529954,2019-12-02 12:29:34.529954,2019-12-02 12:40:26.594433,Replace,6,45,49,0 days 00:00:25.000000000,0 days 00:11:13.163482000
11,2019-12-02 12:24:00.000000,2019-12-02 12:24:45.000000,2019-12-02 12:38:26.492419,2019-12-02 12:39:11.492419,2019-12-02 13:24:05.771242,2019-12-02 13:24:50.771242,2019-12-02 13:42:23.941964,Replace,6,45,49,0 days 00:00:45.000000000,0 days 00:14:26.492419000
12,2019-12-02 13:42:00.000000,2019-12-02 13:42:30.000000,2019-12-02 13:59:35.747574,2019-12-02 14:00:05.747574,2019-12-02 14:52:53.601112,2019-12-02 14:53:23.601112,2019-12-02 15:06:35.350813,Replace,6,45,49,0 days 00:00:30.000000000,0 days 00:17:35.747574000
13,2019-12-02 14:49:00.000000,2019-12-02 14:49:55.000000,2019-12-02 15:09:26.308028,2019-12-02 15:10:21.308028,2019-12-02 15:51:07.264226,2019-12-02 15:52:02.264226,2019-12-02 16:07:51.672133,Replace,6,45,49,0 days 00:00:55.000000000,0 days 00:20:26.308028000
14,2019-12-02 16:07:00.000000,2019-12-02 16:07:35.000000,2019-12-02 16:24:20.701615,2019-12-02 16:24:23.074315,,,,Onsite,6,45,49,0 days 00:00:35.000000000,0 days 00:16:48.074315000
15,2019-12-02 17:11:00.000000,2019-12-02 17:11:25.000000,2019-12-02 17:24:15.466740,2019-12-02 17:24:40.466740,2019-12-02 18:01:03.852787,2019-12-02 18:01:28.852787,2019-12-02 18:22:11.924067,Replace,6,45,49,0 days 00:00:25.000000000,0 days 00:13:15.466740000
16,2019-12-02 18:46:00.000000,2019-12-02 18:46:35.000000,2019-12-02 19:06:41.260982,2019-12-02 19:07:03.478185,,,,Onsite,6,45,49,0 days 00:00:35.000000000,0 days 00:20:28.478185000
17,2019-12-02 19:52:00.000000,2019-12-02 19:52:50.000000,2019-12-02 20:10:12.870260,2019-12-02 20:11:02.870260,2019-12-02 21:08:20.683277,2019-12-02 21:09:10.683277,2019-12-02 21:33:26.313470,Replace,6,45,49,0 days 00:00:50.000000000,0 days 00:18:12.870260000
18,2019-12-02 20:56:00.000000,2019-12-02 20:56:45.000000,2019-12-02 21:09:56.209134,2019-12-02 21:10:07.146127,,,,Onsite,6,45,49,0 days 00:00:45.000000000,0 days 00:13:22.146127000
19,2019-12-02 21:53:00.000000,2019-12-02 21:53:55.000000,2019-12-02 22:15:41.287850,2019-12-02 22:16:36.287850,2019-12-02 22:42:32.331373,2019-12-02 22:43:27.331373,2019-12-02 22:56:08.879818,Replace,6,45,49,0 days 00:00:55.000000000,0 days 00:22:41.287850000
0,2019-12-02 00:58:00.000000,2019-12-02 00:00:55.000000,2019-12-02 00:17:52.922745,2019-12-02 00:18:47.922745,2019-12-02 01:00:58.770094,2019-12-02 01:01:53.770094,2019-12-02 01:17:25.542679,Replace,7,45,49,-1 days +23:02:55.000000000,0 days 00:17:52.922745000
1,2019-12-02 01:04:00.000000,2019-12-02 01:04:25.000000,2019-12-02 01:26:53.857518,2019-12-02 01:27:02.275707,,,,Onsite,7,45,49,0 days 00:00:25.000000000,0 days 00:22:37.275707000
2,2019-12-02 02:15:00.000000,2019-12-02 02:15:50.000000,2019-12-02 02:29:06.092966,2019-12-02 02:29:56.092966,2019-12-02 03:01:36.241693,2019-12-02 03:02:26.241693,2019-12-02 03:24:17.345131,Replace,7,45,49,0 days 00:00:50.000000000,0 days 00:14:06.092966000
3,2019-12-02 03:25:00.000000,2019-12-02 03:25:35.000000,2019-12-02 03:38:31.779474,2019-12-02 03:38:45.269703,,,,Onsite,7,45,49,0 days 00:00:35.000000000,0 days 00:13:10.269703000
4,2019-12-02 04:29:00.000000,2019-12-02 04:29:55.000000,2019-12-02 04:49:11.627331,2019-12-02 04:50:06.627331,2019-12-02 05:15:38.315367,2019-12-02 05:16:33.315367,2019-12-02 05:31:27.307358,Replace,7,45,49,0 days 00:00:55.000000000,0 days 00:20:11.627331000
5,2019-12-02 05:50:00.000000,2019-12-02 05:50:45.000000,2019-12-02 06:04:02.932688,2019-12-02 06:04:47.932688,2019-12-02 06:41:12.100009,2019-12-02 06:41:57.100009,2019-12-02 06:57:20.991485,Replace,7,45,49,0 days 00:00:45.000000000,0 days 00:14:02.932688000
6,2019-12-02 07:01:00.000000,2019-12-02 07:01:45.000000,2019-12-02 07:18:34.749721,2019-12-02 07:18:38.447312,,,,Onsite,7,45,49,0 days 00:00:45.000000000,0 days 00:16:53.447312000
7,2019-12-02 08:15:00.000000,2019-12-02 08:15:50.000000,2019-12-02 08:34:58.625027,2019-12-02 08:35:03.981030,,,,Onsite,7,45,49,0 days 00:00:50.000000000,0 days 00:19:13.981030000
8,2019-12-02 09:29:00.000000,2019-12-02 09:29:45.000000,2019-12-02 09:48:07.621994,2019-12-02 09:48:14.120514,,,,Onsite,7,45,49,0 days 00:00:45.000000000,0 days 00:18:29.120514000
9,2019-12-02 10:43:00.000000,2019-12-02 10:43:45.000000,2019-12-02 10:58:50.783105,2019-12-02 10:59:08.711896,,,,Onsite,7,45,49,0 days 00:00:45.000000000,0 days 00:15:23.711896000
10,2019-12-02 11:45:00.000000,2019-12-02 11:45:45.000000,2019-12-02 12:03:46.169694,2019-12-02 12:04:31.169694,2019-12-02 12:34:57.015594,2019-12-02 12:35:42.015594,2019-12-02 12:49:14.916008,Replace,7,45,49,0 days 00:00:45.000000000,0 days 00:18:46.169694000
11,2019-12-02 12:53:00.000000,2019-12-02 12:53:45.000000,2019-12-02 13:09:32.085344,2019-12-02 13:10:17.085344,2019-12-02 13:39:06.610665,2019-12-02 13:39:51.610665,2019-12-02 14:00:33.048727,Replace,7,45,49,0 days 00:00:45.000000000,0 days 00:16:32.085344000
12,2019-12-02 14:24:00.000000,2019-12-02 14:24:50.000000,2019-12-02 14:45:30.215413,2019-12-02 14:46:20.215413,2019-12-02 15:15:07.518155,2019-12-02 15:15:57.518155,2019-12-02 15:31:26.301101,Replace,7,45,49,0 days 00:00:50.000000000,0 days 00:21:30.215413000
13,2019-12-02 15:23:00.000000,2019-12-02 15:23:50.000000,2019-12-02 15:43:36.985237,2019-12-02 15:44:02.801412,,,,Onsite,7,45,49,0 days 00:00:50.000000000,0 days 00:20:12.801412000
14,2019-12-02 16:26:00.000000,2019-12-02 16:26:55.000000,2019-12-02 16:40:27.217202,2019-12-02 16:40:28.645234,,,,Onsite,7,45,49,0 days 00:00:55.000000000,0 days 00:13:33.645234000
15,2019-12-02 17:38:00.000000,2019-12-02 17:38:50.000000,2019-12-02 17:52:53.641098,2019-12-02 17:53:43.641098,2019-12-02 18:29:21.409526,2019-12-02 18:30:11.409526,2019-12-02 18:52:53.340401,Replace,7,45,49,0 days 00:00:50.000000000,0 days 00:14:53.641098000
16,2019-12-02 18:46:00.000000,2019-12-02 18:46:50.000000,2019-12-02 19:00:49.710823,2019-12-02 19:01:12.856835,,,,Onsite,7,45,49,0 days 00:00:50.000000000,0 days 00:14:22.856835000
17,2019-12-02 20:02:00.000000,2019-12-02 20:02:30.000000,2019-12-02 20:21:25.637740,2019-12-02 20:21:35.865805,,,,Onsite,7,45,49,0 days 00:00:30.000000000,0 days 00:19:05.865805000
18,2019-12-02 21:18:00.000000,2019-12-02 21:18:50.000000,2019-12-02 21:33:35.327241,2019-12-02 21:33:45.351485,,,,Onsite,7,45,49,0 days 00:00:50.000000000,0 days 00:14:55.351485000
0,2019-12-02 01:23:00.000000,2019-12-02 00:00:25.000000,2019-12-02 00:12:29.430625,2019-12-02 00:12:54.430625,2019-12-02 01:06:59.599756,2019-12-02 01:07:24.599756,2019-12-02 01:24:16.031775,Replace,8,45,49,-1 days +22:37:25.000000000,0 days 00:12:29.430625000
1,2019-12-02 01:03:00.000000,2019-12-02 01:03:30.000000,2019-12-02 01:18:56.144273,2019-12-02 01:19:26.144273,2019-12-02 01:55:30.497271,2019-12-02 01:56:00.497271,2019-12-02 02:09:38.323501,Replace,8,45,49,0 days 00:00:30.000000000,0 days 00:15:56.144273000
2,2019-12-02 02:01:00.000000,2019-12-02 02:01:50.000000,2019-12-02 02:16:42.257679,2019-12-02 02:17:10.913279,,,,Onsite,8,45,49,0 days 00:00:50.000000000,0 days 00:15:20.913279000
3,2019-12-02 03:03:00.000000,2019-12-02 03:03:45.000000,2019-12-02 03:16:53.759852,2019-12-02 03:17:08.800173,,,,Onsite,8,45,49,0 days 00:00:45.000000000,0 days 00:13:23.800173000
4,2019-12-02 04:06:00.000000,2019-12-02 04:06:50.000000,2019-12-02 04:21:23.872305,2019-12-02 04:21:29.765470,,,,Onsite,8,45,49,0 days 00:00:50.000000000,0 days 00:14:39.765470000
5,2019-12-02 05:26:00.000000,2019-12-02 05:26:45.000000,2019-12-02 05:40:23.480325,2019-12-02 05:40:29.564804,,,,Onsite,8,45,49,0 days 00:00:45.000000000,0 days 00:13:44.564804000
6,2019-12-02 06:42:00.000000,2019-12-02 06:42:45.000000,2019-12-02 06:54:03.918426,2019-12-02 06:54:48.918426,2019-12-02 07:24:41.729945,2019-12-02 07:25:26.729945,2019-12-02 07:41:58.547380,Replace,8,45,49,0 days 00:00:45.000000000,0 days 00:12:03.918426000
7,2019-12-02 07:49:00.000000,2019-12-02 07:49:45.000000,2019-12-02 08:06:53.571216,2019-12-02 08:07:38.571216,2019-12-02 08:38:42.824052,2019-12-02 08:39:27.824052,2019-12-02 08:51:58.598219,Replace,8,45,49,0 days 00:00:45.000000000,0 days 00:17:53.571216000
8,2019-12-02 08:36:00.000000,2019-12-02 08:36:45.000000,2019-12-02 08:57:12.542631,2019-12-02 08:57:25.919961,,,,Onsite,8,45,49,0 days 00:00:45.000000000,0 days 00:20:40.919961000
9,2019-12-02 09:37:00.000000,2019-12-02 09:37:35.000000,2019-12-02 09:53:04.459573,2019-12-02 09:53:39.459573,2019-12-02 10:26:18.851094,2019-12-02 10:26:53.851094,2019-12-02 10:42:55.033297,Replace,8,45,49,0 days 00:00:35.000000000,0 days 00:16:04.459573000
10,2019-12-02 10:46:00.000000,2019-12-02 10:46:25.000000,2019-12-02 10:59:58.691538,2019-12-02 11:00:20.901182,,,,Onsite,8,45,49,0 days 00:00:25.000000000,0 days 00:13:55.901182000
11,2019-12-02 11:53:00.000000,2019-12-02 11:53:45.000000,2019-12-02 12:09:38.197866,2019-12-02 12:09:43.433161,,,,Onsite,8,45,49,0 days 00:00:45.000000000,0 days 00:15:58.433161000
12,2019-12-02 12:52:00.000000,2019-12-02 12:52:55.000000,2019-12-02 13:09:26.986964,2019-12-02 13:09:38.081547,,,,Onsite,8,45,49,0 days 00:00:55.000000000,0 days 00:16:43.081547000
13,2019-12-02 14:03:00.000000,2019-12-02 14:03:55.000000,2019-12-02 14:20:40.784693,2019-12-02 14:21:01.216306,,,,Onsite,8,45,49,0 days 00:00:55.000000000,0 days 00:17:06.216306000
14,2019-12-02 15:12:00.000000,2019-12-02 15:12:30.000000,2019-12-02 15:32:18.272573,2019-12-02 15:32:48.272573,2019-12-02 16:18:19.634206,2019-12-02 16:18:49.634206,2019-12-02 16:31:29.260832,Replace,8,45,49,0 days 00:00:30.000000000,0 days 00:20:18.272573000
15,2019-12-02 16:04:00.000000,2019-12-02 16:04:35.000000,2019-12-02 16:16:12.461257,2019-12-02 16:16:47.461257,2019-12-02 17:03:38.037315,2019-12-02 17:04:13.037315,2019-12-02 17:21:28.801822,Replace,8,45,49,0 days 00:00:35.000000000,0 days 00:12:12.461257000
16,2019-12-02 17:25:00.000000,2019-12-02 17:25:55.000000,2019-12-02 17:39:02.110904,2019-12-02 17:39:57.110904,2019-12-02 18:11:55.879028,2019-12-02 18:12:50.879028,2019-12-02 18:34:58.590204,Replace,8,45,49,0 days 00:00:55.000000000,0 days 00:14:02.110904000
17,2019-12-02 18:38:00.000000,2019-12-02 18:38:55.000000,2019-12-02 18:54:20.595034,2019-12-02 18:55:15.595034,2019-12-02 19:32:48.397699,2019-12-02 19:33:43.397699,2019-12-02 19:44:56.274859,Replace,8,45,49,0 days 00:00:55.000000000,0 days 00:16:20.595034000
18,2019-12-02 19:48:00.000000,2019-12-02 19:48:35.000000,2019-12-02 20:04:00.923020,2019-12-02 20:04:13.900293,,,,Onsite,8,45,49,0 days 00:00:35.000000000,0 days 00:15:38.900293000
19,2019-12-02 21:00:00.000000,2019-12-02 21:00:55.000000,2019-12-02 21:17:39.979070,2019-12-02 21:18:34.979070,2019-12-02 22:00:54.610426,2019-12-02 22:01:49.610426,2019-12-02 22:19:22.638627,Replace,8,45,49,0 days 00:00:55.000000000,0 days 00:17:39.979070000
0,2019-12-02 01:06:00.000000,2019-12-02 00:00:45.000000,2019-12-02 00:16:53.471644,2019-12-02 00:17:38.471644,2019-12-02 00:45:40.024525,2019-12-02 00:46:25.024525,2019-12-02 00:58:59.416286,Replace,9,45,49,-1 days +22:54:45.000000000,0 days 00:16:53.471644000
1,2019-12-02 00:59:00.000000,2019-12-02 00:59:45.000000,2019-12-02 01:14:45.546673,2019-12-02 01:15:30.546673,2019-12-02 01:56:15.917572,2019-12-02 01:57:00.917572,2019-12-02 02:15:48.298636,Replace,9,45,49,0 days 00:00:45.000000000,0 days 00:15:45.546673000
2,2019-12-02 02:10:00.000000,2019-12-02 02:10:25.000000,2019-12-02 02:25:58.767634,2019-12-02 02:26:00.334610,,,,Onsite,9,45,49,0 days 00:00:25.000000000,0 days 00:15:35.334610000
3,2019-12-02 03:11:00.000000,2019-12-02 03:11:55.000000,2019-12-02 03:26:47.804766,2019-12-02 03:27:42.804766,2019-12-02 04:23:01.319719,2019-12-02 04:23:56.319719,2019-12-02 04:48:03.370333,Replace,9,45,49,0 days 00:00:55.000000000,0 days 00:15:47.804766000
4,2019-12-02 04:06:00.000000,2019-12-02 04:06:35.000000,2019-12-02 04:24:07.743592,2019-12-02 04:24:16.483509,,,,Onsite,9,45,49,0 days 00:00:35.000000000,0 days 00:17:41.483509000
5,2019-12-02 05:12:00.000000,2019-12-02 05:12:30.000000,2019-12-02 05:31:10.820447,2019-12-02 05:31:30.821259,,,,Onsite,9,45,49,0 days 00:00:30.000000000,0 days 00:19:00.821259000
6,2019-12-02 06:18:00.000000,2019-12-02 06:18:35.000000,2019-12-02 06:39:22.136681,2019-12-02 06:39:24.526325,,,,Onsite,9,45,49,0 days 00:00:35.000000000,0 days 00:20:49.526325000
7,2019-12-02 07:26:00.000000,2019-12-02 07:26:35.000000,2019-12-02 07:42:54.109560,2019-12-02 07:43:12.936254,,,,Onsite,9,45,49,0 days 00:00:35.000000000,0 days 00:16:37.936254000
8,2019-12-02 08:31:00.000000,2019-12-02 08:31:35.000000,2019-12-02 08:43:42.562638,2019-12-02 08:44:12.589319,,,,Onsite,9,45,49,0 days 00:00:35.000000000,0 days 00:12:37.589319000
9,2019-12-02 09:28:00.000000,2019-12-02 09:28:45.000000,2019-12-02 09:46:19.876889,2019-12-02 09:46:39.364074,,,,Onsite,9,45,49,0 days 00:00:45.000000000,0 days 00:17:54.364074000
10,2019-12-02 10:42:00.000000,2019-12-02 10:42:35.000000,2019-12-02 10:58:54.171042,2019-12-02 10:59:29.171042,2019-12-02 11:25:39.505842,2019-12-02 11:26:14.505842,2019-12-02 11:42:34.622702,Replace,9,45,49,0 days 00:00:35.000000000,0 days 00:16:54.171042000
11,2019-12-02 13:09:00.000000,2019-12-02 13:09:55.000000,2019-12-02 13:23:44.837444,2019-12-02 13:23:52.798140,,,,Onsite,9,45,49,0 days 00:00:55.000000000,0 days 00:13:57.798140000
12,2019-12-02 11:56:00.000000,2019-12-02 11:56:35.000000,2019-12-02 12:13:29.599040,2019-12-02 12:14:04.599040,2019-12-02 12:56:16.273009,2019-12-02 12:56:51.273009,2019-12-02 13:09:15.269500,Replace,9,45,49,0 days 00:00:35.000000000,0 days 00:17:29.599040000
13,2019-12-02 14:14:00.000000,2019-12-02 14:14:55.000000,2019-12-02 14:35:58.682474,2019-12-02 14:36:53.682474,2019-12-02 15:08:28.102213,2019-12-02 15:09:23.102213,2019-12-02 15:29:11.794977,Replace,9,45,49,0 days 00:00:55.000000000,0 days 00:21:58.682474000
14,2019-12-02 15:05:00.000000,2019-12-02 15:05:45.000000,2019-12-02 15:22:15.502279,2019-12-02 15:22:34.500588,,,,Onsite,9,45,49,0 days 00:00:45.000000000,0 days 00:16:49.500588000
15,2019-12-02 16:09:00.000000,2019-12-02 16:09:30.000000,2019-12-02 16:24:00.826865,2019-12-02 16:24:30.826865,2019-12-02 16:59:40.571748,2019-12-02 17:00:10.571748,2019-12-02 17:22:37.595467,Replace,9,45,49,0 days 00:00:30.000000000,0 days 00:15:00.826865000
16,2019-12-02 17:15:00.000000,2019-12-02 17:15:30.000000,2019-12-02 17:33:09.055998,2019-12-02 17:33:14.958696,,,,Onsite,9,45,49,0 days 00:00:30.000000000,0 days 00:17:44.958696000
17,2019-12-02 18:05:00.000000,2019-12-02 18:05:45.000000,2019-12-02 18:21:35.631699,2019-12-02 18:21:46.491259,,,,Onsite,9,45,49,0 days 00:00:45.000000000,0 days 00:16:01.491259000
18,2019-12-02 19:14:00.000000,2019-12-02 19:14:45.000000,2019-12-02 19:31:30.561097,2019-12-02 19:31:43.788991,,,,Onsite,9,45,49,0 days 00:00:45.000000000,0 days 00:16:58.788991000
19,2019-12-02 20:08:00.000000,2019-12-02 20:08:45.000000,2019-12-02 20:26:34.724356,2019-12-02 20:27:19.724356,2019-12-02 21:13:17.160007,2019-12-02 21:14:02.160007,2019-12-02 21:33:00.605241,Replace,9,45,49,0 days 00:00:45.000000000,0 days 00:18:34.724356000
20,2019-12-02 21:21:00.000000,2019-12-02 21:21:55.000000,2019-12-02 21:35:11.348248,2019-12-02 21:35:19.607750,,,,Onsite,9,45,49,0 days 00:00:55.000000000,0 days 00:13:24.607750000
0,2019-12-02 01:23:00.000000,2019-12-02 00:00:35.000000,2019-12-02 00:17:27.581725,2019-12-02 00:18:02.581725,2019-12-02 00:55:15.545841,2019-12-02 00:55:50.545841,2019-12-02 01:13:30.425158,Replace,1,45,50,-1 days +22:37:35.000000000,0 days 00:17:27.581725000
1,2019-12-02 01:02:00.000000,2019-12-02 01:02:50.000000,2019-12-02 01:17:22.220610,2019-12-02 01:18:12.220610,2019-12-02 01:54:05.821040,2019-12-02 01:54:55.821040,2019-12-02 02:10:45.337003,Replace,1,45,50,0 days 00:00:50.000000000,0 days 00:15:22.220610000
2,2019-12-02 02:13:00.000000,2019-12-02 02:13:30.000000,2019-12-02 02:28:20.485600,2019-12-02 02:28:50.485600,2019-12-02 02:56:54.680348,2019-12-02 02:57:24.680348,2019-12-02 03:11:20.509695,Replace,1,45,50,0 days 00:00:30.000000000,0 days 00:15:20.485600000
3,2019-12-02 03:08:00.000000,2019-12-02 03:08:50.000000,2019-12-02 03:23:59.742483,2019-12-02 03:24:09.154928,,,,Onsite,1,45,50,0 days 00:00:50.000000000,0 days 00:15:19.154928000
4,2019-12-02 04:20:00.000000,2019-12-02 04:20:45.000000,2019-12-02 04:35:36.042776,2019-12-02 04:36:02.084868,,,,Onsite,1,45,50,0 days 00:00:45.000000000,0 days 00:15:17.084868000
5,2019-12-02 05:24:00.000000,2019-12-02 05:24:45.000000,2019-12-02 05:42:37.524045,2019-12-02 05:43:22.524045,2019-12-02 06:09:04.167418,2019-12-02 06:09:49.167418,2019-12-02 06:26:28.998751,Replace,1,45,50,0 days 00:00:45.000000000,0 days 00:18:37.524045000
6,2019-12-02 06:39:00.000000,2019-12-02 06:39:35.000000,2019-12-02 06:57:03.885779,2019-12-02 06:57:25.769946,,,,Onsite,1,45,50,0 days 00:00:35.000000000,0 days 00:17:50.769946000
7,2019-12-02 07:55:00.000000,2019-12-02 07:55:45.000000,2019-12-02 08:12:47.694283,2019-12-02 08:13:21.770141,,,,Onsite,1,45,50,0 days 00:00:45.000000000,0 days 00:17:36.770141000
8,2019-12-02 09:01:00.000000,2019-12-02 09:01:30.000000,2019-12-02 09:16:15.986006,2019-12-02 09:16:34.031294,,,,Onsite,1,45,50,0 days 00:00:30.000000000,0 days 00:15:04.031294000
9,2019-12-02 09:59:00.000000,2019-12-02 09:59:45.000000,2019-12-02 10:15:50.106460,2019-12-02 10:16:35.106460,2019-12-02 10:48:47.137669,2019-12-02 10:49:32.137669,2019-12-02 11:02:12.992356,Replace,1,45,50,0 days 00:00:45.000000000,0 days 00:16:50.106460000
10,2019-12-02 11:17:00.000000,2019-12-02 11:17:45.000000,2019-12-02 11:31:05.198226,2019-12-02 11:31:50.198226,2019-12-02 11:58:47.476995,2019-12-02 11:59:32.476995,2019-12-02 12:14:52.008907,Replace,1,45,50,0 days 00:00:45.000000000,0 days 00:14:05.198226000
11,2019-12-02 12:20:00.000000,2019-12-02 12:20:50.000000,2019-12-02 12:35:03.147969,2019-12-02 12:35:11.048971,,,,Onsite,1,45,50,0 days 00:00:50.000000000,0 days 00:14:21.048971000
12,2019-12-02 13:26:00.000000,2019-12-02 13:26:50.000000,2019-12-02 13:42:37.845370,2019-12-02 13:42:42.211714,,,,Onsite,1,45,50,0 days 00:00:50.000000000,0 days 00:15:52.211714000
13,2019-12-02 14:25:00.000000,2019-12-02 14:25:35.000000,2019-12-02 14:44:49.614514,2019-12-02 14:45:03.445962,,,,Onsite,1,45,50,0 days 00:00:35.000000000,0 days 00:19:28.445962000
14,2019-12-02 15:44:00.000000,2019-12-02 15:44:50.000000,2019-12-02 15:59:18.515836,2019-12-02 16:00:08.515836,2019-12-02 16:43:52.834691,2019-12-02 16:44:42.834691,2019-12-02 17:03:20.157165,Replace,1,45,50,0 days 00:00:50.000000000,0 days 00:15:18.515836000
15,2019-12-02 16:55:00.000000,2019-12-02 16:55:35.000000,2019-12-02 17:10:20.355219,2019-12-02 17:10:55.355219,2019-12-02 18:05:01.540815,2019-12-02 18:05:36.540815,2019-12-02 18:23:42.628656,Replace,1,45,50,0 days 00:00:35.000000000,0 days 00:15:20.355219000
16,2019-12-02 18:06:00.000000,2019-12-02 18:06:25.000000,2019-12-02 18:28:00.721878,2019-12-02 18:28:25.721878,2019-12-02 19:01:19.301194,2019-12-02 19:01:44.301194,2019-12-02 19:16:27.329832,Replace,1,45,50,0 days 00:00:25.000000000,0 days 00:22:00.721878000
17,2019-12-02 19:06:00.000000,2019-12-02 19:06:45.000000,2019-12-02 19:23:49.198916,2019-12-02 19:24:34.198916,2019-12-02 20:07:11.371734,2019-12-02 20:07:56.371734,2019-12-02 20:26:32.259241,Replace,1,45,50,0 days 00:00:45.000000000,0 days 00:17:49.198916000
18,2019-12-02 20:22:00.000000,2019-12-02 20:22:45.000000,2019-12-02 20:41:22.871671,2019-12-02 20:42:07.871671,2019-12-02 21:14:13.327903,2019-12-02 21:14:58.327903,2019-12-02 21:31:59.603680,Replace,1,45,50,0 days 00:00:45.000000000,0 days 00:19:22.871671000
19,2019-12-02 21:27:00.000000,2019-12-02 21:27:45.000000,2019-12-02 21:45:51.601038,2019-12-02 21:46:36.601038,2019-12-02 22:12:47.285208,2019-12-02 22:13:32.285208,2019-12-02 22:32:42.072415,Replace,1,45,50,0 days 00:00:45.000000000,0 days 00:18:51.601038000
0,2019-12-02 01:02:00.000000,2019-12-02 00:00:50.000000,2019-12-02 00:16:17.898398,2019-12-02 00:16:34.904566,,,,Onsite,2,45,50,-1 days +22:58:50.000000000,0 days 00:15:44.904566000
1,2019-12-02 01:16:00.000000,2019-12-02 01:16:35.000000,2019-12-02 01:27:16.735150,2019-12-02 01:27:51.735150,2019-12-02 02:09:17.573048,2019-12-02 02:09:52.573048,2019-12-02 02:25:53.790354,Replace,2,45,50,0 days 00:00:35.000000000,0 days 00:11:16.735150000
2,2019-12-02 02:12:00.000000,2019-12-02 02:12:30.000000,2019-12-02 02:28:45.734695,2019-12-02 02:29:15.734695,2019-12-02 03:15:36.473347,2019-12-02 03:16:06.473347,2019-12-02 03:38:07.123113,Replace,2,45,50,0 days 00:00:30.000000000,0 days 00:16:45.734695000
3,2019-12-02 03:24:00.000000,2019-12-02 03:24:30.000000,2019-12-02 03:42:06.313931,2019-12-02 03:42:08.708710,,,,Onsite,2,45,50,0 days 00:00:30.000000000,0 days 00:17:38.708710000
4,2019-12-02 04:39:00.000000,2019-12-02 04:39:55.000000,2019-12-02 05:01:59.081852,2019-12-02 05:02:54.081852,2019-12-02 05:33:52.581486,2019-12-02 05:34:47.581486,2019-12-02 05:55:07.904439,Replace,2,45,50,0 days 00:00:55.000000000,0 days 00:22:59.081852000
5,2019-12-02 05:57:00.000000,2019-12-02 05:57:30.000000,2019-12-02 06:14:33.109348,2019-12-02 06:14:47.774449,,,,Onsite,2,45,50,0 days 00:00:30.000000000,0 days 00:17:17.774449000
6,2019-12-02 07:06:00.000000,2019-12-02 07:06:45.000000,2019-12-02 07:26:59.356035,2019-12-02 07:27:06.434995,,,,Onsite,2,45,50,0 days 00:00:45.000000000,0 days 00:20:21.434995000
7,2019-12-02 08:23:00.000000,2019-12-02 08:23:55.000000,2019-12-02 08:46:15.044211,2019-12-02 08:47:10.044211,2019-12-02 09:38:17.915766,2019-12-02 09:39:12.915766,2019-12-02 09:59:35.766841,Replace,2,45,50,0 days 00:00:55.000000000,0 days 00:23:15.044211000
8,2019-12-02 09:21:00.000000,2019-12-02 09:21:35.000000,2019-12-02 09:39:59.607300,2019-12-02 09:40:34.607300,2019-12-02 10:25:08.935509,2019-12-02 10:25:43.935509,2019-12-02 10:40:42.348496,Replace,2,45,50,0 days 00:00:35.000000000,0 days 00:18:59.607300000
9,2019-12-02 10:31:00.000000,2019-12-02 10:31:30.000000,2019-12-02 10:50:29.649935,2019-12-02 10:50:59.649935,2019-12-02 11:26:28.127120,2019-12-02 11:26:58.127120,2019-12-02 11:50:48.566496,Replace,2,45,50,0 days 00:00:30.000000000,0 days 00:19:29.649935000
10,2019-12-02 11:40:00.000000,2019-12-02 11:40:55.000000,2019-12-02 11:56:48.082045,2019-12-02 11:57:43.082045,2019-12-02 12:28:59.508468,2019-12-02 12:29:54.508468,2019-12-02 12:40:14.665692,Replace,2,45,50,0 days 00:00:55.000000000,0 days 00:16:48.082045000
11,2019-12-02 12:28:00.000000,2019-12-02 12:28:25.000000,2019-12-02 12:46:26.793078,2019-12-02 12:46:51.793078,2019-12-02 13:11:45.828328,2019-12-02 13:12:10.828328,2019-12-02 13:30:42.330653,Replace,2,45,50,0 days 00:00:25.000000000,0 days 00:18:26.793078000
12,2019-12-02 13:31:00.000000,2019-12-02 13:31:55.000000,2019-12-02 13:44:51.156462,2019-12-02 13:45:05.643611,,,,Onsite,2,45,50,0 days 00:00:55.000000000,0 days 00:13:10.643611000
13,2019-12-02 14:47:00.000000,2019-12-02 14:47:55.000000,2019-12-02 15:04:45.508584,2019-12-02 15:05:40.508584,2019-12-02 15:50:53.105018,2019-12-02 15:51:48.105018,2019-12-02 16:11:28.831691,Replace,2,45,50,0 days 00:00:55.000000000,0 days 00:17:45.508584000
14,2019-12-02 15:53:00.000000,2019-12-02 15:53:45.000000,2019-12-02 16:13:41.023753,2019-12-02 16:14:26.023753,2019-12-02 16:46:27.840798,2019-12-02 16:47:12.840798,2019-12-02 17:04:34.201307,Replace,2,45,50,0 days 00:00:45.000000000,0 days 00:20:41.023753000
15,2019-12-02 17:01:00.000000,2019-12-02 17:01:45.000000,2019-12-02 17:20:57.543282,2019-12-02 17:21:42.543282,2019-12-02 17:43:00.744432,2019-12-02 17:43:45.744432,2019-12-02 18:06:06.329234,Replace,2,45,50,0 days 00:00:45.000000000,0 days 00:19:57.543282000
16,2019-12-02 18:10:00.000000,2019-12-02 18:10:25.000000,2019-12-02 18:26:27.327197,2019-12-02 18:26:41.534475,,,,Onsite,2,45,50,0 days 00:00:25.000000000,0 days 00:16:16.534475000
17,2019-12-02 19:13:00.000000,2019-12-02 19:13:45.000000,2019-12-02 19:29:57.141212,2019-12-02 19:30:42.141212,2019-12-02 20:25:46.195821,2019-12-02 20:26:31.195821,2019-12-02 20:41:13.473208,Replace,2,45,50,0 days 00:00:45.000000000,0 days 00:16:57.141212000
18,2019-12-02 20:29:00.000000,2019-12-02 20:29:25.000000,2019-12-02 20:46:13.460107,2019-12-02 20:46:38.460107,2019-12-02 21:15:46.689928,2019-12-02 21:16:11.689928,2019-12-02 21:34:45.702880,Replace,2,45,50,0 days 00:00:25.000000000,0 days 00:17:13.460107000
19,2019-12-02 21:32:00.000000,2019-12-02 21:32:55.000000,2019-12-02 21:48:53.093509,2019-12-02 21:49:48.093509,2019-12-02 22:25:48.899658,2019-12-02 22:26:43.899658,2019-12-02 22:41:38.202316,Replace,2,45,50,0 days 00:00:55.000000000,0 days 00:16:53.093509000
0,2019-12-02 01:13:00.000000,2019-12-02 00:00:35.000000,2019-12-02 00:22:10.999178,2019-12-02 00:22:20.468993,,,,Onsite,3,45,50,-1 days +22:47:35.000000000,0 days 00:21:45.468993000
1,2019-12-02 01:24:00.000000,2019-12-02 01:24:35.000000,2019-12-02 01:40:08.447177,2019-12-02 01:40:35.502463,,,,Onsite,3,45,50,0 days 00:00:35.000000000,0 days 00:16:00.502463000
2,2019-12-02 02:25:00.000000,2019-12-02 02:25:45.000000,2019-12-02 02:38:46.185077,2019-12-02 02:39:31.185077,2019-12-02 03:00:55.757938,2019-12-02 03:01:40.757938,2019-12-02 03:19:50.893881,Replace,3,45,50,0 days 00:00:45.000000000,0 days 00:13:46.185077000
3,2019-12-02 03:24:00.000000,2019-12-02 03:24:25.000000,2019-12-02 03:41:55.345627,2019-12-02 03:42:20.345627,2019-12-02 04:29:27.913804,2019-12-02 04:29:52.913804,2019-12-02 04:48:13.715828,Replace,3,45,50,0 days 00:00:25.000000000,0 days 00:17:55.345627000
4,2019-12-02 04:28:00.000000,2019-12-02 04:28:35.000000,2019-12-02 04:42:53.650895,2019-12-02 04:43:28.650895,2019-12-02 05:25:26.426790,2019-12-02 05:26:01.426790,2019-12-02 05:49:01.543905,Replace,3,45,50,0 days 00:00:35.000000000,0 days 00:14:53.650895000
5,2019-12-02 05:33:00.000000,2019-12-02 05:33:55.000000,2019-12-02 05:48:35.479695,2019-12-02 05:48:56.177890,,,,Onsite,3,45,50,0 days 00:00:55.000000000,0 days 00:15:01.177890000
6,2019-12-02 06:42:00.000000,2019-12-02 06:42:55.000000,2019-12-02 06:56:59.483539,2019-12-02 06:57:14.779974,,,,Onsite,3,45,50,0 days 00:00:55.000000000,0 days 00:14:19.779974000
7,2019-12-02 07:49:00.000000,2019-12-02 07:49:45.000000,2019-12-02 08:01:53.931108,2019-12-02 08:02:38.931108,2019-12-02 08:41:51.785603,2019-12-02 08:42:36.785603,2019-12-02 08:56:02.589409,Replace,3,45,50,0 days 00:00:45.000000000,0 days 00:12:53.931108000
8,2019-12-02 09:00:00.000000,2019-12-02 09:00:55.000000,2019-12-02 09:20:11.647533,2019-12-02 09:20:24.461844,,,,Onsite,3,45,50,0 days 00:00:55.000000000,0 days 00:19:29.461844000
9,2019-12-02 10:17:00.000000,2019-12-02 10:17:45.000000,2019-12-02 10:36:59.136345,2019-12-02 10:37:44.136345,2019-12-02 11:25:28.823349,2019-12-02 11:26:13.823349,2019-12-02 11:42:08.169471,Replace,3,45,50,0 days 00:00:45.000000000,0 days 00:19:59.136345000
10,2019-12-02 11:19:00.000000,2019-12-02 11:19:35.000000,2019-12-02 11:39:37.607947,2019-12-02 11:40:12.607947,2019-12-02 12:14:00.782661,2019-12-02 12:14:35.782661,2019-12-02 12:29:41.910730,Replace,3,45,50,0 days 00:00:35.000000000,0 days 00:20:37.607947000
11,2019-12-02 12:21:00.000000,2019-12-02 12:21:45.000000,2019-12-02 12:37:46.405835,2019-12-02 12:38:31.405835,2019-12-02 13:24:40.683598,2019-12-02 13:25:25.683598,2019-12-02 13:39:49.356781,Replace,3,45,50,0 days 00:00:45.000000000,0 days 00:16:46.405835000
12,2019-12-02 13:18:00.000000,2019-12-02 13:18:45.000000,2019-12-02 13:35:37.198892,2019-12-02 13:36:22.198892,2019-12-02 14:16:48.111691,2019-12-02 14:17:33.111691,2019-12-02 14:35:55.546676,Replace,3,45,50,0 days 00:00:45.000000000,0 days 00:17:37.198892000
13,2019-12-02 14:19:00.000000,2019-12-02 14:19:25.000000,2019-12-02 14:35:51.712628,2019-12-02 14:36:16.712628,2019-12-02 15:07:06.029272,2019-12-02 15:07:31.029272,2019-12-02 15:30:21.669687,Replace,3,45,50,0 days 00:00:25.000000000,0 days 00:16:51.712628000
14,2019-12-02 15:24:00.000000,2019-12-02 15:24:55.000000,2019-12-02 15:41:42.328349,2019-12-02 15:42:37.328349,2019-12-02 16:26:56.743759,2019-12-02 16:27:51.743759,2019-12-02 16:43:54.465428,Replace,3,45,50,0 days 00:00:55.000000000,0 days 00:17:42.328349000
15,2019-12-02 16:43:00.000000,2019-12-02 16:43:25.000000,2019-12-02 16:55:13.771943,2019-12-02 16:55:38.771943,2019-12-02 17:23:16.656126,2019-12-02 17:23:41.656126,2019-12-02 17:43:00.739288,Replace,3,45,50,0 days 00:00:25.000000000,0 days 00:12:13.771943000
16,2019-12-02 17:53:00.000000,2019-12-02 17:53:30.000000,2019-12-02 18:06:58.492761,2019-12-02 18:07:28.492761,2019-12-02 18:40:22.293951,2019-12-02 18:40:52.293951,2019-12-02 18:56:27.639469,Replace,3,45,50,0 days 00:00:30.000000000,0 days 00:13:58.492761000
17,2019-12-02 19:00:00.000000,2019-12-02 19:00:45.000000,2019-12-02 19:13:25.640655,2019-12-02 19:14:10.640655,2019-12-02 19:43:50.935112,2019-12-02 19:44:35.935112,2019-12-02 20:00:28.793570,Replace,3,45,50,0 days 00:00:45.000000000,0 days 00:13:25.640655000
18,2019-12-02 19:51:00.000000,2019-12-02 19:51:45.000000,2019-12-02 20:11:25.739250,2019-12-02 20:12:10.739250,2019-12-02 21:04:14.416140,2019-12-02 21:04:59.416140,2019-12-02 21:27:23.162063,Replace,3,45,50,0 days 00:00:45.000000000,0 days 00:20:25.739250000
19,2019-12-02 20:52:00.000000,2019-12-02 20:52:30.000000,2019-12-02 21:10:27.089790,2019-12-02 21:10:51.180755,,,,Onsite,3,45,50,0 days 00:00:30.000000000,0 days 00:18:21.180755000
20,2019-12-02 21:57:00.000000,2019-12-02 21:57:35.000000,2019-12-02 22:13:50.043492,2019-12-02 22:14:10.789629,,,,Onsite,3,45,50,0 days 00:00:35.000000000,0 days 00:16:35.789629000
0,2019-12-02 01:12:00.000000,2019-12-02 00:00:45.000000,2019-12-02 00:13:36.238033,2019-12-02 00:14:21.238033,2019-12-02 00:42:46.156953,2019-12-02 00:43:31.156953,2019-12-02 00:59:39.491767,Replace,4,45,50,-1 days +22:48:45.000000000,0 days 00:13:36.238033000
1,2019-12-02 01:10:00.000000,2019-12-02 01:10:25.000000,2019-12-02 01:28:40.431995,2019-12-02 01:29:05.431995,2019-12-02 02:01:35.535801,2019-12-02 02:02:00.535801,2019-12-02 02:22:11.005289,Replace,4,45,50,0 days 00:00:25.000000000,0 days 00:18:40.431995000
2,2019-12-02 02:23:00.000000,2019-12-02 02:23:55.000000,2019-12-02 02:42:49.245578,2019-12-02 02:43:44.245578,2019-12-02 03:15:01.087925,2019-12-02 03:15:56.087925,2019-12-02 03:33:38.941245,Replace,4,45,50,0 days 00:00:55.000000000,0 days 00:19:49.245578000
3,2019-12-02 03:21:00.000000,2019-12-02 03:21:50.000000,2019-12-02 03:36:24.953117,2019-12-02 03:36:35.030599,,,,Onsite,4,45,50,0 days 00:00:50.000000000,0 days 00:14:45.030599000
4,2019-12-02 04:37:00.000000,2019-12-02 04:37:45.000000,2019-12-02 04:57:33.398043,2019-12-02 04:58:18.398043,2019-12-02 05:51:02.731291,2019-12-02 05:51:47.731291,2019-12-02 06:06:48.974889,Replace,4,45,50,0 days 00:00:45.000000000,0 days 00:20:33.398043000
5,2019-12-02 05:48:00.000000,2019-12-02 05:48:45.000000,2019-12-02 06:01:38.522075,2019-12-02 06:01:53.431681,,,,Onsite,4,45,50,0 days 00:00:45.000000000,0 days 00:13:08.431681000
6,2019-12-02 06:47:00.000000,2019-12-02 06:47:30.000000,2019-12-02 06:57:22.292119,2019-12-02 06:57:52.292119,2019-12-02 07:51:57.137538,2019-12-02 07:52:27.137538,2019-12-02 08:10:54.814280,Replace,4,45,50,0 days 00:00:30.000000000,0 days 00:10:22.292119000
7,2019-12-02 07:58:00.000000,2019-12-02 07:58:35.000000,2019-12-02 08:11:37.480118,2019-12-02 08:11:51.028921,,,,Onsite,4,45,50,0 days 00:00:35.000000000,0 days 00:13:16.028921000
8,2019-12-02 09:07:00.000000,2019-12-02 09:07:35.000000,2019-12-02 09:21:18.878544,2019-12-02 09:21:53.878544,2019-12-02 09:50:44.402995,2019-12-02 09:51:19.402995,2019-12-02 10:05:25.045289,Replace,4,45,50,0 days 00:00:35.000000000,0 days 00:14:18.878544000
9,2019-12-02 10:06:00.000000,2019-12-02 10:06:55.000000,2019-12-02 10:24:33.410902,2019-12-02 10:24:44.941422,,,,Onsite,4,45,50,0 days 00:00:55.000000000,0 days 00:17:49.941422000
10,2019-12-02 11:33:00.000000,2019-12-02 11:33:45.000000,2019-12-02 11:50:33.715989,2019-12-02 11:51:18.715989,2019-12-02 12:37:20.424123,2019-12-02 12:38:05.424123,2019-12-02 12:56:49.074037,Replace,4,45,50,0 days 00:00:45.000000000,0 days 00:17:33.715989000
11,2019-12-02 12:30:00.000000,2019-12-02 12:30:30.000000,2019-12-02 12:46:49.675725,2019-12-02 12:47:19.675725,2019-12-02 13:28:37.341222,2019-12-02 13:29:07.341222,2019-12-02 13:40:05.089656,Replace,4,45,50,0 days 00:00:30.000000000,0 days 00:16:49.675725000
12,2019-12-02 13:43:00.000000,2019-12-02 13:43:45.000000,2019-12-02 14:03:03.268324,2019-12-02 14:03:12.726112,,,,Onsite,4,45,50,0 days 00:00:45.000000000,0 days 00:19:27.726112000
13,2019-12-02 15:01:00.000000,2019-12-02 15:01:55.000000,2019-12-02 15:14:13.467209,2019-12-02 15:15:08.467209,2019-12-02 15:50:15.879234,2019-12-02 15:51:10.879234,2019-12-02 16:06:59.273447,Replace,4,45,50,0 days 00:00:55.000000000,0 days 00:13:13.467209000
14,2019-12-02 16:09:00.000000,2019-12-02 16:09:45.000000,2019-12-02 16:23:07.175310,2019-12-02 16:23:52.175310,2019-12-02 17:09:14.274204,2019-12-02 17:09:59.274204,2019-12-02 17:24:54.954363,Replace,4,45,50,0 days 00:00:45.000000000,0 days 00:14:07.175310000
15,2019-12-02 17:20:00.000000,2019-12-02 17:20:25.000000,2019-12-02 17:37:29.552310,2019-12-02 17:37:50.874022,,,,Onsite,4,45,50,0 days 00:00:25.000000000,0 days 00:17:25.874022000
16,2019-12-02 18:20:00.000000,2019-12-02 18:20:45.000000,2019-12-02 18:32:08.175951,2019-12-02 18:32:37.258663,,,,Onsite,4,45,50,0 days 00:00:45.000000000,0 days 00:11:52.258663000
17,2019-12-02 19:29:00.000000,2019-12-02 19:29:35.000000,2019-12-02 19:44:52.852415,2019-12-02 19:45:27.852415,2019-12-02 20:15:49.274019,2019-12-02 20:16:24.274019,2019-12-02 20:32:41.015442,Replace,4,45,50,0 days 00:00:35.000000000,0 days 00:15:52.852415000
18,2019-12-02 20:34:00.000000,2019-12-02 20:34:45.000000,2019-12-02 20:52:05.934304,2019-12-02 20:52:50.934304,2019-12-02 21:23:04.206157,2019-12-02 21:23:49.206157,2019-12-02 21:37:31.073644,Replace,4,45,50,0 days 00:00:45.000000000,0 days 00:18:05.934304000
19,2019-12-02 21:32:00.000000,2019-12-02 21:32:30.000000,2019-12-02 21:48:54.018608,2019-12-02 21:49:24.018608,2019-12-02 22:32:05.641427,2019-12-02 22:32:35.641427,2019-12-02 22:46:56.058686,Replace,4,45,50,0 days 00:00:30.000000000,0 days 00:16:54.018608000
20,2019-12-02 22:33:00.000000,2019-12-02 22:33:30.000000,2019-12-02 22:45:12.926125,2019-12-02 22:45:31.237144,,,,Onsite,4,45,50,0 days 00:00:30.000000000,0 days 00:12:01.237144000
0,2019-12-02 01:15:00.000000,2019-12-02 00:00:25.000000,2019-12-02 00:12:09.290721,2019-12-02 00:12:34.290721,2019-12-02 00:46:41.453977,2019-12-02 00:47:06.453977,2019-12-02 01:02:21.428538,Replace,5,45,50,-1 days +22:45:25.000000000,0 days 00:12:09.290721000
1,2019-12-02 01:23:00.000000,2019-12-02 01:23:55.000000,2019-12-02 01:38:13.942012,2019-12-02 01:39:08.942012,2019-12-02 02:09:19.967601,2019-12-02 02:10:14.967601,2019-12-02 02:25:58.906643,Replace,5,45,50,0 days 00:00:55.000000000,0 days 00:15:13.942012000
2,2019-12-02 02:31:00.000000,2019-12-02 02:31:30.000000,2019-12-02 02:48:34.748867,2019-12-02 02:48:56.170620,,,,Onsite,5,45,50,0 days 00:00:30.000000000,0 days 00:17:26.170620000
3,2019-12-02 03:34:00.000000,2019-12-02 03:34:30.000000,2019-12-02 03:47:32.934977,2019-12-02 03:48:02.934977,2019-12-02 04:36:29.709926,2019-12-02 04:36:59.709926,2019-12-02 04:47:30.257346,Replace,5,45,50,0 days 00:00:30.000000000,0 days 00:13:32.934977000
4,2019-12-02 04:34:00.000000,2019-12-02 04:34:35.000000,2019-12-02 04:47:27.706384,2019-12-02 04:47:42.061086,,,,Onsite,5,45,50,0 days 00:00:35.000000000,0 days 00:13:07.061086000
5,2019-12-02 05:38:00.000000,2019-12-02 05:38:45.000000,2019-12-02 05:54:05.939087,2019-12-02 05:54:15.864644,,,,Onsite,5,45,50,0 days 00:00:45.000000000,0 days 00:15:30.864644000
6,2019-12-02 06:59:00.000000,2019-12-02 06:59:35.000000,2019-12-02 07:17:45.636997,2019-12-02 07:18:07.677600,,,,Onsite,5,45,50,0 days 00:00:35.000000000,0 days 00:18:32.677600000
7,2019-12-02 08:02:00.000000,2019-12-02 08:02:45.000000,2019-12-02 08:15:01.641493,2019-12-02 08:15:10.005606,,,,Onsite,5,45,50,0 days 00:00:45.000000000,0 days 00:12:25.005606000
8,2019-12-02 09:05:00.000000,2019-12-02 09:05:30.000000,2019-12-02 09:23:14.572066,2019-12-02 09:23:44.572066,2019-12-02 10:09:03.734707,2019-12-02 10:09:33.734707,2019-12-02 10:23:51.285385,Replace,5,45,50,0 days 00:00:30.000000000,0 days 00:18:14.572066000
9,2019-12-02 10:14:00.000000,2019-12-02 10:14:35.000000,2019-12-02 10:27:03.461874,2019-12-02 10:27:38.461874,2019-12-02 10:53:22.281808,2019-12-02 10:53:57.281808,2019-12-02 11:09:22.770671,Replace,5,45,50,0 days 00:00:35.000000000,0 days 00:13:03.461874000
10,2019-12-02 11:29:00.000000,2019-12-02 11:29:50.000000,2019-12-02 11:46:40.492002,2019-12-02 11:47:02.138668,,,,Onsite,5,45,50,0 days 00:00:50.000000000,0 days 00:17:12.138668000
11,2019-12-02 12:24:00.000000,2019-12-02 12:24:45.000000,2019-12-02 12:44:04.477652,2019-12-02 12:44:49.477652,2019-12-02 13:16:08.582601,2019-12-02 13:16:53.582601,2019-12-02 13:32:02.510230,Replace,5,45,50,0 days 00:00:45.000000000,0 days 00:20:04.477652000
12,2019-12-02 13:33:00.000000,2019-12-02 13:33:45.000000,2019-12-02 13:51:20.526450,2019-12-02 13:52:05.526450,2019-12-02 14:18:13.222549,2019-12-02 14:18:58.222549,2019-12-02 14:35:07.162602,Replace,5,45,50,0 days 00:00:45.000000000,0 days 00:18:20.526450000
13,2019-12-02 14:29:00.000000,2019-12-02 14:29:50.000000,2019-12-02 14:51:59.158481,2019-12-02 14:52:49.158481,2019-12-02 15:18:00.484102,2019-12-02 15:18:50.484102,2019-12-02 15:29:28.456845,Replace,5,45,50,0 days 00:00:50.000000000,0 days 00:22:59.158481000
14,2019-12-02 15:41:00.000000,2019-12-02 15:41:45.000000,2019-12-02 15:56:44.644711,2019-12-02 15:56:54.976500,,,,Onsite,5,45,50,0 days 00:00:45.000000000,0 days 00:15:09.976500000
15,2019-12-02 17:07:00.000000,2019-12-02 17:07:45.000000,2019-12-02 17:21:48.246363,2019-12-02 17:22:33.246363,2019-12-02 17:58:02.876499,2019-12-02 17:58:47.876499,2019-12-02 18:14:11.728629,Replace,5,45,50,0 days 00:00:45.000000000,0 days 00:14:48.246363000
16,2019-12-02 18:16:00.000000,2019-12-02 18:16:45.000000,2019-12-02 18:31:30.572146,2019-12-02 18:32:15.572146,2019-12-02 19:07:33.003069,2019-12-02 19:08:18.003069,2019-12-02 19:21:13.223088,Replace,5,45,50,0 days 00:00:45.000000000,0 days 00:15:30.572146000
17,2019-12-02 19:24:00.000000,2019-12-02 19:24:50.000000,2019-12-02 19:39:56.678580,2019-12-02 19:40:06.670854,,,,Onsite,5,45,50,0 days 00:00:50.000000000,0 days 00:15:16.670854000
18,2019-12-02 20:34:00.000000,2019-12-02 20:34:25.000000,2019-12-02 20:53:17.648523,2019-12-02 20:53:25.698996,,,,Onsite,5,45,50,0 days 00:00:25.000000000,0 days 00:19:00.698996000
19,2019-12-02 21:47:00.000000,2019-12-02 21:47:35.000000,2019-12-02 22:02:56.607487,2019-12-02 22:03:31.607487,2019-12-02 22:35:12.575508,2019-12-02 22:35:47.575508,2019-12-02 22:50:09.112601,Replace,5,45,50,0 days 00:00:35.000000000,0 days 00:15:56.607487000
0,2019-12-02 01:17:00.000000,2019-12-02 00:00:25.000000,2019-12-02 00:15:23.055496,2019-12-02 00:15:55.164511,,,,Onsite,6,45,50,-1 days +22:43:25.000000000,0 days 00:15:30.164511000
1,2019-12-02 01:00:00.000000,2019-12-02 01:00:30.000000,2019-12-02 01:22:03.234061,2019-12-02 01:22:33.234061,2019-12-02 02:05:57.559451,2019-12-02 02:06:27.559451,2019-12-02 02:20:48.880446,Replace,6,45,50,0 days 00:00:30.000000000,0 days 00:22:03.234061000
2,2019-12-02 02:18:00.000000,2019-12-02 02:18:35.000000,2019-12-02 02:39:33.039231,2019-12-02 02:40:08.039231,2019-12-02 03:15:48.269997,2019-12-02 03:16:23.269997,2019-12-02 03:33:10.434990,Replace,6,45,50,0 days 00:00:35.000000000,0 days 00:21:33.039231000
3,2019-12-02 03:15:00.000000,2019-12-02 03:15:45.000000,2019-12-02 03:35:37.647990,2019-12-02 03:36:22.647990,2019-12-02 04:19:35.386162,2019-12-02 04:20:20.386162,2019-12-02 04:41:45.693286,Replace,6,45,50,0 days 00:00:45.000000000,0 days 00:20:37.647990000
4,2019-12-02 04:16:00.000000,2019-12-02 04:16:45.000000,2019-12-02 04:33:03.384900,2019-12-02 04:33:48.384900,2019-12-02 05:24:31.678393,2019-12-02 05:25:16.678393,2019-12-02 05:48:21.537635,Replace,6,45,50,0 days 00:00:45.000000000,0 days 00:17:03.384900000
5,2019-12-02 05:31:00.000000,2019-12-02 05:31:45.000000,2019-12-02 05:50:48.618256,2019-12-02 05:51:33.618256,2019-12-02 06:21:53.957464,2019-12-02 06:22:38.957464,2019-12-02 06:37:16.263885,Replace,6,45,50,0 days 00:00:45.000000000,0 days 00:19:48.618256000
6,2019-12-02 06:51:00.000000,2019-12-02 06:51:25.000000,2019-12-02 07:06:22.663964,2019-12-02 07:06:47.663964,2019-12-02 07:44:35.684757,2019-12-02 07:45:00.684757,2019-12-02 07:59:27.702407,Replace,6,45,50,0 days 00:00:25.000000000,0 days 00:15:22.663964000
7,2019-12-02 08:10:00.000000,2019-12-02 08:10:50.000000,2019-12-02 08:21:17.332351,2019-12-02 08:21:36.376644,,,,Onsite,6,45,50,0 days 00:00:50.000000000,0 days 00:10:46.376644000
8,2019-12-02 09:14:00.000000,2019-12-02 09:14:30.000000,2019-12-02 09:28:38.547822,2019-12-02 09:28:48.733445,,,,Onsite,6,45,50,0 days 00:00:30.000000000,0 days 00:14:18.733445000
9,2019-12-02 10:18:00.000000,2019-12-02 10:18:25.000000,2019-12-02 10:33:39.537408,2019-12-02 10:33:49.314228,,,,Onsite,6,45,50,0 days 00:00:25.000000000,0 days 00:15:24.314228000
10,2019-12-02 11:22:00.000000,2019-12-02 11:22:55.000000,2019-12-02 11:38:46.551479,2019-12-02 11:39:41.551479,2019-12-02 12:07:33.063186,2019-12-02 12:08:28.063186,2019-12-02 12:32:31.823306,Replace,6,45,50,0 days 00:00:55.000000000,0 days 00:16:46.551479000
11,2019-12-02 12:37:00.000000,2019-12-02 12:37:45.000000,2019-12-02 12:52:55.190111,2019-12-02 12:53:40.190111,2019-12-02 13:32:00.446437,2019-12-02 13:32:45.446437,2019-12-02 13:51:18.647777,Replace,6,45,50,0 days 00:00:45.000000000,0 days 00:15:55.190111000
12,2019-12-02 13:48:00.000000,2019-12-02 13:48:45.000000,2019-12-02 14:07:48.716864,2019-12-02 14:08:33.716864,2019-12-02 14:42:07.129128,2019-12-02 14:42:52.129128,2019-12-02 15:01:30.273387,Replace,6,45,50,0 days 00:00:45.000000000,0 days 00:19:48.716864000
13,2019-12-02 14:53:00.000000,2019-12-02 14:53:35.000000,2019-12-02 15:12:27.673086,2019-12-02 15:13:02.673086,2019-12-02 15:59:15.536953,2019-12-02 15:59:50.536953,2019-12-02 16:14:04.944924,Replace,6,45,50,0 days 00:00:35.000000000,0 days 00:19:27.673086000
14,2019-12-02 16:10:00.000000,2019-12-02 16:10:55.000000,2019-12-02 16:26:25.547969,2019-12-02 16:27:20.547969,2019-12-02 17:03:42.201757,2019-12-02 17:04:37.201757,2019-12-02 17:29:18.685305,Replace,6,45,50,0 days 00:00:55.000000000,0 days 00:16:25.547969000
15,2019-12-02 17:15:00.000000,2019-12-02 17:15:45.000000,2019-12-02 17:34:03.934558,2019-12-02 17:34:48.934558,2019-12-02 18:13:19.581791,2019-12-02 18:14:04.581791,2019-12-02 18:32:56.937279,Replace,6,45,50,0 days 00:00:45.000000000,0 days 00:19:03.934558000
16,2019-12-02 18:19:00.000000,2019-12-02 18:19:45.000000,2019-12-02 18:36:16.311361,2019-12-02 18:37:01.311361,2019-12-02 19:05:30.137859,2019-12-02 19:06:15.137859,2019-12-02 19:27:50.220126,Replace,6,45,50,0 days 00:00:45.000000000,0 days 00:17:16.311361000
17,2019-12-02 19:26:00.000000,2019-12-02 19:26:50.000000,2019-12-02 19:43:42.997690,2019-12-02 19:44:15.516809,,,,Onsite,6,45,50,0 days 00:00:50.000000000,0 days 00:17:25.516809000
18,2019-12-02 20:24:00.000000,2019-12-02 20:24:50.000000,2019-12-02 20:39:30.420773,2019-12-02 20:40:20.420773,2019-12-02 21:22:23.593532,2019-12-02 21:23:13.593532,2019-12-02 21:39:00.259410,Replace,6,45,50,0 days 00:00:50.000000000,0 days 00:15:30.420773000
19,2019-12-02 21:40:00.000000,2019-12-02 21:40:50.000000,2019-12-02 21:57:06.544401,2019-12-02 21:57:56.544401,2019-12-02 22:18:54.586010,2019-12-02 22:19:44.586010,2019-12-02 22:36:12.663650,Replace,6,45,50,0 days 00:00:50.000000000,0 days 00:17:06.544401000
0,2019-12-02 01:02:00.000000,2019-12-02 00:00:30.000000,2019-12-02 00:14:55.953814,2019-12-02 00:15:25.953814,2019-12-02 00:56:17.614006,2019-12-02 00:56:47.614006,2019-12-02 01:16:01.873377,Replace,7,45,50,-1 days +22:58:30.000000000,0 days 00:14:55.953814000
1,2019-12-02 01:08:00.000000,2019-12-02 01:08:25.000000,2019-12-02 01:24:39.769398,2019-12-02 01:25:04.769398,2019-12-02 02:07:48.786306,2019-12-02 02:08:13.786306,2019-12-02 02:23:28.483144,Replace,7,45,50,0 days 00:00:25.000000000,0 days 00:16:39.769398000
2,2019-12-02 02:12:00.000000,2019-12-02 02:12:45.000000,2019-12-02 02:26:14.317341,2019-12-02 02:26:59.317341,2019-12-02 03:16:22.516343,2019-12-02 03:17:07.516343,2019-12-02 03:38:21.609239,Replace,7,45,50,0 days 00:00:45.000000000,0 days 00:14:14.317341000
3,2019-12-02 03:23:00.000000,2019-12-02 03:23:30.000000,2019-12-02 03:41:42.155177,2019-12-02 03:42:12.155177,2019-12-02 04:19:17.975425,2019-12-02 04:19:47.975425,2019-12-02 04:37:43.383935,Replace,7,45,50,0 days 00:00:30.000000000,0 days 00:18:42.155177000
4,2019-12-02 04:33:00.000000,2019-12-02 04:33:25.000000,2019-12-02 04:50:19.087240,2019-12-02 04:50:44.087240,2019-12-02 05:36:03.671144,2019-12-02 05:36:28.671144,2019-12-02 05:51:18.179348,Replace,7,45,50,0 days 00:00:25.000000000,0 days 00:17:19.087240000
5,2019-12-02 05:34:00.000000,2019-12-02 05:34:45.000000,2019-12-02 05:47:59.127052,2019-12-02 05:48:44.127052,2019-12-02 06:21:55.957702,2019-12-02 06:22:40.957702,2019-12-02 06:35:47.781547,Replace,7,45,50,0 days 00:00:45.000000000,0 days 00:13:59.127052000
6,2019-12-02 06:51:00.000000,2019-12-02 06:51:30.000000,2019-12-02 07:06:50.610990,2019-12-02 07:07:03.262134,,,,Onsite,7,45,50,0 days 00:00:30.000000000,0 days 00:15:33.262134000
7,2019-12-02 07:45:00.000000,2019-12-02 07:45:55.000000,2019-12-02 08:01:24.520977,2019-12-02 08:01:43.849615,,,,Onsite,7,45,50,0 days 00:00:55.000000000,0 days 00:15:48.849615000
8,2019-12-02 09:01:00.000000,2019-12-02 09:01:55.000000,2019-12-02 09:20:29.375092,2019-12-02 09:21:24.375092,2019-12-02 09:59:54.578822,2019-12-02 10:00:49.578822,2019-12-02 10:12:27.292740,Replace,7,45,50,0 days 00:00:55.000000000,0 days 00:19:29.375092000
9,2019-12-02 10:07:00.000000,2019-12-02 10:07:25.000000,2019-12-02 10:23:14.105186,2019-12-02 10:23:19.015197,,,,Onsite,7,45,50,0 days 00:00:25.000000000,0 days 00:15:54.015197000
10,2019-12-02 11:18:00.000000,2019-12-02 11:18:45.000000,2019-12-02 11:32:16.230242,2019-12-02 11:32:30.266560,,,,Onsite,7,45,50,0 days 00:00:45.000000000,0 days 00:13:45.266560000
11,2019-12-02 12:27:00.000000,2019-12-02 12:27:45.000000,2019-12-02 12:48:01.376064,2019-12-02 12:48:46.376064,2019-12-02 13:13:29.982969,2019-12-02 13:14:14.982969,2019-12-02 13:34:40.539874,Replace,7,45,50,0 days 00:00:45.000000000,0 days 00:21:01.376064000
12,2019-12-02 13:44:00.000000,2019-12-02 13:44:45.000000,2019-12-02 13:59:26.105213,2019-12-02 14:00:11.105213,2019-12-02 14:41:28.640969,2019-12-02 14:42:13.640969,2019-12-02 14:54:08.879998,Replace,7,45,50,0 days 00:00:45.000000000,0 days 00:15:26.105213000
13,2019-12-02 14:48:00.000000,2019-12-02 14:48:55.000000,2019-12-02 15:09:35.020102,2019-12-02 15:10:30.020102,2019-12-02 16:01:15.001418,2019-12-02 16:02:10.001418,2019-12-02 16:23:29.164390,Replace,7,45,50,0 days 00:00:55.000000000,0 days 00:21:35.020102000
14,2019-12-02 16:07:00.000000,2019-12-02 16:07:45.000000,2019-12-02 16:25:05.871680,2019-12-02 16:25:50.871680,2019-12-02 17:15:00.141635,2019-12-02 17:15:45.141635,2019-12-02 17:38:29.557979,Replace,7,45,50,0 days 00:00:45.000000000,0 days 00:18:05.871680000
15,2019-12-02 17:01:00.000000,2019-12-02 17:01:25.000000,2019-12-02 17:19:26.122689,2019-12-02 17:19:51.122689,2019-12-02 18:02:12.112644,2019-12-02 18:02:37.112644,2019-12-02 18:22:00.660805,Replace,7,45,50,0 days 00:00:25.000000000,0 days 00:18:26.122689000
16,2019-12-02 18:14:00.000000,2019-12-02 18:14:55.000000,2019-12-02 18:25:30.671537,2019-12-02 18:26:25.671537,2019-12-02 19:13:22.421192,2019-12-02 19:14:17.421192,2019-12-02 19:30:22.602749,Replace,7,45,50,0 days 00:00:55.000000000,0 days 00:11:30.671537000
17,2019-12-02 19:24:00.000000,2019-12-02 19:24:45.000000,2019-12-02 19:42:52.569377,2019-12-02 19:43:37.569377,2019-12-02 20:23:05.358235,2019-12-02 20:23:50.358235,2019-12-02 20:46:02.452050,Replace,7,45,50,0 days 00:00:45.000000000,0 days 00:18:52.569377000
18,2019-12-02 20:32:00.000000,2019-12-02 20:32:50.000000,2019-12-02 20:41:27.732976,2019-12-02 20:41:32.500036,,,,Onsite,7,45,50,0 days 00:00:50.000000000,0 days 00:08:42.500036000
19,2019-12-02 21:35:00.000000,2019-12-02 21:35:50.000000,2019-12-02 21:54:12.623028,2019-12-02 21:54:20.019043,,,,Onsite,7,45,50,0 days 00:00:50.000000000,0 days 00:18:30.019043000
0,2019-12-02 01:21:00.000000,2019-12-02 00:00:55.000000,2019-12-02 00:16:43.937749,2019-12-02 00:17:00.723733,,,,Onsite,8,45,50,-1 days +22:39:55.000000000,0 days 00:16:05.723733000
1,2019-12-02 01:06:00.000000,2019-12-02 01:06:55.000000,2019-12-02 01:27:06.863125,2019-12-02 01:28:01.863125,2019-12-02 01:53:41.762404,2019-12-02 01:54:36.762404,2019-12-02 02:10:50.853681,Replace,8,45,50,0 days 00:00:55.000000000,0 days 00:21:06.863125000
2,2019-12-02 02:17:00.000000,2019-12-02 02:17:35.000000,2019-12-02 02:32:00.639014,2019-12-02 02:32:35.639014,2019-12-02 03:07:56.372839,2019-12-02 03:08:31.372839,2019-12-02 03:23:55.133754,Replace,8,45,50,0 days 00:00:35.000000000,0 days 00:15:00.639014000
3,2019-12-02 03:32:00.000000,2019-12-02 03:32:55.000000,2019-12-02 03:47:56.429613,2019-12-02 03:48:51.429613,2019-12-02 04:19:26.843373,2019-12-02 04:20:21.843373,2019-12-02 04:32:01.630937,Replace,8,45,50,0 days 00:00:55.000000000,0 days 00:15:56.429613000
4,2019-12-02 04:47:00.000000,2019-12-02 04:47:35.000000,2019-12-02 05:04:07.232879,2019-12-02 05:04:18.117103,,,,Onsite,8,45,50,0 days 00:00:35.000000000,0 days 00:16:43.117103000
5,2019-12-02 05:53:00.000000,2019-12-02 05:53:45.000000,2019-12-02 06:10:18.496152,2019-12-02 06:10:37.637368,,,,Onsite,8,45,50,0 days 00:00:45.000000000,0 days 00:16:52.637368000
6,2019-12-02 06:54:00.000000,2019-12-02 06:54:45.000000,2019-12-02 07:09:39.926427,2019-12-02 07:10:24.926427,2019-12-02 07:50:49.596918,2019-12-02 07:51:34.596918,2019-12-02 08:05:41.955436,Replace,8,45,50,0 days 00:00:45.000000000,0 days 00:15:39.926427000
7,2019-12-02 07:50:00.000000,2019-12-02 07:50:35.000000,2019-12-02 08:05:14.612529,2019-12-02 08:05:23.407382,,,,Onsite,8,45,50,0 days 00:00:35.000000000,0 days 00:14:48.407382000
8,2019-12-02 08:52:00.000000,2019-12-02 08:52:45.000000,2019-12-02 09:05:49.677413,2019-12-02 09:06:34.677413,2019-12-02 09:52:12.668899,2019-12-02 09:52:57.668899,2019-12-02 10:08:54.239898,Replace,8,45,50,0 days 00:00:45.000000000,0 days 00:13:49.677413000
9,2019-12-02 09:51:00.000000,2019-12-02 09:51:35.000000,2019-12-02 10:08:39.684224,2019-12-02 10:08:42.431632,,,,Onsite,8,45,50,0 days 00:00:35.000000000,0 days 00:17:07.431632000
10,2019-12-02 11:27:00.000000,2019-12-02 11:27:50.000000,2019-12-02 11:42:39.131056,2019-12-02 11:43:29.131056,2019-12-02 12:22:11.521168,2019-12-02 12:23:01.521168,2019-12-02 12:37:52.669242,Replace,8,45,50,0 days 00:00:50.000000000,0 days 00:15:39.131056000
11,2019-12-02 12:30:00.000000,2019-12-02 12:30:55.000000,2019-12-02 12:48:51.790154,2019-12-02 12:49:46.790154,2019-12-02 13:28:02.871059,2019-12-02 13:28:57.871059,2019-12-02 13:50:08.975611,Replace,8,45,50,0 days 00:00:55.000000000,0 days 00:18:51.790154000
12,2019-12-02 13:38:00.000000,2019-12-02 13:38:45.000000,2019-12-02 13:53:36.002465,2019-12-02 13:54:21.002465,2019-12-02 14:38:03.562029,2019-12-02 14:38:48.562029,2019-12-02 14:56:50.570372,Replace,8,45,50,0 days 00:00:45.000000000,0 days 00:15:36.002465000
13,2019-12-02 14:48:00.000000,2019-12-02 14:48:55.000000,2019-12-02 15:06:35.483811,2019-12-02 15:07:30.483811,2019-12-02 15:40:07.130142,2019-12-02 15:41:02.130142,2019-12-02 16:04:54.244314,Replace,8,45,50,0 days 00:00:55.000000000,0 days 00:18:35.483811000
14,2019-12-02 16:45:00.000000,2019-12-02 16:45:45.000000,2019-12-02 17:02:44.947788,2019-12-02 17:02:58.130840,,,,Onsite,8,45,50,0 days 00:00:45.000000000,0 days 00:17:13.130840000
15,2019-12-02 15:53:00.000000,2019-12-02 15:53:35.000000,2019-12-02 16:11:46.278263,2019-12-02 16:12:21.278263,2019-12-02 16:45:21.408618,2019-12-02 16:45:56.408618,2019-12-02 17:06:21.746264,Replace,8,45,50,0 days 00:00:35.000000000,0 days 00:18:46.278263000
16,2019-12-02 17:56:00.000000,2019-12-02 17:56:45.000000,2019-12-02 18:15:25.052317,2019-12-02 18:15:40.419825,,,,Onsite,8,45,50,0 days 00:00:45.000000000,0 days 00:18:55.419825000
17,2019-12-02 19:03:00.000000,2019-12-02 19:03:45.000000,2019-12-02 19:18:07.846650,2019-12-02 19:18:19.081388,,,,Onsite,8,45,50,0 days 00:00:45.000000000,0 days 00:14:34.081388000
18,2019-12-02 20:07:00.000000,2019-12-02 20:07:45.000000,2019-12-02 20:22:46.669486,2019-12-02 20:23:08.682110,,,,Onsite,8,45,50,0 days 00:00:45.000000000,0 days 00:15:23.682110000
19,2019-12-02 21:07:00.000000,2019-12-02 21:07:50.000000,2019-12-02 21:23:25.364875,2019-12-02 21:24:15.364875,2019-12-02 21:53:08.961469,2019-12-02 21:53:58.961469,2019-12-02 22:09:13.381804,Replace,8,45,50,0 days 00:00:50.000000000,0 days 00:16:25.364875000
0,2019-12-02 01:12:00.000000,2019-12-02 00:00:25.000000,2019-12-02 00:13:09.557402,2019-12-02 00:13:34.557402,2019-12-02 00:53:50.904767,2019-12-02 00:54:15.904767,2019-12-02 01:12:26.994084,Replace,9,45,50,-1 days +22:48:25.000000000,0 days 00:13:09.557402000
1,2019-12-02 01:02:00.000000,2019-12-02 01:02:55.000000,2019-12-02 01:21:01.894879,2019-12-02 01:21:13.996132,,,,Onsite,9,45,50,0 days 00:00:55.000000000,0 days 00:18:18.996132000
2,2019-12-02 02:07:00.000000,2019-12-02 02:07:25.000000,2019-12-02 02:24:19.389126,2019-12-02 02:24:44.389126,2019-12-02 02:57:15.461822,2019-12-02 02:57:40.461822,2019-12-02 03:12:12.738059,Replace,9,45,50,0 days 00:00:25.000000000,0 days 00:17:19.389126000
3,2019-12-02 03:06:00.000000,2019-12-02 03:06:35.000000,2019-12-02 03:27:00.890907,2019-12-02 03:27:14.892458,,,,Onsite,9,45,50,0 days 00:00:35.000000000,0 days 00:20:39.892458000
4,2019-12-02 04:14:00.000000,2019-12-02 04:14:30.000000,2019-12-02 04:27:30.158412,2019-12-02 04:28:00.158412,2019-12-02 04:50:49.525900,2019-12-02 04:51:19.525900,2019-12-02 05:11:31.651442,Replace,9,45,50,0 days 00:00:30.000000000,0 days 00:13:30.158412000
5,2019-12-02 05:27:00.000000,2019-12-02 05:27:35.000000,2019-12-02 05:39:00.540650,2019-12-02 05:39:35.540650,2019-12-02 06:11:28.186266,2019-12-02 06:12:03.186266,2019-12-02 06:29:52.428531,Replace,9,45,50,0 days 00:00:35.000000000,0 days 00:12:00.540650000
6,2019-12-02 06:29:00.000000,2019-12-02 06:29:30.000000,2019-12-02 06:44:26.007483,2019-12-02 06:44:56.007483,2019-12-02 07:37:25.405488,2019-12-02 07:37:55.405488,2019-12-02 07:56:32.278198,Replace,9,45,50,0 days 00:00:30.000000000,0 days 00:15:26.007483000
7,2019-12-02 07:39:00.000000,2019-12-02 07:39:45.000000,2019-12-02 07:52:51.337649,2019-12-02 07:53:09.238073,,,,Onsite,9,45,50,0 days 00:00:45.000000000,0 days 00:13:24.238073000
8,2019-12-02 08:45:00.000000,2019-12-02 08:45:25.000000,2019-12-02 09:00:26.423519,2019-12-02 09:00:51.423519,2019-12-02 09:31:08.738308,2019-12-02 09:31:33.738308,2019-12-02 09:44:18.558573,Replace,9,45,50,0 days 00:00:25.000000000,0 days 00:15:26.423519000
9,2019-12-02 09:49:00.000000,2019-12-02 09:49:50.000000,2019-12-02 10:05:23.921704,2019-12-02 10:06:13.921704,2019-12-02 10:31:33.682194,2019-12-02 10:32:23.682194,2019-12-02 10:46:08.048938,Replace,9,45,50,0 days 00:00:50.000000000,0 days 00:16:23.921704000
10,2019-12-02 11:10:00.000000,2019-12-02 11:10:45.000000,2019-12-02 11:32:05.525350,2019-12-02 11:32:21.093644,,,,Onsite,9,45,50,0 days 00:00:45.000000000,0 days 00:21:36.093644000
11,2019-12-02 12:16:00.000000,2019-12-02 12:16:45.000000,2019-12-02 12:34:35.191420,2019-12-02 12:34:51.372217,,,,Onsite,9,45,50,0 days 00:00:45.000000000,0 days 00:18:06.372217000
12,2019-12-02 13:30:00.000000,2019-12-02 13:30:45.000000,2019-12-02 13:47:57.760389,2019-12-02 13:48:10.401556,,,,Onsite,9,45,50,0 days 00:00:45.000000000,0 days 00:17:25.401556000
13,2019-12-02 14:33:00.000000,2019-12-02 14:33:30.000000,2019-12-02 14:51:25.859914,2019-12-02 14:51:55.859914,2019-12-02 15:33:58.734400,2019-12-02 15:34:28.734400,2019-12-02 15:48:37.821658,Replace,9,45,50,0 days 00:00:30.000000000,0 days 00:18:25.859914000
14,2019-12-02 15:56:00.000000,2019-12-02 15:56:45.000000,2019-12-02 16:10:21.103375,2019-12-02 16:10:28.321293,,,,Onsite,9,45,50,0 days 00:00:45.000000000,0 days 00:13:43.321293000
15,2019-12-02 16:57:00.000000,2019-12-02 16:57:25.000000,2019-12-02 17:10:13.650409,2019-12-02 17:10:36.113859,,,,Onsite,9,45,50,0 days 00:00:25.000000000,0 days 00:13:11.113859000
16,2019-12-02 18:21:00.000000,2019-12-02 18:21:50.000000,2019-12-02 18:42:36.940737,2019-12-02 18:42:51.151622,,,,Onsite,9,45,50,0 days 00:00:50.000000000,0 days 00:21:01.151622000
17,2019-12-02 19:17:00.000000,2019-12-02 19:17:45.000000,2019-12-02 19:32:30.602207,2019-12-02 19:32:32.182781,,,,Onsite,9,45,50,0 days 00:00:45.000000000,0 days 00:14:47.182781000
18,2019-12-02 20:20:00.000000,2019-12-02 20:20:35.000000,2019-12-02 20:33:46.084907,2019-12-02 20:34:21.084907,2019-12-02 21:01:10.290057,2019-12-02 21:01:45.290057,2019-12-02 21:16:41.654694,Replace,9,45,50,0 days 00:00:35.000000000,0 days 00:13:46.084907000
19,2019-12-02 21:30:00.000000,2019-12-02 21:30:45.000000,2019-12-02 21:48:23.972265,2019-12-02 21:48:42.326520,,,,Onsite,9,45,50,0 days 00:00:45.000000000,0 days 00:17:57.326520000
0,2019-12-02 01:20:00.000000,2019-12-02 00:00:45.000000,2019-12-02 00:18:34.104628,2019-12-02 00:19:19.104628,2019-12-02 00:51:40.505855,2019-12-02 00:52:25.505855,2019-12-02 01:05:56.103106,Replace,1,46,40,-1 days +22:40:45.000000000,0 days 00:18:34.104628000
1,2019-12-02 01:02:00.000000,2019-12-02 01:02:50.000000,2019-12-02 01:16:25.491623,2019-12-02 01:17:15.491623,2019-12-02 01:57:08.853606,2019-12-02 01:57:58.853606,2019-12-02 02:13:41.767856,Replace,1,46,40,0 days 00:00:50.000000000,0 days 00:14:25.491623000
2,2019-12-02 02:19:00.000000,2019-12-02 02:19:35.000000,2019-12-02 02:39:18.397949,2019-12-02 02:39:25.548395,,,,Onsite,1,46,40,0 days 00:00:35.000000000,0 days 00:19:50.548395000
3,2019-12-02 03:41:00.000000,2019-12-02 03:41:45.000000,2019-12-02 03:53:28.548732,2019-12-02 03:53:36.972921,,,,Onsite,1,46,40,0 days 00:00:45.000000000,0 days 00:11:51.972921000
4,2019-12-02 04:53:00.000000,2019-12-02 04:53:50.000000,2019-12-02 05:05:31.296566,2019-12-02 05:06:21.296566,2019-12-02 05:36:26.755106,2019-12-02 05:37:16.755106,2019-12-02 05:54:35.997274,Replace,1,46,40,0 days 00:00:50.000000000,0 days 00:12:31.296566000
5,2019-12-02 06:04:00.000000,2019-12-02 06:04:25.000000,2019-12-02 06:16:05.948645,2019-12-02 06:16:30.948645,2019-12-02 06:44:47.629587,2019-12-02 06:45:12.629587,2019-12-02 06:57:28.221432,Replace,1,46,40,0 days 00:00:25.000000000,0 days 00:12:05.948645000
6,2019-12-02 07:24:00.000000,2019-12-02 07:24:35.000000,2019-12-02 07:40:02.850360,2019-12-02 07:40:16.595250,,,,Onsite,1,46,40,0 days 00:00:35.000000000,0 days 00:15:41.595250000
7,2019-12-02 08:19:00.000000,2019-12-02 08:19:45.000000,2019-12-02 08:34:30.533409,2019-12-02 08:35:15.533409,2019-12-02 09:05:17.390961,2019-12-02 09:06:02.390961,2019-12-02 09:23:17.460301,Replace,1,46,40,0 days 00:00:45.000000000,0 days 00:15:30.533409000
8,2019-12-02 09:43:00.000000,2019-12-02 09:43:55.000000,2019-12-02 09:55:57.882278,2019-12-02 09:56:52.882278,2019-12-02 10:21:47.054753,2019-12-02 10:22:42.054753,2019-12-02 10:39:24.989397,Replace,1,46,40,0 days 00:00:55.000000000,0 days 00:12:57.882278000
9,2019-12-02 10:46:00.000000,2019-12-02 10:46:45.000000,2019-12-02 11:05:19.547024,2019-12-02 11:06:04.547024,2019-12-02 11:43:56.385960,2019-12-02 11:44:41.385960,2019-12-02 12:03:04.372478,Replace,1,46,40,0 days 00:00:45.000000000,0 days 00:19:19.547024000
10,2019-12-02 12:00:00.000000,2019-12-02 12:00:45.000000,2019-12-02 12:17:48.987721,2019-12-02 12:18:11.996220,,,,Onsite,1,46,40,0 days 00:00:45.000000000,0 days 00:17:26.996220000
11,2019-12-02 13:06:00.000000,2019-12-02 13:06:30.000000,2019-12-02 13:25:48.668841,2019-12-02 13:26:18.668841,2019-12-02 13:57:02.595059,2019-12-02 13:57:32.595059,2019-12-02 14:14:59.977874,Replace,1,46,40,0 days 00:00:30.000000000,0 days 00:19:48.668841000
12,2019-12-02 14:16:00.000000,2019-12-02 14:16:50.000000,2019-12-02 14:30:24.792871,2019-12-02 14:31:14.792871,2019-12-02 15:12:54.077769,2019-12-02 15:13:44.077769,2019-12-02 15:30:46.235799,Replace,1,46,40,0 days 00:00:50.000000000,0 days 00:14:24.792871000
13,2019-12-02 15:34:00.000000,2019-12-02 15:34:50.000000,2019-12-02 15:52:47.003440,2019-12-02 15:53:37.003440,2019-12-02 16:25:03.854129,2019-12-02 16:25:53.854129,2019-12-02 16:48:04.113845,Replace,1,46,40,0 days 00:00:50.000000000,0 days 00:18:47.003440000
14,2019-12-02 16:40:00.000000,2019-12-02 16:40:35.000000,2019-12-02 16:52:45.938105,2019-12-02 16:53:20.938105,2019-12-02 17:23:44.203878,2019-12-02 17:24:19.203878,2019-12-02 17:38:23.802072,Replace,1,46,40,0 days 00:00:35.000000000,0 days 00:12:45.938105000
15,2019-12-02 17:57:00.000000,2019-12-02 17:57:35.000000,2019-12-02 18:14:43.119318,2019-12-02 18:15:18.119318,2019-12-02 19:00:45.453904,2019-12-02 19:01:20.453904,2019-12-02 19:18:55.035586,Replace,1,46,40,0 days 00:00:35.000000000,0 days 00:17:43.119318000
16,2019-12-02 18:52:00.000000,2019-12-02 18:52:35.000000,2019-12-02 19:09:27.442234,2019-12-02 19:10:02.442234,2019-12-02 19:52:35.966210,2019-12-02 19:53:10.966210,2019-12-02 20:13:03.694973,Replace,1,46,40,0 days 00:00:35.000000000,0 days 00:17:27.442234000
17,2019-12-02 20:03:00.000000,2019-12-02 20:03:25.000000,2019-12-02 20:20:08.484655,2019-12-02 20:20:21.352046,,,,Onsite,1,46,40,0 days 00:00:25.000000000,0 days 00:16:56.352046000
18,2019-12-02 21:11:00.000000,2019-12-02 21:11:45.000000,2019-12-02 21:28:34.943866,2019-12-02 21:29:19.943866,2019-12-02 22:10:07.261655,2019-12-02 22:10:52.261655,2019-12-02 22:34:05.336064,Replace,1,46,40,0 days 00:00:45.000000000,0 days 00:17:34.943866000
19,2019-12-02 22:19:00.000000,2019-12-02 22:19:25.000000,2019-12-02 22:32:11.695573,2019-12-02 22:32:19.356330,,,,Onsite,1,46,40,0 days 00:00:25.000000000,0 days 00:12:54.356330000
0,2019-12-02 00:57:00.000000,2019-12-02 00:00:45.000000,2019-12-02 00:20:21.364913,2019-12-02 00:21:06.364913,2019-12-02 01:07:22.483869,2019-12-02 01:08:07.483869,2019-12-02 01:27:05.737669,Replace,2,46,40,-1 days +23:03:45.000000000,0 days 00:20:21.364913000
1,2019-12-02 01:10:00.000000,2019-12-02 01:10:30.000000,2019-12-02 01:29:38.801331,2019-12-02 01:30:02.396337,,,,Onsite,2,46,40,0 days 00:00:30.000000000,0 days 00:19:32.396337000
2,2019-12-02 02:07:00.000000,2019-12-02 02:07:55.000000,2019-12-02 02:26:59.932199,2019-12-02 02:27:54.932199,2019-12-02 03:09:06.749622,2019-12-02 03:10:01.749622,2019-12-02 03:24:04.973537,Replace,2,46,40,0 days 00:00:55.000000000,0 days 00:19:59.932199000
3,2019-12-02 03:15:00.000000,2019-12-02 03:15:25.000000,2019-12-02 03:33:08.550590,2019-12-02 03:33:23.244678,,,,Onsite,2,46,40,0 days 00:00:25.000000000,0 days 00:17:58.244678000
4,2019-12-02 04:22:00.000000,2019-12-02 04:22:45.000000,2019-12-02 04:36:55.185948,2019-12-02 04:37:40.185948,2019-12-02 05:15:43.257643,2019-12-02 05:16:28.257643,2019-12-02 05:33:15.684235,Replace,2,46,40,0 days 00:00:45.000000000,0 days 00:14:55.185948000
5,2019-12-02 05:30:00.000000,2019-12-02 05:30:35.000000,2019-12-02 05:50:13.336788,2019-12-02 05:50:31.010532,,,,Onsite,2,46,40,0 days 00:00:35.000000000,0 days 00:19:56.010532000
6,2019-12-02 06:21:00.000000,2019-12-02 06:21:45.000000,2019-12-02 06:41:17.774586,2019-12-02 06:41:24.912352,,,,Onsite,2,46,40,0 days 00:00:45.000000000,0 days 00:19:39.912352000
7,2019-12-02 07:39:00.000000,2019-12-02 07:39:55.000000,2019-12-02 07:57:43.594269,2019-12-02 07:58:38.594269,2019-12-02 08:31:11.973162,2019-12-02 08:32:06.973162,2019-12-02 08:48:40.274239,Replace,2,46,40,0 days 00:00:55.000000000,0 days 00:18:43.594269000
8,2019-12-02 08:44:00.000000,2019-12-02 08:44:35.000000,2019-12-02 09:02:54.775304,2019-12-02 09:03:16.364680,,,,Onsite,2,46,40,0 days 00:00:35.000000000,0 days 00:18:41.364680000
9,2019-12-02 09:47:00.000000,2019-12-02 09:47:45.000000,2019-12-02 10:01:57.674350,2019-12-02 10:02:11.668381,,,,Onsite,2,46,40,0 days 00:00:45.000000000,0 days 00:14:26.668381000
10,2019-12-02 11:04:00.000000,2019-12-02 11:04:45.000000,2019-12-02 11:25:18.540163,2019-12-02 11:25:25.846834,,,,Onsite,2,46,40,0 days 00:00:45.000000000,0 days 00:20:40.846834000
11,2019-12-02 12:25:00.000000,2019-12-02 12:25:35.000000,2019-12-02 12:38:31.843285,2019-12-02 12:39:06.843285,2019-12-02 13:11:33.389673,2019-12-02 13:12:08.389673,2019-12-02 13:25:51.461286,Replace,2,46,40,0 days 00:00:35.000000000,0 days 00:13:31.843285000
12,2019-12-02 13:22:00.000000,2019-12-02 13:22:50.000000,2019-12-02 13:40:11.674200,2019-12-02 13:41:01.674200,2019-12-02 14:30:55.439786,2019-12-02 14:31:45.439786,2019-12-02 14:46:52.827261,Replace,2,46,40,0 days 00:00:50.000000000,0 days 00:18:11.674200000
13,2019-12-02 14:42:00.000000,2019-12-02 14:42:45.000000,2019-12-02 14:54:39.372238,2019-12-02 14:55:12.494579,,,,Onsite,2,46,40,0 days 00:00:45.000000000,0 days 00:12:27.494579000
14,2019-12-02 15:49:00.000000,2019-12-02 15:49:45.000000,2019-12-02 16:02:54.658387,2019-12-02 16:03:15.701776,,,,Onsite,2,46,40,0 days 00:00:45.000000000,0 days 00:13:30.701776000
15,2019-12-02 16:55:00.000000,2019-12-02 16:55:45.000000,2019-12-02 17:10:07.208492,2019-12-02 17:10:52.208492,2019-12-02 17:52:05.021634,2019-12-02 17:52:50.021634,2019-12-02 18:11:56.550121,Replace,2,46,40,0 days 00:00:45.000000000,0 days 00:15:07.208492000
16,2019-12-02 19:08:00.000000,2019-12-02 19:08:30.000000,2019-12-02 19:24:40.810203,2019-12-02 19:24:51.993286,,,,Onsite,2,46,40,0 days 00:00:30.000000000,0 days 00:16:21.993286000
17,2019-12-02 18:01:00.000000,2019-12-02 18:01:35.000000,2019-12-02 18:19:30.747791,2019-12-02 18:20:05.747791,2019-12-02 18:50:46.951520,2019-12-02 18:51:21.951520,2019-12-02 19:08:04.278180,Replace,2,46,40,0 days 00:00:35.000000000,0 days 00:18:30.747791000
18,2019-12-02 20:17:00.000000,2019-12-02 20:17:55.000000,2019-12-02 20:35:19.110384,2019-12-02 20:36:14.110384,2019-12-02 21:13:10.271243,2019-12-02 21:14:05.271243,2019-12-02 21:35:29.387833,Replace,2,46,40,0 days 00:00:55.000000000,0 days 00:18:19.110384000
19,2019-12-02 21:18:00.000000,2019-12-02 21:18:30.000000,2019-12-02 21:30:01.887576,2019-12-02 21:30:31.887576,2019-12-02 22:01:59.921316,2019-12-02 22:02:29.921316,2019-12-02 22:20:05.020538,Replace,2,46,40,0 days 00:00:30.000000000,0 days 00:12:01.887576000
20,2019-12-02 22:17:00.000000,2019-12-02 22:17:45.000000,2019-12-02 22:36:20.137284,2019-12-02 22:36:26.044907,,,,Onsite,2,46,40,0 days 00:00:45.000000000,0 days 00:18:41.044907000
0,2019-12-02 01:08:00.000000,2019-12-02 00:00:35.000000,2019-12-02 00:15:03.462755,2019-12-02 00:15:11.831406,,,,Onsite,3,46,40,-1 days +22:52:35.000000000,0 days 00:14:36.831406000
1,2019-12-02 01:15:00.000000,2019-12-02 01:15:45.000000,2019-12-02 01:25:53.097801,2019-12-02 01:26:38.097801,2019-12-02 01:53:12.977951,2019-12-02 01:53:57.977951,2019-12-02 02:08:40.311572,Replace,3,46,40,0 days 00:00:45.000000000,0 days 00:10:53.097801000
2,2019-12-02 02:24:00.000000,2019-12-02 02:24:30.000000,2019-12-02 02:41:42.319316,2019-12-02 02:41:58.214988,,,,Onsite,3,46,40,0 days 00:00:30.000000000,0 days 00:17:28.214988000
3,2019-12-02 03:35:00.000000,2019-12-02 03:35:25.000000,2019-12-02 03:55:00.070300,2019-12-02 03:55:25.070300,2019-12-02 04:24:05.440146,2019-12-02 04:24:30.440146,2019-12-02 04:39:23.024976,Replace,3,46,40,0 days 00:00:25.000000000,0 days 00:20:00.070300000
4,2019-12-02 04:37:00.000000,2019-12-02 04:37:45.000000,2019-12-02 04:54:21.725070,2019-12-02 04:54:39.557801,,,,Onsite,3,46,40,0 days 00:00:45.000000000,0 days 00:16:54.557801000
5,2019-12-02 05:50:00.000000,2019-12-02 05:50:35.000000,2019-12-02 06:03:53.188345,2019-12-02 06:04:28.188345,2019-12-02 06:31:26.489096,2019-12-02 06:32:01.489096,2019-12-02 06:51:10.860113,Replace,3,46,40,0 days 00:00:35.000000000,0 days 00:13:53.188345000
6,2019-12-02 06:59:00.000000,2019-12-02 06:59:30.000000,2019-12-02 07:14:31.347406,2019-12-02 07:14:38.479855,,,,Onsite,3,46,40,0 days 00:00:30.000000000,0 days 00:15:08.479855000
7,2019-12-02 08:03:00.000000,2019-12-02 08:03:35.000000,2019-12-02 08:22:37.215139,2019-12-02 08:22:46.193679,,,,Onsite,3,46,40,0 days 00:00:35.000000000,0 days 00:19:11.193679000
8,2019-12-02 09:17:00.000000,2019-12-02 09:17:30.000000,2019-12-02 09:29:05.363528,2019-12-02 09:29:08.775866,,,,Onsite,3,46,40,0 days 00:00:30.000000000,0 days 00:11:38.775866000
9,2019-12-02 10:16:00.000000,2019-12-02 10:16:55.000000,2019-12-02 10:30:45.195368,2019-12-02 10:31:40.195368,2019-12-02 11:08:57.964618,2019-12-02 11:09:52.964618,2019-12-02 11:25:59.247950,Replace,3,46,40,0 days 00:00:55.000000000,0 days 00:14:45.195368000
10,2019-12-02 11:08:00.000000,2019-12-02 11:08:25.000000,2019-12-02 11:23:47.686291,2019-12-02 11:24:12.686291,2019-12-02 12:23:13.194503,2019-12-02 12:23:38.194503,2019-12-02 12:37:11.807579,Replace,3,46,40,0 days 00:00:25.000000000,0 days 00:15:47.686291000
11,2019-12-02 12:26:00.000000,2019-12-02 12:26:25.000000,2019-12-02 12:37:45.604169,2019-12-02 12:38:10.604169,2019-12-02 13:20:51.583786,2019-12-02 13:21:16.583786,2019-12-02 13:37:35.283733,Replace,3,46,40,0 days 00:00:25.000000000,0 days 00:11:45.604169000
12,2019-12-02 13:33:00.000000,2019-12-02 13:33:35.000000,2019-12-02 13:46:36.760941,2019-12-02 13:47:11.760941,2019-12-02 14:17:52.712412,2019-12-02 14:18:27.712412,2019-12-02 14:39:03.547558,Replace,3,46,40,0 days 00:00:35.000000000,0 days 00:13:36.760941000
13,2019-12-02 14:52:00.000000,2019-12-02 14:52:55.000000,2019-12-02 15:13:12.552364,2019-12-02 15:13:20.414921,,,,Onsite,3,46,40,0 days 00:00:55.000000000,0 days 00:20:25.414921000
14,2019-12-02 16:06:00.000000,2019-12-02 16:06:45.000000,2019-12-02 16:22:08.118211,2019-12-02 16:22:53.118211,2019-12-02 16:56:14.876638,2019-12-02 16:56:59.876638,2019-12-02 17:11:35.457526,Replace,3,46,40,0 days 00:00:45.000000000,0 days 00:16:08.118211000
15,2019-12-02 17:12:00.000000,2019-12-02 17:12:45.000000,2019-12-02 17:25:37.365709,2019-12-02 17:26:22.365709,2019-12-02 17:48:51.392660,2019-12-02 17:49:36.392660,2019-12-02 18:03:52.111580,Replace,3,46,40,0 days 00:00:45.000000000,0 days 00:13:37.365709000
16,2019-12-02 18:18:00.000000,2019-12-02 18:18:45.000000,2019-12-02 18:37:55.081171,2019-12-02 18:38:40.081171,2019-12-02 19:20:57.691232,2019-12-02 19:21:42.691232,2019-12-02 19:44:50.875778,Replace,3,46,40,0 days 00:00:45.000000000,0 days 00:19:55.081171000
17,2019-12-02 19:13:00.000000,2019-12-02 19:13:30.000000,2019-12-02 19:25:08.343367,2019-12-02 19:25:25.828351,,,,Onsite,3,46,40,0 days 00:00:30.000000000,0 days 00:11:55.828351000
18,2019-12-02 20:18:00.000000,2019-12-02 20:18:35.000000,2019-12-02 20:36:16.662955,2019-12-02 20:36:22.684993,,,,Onsite,3,46,40,0 days 00:00:35.000000000,0 days 00:17:47.684993000
19,2019-12-02 21:31:00.000000,2019-12-02 21:31:45.000000,2019-12-02 21:51:18.186796,2019-12-02 21:52:03.186796,2019-12-02 22:25:36.017755,2019-12-02 22:26:21.017755,2019-12-02 22:41:20.200752,Replace,3,46,40,0 days 00:00:45.000000000,0 days 00:20:18.186796000
0,2019-12-02 01:30:00.000000,2019-12-02 00:00:50.000000,2019-12-02 00:23:26.645188,2019-12-02 00:23:37.532166,,,,Onsite,4,46,40,-1 days +22:30:50.000000000,0 days 00:22:47.532166000
1,2019-12-02 00:59:00.000000,2019-12-02 00:59:35.000000,2019-12-02 01:12:29.025172,2019-12-02 01:13:04.025172,2019-12-02 02:05:01.874870,2019-12-02 02:05:36.874870,2019-12-02 02:22:50.144114,Replace,4,46,40,0 days 00:00:35.000000000,0 days 00:13:29.025172000
2,2019-12-02 02:08:00.000000,2019-12-02 02:08:25.000000,2019-12-02 02:26:32.525466,2019-12-02 02:26:57.525466,2019-12-02 02:56:16.602427,2019-12-02 02:56:41.602427,2019-12-02 03:06:58.454454,Replace,4,46,40,0 days 00:00:25.000000000,0 days 00:18:32.525466000
3,2019-12-02 03:16:00.000000,2019-12-02 03:16:45.000000,2019-12-02 03:34:17.486453,2019-12-02 03:34:35.921212,,,,Onsite,4,46,40,0 days 00:00:45.000000000,0 days 00:17:50.921212000
4,2019-12-02 04:23:00.000000,2019-12-02 04:23:25.000000,2019-12-02 04:43:10.522864,2019-12-02 04:43:35.522864,2019-12-02 05:27:53.874203,2019-12-02 05:28:18.874203,2019-12-02 05:43:38.488897,Replace,4,46,40,0 days 00:00:25.000000000,0 days 00:20:10.522864000
5,2019-12-02 05:34:00.000000,2019-12-02 05:34:45.000000,2019-12-02 05:46:17.650486,2019-12-02 05:47:02.650486,2019-12-02 06:16:56.615969,2019-12-02 06:17:41.615969,2019-12-02 06:37:27.560126,Replace,4,46,40,0 days 00:00:45.000000000,0 days 00:12:17.650486000
6,2019-12-02 06:53:00.000000,2019-12-02 06:53:30.000000,2019-12-02 07:05:35.174457,2019-12-02 07:06:05.174457,2019-12-02 07:51:14.046886,2019-12-02 07:51:44.046886,2019-12-02 08:05:29.120409,Replace,4,46,40,0 days 00:00:30.000000000,0 days 00:12:35.174457000
7,2019-12-02 08:11:00.000000,2019-12-02 08:11:45.000000,2019-12-02 08:26:57.931816,2019-12-02 08:27:42.931816,2019-12-02 08:58:39.775632,2019-12-02 08:59:24.775632,2019-12-02 09:15:49.055975,Replace,4,46,40,0 days 00:00:45.000000000,0 days 00:15:57.931816000
8,2019-12-02 09:15:00.000000,2019-12-02 09:15:30.000000,2019-12-02 09:29:17.162030,2019-12-02 09:29:47.162030,2019-12-02 10:13:11.878046,2019-12-02 10:13:41.878046,2019-12-02 10:26:59.142101,Replace,4,46,40,0 days 00:00:30.000000000,0 days 00:14:17.162030000
9,2019-12-02 10:21:00.000000,2019-12-02 10:21:35.000000,2019-12-02 10:37:39.194456,2019-12-02 10:38:14.194456,2019-12-02 11:32:28.472233,2019-12-02 11:33:03.472233,2019-12-02 11:55:32.508314,Replace,4,46,40,0 days 00:00:35.000000000,0 days 00:16:39.194456000
10,2019-12-02 11:37:00.000000,2019-12-02 11:37:45.000000,2019-12-02 11:52:06.739481,2019-12-02 11:52:51.739481,2019-12-02 12:23:23.332534,2019-12-02 12:24:08.332534,2019-12-02 12:45:07.020516,Replace,4,46,40,0 days 00:00:45.000000000,0 days 00:15:06.739481000
11,2019-12-02 12:50:00.000000,2019-12-02 12:50:35.000000,2019-12-02 13:05:02.776531,2019-12-02 13:05:16.346026,,,,Onsite,4,46,40,0 days 00:00:35.000000000,0 days 00:14:41.346026000
12,2019-12-02 13:59:00.000000,2019-12-02 13:59:25.000000,2019-12-02 14:15:29.165817,2019-12-02 14:15:54.165817,2019-12-02 14:42:57.757037,2019-12-02 14:43:22.757037,2019-12-02 15:01:02.990798,Replace,4,46,40,0 days 00:00:25.000000000,0 days 00:16:29.165817000
13,2019-12-02 14:46:00.000000,2019-12-02 14:46:45.000000,2019-12-02 15:04:10.582195,2019-12-02 15:04:55.582195,2019-12-02 15:32:42.239966,2019-12-02 15:33:27.239966,2019-12-02 15:47:39.143637,Replace,4,46,40,0 days 00:00:45.000000000,0 days 00:18:10.582195000
14,2019-12-02 15:44:00.000000,2019-12-02 15:44:25.000000,2019-12-02 16:00:28.341985,2019-12-02 16:00:53.341985,2019-12-02 16:57:27.465365,2019-12-02 16:57:52.465365,2019-12-02 17:14:50.928217,Replace,4,46,40,0 days 00:00:25.000000000,0 days 00:16:28.341985000
15,2019-12-02 16:45:00.000000,2019-12-02 16:45:25.000000,2019-12-02 16:58:31.757333,2019-12-02 16:58:56.757333,2019-12-02 17:36:16.827033,2019-12-02 17:36:41.827033,2019-12-02 17:49:46.214287,Replace,4,46,40,0 days 00:00:25.000000000,0 days 00:13:31.757333000
16,2019-12-02 17:55:00.000000,2019-12-02 17:55:45.000000,2019-12-02 18:11:38.796296,2019-12-02 18:11:50.205327,,,,Onsite,4,46,40,0 days 00:00:45.000000000,0 days 00:16:05.205327000
17,2019-12-02 19:06:00.000000,2019-12-02 19:06:50.000000,2019-12-02 19:25:10.375911,2019-12-02 19:25:27.140616,,,,Onsite,4,46,40,0 days 00:00:50.000000000,0 days 00:18:37.140616000
18,2019-12-02 20:23:00.000000,2019-12-02 20:23:25.000000,2019-12-02 20:44:53.014327,2019-12-02 20:45:18.014327,2019-12-02 21:09:53.922556,2019-12-02 21:10:18.922556,2019-12-02 21:24:19.265457,Replace,4,46,40,0 days 00:00:25.000000000,0 days 00:21:53.014327000
19,2019-12-02 21:38:00.000000,2019-12-02 21:38:25.000000,2019-12-02 21:51:50.368489,2019-12-02 21:52:15.368489,2019-12-02 22:22:32.304453,2019-12-02 22:22:57.304453,2019-12-02 22:35:39.960917,Replace,4,46,40,0 days 00:00:25.000000000,0 days 00:13:50.368489000
0,2019-12-02 01:10:00.000000,2019-12-02 00:00:55.000000,2019-12-02 00:14:12.354517,2019-12-02 00:15:07.354517,2019-12-02 00:57:31.866055,2019-12-02 00:58:26.866055,2019-12-02 01:14:45.770152,Replace,5,46,40,-1 days +22:50:55.000000000,0 days 00:14:12.354517000
1,2019-12-02 01:07:00.000000,2019-12-02 01:07:30.000000,2019-12-02 01:22:08.733629,2019-12-02 01:22:38.733629,2019-12-02 01:57:56.264163,2019-12-02 01:58:26.264163,2019-12-02 02:10:26.643723,Replace,5,46,40,0 days 00:00:30.000000000,0 days 00:15:08.733629000
2,2019-12-02 02:13:00.000000,2019-12-02 02:13:35.000000,2019-12-02 02:29:36.283037,2019-12-02 02:30:05.494665,,,,Onsite,5,46,40,0 days 00:00:35.000000000,0 days 00:16:30.494665000
3,2019-12-02 03:30:00.000000,2019-12-02 03:30:35.000000,2019-12-02 03:47:40.051491,2019-12-02 03:48:15.051491,2019-12-02 04:16:23.432703,2019-12-02 04:16:58.432703,2019-12-02 04:32:19.982784,Replace,5,46,40,0 days 00:00:35.000000000,0 days 00:17:40.051491000
4,2019-12-02 04:55:00.000000,2019-12-02 04:55:50.000000,2019-12-02 05:08:56.927576,2019-12-02 05:09:03.523879,,,,Onsite,5,46,40,0 days 00:00:50.000000000,0 days 00:13:13.523879000
5,2019-12-02 06:00:00.000000,2019-12-02 06:00:50.000000,2019-12-02 06:20:04.919011,2019-12-02 06:20:07.169367,,,,Onsite,5,46,40,0 days 00:00:50.000000000,0 days 00:19:17.169367000
6,2019-12-02 07:03:00.000000,2019-12-02 07:03:55.000000,2019-12-02 07:20:47.303238,2019-12-02 07:20:59.018185,,,,Onsite,5,46,40,0 days 00:00:55.000000000,0 days 00:17:04.018185000
7,2019-12-02 09:09:00.000000,2019-12-02 09:09:50.000000,2019-12-02 09:27:28.457537,2019-12-02 09:27:44.034059,,,,Onsite,5,46,40,0 days 00:00:50.000000000,0 days 00:17:54.034059000
8,2019-12-02 08:11:00.000000,2019-12-02 08:11:45.000000,2019-12-02 08:28:54.386127,2019-12-02 08:29:39.386127,2019-12-02 09:08:23.176509,2019-12-02 09:09:08.176509,2019-12-02 09:20:59.702602,Replace,5,46,40,0 days 00:00:45.000000000,0 days 00:17:54.386127000
9,2019-12-02 10:31:00.000000,2019-12-02 10:31:45.000000,2019-12-02 10:51:28.144675,2019-12-02 10:51:48.719843,,,,Onsite,5,46,40,0 days 00:00:45.000000000,0 days 00:20:03.719843000
10,2019-12-02 11:20:00.000000,2019-12-02 11:20:45.000000,2019-12-02 11:37:27.173859,2019-12-02 11:37:55.318528,,,,Onsite,5,46,40,0 days 00:00:45.000000000,0 days 00:17:10.318528000
11,2019-12-02 12:07:00.000000,2019-12-02 12:07:45.000000,2019-12-02 12:24:37.058940,2019-12-02 12:25:22.058940,2019-12-02 12:59:59.462840,2019-12-02 13:00:44.462840,2019-12-02 13:14:30.150458,Replace,5,46,40,0 days 00:00:45.000000000,0 days 00:17:37.058940000
12,2019-12-02 13:24:00.000000,2019-12-02 13:24:45.000000,2019-12-02 13:35:37.614125,2019-12-02 13:36:22.614125,2019-12-02 14:13:28.875895,2019-12-02 14:14:13.875895,2019-12-02 14:31:18.972368,Replace,5,46,40,0 days 00:00:45.000000000,0 days 00:11:37.614125000
13,2019-12-02 14:36:00.000000,2019-12-02 14:36:45.000000,2019-12-02 14:49:27.982951,2019-12-02 14:50:12.982951,2019-12-02 15:39:03.185416,2019-12-02 15:39:48.185416,2019-12-02 16:00:52.122930,Replace,5,46,40,0 days 00:00:45.000000000,0 days 00:13:27.982951000
14,2019-12-02 15:35:00.000000,2019-12-02 15:35:30.000000,2019-12-02 15:52:00.025286,2019-12-02 15:52:30.025286,2019-12-02 16:27:33.751511,2019-12-02 16:28:03.751511,2019-12-02 16:42:14.379278,Replace,5,46,40,0 days 00:00:30.000000000,0 days 00:17:00.025286000
15,2019-12-02 16:39:00.000000,2019-12-02 16:39:50.000000,2019-12-02 16:57:55.575032,2019-12-02 16:58:45.575032,2019-12-02 17:20:31.809833,2019-12-02 17:21:21.809833,2019-12-02 17:37:02.305300,Replace,5,46,40,0 days 00:00:50.000000000,0 days 00:18:55.575032000
16,2019-12-02 18:00:00.000000,2019-12-02 18:00:35.000000,2019-12-02 18:15:44.420565,2019-12-02 18:15:51.080005,,,,Onsite,5,46,40,0 days 00:00:35.000000000,0 days 00:15:16.080005000
17,2019-12-02 19:01:00.000000,2019-12-02 19:01:25.000000,2019-12-02 19:19:57.696567,2019-12-02 19:20:22.696567,2019-12-02 19:53:39.272614,2019-12-02 19:54:04.272614,2019-12-02 20:09:45.695480,Replace,5,46,40,0 days 00:00:25.000000000,0 days 00:18:57.696567000
18,2019-12-02 20:16:00.000000,2019-12-02 20:16:35.000000,2019-12-02 20:32:01.009705,2019-12-02 20:32:13.031608,,,,Onsite,5,46,40,0 days 00:00:35.000000000,0 days 00:15:38.031608000
19,2019-12-02 21:25:00.000000,2019-12-02 21:25:35.000000,2019-12-02 21:40:17.173484,2019-12-02 21:40:51.929148,,,,Onsite,5,46,40,0 days 00:00:35.000000000,0 days 00:15:16.929148000
0,2019-12-02 01:22:00.000000,2019-12-02 00:00:55.000000,2019-12-02 00:19:54.730009,2019-12-02 00:20:00.962578,,,,Onsite,6,46,40,-1 days +22:38:55.000000000,0 days 00:19:05.962578000
1,2019-12-02 01:08:00.000000,2019-12-02 01:08:45.000000,2019-12-02 01:33:24.028435,2019-12-02 01:34:09.028435,2019-12-02 02:09:04.848216,2019-12-02 02:09:49.848216,2019-12-02 02:29:46.540206,Replace,6,46,40,0 days 00:00:45.000000000,0 days 00:25:24.028435000
2,2019-12-02 02:14:00.000000,2019-12-02 02:14:35.000000,2019-12-02 02:26:41.009677,2019-12-02 02:27:16.009677,2019-12-02 03:00:24.004679,2019-12-02 03:00:59.004679,2019-12-02 03:18:11.667977,Replace,6,46,40,0 days 00:00:35.000000000,0 days 00:12:41.009677000
3,2019-12-02 03:20:00.000000,2019-12-02 03:20:30.000000,2019-12-02 03:41:40.525613,2019-12-02 03:41:44.568516,,,,Onsite,6,46,40,0 days 00:00:30.000000000,0 days 00:21:14.568516000
4,2019-12-02 04:37:00.000000,2019-12-02 04:37:50.000000,2019-12-02 04:54:34.525834,2019-12-02 04:55:24.525834,2019-12-02 05:27:04.927206,2019-12-02 05:27:54.927206,2019-12-02 05:43:18.533172,Replace,6,46,40,0 days 00:00:50.000000000,0 days 00:17:34.525834000
5,2019-12-02 05:40:00.000000,2019-12-02 05:40:35.000000,2019-12-02 05:55:39.208639,2019-12-02 05:55:54.055902,,,,Onsite,6,46,40,0 days 00:00:35.000000000,0 days 00:15:19.055902000
6,2019-12-02 06:43:00.000000,2019-12-02 06:43:45.000000,2019-12-02 07:03:56.718791,2019-12-02 07:04:25.006198,,,,Onsite,6,46,40,0 days 00:00:45.000000000,0 days 00:20:40.006198000
7,2019-12-02 07:40:00.000000,2019-12-02 07:40:45.000000,2019-12-02 07:56:59.452958,2019-12-02 07:57:44.452958,2019-12-02 08:35:59.418130,2019-12-02 08:36:44.418130,2019-12-02 08:58:08.991728,Replace,6,46,40,0 days 00:00:45.000000000,0 days 00:16:59.452958000
8,2019-12-02 08:46:00.000000,2019-12-02 08:46:45.000000,2019-12-02 09:08:10.327975,2019-12-02 09:08:55.327975,2019-12-02 09:35:55.590538,2019-12-02 09:36:40.590538,2019-12-02 09:52:45.789024,Replace,6,46,40,0 days 00:00:45.000000000,0 days 00:22:10.327975000
9,2019-12-02 10:06:00.000000,2019-12-02 10:06:30.000000,2019-12-02 10:19:33.141064,2019-12-02 10:20:03.141064,2019-12-02 10:48:00.867782,2019-12-02 10:48:30.867782,2019-12-02 11:10:37.956708,Replace,6,46,40,0 days 00:00:30.000000000,0 days 00:13:33.141064000
10,2019-12-02 11:24:00.000000,2019-12-02 11:24:35.000000,2019-12-02 11:40:18.069369,2019-12-02 11:40:42.769545,,,,Onsite,6,46,40,0 days 00:00:35.000000000,0 days 00:16:07.769545000
11,2019-12-02 12:36:00.000000,2019-12-02 12:36:45.000000,2019-12-02 12:54:13.734135,2019-12-02 12:54:58.734135,2019-12-02 13:17:47.596478,2019-12-02 13:18:32.596478,2019-12-02 13:34:39.455998,Replace,6,46,40,0 days 00:00:45.000000000,0 days 00:18:13.734135000
12,2019-12-02 13:51:00.000000,2019-12-02 13:51:35.000000,2019-12-02 14:12:38.830135,2019-12-02 14:13:13.830135,2019-12-02 14:40:26.751314,2019-12-02 14:41:01.751314,2019-12-02 14:56:52.403216,Replace,6,46,40,0 days 00:00:35.000000000,0 days 00:21:38.830135000
13,2019-12-02 14:56:00.000000,2019-12-02 14:56:35.000000,2019-12-02 15:13:34.546635,2019-12-02 15:14:09.546635,2019-12-02 15:48:12.620160,2019-12-02 15:48:47.620160,2019-12-02 16:04:33.330496,Replace,6,46,40,0 days 00:00:35.000000000,0 days 00:17:34.546635000
14,2019-12-02 16:06:00.000000,2019-12-02 16:06:55.000000,2019-12-02 16:24:05.754750,2019-12-02 16:25:00.754750,2019-12-02 17:02:39.859471,2019-12-02 17:03:34.859471,2019-12-02 17:23:20.189215,Replace,6,46,40,0 days 00:00:55.000000000,0 days 00:18:05.754750000
15,2019-12-02 16:59:00.000000,2019-12-02 16:59:25.000000,2019-12-02 17:19:16.363029,2019-12-02 17:19:41.363029,2019-12-02 17:55:18.641647,2019-12-02 17:55:43.641647,2019-12-02 18:08:02.405306,Replace,6,46,40,0 days 00:00:25.000000000,0 days 00:20:16.363029000
16,2019-12-02 18:09:00.000000,2019-12-02 18:09:45.000000,2019-12-02 18:27:22.621046,2019-12-02 18:28:07.621046,2019-12-02 19:16:16.385162,2019-12-02 19:17:01.385162,2019-12-02 19:38:35.698422,Replace,6,46,40,0 days 00:00:45.000000000,0 days 00:18:22.621046000
17,2019-12-02 19:03:00.000000,2019-12-02 19:03:35.000000,2019-12-02 19:19:53.891959,2019-12-02 19:20:28.891959,2019-12-02 19:56:33.980300,2019-12-02 19:57:08.980300,2019-12-02 20:20:52.692019,Replace,6,46,40,0 days 00:00:35.000000000,0 days 00:16:53.891959000
18,2019-12-02 20:13:00.000000,2019-12-02 20:13:25.000000,2019-12-02 20:32:44.951987,2019-12-02 20:33:09.951987,2019-12-02 21:13:23.554318,2019-12-02 21:13:48.554318,2019-12-02 21:33:10.125863,Replace,6,46,40,0 days 00:00:25.000000000,0 days 00:19:44.951987000
19,2019-12-02 21:21:00.000000,2019-12-02 21:21:30.000000,2019-12-02 21:36:30.062310,2019-12-02 21:36:52.664229,,,,Onsite,6,46,40,0 days 00:00:30.000000000,0 days 00:15:22.664229000
0,2019-12-02 01:10:00.000000,2019-12-02 00:00:30.000000,2019-12-02 00:14:32.889849,2019-12-02 00:15:02.889849,2019-12-02 00:54:03.434901,2019-12-02 00:54:33.434901,2019-12-02 01:06:38.737067,Replace,7,46,40,-1 days +22:50:30.000000000,0 days 00:14:32.889849000
1,2019-12-02 01:13:00.000000,2019-12-02 01:13:45.000000,2019-12-02 01:25:36.513501,2019-12-02 01:26:21.513501,2019-12-02 02:19:23.689967,2019-12-02 02:20:08.689967,2019-12-02 02:34:23.549664,Replace,7,46,40,0 days 00:00:45.000000000,0 days 00:12:36.513501000
2,2019-12-02 02:13:00.000000,2019-12-02 02:13:45.000000,2019-12-02 02:30:01.832763,2019-12-02 02:30:26.211870,,,,Onsite,7,46,40,0 days 00:00:45.000000000,0 days 00:16:41.211870000
3,2019-12-02 03:23:00.000000,2019-12-02 03:23:30.000000,2019-12-02 03:39:05.014198,2019-12-02 03:39:07.686583,,,,Onsite,7,46,40,0 days 00:00:30.000000000,0 days 00:15:37.686583000
4,2019-12-02 04:36:00.000000,2019-12-02 04:36:25.000000,2019-12-02 04:55:56.760177,2019-12-02 04:56:21.760177,2019-12-02 05:50:53.282648,2019-12-02 05:51:18.282648,2019-12-02 06:05:59.171372,Replace,7,46,40,0 days 00:00:25.000000000,0 days 00:19:56.760177000
5,2019-12-02 05:42:00.000000,2019-12-02 05:42:35.000000,2019-12-02 05:59:23.364911,2019-12-02 05:59:40.667236,,,,Onsite,7,46,40,0 days 00:00:35.000000000,0 days 00:17:05.667236000
6,2019-12-02 06:37:00.000000,2019-12-02 06:37:35.000000,2019-12-02 06:53:33.177880,2019-12-02 06:54:08.177880,2019-12-02 07:28:23.938421,2019-12-02 07:28:58.938421,2019-12-02 07:41:26.415338,Replace,7,46,40,0 days 00:00:35.000000000,0 days 00:16:33.177880000
7,2019-12-02 07:45:00.000000,2019-12-02 07:45:30.000000,2019-12-02 08:01:00.170994,2019-12-02 08:01:24.594402,,,,Onsite,7,46,40,0 days 00:00:30.000000000,0 days 00:15:54.594402000
8,2019-12-02 08:51:00.000000,2019-12-02 08:51:25.000000,2019-12-02 09:06:24.356750,2019-12-02 09:06:49.356750,2019-12-02 09:34:53.137455,2019-12-02 09:35:18.137455,2019-12-02 09:49:06.974418,Replace,7,46,40,0 days 00:00:25.000000000,0 days 00:15:24.356750000
9,2019-12-02 09:58:00.000000,2019-12-02 09:58:45.000000,2019-12-02 10:16:58.930565,2019-12-02 10:17:43.930565,2019-12-02 10:51:04.813724,2019-12-02 10:51:49.813724,2019-12-02 11:08:46.271574,Replace,7,46,40,0 days 00:00:45.000000000,0 days 00:18:58.930565000
10,2019-12-02 11:00:00.000000,2019-12-02 11:00:55.000000,2019-12-02 11:17:16.721824,2019-12-02 11:18:11.721824,2019-12-02 11:44:55.897228,2019-12-02 11:45:50.897228,2019-12-02 12:00:30.293417,Replace,7,46,40,0 days 00:00:55.000000000,0 days 00:17:16.721824000
11,2019-12-02 12:06:00.000000,2019-12-02 12:06:45.000000,2019-12-02 12:23:44.030502,2019-12-02 12:24:29.030502,2019-12-02 13:01:55.912640,2019-12-02 13:02:40.912640,2019-12-02 13:25:50.540036,Replace,7,46,40,0 days 00:00:45.000000000,0 days 00:17:44.030502000
12,2019-12-02 13:21:00.000000,2019-12-02 13:21:30.000000,2019-12-02 13:43:38.804364,2019-12-02 13:43:42.616592,,,,Onsite,7,46,40,0 days 00:00:30.000000000,0 days 00:22:12.616592000
13,2019-12-02 14:29:00.000000,2019-12-02 14:29:50.000000,2019-12-02 14:46:50.281463,2019-12-02 14:47:40.281463,2019-12-02 15:29:13.546754,2019-12-02 15:30:03.546754,2019-12-02 15:52:16.848956,Replace,7,46,40,0 days 00:00:50.000000000,0 days 00:17:50.281463000
14,2019-12-02 15:43:00.000000,2019-12-02 15:43:45.000000,2019-12-02 16:03:13.748794,2019-12-02 16:03:58.748794,2019-12-02 16:30:26.569489,2019-12-02 16:31:11.569489,2019-12-02 16:45:22.324553,Replace,7,46,40,0 days 00:00:45.000000000,0 days 00:20:13.748794000
15,2019-12-02 16:54:00.000000,2019-12-02 16:54:45.000000,2019-12-02 17:12:03.055516,2019-12-02 17:12:48.055516,2019-12-02 17:46:45.351339,2019-12-02 17:47:30.351339,2019-12-02 18:04:21.586212,Replace,7,46,40,0 days 00:00:45.000000000,0 days 00:18:03.055516000
16,2019-12-02 18:13:00.000000,2019-12-02 18:13:45.000000,2019-12-02 18:27:16.523529,2019-12-02 18:28:01.523529,2019-12-02 19:17:39.597311,2019-12-02 19:18:24.597311,2019-12-02 19:37:17.489181,Replace,7,46,40,0 days 00:00:45.000000000,0 days 00:14:16.523529000
17,2019-12-02 19:24:00.000000,2019-12-02 19:24:55.000000,2019-12-02 19:40:29.029179,2019-12-02 19:41:24.029179,2019-12-02 20:25:43.325593,2019-12-02 20:26:38.325593,2019-12-02 20:40:54.781830,Replace,7,46,40,0 days 00:00:55.000000000,0 days 00:16:29.029179000
18,2019-12-02 20:31:00.000000,2019-12-02 20:31:35.000000,2019-12-02 20:45:52.659019,2019-12-02 20:46:27.659019,2019-12-02 21:30:31.381467,2019-12-02 21:31:06.381467,2019-12-02 21:45:04.252521,Replace,7,46,40,0 days 00:00:35.000000000,0 days 00:14:52.659019000
19,2019-12-02 21:39:00.000000,2019-12-02 21:39:50.000000,2019-12-02 21:55:56.097617,2019-12-02 21:55:59.343381,,,,Onsite,7,46,40,0 days 00:00:50.000000000,0 days 00:16:09.343381000
0,2019-12-02 01:21:00.000000,2019-12-02 00:00:35.000000,2019-12-02 00:20:57.472660,2019-12-02 00:21:32.472660,2019-12-02 00:46:53.668983,2019-12-02 00:47:28.668983,2019-12-02 01:00:44.005239,Replace,8,46,40,-1 days +22:39:35.000000000,0 days 00:20:57.472660000
1,2019-12-02 01:07:00.000000,2019-12-02 01:07:30.000000,2019-12-02 01:25:47.610631,2019-12-02 01:26:06.097197,,,,Onsite,8,46,40,0 days 00:00:30.000000000,0 days 00:18:36.097197000
2,2019-12-02 02:19:00.000000,2019-12-02 02:19:30.000000,2019-12-02 02:36:15.594628,2019-12-02 02:36:24.329428,,,,Onsite,8,46,40,0 days 00:00:30.000000000,0 days 00:16:54.329428000
3,2019-12-02 03:18:00.000000,2019-12-02 03:18:25.000000,2019-12-02 03:31:20.978117,2019-12-02 03:31:38.014064,,,,Onsite,8,46,40,0 days 00:00:25.000000000,0 days 00:13:13.014064000
4,2019-12-02 04:19:00.000000,2019-12-02 04:19:45.000000,2019-12-02 04:33:02.911084,2019-12-02 04:33:18.617848,,,,Onsite,8,46,40,0 days 00:00:45.000000000,0 days 00:13:33.617848000
5,2019-12-02 05:24:00.000000,2019-12-02 05:24:50.000000,2019-12-02 05:43:06.324457,2019-12-02 05:43:25.150060,,,,Onsite,8,46,40,0 days 00:00:50.000000000,0 days 00:18:35.150060000
6,2019-12-02 06:19:00.000000,2019-12-02 06:19:30.000000,2019-12-02 06:39:18.462752,2019-12-02 06:39:31.686595,,,,Onsite,8,46,40,0 days 00:00:30.000000000,0 days 00:20:01.686595000
7,2019-12-02 07:36:00.000000,2019-12-02 07:36:25.000000,2019-12-02 07:51:32.021724,2019-12-02 07:51:40.929322,,,,Onsite,8,46,40,0 days 00:00:25.000000000,0 days 00:15:15.929322000
8,2019-12-02 08:49:00.000000,2019-12-02 08:49:45.000000,2019-12-02 09:03:39.531148,2019-12-02 09:03:49.236381,,,,Onsite,8,46,40,0 days 00:00:45.000000000,0 days 00:14:04.236381000
9,2019-12-02 10:15:00.000000,2019-12-02 10:15:45.000000,2019-12-02 10:34:56.795493,2019-12-02 10:35:41.795493,2019-12-02 11:28:59.688472,2019-12-02 11:29:44.688472,2019-12-02 11:44:34.672062,Replace,8,46,40,0 days 00:00:45.000000000,0 days 00:19:56.795493000
10,2019-12-02 11:34:00.000000,2019-12-02 11:34:45.000000,2019-12-02 11:48:31.088314,2019-12-02 11:49:16.088314,2019-12-02 12:19:36.086435,2019-12-02 12:20:21.086435,2019-12-02 12:33:54.146105,Replace,8,46,40,0 days 00:00:45.000000000,0 days 00:14:31.088314000
11,2019-12-02 12:44:00.000000,2019-12-02 12:44:35.000000,2019-12-02 13:01:52.153133,2019-12-02 13:02:27.153133,2019-12-02 13:39:07.886519,2019-12-02 13:39:42.886519,2019-12-02 13:57:05.063738,Replace,8,46,40,0 days 00:00:35.000000000,0 days 00:17:52.153133000
12,2019-12-02 13:56:00.000000,2019-12-02 13:56:35.000000,2019-12-02 14:08:41.041224,2019-12-02 14:09:03.833473,,,,Onsite,8,46,40,0 days 00:00:35.000000000,0 days 00:12:28.833473000
13,2019-12-02 14:58:00.000000,2019-12-02 14:58:45.000000,2019-12-02 15:10:39.686864,2019-12-02 15:10:55.641379,,,,Onsite,8,46,40,0 days 00:00:45.000000000,0 days 00:12:10.641379000
14,2019-12-02 16:11:00.000000,2019-12-02 16:11:45.000000,2019-12-02 16:25:48.285031,2019-12-02 16:26:33.285031,2019-12-02 16:56:39.759462,2019-12-02 16:57:24.759462,2019-12-02 17:11:40.144320,Replace,8,46,40,0 days 00:00:45.000000000,0 days 00:14:48.285031000
15,2019-12-02 18:36:00.000000,2019-12-02 18:36:45.000000,2019-12-02 18:51:39.959542,2019-12-02 18:52:24.959542,2019-12-02 19:22:49.637899,2019-12-02 19:23:34.637899,2019-12-02 19:43:15.551227,Replace,8,46,40,0 days 00:00:45.000000000,0 days 00:15:39.959542000
16,2019-12-02 17:37:00.000000,2019-12-02 17:37:45.000000,2019-12-02 17:54:02.082216,2019-12-02 17:54:47.082216,2019-12-02 18:35:56.118731,2019-12-02 18:36:41.118731,2019-12-02 18:50:14.235039,Replace,8,46,40,0 days 00:00:45.000000000,0 days 00:17:02.082216000
17,2019-12-02 19:48:00.000000,2019-12-02 19:48:35.000000,2019-12-02 20:04:07.312600,2019-12-02 20:04:42.312600,2019-12-02 20:37:56.945138,2019-12-02 20:38:31.945138,2019-12-02 21:00:43.214885,Replace,8,46,40,0 days 00:00:35.000000000,0 days 00:16:07.312600000
18,2019-12-02 20:50:00.000000,2019-12-02 20:50:35.000000,2019-12-02 21:04:25.441796,2019-12-02 21:05:00.441796,2019-12-02 21:28:08.346652,2019-12-02 21:28:43.346652,2019-12-02 21:43:45.089685,Replace,8,46,40,0 days 00:00:35.000000000,0 days 00:14:25.441796000
19,2019-12-02 21:51:00.000000,2019-12-02 21:51:45.000000,2019-12-02 22:03:15.244934,2019-12-02 22:03:26.027602,,,,Onsite,8,46,40,0 days 00:00:45.000000000,0 days 00:11:41.027602000
0,2019-12-02 01:13:00.000000,2019-12-02 00:00:30.000000,2019-12-02 00:12:14.269177,2019-12-02 00:12:23.818462,,,,Onsite,9,46,40,-1 days +22:47:30.000000000,0 days 00:11:53.818462000
1,2019-12-02 01:22:00.000000,2019-12-02 01:22:30.000000,2019-12-02 01:37:44.296419,2019-12-02 01:38:14.296419,2019-12-02 02:29:26.386558,2019-12-02 02:29:56.386558,2019-12-02 02:43:57.087352,Replace,9,46,40,0 days 00:00:30.000000000,0 days 00:15:44.296419000
2,2019-12-02 02:25:00.000000,2019-12-02 02:25:35.000000,2019-12-02 02:45:37.432353,2019-12-02 02:46:12.432353,2019-12-02 03:27:26.673415,2019-12-02 03:28:01.673415,2019-12-02 03:44:28.291332,Replace,9,46,40,0 days 00:00:35.000000000,0 days 00:20:37.432353000
3,2019-12-02 03:54:00.000000,2019-12-02 03:54:25.000000,2019-12-02 04:16:23.680995,2019-12-02 04:16:48.680995,2019-12-02 05:07:59.506947,2019-12-02 05:08:24.506947,2019-12-02 05:23:47.691441,Replace,9,46,40,0 days 00:00:25.000000000,0 days 00:22:23.680995000
4,2019-12-02 04:55:00.000000,2019-12-02 04:55:45.000000,2019-12-02 05:15:51.562928,2019-12-02 05:16:08.085351,,,,Onsite,9,46,40,0 days 00:00:45.000000000,0 days 00:20:23.085351000
5,2019-12-02 05:59:00.000000,2019-12-02 05:59:45.000000,2019-12-02 06:15:00.511560,2019-12-02 06:15:02.995386,,,,Onsite,9,46,40,0 days 00:00:45.000000000,0 days 00:15:17.995386000
6,2019-12-02 07:06:00.000000,2019-12-02 07:06:45.000000,2019-12-02 07:19:49.729531,2019-12-02 07:20:34.729531,2019-12-02 08:06:00.792739,2019-12-02 08:06:45.792739,2019-12-02 08:24:55.250925,Replace,9,46,40,0 days 00:00:45.000000000,0 days 00:13:49.729531000
7,2019-12-02 08:17:00.000000,2019-12-02 08:17:45.000000,2019-12-02 08:35:37.651845,2019-12-02 08:36:22.651845,2019-12-02 09:25:33.717449,2019-12-02 09:26:18.717449,2019-12-02 09:45:35.817167,Replace,9,46,40,0 days 00:00:45.000000000,0 days 00:18:37.651845000
8,2019-12-02 09:35:00.000000,2019-12-02 09:35:35.000000,2019-12-02 09:55:12.843555,2019-12-02 09:55:31.981696,,,,Onsite,9,46,40,0 days 00:00:35.000000000,0 days 00:19:56.981696000
9,2019-12-02 10:46:00.000000,2019-12-02 10:46:45.000000,2019-12-02 11:04:48.681576,2019-12-02 11:05:07.575922,,,,Onsite,9,46,40,0 days 00:00:45.000000000,0 days 00:18:22.575922000
10,2019-12-02 11:55:00.000000,2019-12-02 11:55:30.000000,2019-12-02 12:11:38.400186,2019-12-02 12:11:49.015763,,,,Onsite,9,46,40,0 days 00:00:30.000000000,0 days 00:16:19.015763000
11,2019-12-02 13:07:00.000000,2019-12-02 13:07:30.000000,2019-12-02 13:28:04.756518,2019-12-02 13:28:34.756518,2019-12-02 13:53:27.157763,2019-12-02 13:53:57.157763,2019-12-02 14:09:05.285505,Replace,9,46,40,0 days 00:00:30.000000000,0 days 00:21:04.756518000
12,2019-12-02 14:02:00.000000,2019-12-02 14:02:50.000000,2019-12-02 14:18:06.198552,2019-12-02 14:18:56.198552,2019-12-02 14:47:37.161838,2019-12-02 14:48:27.161838,2019-12-02 15:06:12.922881,Replace,9,46,40,0 days 00:00:50.000000000,0 days 00:16:06.198552000
13,2019-12-02 15:20:00.000000,2019-12-02 15:20:55.000000,2019-12-02 15:39:30.488074,2019-12-02 15:40:25.488074,2019-12-02 16:05:45.256555,2019-12-02 16:06:40.256555,2019-12-02 16:24:30.215068,Replace,9,46,40,0 days 00:00:55.000000000,0 days 00:19:30.488074000
14,2019-12-02 16:34:00.000000,2019-12-02 16:34:55.000000,2019-12-02 16:49:43.740979,2019-12-02 16:50:38.740979,2019-12-02 17:17:04.365727,2019-12-02 17:17:59.365727,2019-12-02 17:34:13.935100,Replace,9,46,40,0 days 00:00:55.000000000,0 days 00:15:43.740979000
15,2019-12-02 17:43:00.000000,2019-12-02 17:43:25.000000,2019-12-02 18:01:57.102477,2019-12-02 18:02:22.102477,2019-12-02 18:43:46.801887,2019-12-02 18:44:11.801887,2019-12-02 18:58:41.104778,Replace,9,46,40,0 days 00:00:25.000000000,0 days 00:18:57.102477000
16,2019-12-02 18:57:00.000000,2019-12-02 18:57:45.000000,2019-12-02 19:12:09.419750,2019-12-02 19:12:54.419750,2019-12-02 19:57:41.634407,2019-12-02 19:58:26.634407,2019-12-02 20:19:50.798660,Replace,9,46,40,0 days 00:00:45.000000000,0 days 00:15:09.419750000
17,2019-12-02 20:17:00.000000,2019-12-02 20:17:35.000000,2019-12-02 20:32:58.008662,2019-12-02 20:33:33.008662,2019-12-02 21:12:32.456272,2019-12-02 21:13:07.456272,2019-12-02 21:29:31.534974,Replace,9,46,40,0 days 00:00:35.000000000,0 days 00:15:58.008662000
18,2019-12-02 22:25:00.000000,2019-12-02 22:25:45.000000,2019-12-02 22:42:06.684017,2019-12-02 22:42:14.703989,,,,Onsite,9,46,40,0 days 00:00:45.000000000,0 days 00:16:29.703989000
19,2019-12-02 21:21:00.000000,2019-12-02 21:21:35.000000,2019-12-02 21:37:11.468109,2019-12-02 21:37:46.468109,2019-12-02 22:08:26.285140,2019-12-02 22:09:01.285140,2019-12-02 22:25:04.937415,Replace,9,46,40,0 days 00:00:35.000000000,0 days 00:16:11.468109000
0,2019-12-02 01:11:00.000000,2019-12-02 00:00:45.000000,2019-12-02 00:15:06.722864,2019-12-02 00:15:23.936510,,,,Onsite,1,46,41,-1 days +22:49:45.000000000,0 days 00:14:38.936510000
1,2019-12-02 01:08:00.000000,2019-12-02 01:08:50.000000,2019-12-02 01:17:42.076497,2019-12-02 01:17:59.383105,,,,Onsite,1,46,41,0 days 00:00:50.000000000,0 days 00:09:09.383105000
2,2019-12-02 02:21:00.000000,2019-12-02 02:21:35.000000,2019-12-02 02:40:49.339212,2019-12-02 02:40:56.579335,,,,Onsite,1,46,41,0 days 00:00:35.000000000,0 days 00:19:21.579335000
3,2019-12-02 03:22:00.000000,2019-12-02 03:22:55.000000,2019-12-02 03:41:26.344741,2019-12-02 03:42:21.344741,2019-12-02 04:06:18.248569,2019-12-02 04:07:13.248569,2019-12-02 04:21:41.071054,Replace,1,46,41,0 days 00:00:55.000000000,0 days 00:19:26.344741000
4,2019-12-02 04:30:00.000000,2019-12-02 04:30:50.000000,2019-12-02 04:47:48.948962,2019-12-02 04:47:53.660440,,,,Onsite,1,46,41,0 days 00:00:50.000000000,0 days 00:17:03.660440000
5,2019-12-02 05:44:00.000000,2019-12-02 05:44:35.000000,2019-12-02 06:07:52.297161,2019-12-02 06:08:27.297161,2019-12-02 06:41:34.179616,2019-12-02 06:42:09.179616,2019-12-02 07:04:01.892799,Replace,1,46,41,0 days 00:00:35.000000000,0 days 00:23:52.297161000
6,2019-12-02 06:53:00.000000,2019-12-02 06:53:25.000000,2019-12-02 07:10:45.877670,2019-12-02 07:10:53.152507,,,,Onsite,1,46,41,0 days 00:00:25.000000000,0 days 00:17:28.152507000
7,2019-12-02 08:07:00.000000,2019-12-02 08:07:45.000000,2019-12-02 08:19:27.369777,2019-12-02 08:19:33.989483,,,,Onsite,1,46,41,0 days 00:00:45.000000000,0 days 00:11:48.989483000
8,2019-12-02 09:04:00.000000,2019-12-02 09:04:45.000000,2019-12-02 09:14:31.466422,2019-12-02 09:14:36.179791,,,,Onsite,1,46,41,0 days 00:00:45.000000000,0 days 00:09:51.179791000
9,2019-12-02 10:22:00.000000,2019-12-02 10:22:55.000000,2019-12-02 10:38:14.860454,2019-12-02 10:38:24.744960,,,,Onsite,1,46,41,0 days 00:00:55.000000000,0 days 00:15:29.744960000
10,2019-12-02 11:32:00.000000,2019-12-02 11:32:45.000000,2019-12-02 11:49:49.112311,2019-12-02 11:50:11.260078,,,,Onsite,1,46,41,0 days 00:00:45.000000000,0 days 00:17:26.260078000
11,2019-12-02 12:39:00.000000,2019-12-02 12:39:50.000000,2019-12-02 12:57:37.532318,2019-12-02 12:57:51.686717,,,,Onsite,1,46,41,0 days 00:00:50.000000000,0 days 00:18:01.686717000
12,2019-12-02 13:47:00.000000,2019-12-02 13:47:25.000000,2019-12-02 14:00:20.488761,2019-12-02 14:00:45.488761,2019-12-02 14:28:59.143503,2019-12-02 14:29:24.143503,2019-12-02 14:46:44.638977,Replace,1,46,41,0 days 00:00:25.000000000,0 days 00:13:20.488761000
13,2019-12-02 14:58:00.000000,2019-12-02 14:58:45.000000,2019-12-02 15:17:34.390561,2019-12-02 15:18:19.390561,2019-12-02 15:55:33.490215,2019-12-02 15:56:18.490215,2019-12-02 16:13:28.292999,Replace,1,46,41,0 days 00:00:45.000000000,0 days 00:19:34.390561000
14,2019-12-02 15:53:00.000000,2019-12-02 15:53:25.000000,2019-12-02 16:09:46.465930,2019-12-02 16:10:11.465930,2019-12-02 17:01:09.649877,2019-12-02 17:01:34.649877,2019-12-02 17:22:17.358457,Replace,1,46,41,0 days 00:00:25.000000000,0 days 00:16:46.465930000
15,2019-12-02 16:54:00.000000,2019-12-02 16:54:45.000000,2019-12-02 17:10:38.217445,2019-12-02 17:11:23.217445,2019-12-02 17:45:09.405231,2019-12-02 17:45:54.405231,2019-12-02 18:05:16.398585,Replace,1,46,41,0 days 00:00:45.000000000,0 days 00:16:38.217445000
16,2019-12-02 17:54:00.000000,2019-12-02 17:54:45.000000,2019-12-02 18:10:53.711173,2019-12-02 18:11:38.711173,2019-12-02 18:43:42.843464,2019-12-02 18:44:27.843464,2019-12-02 19:01:14.044765,Replace,1,46,41,0 days 00:00:45.000000000,0 days 00:16:53.711173000
17,2019-12-02 18:59:00.000000,2019-12-02 18:59:45.000000,2019-12-02 19:16:13.300419,2019-12-02 19:16:58.300419,2019-12-02 19:47:11.007011,2019-12-02 19:47:56.007011,2019-12-02 20:06:18.041059,Replace,1,46,41,0 days 00:00:45.000000000,0 days 00:17:13.300419000
18,2019-12-02 20:17:00.000000,2019-12-02 20:17:50.000000,2019-12-02 20:32:58.018459,2019-12-02 20:33:09.061843,,,,Onsite,1,46,41,0 days 00:00:50.000000000,0 days 00:15:19.061843000
19,2019-12-02 21:11:00.000000,2019-12-02 21:11:50.000000,2019-12-02 21:28:33.016090,2019-12-02 21:29:23.016090,2019-12-02 22:00:25.999915,2019-12-02 22:01:15.999915,2019-12-02 22:15:20.955927,Replace,1,46,41,0 days 00:00:50.000000000,0 days 00:17:33.016090000
20,2019-12-02 22:23:00.000000,2019-12-02 22:23:25.000000,2019-12-02 22:37:28.742170,2019-12-02 22:37:39.638958,,,,Onsite,1,46,41,0 days 00:00:25.000000000,0 days 00:14:14.638958000
0,2019-12-02 01:05:00.000000,2019-12-02 00:00:55.000000,2019-12-02 00:18:33.583681,2019-12-02 00:19:28.583681,2019-12-02 01:12:24.998435,2019-12-02 01:13:19.998435,2019-12-02 01:30:37.060446,Replace,2,46,41,-1 days +22:55:55.000000000,0 days 00:18:33.583681000
1,2019-12-02 01:02:00.000000,2019-12-02 01:02:45.000000,2019-12-02 01:20:20.068211,2019-12-02 01:21:05.068211,2019-12-02 01:45:37.315787,2019-12-02 01:46:22.315787,2019-12-02 02:02:38.706231,Replace,2,46,41,0 days 00:00:45.000000000,0 days 00:18:20.068211000
2,2019-12-02 02:15:00.000000,2019-12-02 02:15:55.000000,2019-12-02 02:35:39.224062,2019-12-02 02:36:34.224062,2019-12-02 03:13:28.007415,2019-12-02 03:14:23.007415,2019-12-02 03:27:33.264391,Replace,2,46,41,0 days 00:00:55.000000000,0 days 00:20:39.224062000
3,2019-12-02 03:12:00.000000,2019-12-02 03:12:30.000000,2019-12-02 03:28:30.557692,2019-12-02 03:29:00.557692,2019-12-02 04:14:16.339981,2019-12-02 04:14:46.339981,2019-12-02 04:31:11.004510,Replace,2,46,41,0 days 00:00:30.000000000,0 days 00:16:30.557692000
4,2019-12-02 04:29:00.000000,2019-12-02 04:29:30.000000,2019-12-02 04:44:57.628329,2019-12-02 04:45:29.670550,,,,Onsite,2,46,41,0 days 00:00:30.000000000,0 days 00:15:59.670550000
5,2019-12-02 05:34:00.000000,2019-12-02 05:34:30.000000,2019-12-02 05:51:43.694907,2019-12-02 05:52:13.694907,2019-12-02 06:35:47.204286,2019-12-02 06:36:17.204286,2019-12-02 06:54:25.165520,Replace,2,46,41,0 days 00:00:30.000000000,0 days 00:17:43.694907000
6,2019-12-02 06:30:00.000000,2019-12-02 06:30:45.000000,2019-12-02 06:44:35.100879,2019-12-02 06:44:50.661075,,,,Onsite,2,46,41,0 days 00:00:45.000000000,0 days 00:14:05.661075000
7,2019-12-02 07:37:00.000000,2019-12-02 07:37:45.000000,2019-12-02 07:55:27.302502,2019-12-02 07:55:36.076466,,,,Onsite,2,46,41,0 days 00:00:45.000000000,0 days 00:17:51.076466000
8,2019-12-02 08:31:00.000000,2019-12-02 08:31:30.000000,2019-12-02 08:44:58.017496,2019-12-02 08:45:28.017496,2019-12-02 09:15:25.962253,2019-12-02 09:15:55.962253,2019-12-02 09:33:23.656762,Replace,2,46,41,0 days 00:00:30.000000000,0 days 00:13:58.017496000
9,2019-12-02 09:49:00.000000,2019-12-02 09:49:35.000000,2019-12-02 10:05:26.361830,2019-12-02 10:06:00.568547,,,,Onsite,2,46,41,0 days 00:00:35.000000000,0 days 00:16:25.568547000
10,2019-12-02 10:35:00.000000,2019-12-02 10:35:50.000000,2019-12-02 10:50:41.505907,2019-12-02 10:51:31.505907,2019-12-02 11:27:35.101315,2019-12-02 11:28:25.101315,2019-12-02 11:49:09.962829,Replace,2,46,41,0 days 00:00:50.000000000,0 days 00:15:41.505907000
11,2019-12-02 11:40:00.000000,2019-12-02 11:40:45.000000,2019-12-02 11:52:44.600067,2019-12-02 11:53:29.600067,2019-12-02 12:18:05.757023,2019-12-02 12:18:50.757023,2019-12-02 12:36:06.571070,Replace,2,46,41,0 days 00:00:45.000000000,0 days 00:12:44.600067000
12,2019-12-02 13:07:00.000000,2019-12-02 13:07:45.000000,2019-12-02 13:22:18.108535,2019-12-02 13:23:03.108535,2019-12-02 14:03:40.243927,2019-12-02 14:04:25.243927,2019-12-02 14:16:24.975863,Replace,2,46,41,0 days 00:00:45.000000000,0 days 00:15:18.108535000
13,2019-12-02 14:10:00.000000,2019-12-02 14:10:30.000000,2019-12-02 14:24:19.077109,2019-12-02 14:24:49.077109,2019-12-02 15:00:16.941553,2019-12-02 15:00:46.941553,2019-12-02 15:18:21.896234,Replace,2,46,41,0 days 00:00:30.000000000,0 days 00:14:19.077109000
14,2019-12-02 15:19:00.000000,2019-12-02 15:19:30.000000,2019-12-02 15:36:03.015281,2019-12-02 15:36:25.232617,,,,Onsite,2,46,41,0 days 00:00:30.000000000,0 days 00:16:55.232617000
15,2019-12-02 16:27:00.000000,2019-12-02 16:27:35.000000,2019-12-02 16:42:28.022017,2019-12-02 16:43:03.022017,2019-12-02 17:17:41.360744,2019-12-02 17:18:16.360744,2019-12-02 17:37:26.808889,Replace,2,46,41,0 days 00:00:35.000000000,0 days 00:15:28.022017000
16,2019-12-02 17:40:00.000000,2019-12-02 17:40:25.000000,2019-12-02 17:58:07.479919,2019-12-02 17:58:21.671893,,,,Onsite,2,46,41,0 days 00:00:25.000000000,0 days 00:17:56.671893000
17,2019-12-02 18:38:00.000000,2019-12-02 18:38:25.000000,2019-12-02 18:51:32.322427,2019-12-02 18:51:57.322427,2019-12-02 19:31:12.591064,2019-12-02 19:31:37.591064,2019-12-02 19:47:32.827327,Replace,2,46,41,0 days 00:00:25.000000000,0 days 00:13:32.322427000
18,2019-12-02 19:59:00.000000,2019-12-02 19:59:45.000000,2019-12-02 20:15:08.728575,2019-12-02 20:15:53.728575,2019-12-02 20:54:05.660597,2019-12-02 20:54:50.660597,2019-12-02 21:14:07.114223,Replace,2,46,41,0 days 00:00:45.000000000,0 days 00:16:08.728575000
19,2019-12-02 21:03:00.000000,2019-12-02 21:03:35.000000,2019-12-02 21:19:46.184500,2019-12-02 21:19:50.669348,,,,Onsite,2,46,41,0 days 00:00:35.000000000,0 days 00:16:15.669348000
20,2019-12-02 21:55:00.000000,2019-12-02 21:55:25.000000,2019-12-02 22:14:04.730650,2019-12-02 22:14:29.730650,2019-12-02 22:35:55.343984,2019-12-02 22:36:20.343984,2019-12-02 22:49:52.206149,Replace,2,46,41,0 days 00:00:25.000000000,0 days 00:19:04.730650000
0,2019-12-02 01:04:00.000000,2019-12-02 00:00:35.000000,2019-12-02 00:17:12.299094,2019-12-02 00:17:47.299094,2019-12-02 00:48:08.059622,2019-12-02 00:48:43.059622,2019-12-02 01:00:58.873855,Replace,3,46,41,-1 days +22:56:35.000000000,0 days 00:17:12.299094000
1,2019-12-02 01:19:00.000000,2019-12-02 01:19:45.000000,2019-12-02 01:36:16.973058,2019-12-02 01:37:01.973058,2019-12-02 02:06:10.323774,2019-12-02 02:06:55.323774,2019-12-02 02:29:25.527638,Replace,3,46,41,0 days 00:00:45.000000000,0 days 00:17:16.973058000
2,2019-12-02 02:32:00.000000,2019-12-02 02:32:50.000000,2019-12-02 02:45:37.528327,2019-12-02 02:45:46.600767,,,,Onsite,3,46,41,0 days 00:00:50.000000000,0 days 00:12:56.600767000
3,2019-12-02 04:35:00.000000,2019-12-02 04:35:55.000000,2019-12-02 04:48:32.132181,2019-12-02 04:49:27.132181,2019-12-02 05:19:17.428068,2019-12-02 05:20:12.428068,2019-12-02 05:31:43.613150,Replace,3,46,41,0 days 00:00:55.000000000,0 days 00:13:32.132181000
4,2019-12-02 03:27:00.000000,2019-12-02 03:27:30.000000,2019-12-02 03:41:43.167456,2019-12-02 03:42:13.167456,2019-12-02 04:12:17.028240,2019-12-02 04:12:47.028240,2019-12-02 04:35:32.065504,Replace,3,46,41,0 days 00:00:30.000000000,0 days 00:14:43.167456000
5,2019-12-02 05:53:00.000000,2019-12-02 05:53:45.000000,2019-12-02 06:08:31.022578,2019-12-02 06:09:16.022578,2019-12-02 06:54:36.890900,2019-12-02 06:55:21.890900,2019-12-02 07:11:41.452441,Replace,3,46,41,0 days 00:00:45.000000000,0 days 00:15:31.022578000
6,2019-12-02 06:59:00.000000,2019-12-02 06:59:45.000000,2019-12-02 07:14:52.868031,2019-12-02 07:15:37.868031,2019-12-02 08:05:15.132505,2019-12-02 08:06:00.132505,2019-12-02 08:26:03.357111,Replace,3,46,41,0 days 00:00:45.000000000,0 days 00:15:52.868031000
7,2019-12-02 08:16:00.000000,2019-12-02 08:16:50.000000,2019-12-02 08:29:56.776815,2019-12-02 08:30:46.776815,2019-12-02 09:20:20.661956,2019-12-02 09:21:10.661956,2019-12-02 09:34:33.430597,Replace,3,46,41,0 days 00:00:50.000000000,0 days 00:13:56.776815000
8,2019-12-02 09:16:00.000000,2019-12-02 09:16:30.000000,2019-12-02 09:32:49.784384,2019-12-02 09:33:19.784384,2019-12-02 10:09:29.167785,2019-12-02 10:09:59.167785,2019-12-02 10:27:07.595810,Replace,3,46,41,0 days 00:00:30.000000000,0 days 00:16:49.784384000
9,2019-12-02 10:32:00.000000,2019-12-02 10:32:35.000000,2019-12-02 10:46:43.846108,2019-12-02 10:47:18.846108,2019-12-02 11:34:45.455290,2019-12-02 11:35:20.455290,2019-12-02 11:51:25.322296,Replace,3,46,41,0 days 00:00:35.000000000,0 days 00:14:43.846108000
10,2019-12-02 11:31:00.000000,2019-12-02 11:31:50.000000,2019-12-02 11:45:10.667791,2019-12-02 11:46:00.667791,2019-12-02 12:13:37.648930,2019-12-02 12:14:27.648930,2019-12-02 12:31:54.131350,Replace,3,46,41,0 days 00:00:50.000000000,0 days 00:14:10.667791000
11,2019-12-02 12:37:00.000000,2019-12-02 12:37:30.000000,2019-12-02 12:56:10.687230,2019-12-02 12:56:40.687230,2019-12-02 13:28:11.769143,2019-12-02 13:28:41.769143,2019-12-02 13:48:04.653832,Replace,3,46,41,0 days 00:00:30.000000000,0 days 00:19:10.687230000
12,2019-12-02 13:51:00.000000,2019-12-02 13:51:45.000000,2019-12-02 14:07:20.015503,2019-12-02 14:08:05.015503,2019-12-02 14:44:33.392272,2019-12-02 14:45:18.392272,2019-12-02 15:02:11.959258,Replace,3,46,41,0 days 00:00:45.000000000,0 days 00:16:20.015503000
13,2019-12-02 15:08:00.000000,2019-12-02 15:08:35.000000,2019-12-02 15:22:28.612568,2019-12-02 15:23:03.612568,2019-12-02 15:56:15.892170,2019-12-02 15:56:50.892170,2019-12-02 16:12:55.839004,Replace,3,46,41,0 days 00:00:35.000000000,0 days 00:14:28.612568000
14,2019-12-02 16:23:00.000000,2019-12-02 16:23:25.000000,2019-12-02 16:43:52.845248,2019-12-02 16:44:17.845248,2019-12-02 17:14:51.097929,2019-12-02 17:15:16.097929,2019-12-02 17:31:04.583259,Replace,3,46,41,0 days 00:00:25.000000000,0 days 00:20:52.845248000
15,2019-12-02 17:34:00.000000,2019-12-02 17:34:35.000000,2019-12-02 17:54:09.343339,2019-12-02 17:54:22.600137,,,,Onsite,3,46,41,0 days 00:00:35.000000000,0 days 00:19:47.600137000
16,2019-12-02 18:46:00.000000,2019-12-02 18:46:35.000000,2019-12-02 19:03:52.714154,2019-12-02 19:04:18.181270,,,,Onsite,3,46,41,0 days 00:00:35.000000000,0 days 00:17:43.181270000
17,2019-12-02 20:45:00.000000,2019-12-02 20:45:45.000000,2019-12-02 21:00:56.980295,2019-12-02 21:01:06.925002,,,,Onsite,3,46,41,0 days 00:00:45.000000000,0 days 00:15:21.925002000
18,2019-12-02 19:49:00.000000,2019-12-02 19:49:35.000000,2019-12-02 20:07:33.931898,2019-12-02 20:08:08.931898,2019-12-02 20:44:38.662682,2019-12-02 20:45:13.662682,2019-12-02 21:01:36.604905,Replace,3,46,41,0 days 00:00:35.000000000,0 days 00:18:33.931898000
19,2019-12-02 21:53:00.000000,2019-12-02 21:53:45.000000,2019-12-02 22:14:59.826078,2019-12-02 22:15:07.058560,,,,Onsite,3,46,41,0 days 00:00:45.000000000,0 days 00:21:22.058560000
0,2019-12-02 01:00:00.000000,2019-12-02 01:00:45.000000,2019-12-02 01:16:33.217502,2019-12-02 01:17:18.217502,2019-12-02 01:48:37.752727,2019-12-02 01:49:22.752727,2019-12-02 02:06:17.539058,Replace,4,46,41,0 days 00:00:45.000000000,0 days 00:16:33.217502000
1,2019-12-02 01:17:00.000000,2019-12-02 00:00:25.000000,2019-12-02 00:20:40.350712,2019-12-02 00:21:05.350712,2019-12-02 01:00:31.997848,2019-12-02 01:00:56.997848,2019-12-02 01:13:02.456452,Replace,4,46,41,-1 days +22:43:25.000000000,0 days 00:20:40.350712000
2,2019-12-02 02:15:00.000000,2019-12-02 02:15:50.000000,2019-12-02 02:34:21.476760,2019-12-02 02:35:11.476760,2019-12-02 03:12:20.344205,2019-12-02 03:13:10.344205,2019-12-02 03:27:49.913109,Replace,4,46,41,0 days 00:00:50.000000000,0 days 00:19:21.476760000
3,2019-12-02 03:17:00.000000,2019-12-02 03:17:45.000000,2019-12-02 03:30:38.245756,2019-12-02 03:30:51.271656,,,,Onsite,4,46,41,0 days 00:00:45.000000000,0 days 00:13:06.271656000
4,2019-12-02 04:33:00.000000,2019-12-02 04:33:30.000000,2019-12-02 04:47:56.464449,2019-12-02 04:48:14.973396,,,,Onsite,4,46,41,0 days 00:00:30.000000000,0 days 00:14:44.973396000
5,2019-12-02 05:37:00.000000,2019-12-02 05:37:25.000000,2019-12-02 05:52:01.855102,2019-12-02 05:52:26.855102,2019-12-02 06:31:44.647339,2019-12-02 06:32:09.647339,2019-12-02 06:48:00.430272,Replace,4,46,41,0 days 00:00:25.000000000,0 days 00:15:01.855102000
6,2019-12-02 06:27:00.000000,2019-12-02 06:27:55.000000,2019-12-02 06:47:00.470045,2019-12-02 06:47:55.470045,2019-12-02 07:31:15.278559,2019-12-02 07:32:10.278559,2019-12-02 07:52:30.366073,Replace,4,46,41,0 days 00:00:55.000000000,0 days 00:20:00.470045000
7,2019-12-02 07:25:00.000000,2019-12-02 07:25:45.000000,2019-12-02 07:37:01.983553,2019-12-02 07:37:46.983553,2019-12-02 08:23:27.601802,2019-12-02 08:24:12.601802,2019-12-02 08:41:13.861198,Replace,4,46,41,0 days 00:00:45.000000000,0 days 00:12:01.983553000
8,2019-12-02 08:32:00.000000,2019-12-02 08:32:50.000000,2019-12-02 08:53:31.144863,2019-12-02 08:54:21.144863,2019-12-02 09:30:25.811588,2019-12-02 09:31:15.811588,2019-12-02 09:48:14.968406,Replace,4,46,41,0 days 00:00:50.000000000,0 days 00:21:31.144863000
9,2019-12-02 09:40:00.000000,2019-12-02 09:40:50.000000,2019-12-02 09:57:23.784721,2019-12-02 09:58:13.784721,2019-12-02 10:26:24.473800,2019-12-02 10:27:14.473800,2019-12-02 10:44:26.912945,Replace,4,46,41,0 days 00:00:50.000000000,0 days 00:17:23.784721000
10,2019-12-02 10:53:00.000000,2019-12-02 10:53:50.000000,2019-12-02 11:08:28.734472,2019-12-02 11:09:18.734472,2019-12-02 11:39:28.588311,2019-12-02 11:40:18.588311,2019-12-02 12:01:22.205551,Replace,4,46,41,0 days 00:00:50.000000000,0 days 00:15:28.734472000
11,2019-12-02 11:48:00.000000,2019-12-02 11:48:25.000000,2019-12-02 12:05:46.970138,2019-12-02 12:06:11.970138,2019-12-02 12:41:59.972532,2019-12-02 12:42:24.972532,2019-12-02 12:55:18.508548,Replace,4,46,41,0 days 00:00:25.000000000,0 days 00:17:46.970138000
12,2019-12-02 13:00:00.000000,2019-12-02 13:00:25.000000,2019-12-02 13:20:22.020914,2019-12-02 13:20:31.243358,,,,Onsite,4,46,41,0 days 00:00:25.000000000,0 days 00:20:06.243358000
13,2019-12-02 14:16:00.000000,2019-12-02 14:16:45.000000,2019-12-02 14:29:55.654641,2019-12-02 14:30:27.694231,,,,Onsite,4,46,41,0 days 00:00:45.000000000,0 days 00:13:42.694231000
14,2019-12-02 15:32:00.000000,2019-12-02 15:32:25.000000,2019-12-02 15:42:51.494028,2019-12-02 15:43:05.136470,,,,Onsite,4,46,41,0 days 00:00:25.000000000,0 days 00:10:40.136470000
15,2019-12-02 16:48:00.000000,2019-12-02 16:48:45.000000,2019-12-02 17:01:29.288949,2019-12-02 17:02:14.288949,2019-12-02 17:40:43.211012,2019-12-02 17:41:28.211012,2019-12-02 17:56:47.982548,Replace,4,46,41,0 days 00:00:45.000000000,0 days 00:13:29.288949000
16,2019-12-02 17:52:00.000000,2019-12-02 17:52:30.000000,2019-12-02 18:08:12.800511,2019-12-02 18:08:42.800511,2019-12-02 18:50:13.116349,2019-12-02 18:50:43.116349,2019-12-02 19:04:47.726609,Replace,4,46,41,0 days 00:00:30.000000000,0 days 00:16:12.800511000
17,2019-12-02 18:58:00.000000,2019-12-02 18:58:45.000000,2019-12-02 19:10:09.427544,2019-12-02 19:10:24.531085,,,,Onsite,4,46,41,0 days 00:00:45.000000000,0 days 00:11:39.531085000
18,2019-12-02 20:15:00.000000,2019-12-02 20:15:35.000000,2019-12-02 20:30:07.365931,2019-12-02 20:30:42.365931,2019-12-02 21:05:10.303075,2019-12-02 21:05:45.303075,2019-12-02 21:24:21.452625,Replace,4,46,41,0 days 00:00:35.000000000,0 days 00:15:07.365931000
19,2019-12-02 21:14:00.000000,2019-12-02 21:14:45.000000,2019-12-02 21:37:16.383751,2019-12-02 21:38:01.383751,2019-12-02 22:23:21.179161,2019-12-02 22:24:06.179161,2019-12-02 22:38:55.382947,Replace,4,46,41,0 days 00:00:45.000000000,0 days 00:23:16.383751000
20,2019-12-02 22:28:00.000000,2019-12-02 22:28:30.000000,2019-12-02 22:38:23.559992,2019-12-02 22:38:40.632092,,,,Onsite,4,46,41,0 days 00:00:30.000000000,0 days 00:10:10.632092000
0,2019-12-02 01:05:00.000000,2019-12-02 00:00:55.000000,2019-12-02 00:17:10.511391,2019-12-02 00:17:34.871262,,,,Onsite,5,46,41,-1 days +22:55:55.000000000,0 days 00:16:39.871262000
1,2019-12-02 01:11:00.000000,2019-12-02 01:11:35.000000,2019-12-02 01:22:58.312893,2019-12-02 01:23:33.312893,2019-12-02 01:53:30.378124,2019-12-02 01:54:05.378124,2019-12-02 02:10:19.327611,Replace,5,46,41,0 days 00:00:35.000000000,0 days 00:11:58.312893000
2,2019-12-02 02:07:00.000000,2019-12-02 02:07:30.000000,2019-12-02 02:29:53.726371,2019-12-02 02:30:10.938591,,,,Onsite,5,46,41,0 days 00:00:30.000000000,0 days 00:22:40.938591000
3,2019-12-02 03:18:00.000000,2019-12-02 03:18:25.000000,2019-12-02 03:35:52.104660,2019-12-02 03:36:17.104660,2019-12-02 03:59:08.603708,2019-12-02 03:59:33.603708,2019-12-02 04:21:03.663000,Replace,5,46,41,0 days 00:00:25.000000000,0 days 00:17:52.104660000
4,2019-12-02 04:31:00.000000,2019-12-02 04:31:30.000000,2019-12-02 04:52:18.931471,2019-12-02 04:52:48.931471,2019-12-02 05:29:47.452488,2019-12-02 05:30:17.452488,2019-12-02 05:52:43.496500,Replace,5,46,41,0 days 00:00:30.000000000,0 days 00:21:18.931471000
5,2019-12-02 05:46:00.000000,2019-12-02 05:46:55.000000,2019-12-02 05:58:19.109823,2019-12-02 05:58:32.450993,,,,Onsite,5,46,41,0 days 00:00:55.000000000,0 days 00:11:37.450993000
6,2019-12-02 06:38:00.000000,2019-12-02 06:38:45.000000,2019-12-02 06:55:14.225892,2019-12-02 06:55:59.225892,2019-12-02 07:38:09.408520,2019-12-02 07:38:54.408520,2019-12-02 07:58:51.470743,Replace,5,46,41,0 days 00:00:45.000000000,0 days 00:17:14.225892000
7,2019-12-02 07:45:00.000000,2019-12-02 07:45:45.000000,2019-12-02 08:00:52.075017,2019-12-02 08:01:21.218677,,,,Onsite,5,46,41,0 days 00:00:45.000000000,0 days 00:15:36.218677000
8,2019-12-02 09:02:00.000000,2019-12-02 09:02:30.000000,2019-12-02 09:20:22.804446,2019-12-02 09:20:52.804446,2019-12-02 09:45:23.868089,2019-12-02 09:45:53.868089,2019-12-02 10:03:21.967103,Replace,5,46,41,0 days 00:00:30.000000000,0 days 00:18:22.804446000
9,2019-12-02 10:01:00.000000,2019-12-02 10:01:35.000000,2019-12-02 10:16:10.304582,2019-12-02 10:16:45.304582,2019-12-02 10:52:25.888251,2019-12-02 10:53:00.888251,2019-12-02 11:16:39.347978,Replace,5,46,41,0 days 00:00:35.000000000,0 days 00:15:10.304582000
10,2019-12-02 11:06:00.000000,2019-12-02 11:06:45.000000,2019-12-02 11:26:54.371699,2019-12-02 11:27:10.636414,,,,Onsite,5,46,41,0 days 00:00:45.000000000,0 days 00:20:25.636414000
11,2019-12-02 12:18:00.000000,2019-12-02 12:18:30.000000,2019-12-02 12:36:47.286424,2019-12-02 12:37:17.286424,2019-12-02 13:19:32.117393,2019-12-02 13:20:02.117393,2019-12-02 13:33:31.972173,Replace,5,46,41,0 days 00:00:30.000000000,0 days 00:18:47.286424000
12,2019-12-02 13:22:00.000000,2019-12-02 13:22:45.000000,2019-12-02 13:39:25.841392,2019-12-02 13:40:10.841392,2019-12-02 14:24:12.389056,2019-12-02 14:24:57.389056,2019-12-02 14:42:32.907886,Replace,5,46,41,0 days 00:00:45.000000000,0 days 00:17:25.841392000
13,2019-12-02 14:35:00.000000,2019-12-02 14:35:30.000000,2019-12-02 14:48:33.658548,2019-12-02 14:49:03.658548,2019-12-02 15:11:10.467826,2019-12-02 15:11:40.467826,2019-12-02 15:26:05.262023,Replace,5,46,41,0 days 00:00:30.000000000,0 days 00:13:33.658548000
14,2019-12-02 15:33:00.000000,2019-12-02 15:33:45.000000,2019-12-02 15:53:54.738944,2019-12-02 15:54:20.113532,,,,Onsite,5,46,41,0 days 00:00:45.000000000,0 days 00:20:35.113532000
15,2019-12-02 16:48:00.000000,2019-12-02 16:48:25.000000,2019-12-02 17:03:19.263038,2019-12-02 17:03:39.803509,,,,Onsite,5,46,41,0 days 00:00:25.000000000,0 days 00:15:14.803509000
16,2019-12-02 19:00:00.000000,2019-12-02 19:00:25.000000,2019-12-02 19:16:04.182420,2019-12-02 19:16:14.689452,,,,Onsite,5,46,41,0 days 00:00:25.000000000,0 days 00:15:49.689452000
17,2019-12-02 17:54:00.000000,2019-12-02 17:54:50.000000,2019-12-02 18:17:46.918531,2019-12-02 18:18:36.918531,2019-12-02 18:59:32.218498,2019-12-02 19:00:22.218498,2019-12-02 19:22:31.151134,Replace,5,46,41,0 days 00:00:50.000000000,0 days 00:23:46.918531000
18,2019-12-02 20:06:00.000000,2019-12-02 20:06:50.000000,2019-12-02 20:24:36.034790,2019-12-02 20:24:44.538331,,,,Onsite,5,46,41,0 days 00:00:50.000000000,0 days 00:17:54.538331000
19,2019-12-02 21:14:00.000000,2019-12-02 21:14:45.000000,2019-12-02 21:28:11.122493,2019-12-02 21:28:56.122493,2019-12-02 21:50:59.501132,2019-12-02 21:51:44.501132,2019-12-02 22:05:42.267655,Replace,5,46,41,0 days 00:00:45.000000000,0 days 00:14:11.122493000
0,2019-12-02 00:53:00.000000,2019-12-02 00:00:55.000000,2019-12-02 00:16:51.486678,2019-12-02 00:17:46.486678,2019-12-02 01:01:20.079106,2019-12-02 01:02:15.079106,2019-12-02 01:15:58.446819,Replace,6,46,41,-1 days +23:07:55.000000000,0 days 00:16:51.486678000
1,2019-12-02 01:24:00.000000,2019-12-02 01:24:55.000000,2019-12-02 01:39:43.218134,2019-12-02 01:40:38.218134,2019-12-02 02:07:04.858536,2019-12-02 02:07:59.858536,2019-12-02 02:26:39.419815,Replace,6,46,41,0 days 00:00:55.000000000,0 days 00:15:43.218134000
2,2019-12-02 02:21:00.000000,2019-12-02 02:21:50.000000,2019-12-02 02:38:00.613074,2019-12-02 02:38:50.613074,2019-12-02 03:09:34.296997,2019-12-02 03:10:24.296997,2019-12-02 03:24:45.140292,Replace,6,46,41,0 days 00:00:50.000000000,0 days 00:17:00.613074000
3,2019-12-02 03:19:00.000000,2019-12-02 03:19:55.000000,2019-12-02 03:30:09.455955,2019-12-02 03:31:04.455955,2019-12-02 04:08:09.216073,2019-12-02 04:09:04.216073,2019-12-02 04:25:45.355375,Replace,6,46,41,0 days 00:00:55.000000000,0 days 00:11:09.455955000
4,2019-12-02 04:49:00.000000,2019-12-02 04:49:45.000000,2019-12-02 05:08:30.297144,2019-12-02 05:09:15.297144,2019-12-02 05:49:37.689440,2019-12-02 05:50:22.689440,2019-12-02 06:12:41.523139,Replace,6,46,41,0 days 00:00:45.000000000,0 days 00:19:30.297144000
5,2019-12-02 05:47:00.000000,2019-12-02 05:47:35.000000,2019-12-02 06:03:57.560049,2019-12-02 06:04:18.743381,,,,Onsite,6,46,41,0 days 00:00:35.000000000,0 days 00:16:43.743381000
6,2019-12-02 07:07:00.000000,2019-12-02 07:07:35.000000,2019-12-02 07:25:32.482516,2019-12-02 07:25:33.676421,,,,Onsite,6,46,41,0 days 00:00:35.000000000,0 days 00:17:58.676421000
7,2019-12-02 08:17:00.000000,2019-12-02 08:17:35.000000,2019-12-02 08:35:59.327600,2019-12-02 08:36:34.327600,2019-12-02 09:02:05.923403,2019-12-02 09:02:40.923403,2019-12-02 09:16:53.906993,Replace,6,46,41,0 days 00:00:35.000000000,0 days 00:18:59.327600000
8,2019-12-02 09:29:00.000000,2019-12-02 09:29:35.000000,2019-12-02 09:43:00.288827,2019-12-02 09:43:14.321055,,,,Onsite,6,46,41,0 days 00:00:35.000000000,0 days 00:13:39.321055000
9,2019-12-02 10:41:00.000000,2019-12-02 10:41:30.000000,2019-12-02 10:59:28.715382,2019-12-02 10:59:40.179726,,,,Onsite,6,46,41,0 days 00:00:30.000000000,0 days 00:18:10.179726000
10,2019-12-02 11:34:00.000000,2019-12-02 11:34:35.000000,2019-12-02 11:48:44.694202,2019-12-02 11:49:19.694202,2019-12-02 12:31:05.737529,2019-12-02 12:31:40.737529,2019-12-02 12:54:26.345933,Replace,6,46,41,0 days 00:00:35.000000000,0 days 00:14:44.694202000
11,2019-12-02 12:51:00.000000,2019-12-02 12:51:55.000000,2019-12-02 13:09:01.708427,2019-12-02 13:09:56.708427,2019-12-02 13:57:32.201004,2019-12-02 13:58:27.201004,2019-12-02 14:16:18.430362,Replace,6,46,41,0 days 00:00:55.000000000,0 days 00:18:01.708427000
12,2019-12-02 13:47:00.000000,2019-12-02 13:47:35.000000,2019-12-02 13:57:05.162155,2019-12-02 13:57:40.162155,2019-12-02 14:23:43.840272,2019-12-02 14:24:18.840272,2019-12-02 14:39:30.613887,Replace,6,46,41,0 days 00:00:35.000000000,0 days 00:10:05.162155000
13,2019-12-02 14:58:00.000000,2019-12-02 14:58:45.000000,2019-12-02 15:11:35.306443,2019-12-02 15:11:47.920016,,,,Onsite,6,46,41,0 days 00:00:45.000000000,0 days 00:13:02.920016000
14,2019-12-02 16:08:00.000000,2019-12-02 16:08:55.000000,2019-12-02 16:29:06.973244,2019-12-02 16:29:34.428967,,,,Onsite,6,46,41,0 days 00:00:55.000000000,0 days 00:20:39.428967000
15,2019-12-02 17:07:00.000000,2019-12-02 17:07:35.000000,2019-12-02 17:21:40.097902,2019-12-02 17:22:15.097902,2019-12-02 18:05:40.770077,2019-12-02 18:06:15.770077,2019-12-02 18:21:54.743627,Replace,6,46,41,0 days 00:00:35.000000000,0 days 00:14:40.097902000
16,2019-12-02 18:11:00.000000,2019-12-02 18:11:45.000000,2019-12-02 18:33:00.288112,2019-12-02 18:33:45.288112,2019-12-02 18:59:23.552716,2019-12-02 19:00:08.552716,2019-12-02 19:18:48.453069,Replace,6,46,41,0 days 00:00:45.000000000,0 days 00:22:00.288112000
17,2019-12-02 19:19:00.000000,2019-12-02 19:19:35.000000,2019-12-02 19:35:38.092257,2019-12-02 19:35:50.643487,,,,Onsite,6,46,41,0 days 00:00:35.000000000,0 days 00:16:15.643487000
18,2019-12-02 20:37:00.000000,2019-12-02 20:37:50.000000,2019-12-02 20:57:36.556290,2019-12-02 20:57:44.380776,,,,Onsite,6,46,41,0 days 00:00:50.000000000,0 days 00:19:54.380776000
19,2019-12-02 21:42:00.000000,2019-12-02 21:42:35.000000,2019-12-02 21:57:00.970014,2019-12-02 21:57:35.970014,2019-12-02 22:28:23.026809,2019-12-02 22:28:58.026809,2019-12-02 22:41:14.900820,Replace,6,46,41,0 days 00:00:35.000000000,0 days 00:15:00.970014000
0,2019-12-02 01:12:00.000000,2019-12-02 00:00:35.000000,2019-12-02 00:22:58.237009,2019-12-02 00:23:33.237009,2019-12-02 01:09:14.073051,2019-12-02 01:09:49.073051,2019-12-02 01:28:34.078584,Replace,7,46,41,-1 days +22:48:35.000000000,0 days 00:22:58.237009000
1,2019-12-02 01:10:00.000000,2019-12-02 01:10:50.000000,2019-12-02 01:29:14.234166,2019-12-02 01:30:04.234166,2019-12-02 02:18:36.512557,2019-12-02 02:19:26.512557,2019-12-02 02:36:25.417924,Replace,7,46,41,0 days 00:00:50.000000000,0 days 00:19:14.234166000
2,2019-12-02 02:11:00.000000,2019-12-02 02:11:25.000000,2019-12-02 02:30:10.767584,2019-12-02 02:30:31.210635,,,,Onsite,7,46,41,0 days 00:00:25.000000000,0 days 00:19:06.210635000
3,2019-12-02 03:27:00.000000,2019-12-02 03:27:45.000000,2019-12-02 03:43:01.527381,2019-12-02 03:43:46.527381,2019-12-02 04:12:26.236915,2019-12-02 04:13:11.236915,2019-12-02 04:28:45.068358,Replace,7,46,41,0 days 00:00:45.000000000,0 days 00:16:01.527381000
4,2019-12-02 04:23:00.000000,2019-12-02 04:23:25.000000,2019-12-02 04:35:39.404964,2019-12-02 04:35:47.211835,,,,Onsite,7,46,41,0 days 00:00:25.000000000,0 days 00:12:22.211835000
5,2019-12-02 05:36:00.000000,2019-12-02 05:36:55.000000,2019-12-02 05:57:14.027081,2019-12-02 05:57:30.756898,,,,Onsite,7,46,41,0 days 00:00:55.000000000,0 days 00:20:35.756898000
6,2019-12-02 06:46:00.000000,2019-12-02 06:46:30.000000,2019-12-02 07:00:55.074779,2019-12-02 07:01:22.989384,,,,Onsite,7,46,41,0 days 00:00:30.000000000,0 days 00:14:52.989384000
7,2019-12-02 07:58:00.000000,2019-12-02 07:58:25.000000,2019-12-02 08:15:08.764093,2019-12-02 08:15:33.764093,2019-12-02 08:46:17.520574,2019-12-02 08:46:42.520574,2019-12-02 09:04:02.282831,Replace,7,46,41,0 days 00:00:25.000000000,0 days 00:17:08.764093000
8,2019-12-02 09:12:00.000000,2019-12-02 09:12:55.000000,2019-12-02 09:27:33.682561,2019-12-02 09:28:28.682561,2019-12-02 10:14:17.914639,2019-12-02 10:15:12.914639,2019-12-02 10:30:45.906354,Replace,7,46,41,0 days 00:00:55.000000000,0 days 00:15:33.682561000
9,2019-12-02 10:22:00.000000,2019-12-02 10:22:25.000000,2019-12-02 10:39:02.791383,2019-12-02 10:39:27.791383,2019-12-02 11:22:33.878489,2019-12-02 11:22:58.878489,2019-12-02 11:37:08.204999,Replace,7,46,41,0 days 00:00:25.000000000,0 days 00:17:02.791383000
10,2019-12-02 11:24:00.000000,2019-12-02 11:24:45.000000,2019-12-02 11:36:48.663513,2019-12-02 11:37:33.663513,2019-12-02 12:21:15.763896,2019-12-02 12:22:00.763896,2019-12-02 12:40:00.804623,Replace,7,46,41,0 days 00:00:45.000000000,0 days 00:12:48.663513000
11,2019-12-02 12:29:00.000000,2019-12-02 12:29:30.000000,2019-12-02 12:47:01.333201,2019-12-02 12:47:31.333201,2019-12-02 13:40:25.284061,2019-12-02 13:40:55.284061,2019-12-02 13:59:34.633009,Replace,7,46,41,0 days 00:00:30.000000000,0 days 00:18:01.333201000
12,2019-12-02 13:33:00.000000,2019-12-02 13:33:30.000000,2019-12-02 13:54:40.102701,2019-12-02 13:55:10.102701,2019-12-02 14:50:46.978863,2019-12-02 14:51:16.978863,2019-12-02 15:03:56.901010,Replace,7,46,41,0 days 00:00:30.000000000,0 days 00:21:40.102701000
13,2019-12-02 14:48:00.000000,2019-12-02 14:48:55.000000,2019-12-02 15:05:17.770544,2019-12-02 15:05:26.057988,,,,Onsite,7,46,41,0 days 00:00:55.000000000,0 days 00:16:31.057988000
14,2019-12-02 15:49:00.000000,2019-12-02 15:49:35.000000,2019-12-02 16:09:23.536909,2019-12-02 16:09:58.536909,2019-12-02 16:45:12.834312,2019-12-02 16:45:47.834312,2019-12-02 17:01:03.023039,Replace,7,46,41,0 days 00:00:35.000000000,0 days 00:20:23.536909000
15,2019-12-02 17:11:00.000000,2019-12-02 17:11:25.000000,2019-12-02 17:24:25.643703,2019-12-02 17:24:43.970165,,,,Onsite,7,46,41,0 days 00:00:25.000000000,0 days 00:13:18.970165000
16,2019-12-02 18:15:00.000000,2019-12-02 18:15:25.000000,2019-12-02 18:28:36.682059,2019-12-02 18:29:01.682059,2019-12-02 19:13:50.545733,2019-12-02 19:14:15.545733,2019-12-02 19:38:29.360592,Replace,7,46,41,0 days 00:00:25.000000000,0 days 00:13:36.682059000
17,2019-12-02 19:13:00.000000,2019-12-02 19:13:50.000000,2019-12-02 19:27:59.481789,2019-12-02 19:28:49.481789,2019-12-02 20:07:20.863078,2019-12-02 20:08:10.863078,2019-12-02 20:23:53.177886,Replace,7,46,41,0 days 00:00:50.000000000,0 days 00:14:59.481789000
18,2019-12-02 20:22:00.000000,2019-12-02 20:22:50.000000,2019-12-02 20:36:14.485700,2019-12-02 20:36:33.066851,,,,Onsite,7,46,41,0 days 00:00:50.000000000,0 days 00:13:43.066851000
19,2019-12-02 21:50:00.000000,2019-12-02 21:50:35.000000,2019-12-02 22:01:28.507046,2019-12-02 22:02:03.507046,2019-12-02 22:26:15.323014,2019-12-02 22:26:50.323014,2019-12-02 22:39:24.159608,Replace,7,46,41,0 days 00:00:35.000000000,0 days 00:11:28.507046000
0,2019-12-02 01:05:00.000000,2019-12-02 00:00:45.000000,2019-12-02 00:18:11.573353,2019-12-02 00:18:56.573353,2019-12-02 00:52:10.471813,2019-12-02 00:52:55.471813,2019-12-02 01:08:00.615354,Replace,8,46,41,-1 days +22:55:45.000000000,0 days 00:18:11.573353000
1,2019-12-02 01:10:00.000000,2019-12-02 01:10:35.000000,2019-12-02 01:27:55.053144,2019-12-02 01:28:30.053144,2019-12-02 02:12:27.435177,2019-12-02 02:13:02.435177,2019-12-02 02:28:45.593072,Replace,8,46,41,0 days 00:00:35.000000000,0 days 00:17:55.053144000
2,2019-12-02 02:11:00.000000,2019-12-02 02:11:45.000000,2019-12-02 02:35:06.023255,2019-12-02 02:35:51.023255,2019-12-02 03:07:46.977021,2019-12-02 03:08:31.977021,2019-12-02 03:21:20.135626,Replace,8,46,41,0 days 00:00:45.000000000,0 days 00:24:06.023255000
3,2019-12-02 03:19:00.000000,2019-12-02 03:19:50.000000,2019-12-02 03:34:19.332652,2019-12-02 03:35:09.332652,2019-12-02 04:01:53.385504,2019-12-02 04:02:43.385504,2019-12-02 04:18:39.157249,Replace,8,46,41,0 days 00:00:50.000000000,0 days 00:15:19.332652000
4,2019-12-02 04:15:00.000000,2019-12-02 04:15:55.000000,2019-12-02 04:36:56.728459,2019-12-02 04:37:51.728459,2019-12-02 05:08:03.306705,2019-12-02 05:08:58.306705,2019-12-02 05:23:08.238478,Replace,8,46,41,0 days 00:00:55.000000000,0 days 00:21:56.728459000
5,2019-12-02 05:29:00.000000,2019-12-02 05:29:45.000000,2019-12-02 05:47:03.204951,2019-12-02 05:47:48.204951,2019-12-02 06:16:15.503972,2019-12-02 06:17:00.503972,2019-12-02 06:33:00.895550,Replace,8,46,41,0 days 00:00:45.000000000,0 days 00:18:03.204951000
6,2019-12-02 06:28:00.000000,2019-12-02 06:28:45.000000,2019-12-02 06:42:01.923827,2019-12-02 06:42:13.563430,,,,Onsite,8,46,41,0 days 00:00:45.000000000,0 days 00:13:28.563430000
7,2019-12-02 07:39:00.000000,2019-12-02 07:39:35.000000,2019-12-02 07:55:06.328923,2019-12-02 07:55:41.328923,2019-12-02 08:19:20.323628,2019-12-02 08:19:55.323628,2019-12-02 08:36:52.353742,Replace,8,46,41,0 days 00:00:35.000000000,0 days 00:16:06.328923000
8,2019-12-02 08:55:00.000000,2019-12-02 08:55:35.000000,2019-12-02 09:10:30.851000,2019-12-02 09:11:05.851000,2019-12-02 09:45:02.833871,2019-12-02 09:45:37.833871,2019-12-02 10:05:42.782551,Replace,8,46,41,0 days 00:00:35.000000000,0 days 00:15:30.851000000
9,2019-12-02 10:18:00.000000,2019-12-02 10:18:25.000000,2019-12-02 10:32:05.975932,2019-12-02 10:32:26.324444,,,,Onsite,8,46,41,0 days 00:00:25.000000000,0 days 00:14:01.324444000
10,2019-12-02 11:31:00.000000,2019-12-02 11:31:45.000000,2019-12-02 11:51:38.809658,2019-12-02 11:51:57.300728,,,,Onsite,8,46,41,0 days 00:00:45.000000000,0 days 00:20:12.300728000
11,2019-12-02 12:33:00.000000,2019-12-02 12:33:30.000000,2019-12-02 12:50:07.342234,2019-12-02 12:50:37.342234,2019-12-02 13:38:31.798426,2019-12-02 13:39:01.798426,2019-12-02 13:55:52.540821,Replace,8,46,41,0 days 00:00:30.000000000,0 days 00:17:07.342234000
12,2019-12-02 13:32:00.000000,2019-12-02 13:32:50.000000,2019-12-02 13:51:12.681595,2019-12-02 13:51:34.080398,,,,Onsite,8,46,41,0 days 00:00:50.000000000,0 days 00:18:44.080398000
13,2019-12-02 14:37:00.000000,2019-12-02 14:37:35.000000,2019-12-02 14:56:08.339294,2019-12-02 14:56:43.339294,2019-12-02 15:34:54.172803,2019-12-02 15:35:29.172803,2019-12-02 15:52:12.239454,Replace,8,46,41,0 days 00:00:35.000000000,0 days 00:19:08.339294000
14,2019-12-02 15:51:00.000000,2019-12-02 15:51:45.000000,2019-12-02 16:07:15.000840,2019-12-02 16:07:33.897694,,,,Onsite,8,46,41,0 days 00:00:45.000000000,0 days 00:15:48.897694000
15,2019-12-02 17:08:00.000000,2019-12-02 17:08:50.000000,2019-12-02 17:25:35.453358,2019-12-02 17:25:53.677486,,,,Onsite,8,46,41,0 days 00:00:50.000000000,0 days 00:17:03.677486000
16,2019-12-02 18:18:00.000000,2019-12-02 18:18:25.000000,2019-12-02 18:38:20.579473,2019-12-02 18:38:45.579473,2019-12-02 19:05:07.651592,2019-12-02 19:05:32.651592,2019-12-02 19:18:36.634091,Replace,8,46,41,0 days 00:00:25.000000000,0 days 00:20:20.579473000
17,2019-12-02 19:25:00.000000,2019-12-02 19:25:30.000000,2019-12-02 19:42:45.865649,2019-12-02 19:43:00.406434,,,,Onsite,8,46,41,0 days 00:00:30.000000000,0 days 00:17:30.406434000
18,2019-12-02 20:36:00.000000,2019-12-02 20:36:35.000000,2019-12-02 20:53:10.915553,2019-12-02 20:53:28.384820,,,,Onsite,8,46,41,0 days 00:00:35.000000000,0 days 00:16:53.384820000
19,2019-12-02 21:37:00.000000,2019-12-02 21:37:55.000000,2019-12-02 21:55:39.912999,2019-12-02 21:55:51.762290,,,,Onsite,8,46,41,0 days 00:00:55.000000000,0 days 00:17:56.762290000
0,2019-12-02 01:26:00.000000,2019-12-02 00:00:45.000000,2019-12-02 00:12:05.500812,2019-12-02 00:12:50.500812,2019-12-02 00:47:04.512458,2019-12-02 00:47:49.512458,2019-12-02 01:03:41.045008,Replace,9,46,41,-1 days +22:34:45.000000000,0 days 00:12:05.500812000
1,2019-12-02 01:14:00.000000,2019-12-02 01:14:25.000000,2019-12-02 01:27:50.579654,2019-12-02 01:28:15.579654,2019-12-02 02:08:20.786244,2019-12-02 02:08:45.786244,2019-12-02 02:22:15.063028,Replace,9,46,41,0 days 00:00:25.000000000,0 days 00:13:50.579654000
2,2019-12-02 02:31:00.000000,2019-12-02 02:31:50.000000,2019-12-02 02:48:43.190206,2019-12-02 02:49:33.190206,2019-12-02 03:21:59.875267,2019-12-02 03:22:49.875267,2019-12-02 03:42:22.708060,Replace,9,46,41,0 days 00:00:50.000000000,0 days 00:17:43.190206000
3,2019-12-02 03:51:00.000000,2019-12-02 03:51:35.000000,2019-12-02 04:04:55.331782,2019-12-02 04:05:10.111303,,,,Onsite,9,46,41,0 days 00:00:35.000000000,0 days 00:13:35.111303000
4,2019-12-02 04:49:00.000000,2019-12-02 04:49:55.000000,2019-12-02 05:07:24.954417,2019-12-02 05:08:19.954417,2019-12-02 05:51:54.469625,2019-12-02 05:52:49.469625,2019-12-02 06:05:32.856201,Replace,9,46,41,0 days 00:00:55.000000000,0 days 00:18:24.954417000
5,2019-12-02 06:04:00.000000,2019-12-02 06:04:35.000000,2019-12-02 06:28:35.230575,2019-12-02 06:29:10.230575,2019-12-02 07:03:17.366940,2019-12-02 07:03:52.366940,2019-12-02 07:22:40.292413,Replace,9,46,41,0 days 00:00:35.000000000,0 days 00:24:35.230575000
6,2019-12-02 07:27:00.000000,2019-12-02 07:27:35.000000,2019-12-02 07:43:03.642997,2019-12-02 07:43:13.069511,,,,Onsite,9,46,41,0 days 00:00:35.000000000,0 days 00:15:38.069511000
7,2019-12-02 08:26:00.000000,2019-12-02 08:26:30.000000,2019-12-02 08:44:34.635791,2019-12-02 08:44:51.944030,,,,Onsite,9,46,41,0 days 00:00:30.000000000,0 days 00:18:21.944030000
8,2019-12-02 09:31:00.000000,2019-12-02 09:31:25.000000,2019-12-02 09:50:54.953986,2019-12-02 09:51:19.953986,2019-12-02 10:35:33.504083,2019-12-02 10:35:58.504083,2019-12-02 10:52:34.136686,Replace,9,46,41,0 days 00:00:25.000000000,0 days 00:19:54.953986000
9,2019-12-02 10:31:00.000000,2019-12-02 10:31:25.000000,2019-12-02 10:48:10.793688,2019-12-02 10:48:37.844940,,,,Onsite,9,46,41,0 days 00:00:25.000000000,0 days 00:17:12.844940000
10,2019-12-02 11:29:00.000000,2019-12-02 11:29:35.000000,2019-12-02 11:42:58.023028,2019-12-02 11:43:03.826735,,,,Onsite,9,46,41,0 days 00:00:35.000000000,0 days 00:13:28.826735000
11,2019-12-02 12:29:00.000000,2019-12-02 12:29:35.000000,2019-12-02 12:49:06.819562,2019-12-02 12:49:26.347866,,,,Onsite,9,46,41,0 days 00:00:35.000000000,0 days 00:19:51.347866000
12,2019-12-02 13:33:00.000000,2019-12-02 13:33:35.000000,2019-12-02 13:49:26.983181,2019-12-02 13:50:01.983181,2019-12-02 14:38:49.681277,2019-12-02 14:39:24.681277,2019-12-02 14:54:32.354949,Replace,9,46,41,0 days 00:00:35.000000000,0 days 00:16:26.983181000
13,2019-12-02 14:33:00.000000,2019-12-02 14:33:30.000000,2019-12-02 14:51:16.507676,2019-12-02 14:51:20.579613,,,,Onsite,9,46,41,0 days 00:00:30.000000000,0 days 00:17:50.579613000
14,2019-12-02 15:37:00.000000,2019-12-02 15:37:45.000000,2019-12-02 15:54:59.095455,2019-12-02 15:55:44.095455,2019-12-02 16:34:57.081732,2019-12-02 16:35:42.081732,2019-12-02 16:58:48.886738,Replace,9,46,41,0 days 00:00:45.000000000,0 days 00:17:59.095455000
15,2019-12-02 16:37:00.000000,2019-12-02 16:37:45.000000,2019-12-02 16:56:15.529056,2019-12-02 16:57:00.529056,2019-12-02 17:47:37.067593,2019-12-02 17:48:22.067593,2019-12-02 18:00:48.656812,Replace,9,46,41,0 days 00:00:45.000000000,0 days 00:19:15.529056000
16,2019-12-02 17:40:00.000000,2019-12-02 17:40:25.000000,2019-12-02 17:56:29.757786,2019-12-02 17:56:54.757786,2019-12-02 18:45:58.279184,2019-12-02 18:46:23.279184,2019-12-02 19:02:36.707586,Replace,9,46,41,0 days 00:00:25.000000000,0 days 00:16:29.757786000
17,2019-12-02 18:44:00.000000,2019-12-02 18:44:25.000000,2019-12-02 18:59:53.570404,2019-12-02 19:00:18.570404,2019-12-02 19:41:17.588374,2019-12-02 19:41:42.588374,2019-12-02 19:56:31.648479,Replace,9,46,41,0 days 00:00:25.000000000,0 days 00:15:53.570404000
18,2019-12-02 19:51:00.000000,2019-12-02 19:51:45.000000,2019-12-02 20:09:43.816731,2019-12-02 20:10:28.816731,2019-12-02 20:52:09.369248,2019-12-02 20:52:54.369248,2019-12-02 21:10:51.221877,Replace,9,46,41,0 days 00:00:45.000000000,0 days 00:18:43.816731000
19,2019-12-02 21:02:00.000000,2019-12-02 21:02:55.000000,2019-12-02 21:22:34.086088,2019-12-02 21:23:29.086088,2019-12-02 22:07:58.043377,2019-12-02 22:08:53.043377,2019-12-02 22:26:17.466811,Replace,9,46,41,0 days 00:00:55.000000000,0 days 00:20:34.086088000
20,2019-12-02 22:05:00.000000,2019-12-02 22:05:35.000000,2019-12-02 22:27:18.288207,2019-12-02 22:27:26.215815,,,,Onsite,9,46,41,0 days 00:00:35.000000000,0 days 00:21:51.215815000
0,2019-12-02 01:08:00.000000,2019-12-02 00:00:30.000000,2019-12-02 00:17:36.226072,2019-12-02 00:17:48.389214,,,,Onsite,1,46,42,-1 days +22:52:30.000000000,0 days 00:17:18.389214000
1,2019-12-02 01:19:00.000000,2019-12-02 01:19:45.000000,2019-12-02 01:38:09.729256,2019-12-02 01:38:54.729256,2019-12-02 02:16:51.367027,2019-12-02 02:17:36.367027,2019-12-02 02:34:17.932609,Replace,1,46,42,0 days 00:00:45.000000000,0 days 00:19:09.729256000
2,2019-12-02 02:28:00.000000,2019-12-02 02:28:45.000000,2019-12-02 02:47:12.323600,2019-12-02 02:47:57.323600,2019-12-02 03:31:40.001896,2019-12-02 03:32:25.001896,2019-12-02 03:46:55.988520,Replace,1,46,42,0 days 00:00:45.000000000,0 days 00:19:12.323600000
3,2019-12-02 03:33:00.000000,2019-12-02 03:33:30.000000,2019-12-02 03:52:55.427248,2019-12-02 03:53:23.661885,,,,Onsite,1,46,42,0 days 00:00:30.000000000,0 days 00:19:53.661885000
4,2019-12-02 04:39:00.000000,2019-12-02 04:39:45.000000,2019-12-02 04:55:36.657125,2019-12-02 04:55:45.757885,,,,Onsite,1,46,42,0 days 00:00:45.000000000,0 days 00:16:00.757885000
5,2019-12-02 05:50:00.000000,2019-12-02 05:50:35.000000,2019-12-02 06:08:54.409126,2019-12-02 06:09:29.409126,2019-12-02 06:33:18.374819,2019-12-02 06:33:53.374819,2019-12-02 06:58:23.629098,Replace,1,46,42,0 days 00:00:35.000000000,0 days 00:18:54.409126000
6,2019-12-02 06:57:00.000000,2019-12-02 06:57:45.000000,2019-12-02 07:14:47.931859,2019-12-02 07:15:19.270564,,,,Onsite,1,46,42,0 days 00:00:45.000000000,0 days 00:17:34.270564000
7,2019-12-02 08:12:00.000000,2019-12-02 08:12:45.000000,2019-12-02 08:30:47.585612,2019-12-02 08:31:02.916121,,,,Onsite,1,46,42,0 days 00:00:45.000000000,0 days 00:18:17.916121000
8,2019-12-02 09:21:00.000000,2019-12-02 09:21:30.000000,2019-12-02 09:41:36.944188,2019-12-02 09:41:48.597735,,,,Onsite,1,46,42,0 days 00:00:30.000000000,0 days 00:20:18.597735000
9,2019-12-02 10:38:00.000000,2019-12-02 10:38:45.000000,2019-12-02 10:56:07.359638,2019-12-02 10:56:17.934254,,,,Onsite,1,46,42,0 days 00:00:45.000000000,0 days 00:17:32.934254000
10,2019-12-02 11:35:00.000000,2019-12-02 11:35:50.000000,2019-12-02 11:48:37.680854,2019-12-02 11:48:56.307957,,,,Onsite,1,46,42,0 days 00:00:50.000000000,0 days 00:13:06.307957000
11,2019-12-02 12:47:00.000000,2019-12-02 12:47:25.000000,2019-12-02 12:59:25.087885,2019-12-02 12:59:50.087885,2019-12-02 13:47:31.929069,2019-12-02 13:47:56.929069,2019-12-02 14:06:44.746762,Replace,1,46,42,0 days 00:00:25.000000000,0 days 00:12:25.087885000
12,2019-12-02 14:04:00.000000,2019-12-02 14:04:45.000000,2019-12-02 14:20:42.285599,2019-12-02 14:20:53.576742,,,,Onsite,1,46,42,0 days 00:00:45.000000000,0 days 00:16:08.576742000
13,2019-12-02 15:15:00.000000,2019-12-02 15:15:45.000000,2019-12-02 15:34:37.311044,2019-12-02 15:35:22.311044,2019-12-02 16:07:55.720866,2019-12-02 16:08:40.720866,2019-12-02 16:24:20.746109,Replace,1,46,42,0 days 00:00:45.000000000,0 days 00:19:37.311044000
14,2019-12-02 16:23:00.000000,2019-12-02 16:23:45.000000,2019-12-02 16:43:09.968232,2019-12-02 16:43:54.968232,2019-12-02 17:10:48.343613,2019-12-02 17:11:33.343613,2019-12-02 17:26:21.584989,Replace,1,46,42,0 days 00:00:45.000000000,0 days 00:20:09.968232000
15,2019-12-02 17:28:00.000000,2019-12-02 17:28:45.000000,2019-12-02 17:49:45.605719,2019-12-02 17:49:51.445857,,,,Onsite,1,46,42,0 days 00:00:45.000000000,0 days 00:21:06.445857000
16,2019-12-02 18:38:00.000000,2019-12-02 18:38:30.000000,2019-12-02 18:54:19.723147,2019-12-02 18:54:42.109185,,,,Onsite,1,46,42,0 days 00:00:30.000000000,0 days 00:16:12.109185000
17,2019-12-02 19:36:00.000000,2019-12-02 19:36:35.000000,2019-12-02 19:52:10.682188,2019-12-02 19:52:45.682188,2019-12-02 20:16:59.336536,2019-12-02 20:17:34.336536,2019-12-02 20:38:30.044961,Replace,1,46,42,0 days 00:00:35.000000000,0 days 00:16:10.682188000
18,2019-12-02 21:06:00.000000,2019-12-02 21:06:50.000000,2019-12-02 21:18:50.121220,2019-12-02 21:19:04.547501,,,,Onsite,1,46,42,0 days 00:00:50.000000000,0 days 00:12:14.547501000
19,2019-12-02 22:08:00.000000,2019-12-02 22:08:35.000000,2019-12-02 22:21:01.819849,2019-12-02 22:21:28.413111,,,,Onsite,1,46,42,0 days 00:00:35.000000000,0 days 00:12:53.413111000
0,2019-12-02 01:16:00.000000,2019-12-02 00:00:45.000000,2019-12-02 00:19:34.544017,2019-12-02 00:20:19.544017,2019-12-02 01:12:31.574246,2019-12-02 01:13:16.574246,2019-12-02 01:34:56.577153,Replace,2,46,42,-1 days +22:44:45.000000000,0 days 00:19:34.544017000
1,2019-12-02 01:05:00.000000,2019-12-02 01:05:35.000000,2019-12-02 01:23:35.540220,2019-12-02 01:23:44.010008,,,,Onsite,2,46,42,0 days 00:00:35.000000000,0 days 00:18:09.010008000
2,2019-12-02 02:27:00.000000,2019-12-02 02:27:25.000000,2019-12-02 02:40:56.207090,2019-12-02 02:41:21.207090,2019-12-02 03:19:57.861145,2019-12-02 03:20:22.861145,2019-12-02 03:43:30.539722,Replace,2,46,42,0 days 00:00:25.000000000,0 days 00:13:56.207090000
3,2019-12-02 03:31:00.000000,2019-12-02 03:31:25.000000,2019-12-02 03:46:22.612848,2019-12-02 03:46:28.768239,,,,Onsite,2,46,42,0 days 00:00:25.000000000,0 days 00:15:03.768239000
4,2019-12-02 05:42:00.000000,2019-12-02 05:42:35.000000,2019-12-02 05:56:12.221073,2019-12-02 05:56:16.264529,,,,Onsite,2,46,42,0 days 00:00:35.000000000,0 days 00:13:41.264529000
5,2019-12-02 04:43:00.000000,2019-12-02 04:43:45.000000,2019-12-02 05:03:21.543930,2019-12-02 05:04:06.543930,2019-12-02 05:42:23.980113,2019-12-02 05:43:08.980113,2019-12-02 05:56:51.674705,Replace,2,46,42,0 days 00:00:45.000000000,0 days 00:20:21.543930000
6,2019-12-02 06:54:00.000000,2019-12-02 06:54:35.000000,2019-12-02 07:13:38.455401,2019-12-02 07:13:44.404491,,,,Onsite,2,46,42,0 days 00:00:35.000000000,0 days 00:19:09.404491000
7,2019-12-02 08:23:00.000000,2019-12-02 08:23:25.000000,2019-12-02 08:42:34.735023,2019-12-02 08:42:59.735023,2019-12-02 09:25:24.424008,2019-12-02 09:25:49.424008,2019-12-02 09:43:37.410261,Replace,2,46,42,0 days 00:00:25.000000000,0 days 00:19:34.735023000
8,2019-12-02 09:12:00.000000,2019-12-02 09:12:45.000000,2019-12-02 09:27:21.191485,2019-12-02 09:28:06.191485,2019-12-02 10:02:15.152442,2019-12-02 10:03:00.152442,2019-12-02 10:19:54.503482,Replace,2,46,42,0 days 00:00:45.000000000,0 days 00:15:21.191485000
9,2019-12-02 10:19:00.000000,2019-12-02 10:19:35.000000,2019-12-02 10:34:36.868521,2019-12-02 10:34:55.565406,,,,Onsite,2,46,42,0 days 00:00:35.000000000,0 days 00:15:20.565406000
10,2019-12-02 11:33:00.000000,2019-12-02 11:33:45.000000,2019-12-02 11:52:31.283814,2019-12-02 11:53:16.283814,2019-12-02 12:38:49.457292,2019-12-02 12:39:34.457292,2019-12-02 12:55:23.920159,Replace,2,46,42,0 days 00:00:45.000000000,0 days 00:19:31.283814000
11,2019-12-02 12:54:00.000000,2019-12-02 12:54:30.000000,2019-12-02 13:11:25.034280,2019-12-02 13:11:55.034280,2019-12-02 13:53:59.525554,2019-12-02 13:54:29.525554,2019-12-02 14:10:00.553822,Replace,2,46,42,0 days 00:00:30.000000000,0 days 00:17:25.034280000
12,2019-12-02 14:16:00.000000,2019-12-02 14:16:50.000000,2019-12-02 14:32:40.944741,2019-12-02 14:33:03.817597,,,,Onsite,2,46,42,0 days 00:00:50.000000000,0 days 00:16:13.817597000
13,2019-12-02 15:32:00.000000,2019-12-02 15:32:55.000000,2019-12-02 15:45:38.158656,2019-12-02 15:46:33.158656,2019-12-02 16:35:42.091948,2019-12-02 16:36:37.091948,2019-12-02 16:50:13.339328,Replace,2,46,42,0 days 00:00:55.000000000,0 days 00:13:38.158656000
14,2019-12-02 16:26:00.000000,2019-12-02 16:26:55.000000,2019-12-02 16:43:09.451785,2019-12-02 16:43:12.922209,,,,Onsite,2,46,42,0 days 00:00:55.000000000,0 days 00:16:17.922209000
15,2019-12-02 17:31:00.000000,2019-12-02 17:31:25.000000,2019-12-02 17:43:14.026038,2019-12-02 17:43:39.026038,2019-12-02 18:17:43.708173,2019-12-02 18:18:08.708173,2019-12-02 18:33:42.703255,Replace,2,46,42,0 days 00:00:25.000000000,0 days 00:12:14.026038000
16,2019-12-02 18:46:00.000000,2019-12-02 18:46:35.000000,2019-12-02 19:04:48.953736,2019-12-02 19:05:23.953736,2019-12-02 19:48:55.486551,2019-12-02 19:49:30.486551,2019-12-02 20:09:18.320164,Replace,2,46,42,0 days 00:00:35.000000000,0 days 00:18:48.953736000
17,2019-12-02 21:07:00.000000,2019-12-02 21:07:55.000000,2019-12-02 21:25:35.792759,2019-12-02 21:25:47.456871,,,,Onsite,2,46,42,0 days 00:00:55.000000000,0 days 00:17:52.456871000
18,2019-12-02 20:04:00.000000,2019-12-02 20:04:55.000000,2019-12-02 20:17:47.164463,2019-12-02 20:18:42.164463,2019-12-02 21:06:34.129991,2019-12-02 21:07:29.129991,2019-12-02 21:21:43.054600,Replace,2,46,42,0 days 00:00:55.000000000,0 days 00:13:47.164463000
0,2019-12-02 01:20:00.000000,2019-12-02 00:00:25.000000,2019-12-02 00:16:29.383242,2019-12-02 00:16:33.025295,,,,Onsite,3,46,42,-1 days +22:40:25.000000000,0 days 00:16:08.025295000
1,2019-12-02 01:00:00.000000,2019-12-02 01:00:35.000000,2019-12-02 01:18:40.974930,2019-12-02 01:19:15.974930,2019-12-02 01:49:33.843293,2019-12-02 01:50:08.843293,2019-12-02 02:03:39.234722,Replace,3,46,42,0 days 00:00:35.000000000,0 days 00:18:40.974930000
2,2019-12-02 02:04:00.000000,2019-12-02 02:04:55.000000,2019-12-02 02:18:09.861614,2019-12-02 02:19:04.861614,2019-12-02 02:51:36.505549,2019-12-02 02:52:31.505549,2019-12-02 03:08:32.857152,Replace,3,46,42,0 days 00:00:55.000000000,0 days 00:14:09.861614000
3,2019-12-02 03:09:00.000000,2019-12-02 03:09:45.000000,2019-12-02 03:30:09.575712,2019-12-02 03:30:32.491061,,,,Onsite,3,46,42,0 days 00:00:45.000000000,0 days 00:20:47.491061000
4,2019-12-02 04:14:00.000000,2019-12-02 04:14:45.000000,2019-12-02 04:26:59.388119,2019-12-02 04:27:44.388119,2019-12-02 05:11:39.146758,2019-12-02 05:12:24.146758,2019-12-02 05:26:13.266764,Replace,3,46,42,0 days 00:00:45.000000000,0 days 00:12:59.388119000
5,2019-12-02 05:14:00.000000,2019-12-02 05:14:35.000000,2019-12-02 05:35:08.004640,2019-12-02 05:35:43.004640,2019-12-02 06:03:47.499354,2019-12-02 06:04:22.499354,2019-12-02 06:24:24.732242,Replace,3,46,42,0 days 00:00:35.000000000,0 days 00:21:08.004640000
6,2019-12-02 06:25:00.000000,2019-12-02 06:25:55.000000,2019-12-02 06:46:06.746335,2019-12-02 06:46:33.504447,,,,Onsite,3,46,42,0 days 00:00:55.000000000,0 days 00:20:38.504447000
7,2019-12-02 08:28:00.000000,2019-12-02 08:28:35.000000,2019-12-02 08:42:28.633546,2019-12-02 08:42:38.433312,,,,Onsite,3,46,42,0 days 00:00:35.000000000,0 days 00:14:03.433312000
8,2019-12-02 07:26:00.000000,2019-12-02 07:26:45.000000,2019-12-02 07:42:24.052882,2019-12-02 07:43:09.052882,2019-12-02 08:28:03.150280,2019-12-02 08:28:48.150280,2019-12-02 08:49:10.061548,Replace,3,46,42,0 days 00:00:45.000000000,0 days 00:16:24.052882000
9,2019-12-02 09:32:00.000000,2019-12-02 09:32:45.000000,2019-12-02 09:50:46.509733,2019-12-02 09:51:31.509733,2019-12-02 10:17:49.890228,2019-12-02 10:18:34.890228,2019-12-02 10:33:18.966989,Replace,3,46,42,0 days 00:00:45.000000000,0 days 00:18:46.509733000
10,2019-12-02 10:41:00.000000,2019-12-02 10:41:25.000000,2019-12-02 11:00:15.432825,2019-12-02 11:00:36.186149,,,,Onsite,3,46,42,0 days 00:00:25.000000000,0 days 00:19:11.186149000
11,2019-12-02 11:41:00.000000,2019-12-02 11:41:45.000000,2019-12-02 11:56:50.828995,2019-12-02 11:56:57.359702,,,,Onsite,3,46,42,0 days 00:00:45.000000000,0 days 00:15:12.359702000
12,2019-12-02 12:47:00.000000,2019-12-02 12:47:55.000000,2019-12-02 13:04:06.374350,2019-12-02 13:04:24.728547,,,,Onsite,3,46,42,0 days 00:00:55.000000000,0 days 00:16:29.728547000
13,2019-12-02 13:43:00.000000,2019-12-02 13:43:35.000000,2019-12-02 14:06:07.460951,2019-12-02 14:06:42.460951,2019-12-02 14:56:16.736641,2019-12-02 14:56:51.736641,2019-12-02 15:11:50.425722,Replace,3,46,42,0 days 00:00:35.000000000,0 days 00:23:07.460951000
14,2019-12-02 14:41:00.000000,2019-12-02 14:41:55.000000,2019-12-02 14:52:29.174460,2019-12-02 14:52:37.037048,,,,Onsite,3,46,42,0 days 00:00:55.000000000,0 days 00:10:42.037048000
15,2019-12-02 17:05:00.000000,2019-12-02 17:05:30.000000,2019-12-02 17:20:11.007110,2019-12-02 17:20:41.007110,2019-12-02 17:54:05.126673,2019-12-02 17:54:35.126673,2019-12-02 18:16:14.404726,Replace,3,46,42,0 days 00:00:30.000000000,0 days 00:15:11.007110000
16,2019-12-02 15:46:00.000000,2019-12-02 15:46:35.000000,2019-12-02 16:04:50.408882,2019-12-02 16:05:25.408882,2019-12-02 16:49:51.558398,2019-12-02 16:50:26.558398,2019-12-02 17:05:11.637711,Replace,3,46,42,0 days 00:00:35.000000000,0 days 00:18:50.408882000
17,2019-12-02 18:23:00.000000,2019-12-02 18:23:55.000000,2019-12-02 18:41:18.528645,2019-12-02 18:42:13.528645,2019-12-02 19:19:33.813981,2019-12-02 19:20:28.813981,2019-12-02 19:42:52.247655,Replace,3,46,42,0 days 00:00:55.000000000,0 days 00:18:18.528645000
18,2019-12-02 19:32:00.000000,2019-12-02 19:32:45.000000,2019-12-02 19:47:36.528587,2019-12-02 19:47:39.622198,,,,Onsite,3,46,42,0 days 00:00:45.000000000,0 days 00:14:54.622198000
19,2019-12-02 20:36:00.000000,2019-12-02 20:36:25.000000,2019-12-02 20:52:35.820470,2019-12-02 20:53:00.820470,2019-12-02 21:41:58.428725,2019-12-02 21:42:23.428725,2019-12-02 22:02:14.485802,Replace,3,46,42,0 days 00:00:25.000000000,0 days 00:16:35.820470000
0,2019-12-02 00:48:00.000000,2019-12-02 00:00:45.000000,2019-12-02 00:15:38.119559,2019-12-02 00:16:23.119559,2019-12-02 00:48:55.590009,2019-12-02 00:49:40.590009,2019-12-02 01:08:00.575805,Replace,4,46,42,-1 days +23:12:45.000000000,0 days 00:15:38.119559000
1,2019-12-02 01:03:00.000000,2019-12-02 01:03:50.000000,2019-12-02 01:24:27.574265,2019-12-02 01:25:17.574265,2019-12-02 02:01:01.605986,2019-12-02 02:01:51.605986,2019-12-02 02:17:24.297404,Replace,4,46,42,0 days 00:00:50.000000000,0 days 00:21:27.574265000
2,2019-12-02 02:06:00.000000,2019-12-02 02:06:45.000000,2019-12-02 02:17:15.777188,2019-12-02 02:17:26.235981,,,,Onsite,4,46,42,0 days 00:00:45.000000000,0 days 00:10:41.235981000
3,2019-12-02 03:21:00.000000,2019-12-02 03:21:30.000000,2019-12-02 03:35:23.694107,2019-12-02 03:35:53.694107,2019-12-02 03:58:04.110978,2019-12-02 03:58:34.110978,2019-12-02 04:12:33.172857,Replace,4,46,42,0 days 00:00:30.000000000,0 days 00:14:23.694107000
4,2019-12-02 04:21:00.000000,2019-12-02 04:21:30.000000,2019-12-02 04:39:13.898383,2019-12-02 04:39:24.536544,,,,Onsite,4,46,42,0 days 00:00:30.000000000,0 days 00:17:54.536544000
5,2019-12-02 05:25:00.000000,2019-12-02 05:25:30.000000,2019-12-02 05:40:09.946351,2019-12-02 05:40:39.946351,2019-12-02 06:08:26.835775,2019-12-02 06:08:56.835775,2019-12-02 06:27:59.629964,Replace,4,46,42,0 days 00:00:30.000000000,0 days 00:15:09.946351000
6,2019-12-02 06:31:00.000000,2019-12-02 06:31:55.000000,2019-12-02 06:45:13.196073,2019-12-02 06:45:23.635798,,,,Onsite,4,46,42,0 days 00:00:55.000000000,0 days 00:13:28.635798000
7,2019-12-02 07:46:00.000000,2019-12-02 07:46:55.000000,2019-12-02 08:00:02.219200,2019-12-02 08:00:13.465021,,,,Onsite,4,46,42,0 days 00:00:55.000000000,0 days 00:13:18.465021000
8,2019-12-02 08:46:00.000000,2019-12-02 08:46:50.000000,2019-12-02 09:02:52.807751,2019-12-02 09:03:08.728535,,,,Onsite,4,46,42,0 days 00:00:50.000000000,0 days 00:16:18.728535000
9,2019-12-02 09:43:00.000000,2019-12-02 09:43:45.000000,2019-12-02 09:57:32.659210,2019-12-02 09:58:17.659210,2019-12-02 10:33:47.708978,2019-12-02 10:34:32.708978,2019-12-02 10:58:02.544208,Replace,4,46,42,0 days 00:00:45.000000000,0 days 00:14:32.659210000
10,2019-12-02 10:52:00.000000,2019-12-02 10:52:45.000000,2019-12-02 11:07:36.450899,2019-12-02 11:07:47.465969,,,,Onsite,4,46,42,0 days 00:00:45.000000000,0 days 00:15:02.465969000
11,2019-12-02 12:56:00.000000,2019-12-02 12:56:55.000000,2019-12-02 13:16:00.586704,2019-12-02 13:16:55.586704,2019-12-02 13:52:50.963768,2019-12-02 13:53:45.963768,2019-12-02 14:07:07.613860,Replace,4,46,42,0 days 00:00:55.000000000,0 days 00:20:00.586704000
12,2019-12-02 11:48:00.000000,2019-12-02 11:48:30.000000,2019-12-02 12:07:29.862579,2019-12-02 12:07:59.862579,2019-12-02 12:38:41.129226,2019-12-02 12:39:11.129226,2019-12-02 12:56:26.143187,Replace,4,46,42,0 days 00:00:30.000000000,0 days 00:19:29.862579000
13,2019-12-02 14:14:00.000000,2019-12-02 14:14:45.000000,2019-12-02 14:29:34.288350,2019-12-02 14:29:57.554743,,,,Onsite,4,46,42,0 days 00:00:45.000000000,0 days 00:15:12.554743000
14,2019-12-02 15:16:00.000000,2019-12-02 15:16:25.000000,2019-12-02 15:29:32.028942,2019-12-02 15:29:57.028942,2019-12-02 15:55:21.244615,2019-12-02 15:55:46.244615,2019-12-02 16:15:52.940814,Replace,4,46,42,0 days 00:00:25.000000000,0 days 00:13:32.028942000
15,2019-12-02 16:15:00.000000,2019-12-02 16:15:45.000000,2019-12-02 16:32:34.695798,2019-12-02 16:33:19.695798,2019-12-02 17:05:38.793573,2019-12-02 17:06:23.793573,2019-12-02 17:22:20.890006,Replace,4,46,42,0 days 00:00:45.000000000,0 days 00:17:34.695798000
16,2019-12-02 17:20:00.000000,2019-12-02 17:20:45.000000,2019-12-02 17:35:20.070331,2019-12-02 17:35:35.748712,,,,Onsite,4,46,42,0 days 00:00:45.000000000,0 days 00:14:50.748712000
17,2019-12-02 18:24:00.000000,2019-12-02 18:24:35.000000,2019-12-02 18:45:41.628642,2019-12-02 18:46:16.628642,2019-12-02 19:11:50.179984,2019-12-02 19:12:25.179984,2019-12-02 19:25:06.774093,Replace,4,46,42,0 days 00:00:35.000000000,0 days 00:21:41.628642000
18,2019-12-02 19:38:00.000000,2019-12-02 19:38:55.000000,2019-12-02 19:50:20.926596,2019-12-02 19:51:15.926596,2019-12-02 20:31:14.268519,2019-12-02 20:32:09.268519,2019-12-02 20:48:17.410103,Replace,4,46,42,0 days 00:00:55.000000000,0 days 00:12:20.926596000
19,2019-12-02 20:46:00.000000,2019-12-02 20:46:45.000000,2019-12-02 21:04:12.433062,2019-12-02 21:04:57.433062,2019-12-02 21:50:02.543500,2019-12-02 21:50:47.543500,2019-12-02 22:06:05.803310,Replace,4,46,42,0 days 00:00:45.000000000,0 days 00:18:12.433062000
20,2019-12-02 21:41:00.000000,2019-12-02 21:41:35.000000,2019-12-02 21:58:42.694656,2019-12-02 21:58:57.331386,,,,Onsite,4,46,42,0 days 00:00:35.000000000,0 days 00:17:22.331386000
21,2019-12-02 22:46:00.000000,2019-12-02 22:46:50.000000,2019-12-02 22:58:58.909833,2019-12-02 22:59:16.793528,,,,Onsite,4,46,42,0 days 00:00:50.000000000,0 days 00:12:26.793528000
0,2019-12-02 00:57:00.000000,2019-12-02 00:00:30.000000,2019-12-02 00:19:14.127684,2019-12-02 00:19:44.127684,2019-12-02 01:08:23.586645,2019-12-02 01:08:53.586645,2019-12-02 01:23:36.816211,Replace,5,46,42,-1 days +23:03:30.000000000,0 days 00:19:14.127684000
1,2019-12-02 01:13:00.000000,2019-12-02 01:13:55.000000,2019-12-02 01:29:02.695963,2019-12-02 01:29:04.565216,,,,Onsite,5,46,42,0 days 00:00:55.000000000,0 days 00:15:09.565216000
2,2019-12-02 02:19:00.000000,2019-12-02 02:19:50.000000,2019-12-02 02:37:19.731438,2019-12-02 02:37:34.512871,,,,Onsite,5,46,42,0 days 00:00:50.000000000,0 days 00:17:44.512871000
3,2019-12-02 03:20:00.000000,2019-12-02 03:20:55.000000,2019-12-02 03:33:46.668374,2019-12-02 03:34:08.751271,,,,Onsite,5,46,42,0 days 00:00:55.000000000,0 days 00:13:13.751271000
4,2019-12-02 04:31:00.000000,2019-12-02 04:31:45.000000,2019-12-02 04:46:07.433583,2019-12-02 04:46:18.234809,,,,Onsite,5,46,42,0 days 00:00:45.000000000,0 days 00:14:33.234809000
5,2019-12-02 05:39:00.000000,2019-12-02 05:39:35.000000,2019-12-02 05:57:23.153007,2019-12-02 05:57:58.153007,2019-12-02 06:20:11.958132,2019-12-02 06:20:46.958132,2019-12-02 06:41:26.590244,Replace,5,46,42,0 days 00:00:35.000000000,0 days 00:18:23.153007000
6,2019-12-02 06:47:00.000000,2019-12-02 06:47:55.000000,2019-12-02 07:00:21.698898,2019-12-02 07:00:30.699093,,,,Onsite,5,46,42,0 days 00:00:55.000000000,0 days 00:12:35.699093000
7,2019-12-02 08:01:00.000000,2019-12-02 08:01:35.000000,2019-12-02 08:19:47.488151,2019-12-02 08:20:22.488151,2019-12-02 08:51:01.049734,2019-12-02 08:51:36.049734,2019-12-02 09:07:18.752511,Replace,5,46,42,0 days 00:00:35.000000000,0 days 00:18:47.488151000
8,2019-12-02 09:12:00.000000,2019-12-02 09:12:25.000000,2019-12-02 09:29:19.906223,2019-12-02 09:29:27.474233,,,,Onsite,5,46,42,0 days 00:00:25.000000000,0 days 00:17:02.474233000
9,2019-12-02 10:30:00.000000,2019-12-02 10:30:35.000000,2019-12-02 10:48:37.092547,2019-12-02 10:48:44.837828,,,,Onsite,5,46,42,0 days 00:00:35.000000000,0 days 00:18:09.837828000
10,2019-12-02 11:26:00.000000,2019-12-02 11:26:45.000000,2019-12-02 11:43:38.097005,2019-12-02 11:44:23.097005,2019-12-02 12:10:26.894582,2019-12-02 12:11:11.894582,2019-12-02 12:24:24.027826,Replace,5,46,42,0 days 00:00:45.000000000,0 days 00:17:38.097005000
11,2019-12-02 12:37:00.000000,2019-12-02 12:37:25.000000,2019-12-02 12:52:24.586276,2019-12-02 12:52:49.586276,2019-12-02 13:35:18.280299,2019-12-02 13:35:43.280299,2019-12-02 13:48:40.634170,Replace,5,46,42,0 days 00:00:25.000000000,0 days 00:15:24.586276000
12,2019-12-02 13:46:00.000000,2019-12-02 13:46:30.000000,2019-12-02 14:03:58.679407,2019-12-02 14:04:28.679407,2019-12-02 14:49:29.297077,2019-12-02 14:49:59.297077,2019-12-02 15:03:40.294766,Replace,5,46,42,0 days 00:00:30.000000000,0 days 00:17:58.679407000
13,2019-12-02 14:59:00.000000,2019-12-02 14:59:30.000000,2019-12-02 15:09:50.356160,2019-12-02 15:10:20.356160,2019-12-02 15:36:07.072721,2019-12-02 15:36:37.072721,2019-12-02 15:52:04.411551,Replace,5,46,42,0 days 00:00:30.000000000,0 days 00:10:50.356160000
14,2019-12-02 16:10:00.000000,2019-12-02 16:10:35.000000,2019-12-02 16:23:53.596256,2019-12-02 16:24:28.596256,2019-12-02 16:51:41.613172,2019-12-02 16:52:16.613172,2019-12-02 17:10:13.568853,Replace,5,46,42,0 days 00:00:35.000000000,0 days 00:13:53.596256000
15,2019-12-02 17:12:00.000000,2019-12-02 17:12:45.000000,2019-12-02 17:29:42.454117,2019-12-02 17:29:49.353017,,,,Onsite,5,46,42,0 days 00:00:45.000000000,0 days 00:17:04.353017000
16,2019-12-02 18:28:00.000000,2019-12-02 18:28:35.000000,2019-12-02 18:40:32.845051,2019-12-02 18:40:40.742585,,,,Onsite,5,46,42,0 days 00:00:35.000000000,0 days 00:12:05.742585000
17,2019-12-02 19:50:00.000000,2019-12-02 19:50:25.000000,2019-12-02 20:07:25.586388,2019-12-02 20:07:50.586388,2019-12-02 20:43:12.865518,2019-12-02 20:43:37.865518,2019-12-02 20:58:09.481887,Replace,5,46,42,0 days 00:00:25.000000000,0 days 00:17:25.586388000
18,2019-12-02 20:56:00.000000,2019-12-02 20:56:30.000000,2019-12-02 21:11:38.374919,2019-12-02 21:12:08.374919,2019-12-02 22:03:25.957445,2019-12-02 22:03:55.957445,2019-12-02 22:25:21.296329,Replace,5,46,42,0 days 00:00:30.000000000,0 days 00:15:38.374919000
0,2019-12-02 01:10:00.000000,2019-12-02 00:00:35.000000,2019-12-02 00:15:19.898090,2019-12-02 00:15:54.898090,2019-12-02 01:10:03.964983,2019-12-02 01:10:38.964983,2019-12-02 01:24:50.211699,Replace,6,46,42,-1 days +22:50:35.000000000,0 days 00:15:19.898090000
1,2019-12-02 02:05:00.000000,2019-12-02 02:05:35.000000,2019-12-02 02:22:15.803992,2019-12-02 02:22:50.803992,2019-12-02 02:57:08.881264,2019-12-02 02:57:43.881264,2019-12-02 03:15:56.520799,Replace,6,46,42,0 days 00:00:35.000000000,0 days 00:17:15.803992000
2,2019-12-02 00:56:00.000000,2019-12-02 00:56:50.000000,2019-12-02 01:10:46.547142,2019-12-02 01:11:36.547142,2019-12-02 02:05:14.083341,2019-12-02 02:06:04.083341,2019-12-02 02:21:03.644296,Replace,6,46,42,0 days 00:00:50.000000000,0 days 00:14:46.547142000
3,2019-12-02 03:15:00.000000,2019-12-02 03:15:25.000000,2019-12-02 03:28:00.061397,2019-12-02 03:28:25.061397,2019-12-02 04:11:21.989252,2019-12-02 04:11:46.989252,2019-12-02 04:28:26.450961,Replace,6,46,42,0 days 00:00:25.000000000,0 days 00:13:00.061397000
4,2019-12-02 04:24:00.000000,2019-12-02 04:24:45.000000,2019-12-02 04:39:38.925220,2019-12-02 04:40:23.925220,2019-12-02 05:13:55.898237,2019-12-02 05:14:40.898237,2019-12-02 05:30:43.687778,Replace,6,46,42,0 days 00:00:45.000000000,0 days 00:15:38.925220000
5,2019-12-02 05:39:00.000000,2019-12-02 05:39:50.000000,2019-12-02 05:56:13.033802,2019-12-02 05:57:03.033802,2019-12-02 06:27:09.856256,2019-12-02 06:27:59.856256,2019-12-02 06:45:14.888629,Replace,6,46,42,0 days 00:00:50.000000000,0 days 00:17:13.033802000
6,2019-12-02 06:30:00.000000,2019-12-02 06:30:45.000000,2019-12-02 06:42:02.868691,2019-12-02 06:42:47.868691,2019-12-02 07:14:11.705229,2019-12-02 07:14:56.705229,2019-12-02 07:29:10.642886,Replace,6,46,42,0 days 00:00:45.000000000,0 days 00:12:02.868691000
7,2019-12-02 07:28:00.000000,2019-12-02 07:28:45.000000,2019-12-02 07:44:14.292139,2019-12-02 07:44:59.292139,2019-12-02 08:15:47.476377,2019-12-02 08:16:32.476377,2019-12-02 08:28:59.743304,Replace,6,46,42,0 days 00:00:45.000000000,0 days 00:16:14.292139000
8,2019-12-02 08:38:00.000000,2019-12-02 08:38:30.000000,2019-12-02 08:56:32.324484,2019-12-02 08:57:02.324484,2019-12-02 09:45:07.484650,2019-12-02 09:45:37.484650,2019-12-02 10:09:01.814635,Replace,6,46,42,0 days 00:00:30.000000000,0 days 00:18:32.324484000
9,2019-12-02 09:32:00.000000,2019-12-02 09:32:55.000000,2019-12-02 09:50:52.046333,2019-12-02 09:51:15.932712,,,,Onsite,6,46,42,0 days 00:00:55.000000000,0 days 00:18:20.932712000
10,2019-12-02 10:45:00.000000,2019-12-02 10:45:25.000000,2019-12-02 10:59:41.709141,2019-12-02 11:00:06.709141,2019-12-02 11:33:44.310057,2019-12-02 11:34:09.310057,2019-12-02 11:55:15.330931,Replace,6,46,42,0 days 00:00:25.000000000,0 days 00:14:41.709141000
11,2019-12-02 11:47:00.000000,2019-12-02 11:47:55.000000,2019-12-02 12:08:58.073851,2019-12-02 12:09:53.073851,2019-12-02 13:01:12.902374,2019-12-02 13:02:07.902374,2019-12-02 13:23:35.067387,Replace,6,46,42,0 days 00:00:55.000000000,0 days 00:21:58.073851000
12,2019-12-02 12:53:00.000000,2019-12-02 12:53:55.000000,2019-12-02 13:06:24.604794,2019-12-02 13:06:33.205322,,,,Onsite,6,46,42,0 days 00:00:55.000000000,0 days 00:12:38.205322000
13,2019-12-02 14:03:00.000000,2019-12-02 14:03:30.000000,2019-12-02 14:16:48.552043,2019-12-02 14:17:18.552043,2019-12-02 15:02:19.466560,2019-12-02 15:02:49.466560,2019-12-02 15:15:36.558201,Replace,6,46,42,0 days 00:00:30.000000000,0 days 00:13:48.552043000
14,2019-12-02 15:10:00.000000,2019-12-02 15:10:50.000000,2019-12-02 15:27:56.364190,2019-12-02 15:28:21.238278,,,,Onsite,6,46,42,0 days 00:00:50.000000000,0 days 00:17:31.238278000
15,2019-12-02 16:10:00.000000,2019-12-02 16:10:55.000000,2019-12-02 16:24:29.272820,2019-12-02 16:24:39.112641,,,,Onsite,6,46,42,0 days 00:00:55.000000000,0 days 00:13:44.112641000
16,2019-12-02 17:12:00.000000,2019-12-02 17:12:45.000000,2019-12-02 17:33:00.083752,2019-12-02 17:33:09.138875,,,,Onsite,6,46,42,0 days 00:00:45.000000000,0 days 00:20:24.138875000
17,2019-12-02 18:22:00.000000,2019-12-02 18:22:45.000000,2019-12-02 18:41:55.225648,2019-12-02 18:42:40.225648,2019-12-02 19:25:56.593763,2019-12-02 19:26:41.593763,2019-12-02 19:44:47.592522,Replace,6,46,42,0 days 00:00:45.000000000,0 days 00:19:55.225648000
18,2019-12-02 19:49:00.000000,2019-12-02 19:49:45.000000,2019-12-02 20:07:10.769392,2019-12-02 20:07:55.769392,2019-12-02 20:33:27.326414,2019-12-02 20:34:12.326414,2019-12-02 20:50:55.011294,Replace,6,46,42,0 days 00:00:45.000000000,0 days 00:18:10.769392000
19,2019-12-02 20:55:00.000000,2019-12-02 20:55:45.000000,2019-12-02 21:10:20.417321,2019-12-02 21:11:05.417321,2019-12-02 21:54:24.897333,2019-12-02 21:55:09.897333,2019-12-02 22:10:30.316814,Replace,6,46,42,0 days 00:00:45.000000000,0 days 00:15:20.417321000
20,2019-12-02 21:50:00.000000,2019-12-02 21:50:45.000000,2019-12-02 22:01:50.807962,2019-12-02 22:02:14.030440,,,,Onsite,6,46,42,0 days 00:00:45.000000000,0 days 00:11:29.030440000
0,2019-12-02 01:21:00.000000,2019-12-02 00:00:45.000000,2019-12-02 00:18:35.216165,2019-12-02 00:19:20.216165,2019-12-02 00:56:55.868865,2019-12-02 00:57:40.868865,2019-12-02 01:12:18.619499,Replace,7,46,42,-1 days +22:39:45.000000000,0 days 00:18:35.216165000
1,2019-12-02 00:53:00.000000,2019-12-02 00:53:45.000000,2019-12-02 01:11:04.639179,2019-12-02 01:11:49.639179,2019-12-02 01:54:37.237682,2019-12-02 01:55:22.237682,2019-12-02 02:07:33.095481,Replace,7,46,42,0 days 00:00:45.000000000,0 days 00:18:04.639179000
2,2019-12-02 01:59:00.000000,2019-12-02 01:59:45.000000,2019-12-02 02:18:51.160732,2019-12-02 02:19:36.160732,2019-12-02 03:03:34.658243,2019-12-02 03:04:19.658243,2019-12-02 03:19:02.381009,Replace,7,46,42,0 days 00:00:45.000000000,0 days 00:19:51.160732000
3,2019-12-02 03:13:00.000000,2019-12-02 03:13:25.000000,2019-12-02 03:27:02.937092,2019-12-02 03:27:16.934394,,,,Onsite,7,46,42,0 days 00:00:25.000000000,0 days 00:13:51.934394000
4,2019-12-02 04:30:00.000000,2019-12-02 04:30:45.000000,2019-12-02 04:44:44.518143,2019-12-02 04:45:29.518143,2019-12-02 05:30:42.971443,2019-12-02 05:31:27.971443,2019-12-02 05:46:05.304490,Replace,7,46,42,0 days 00:00:45.000000000,0 days 00:14:44.518143000
5,2019-12-02 05:35:00.000000,2019-12-02 05:35:45.000000,2019-12-02 05:52:10.304513,2019-12-02 05:52:55.304513,2019-12-02 06:27:18.580664,2019-12-02 06:28:03.580664,2019-12-02 06:38:19.051912,Replace,7,46,42,0 days 00:00:45.000000000,0 days 00:17:10.304513000
6,2019-12-02 07:04:00.000000,2019-12-02 07:04:50.000000,2019-12-02 07:21:49.831095,2019-12-02 07:22:39.831095,2019-12-02 08:13:32.054800,2019-12-02 08:14:22.054800,2019-12-02 08:31:19.407177,Replace,7,46,42,0 days 00:00:50.000000000,0 days 00:17:49.831095000
7,2019-12-02 09:14:00.000000,2019-12-02 09:14:45.000000,2019-12-02 09:26:26.919096,2019-12-02 09:27:11.919096,2019-12-02 09:54:54.688895,2019-12-02 09:55:39.688895,2019-12-02 10:10:51.709045,Replace,7,46,42,0 days 00:00:45.000000000,0 days 00:12:26.919096000
8,2019-12-02 08:14:00.000000,2019-12-02 08:14:30.000000,2019-12-02 08:30:18.152096,2019-12-02 08:30:48.152096,2019-12-02 09:13:13.546252,2019-12-02 09:13:43.546252,2019-12-02 09:28:58.062561,Replace,7,46,42,0 days 00:00:30.000000000,0 days 00:16:18.152096000
9,2019-12-02 10:38:00.000000,2019-12-02 10:38:30.000000,2019-12-02 10:53:48.718892,2019-12-02 10:54:18.718892,2019-12-02 11:30:01.350616,2019-12-02 11:30:31.350616,2019-12-02 11:43:01.705073,Replace,7,46,42,0 days 00:00:30.000000000,0 days 00:15:48.718892000
10,2019-12-02 11:53:00.000000,2019-12-02 11:53:45.000000,2019-12-02 12:05:54.910300,2019-12-02 12:06:39.910300,2019-12-02 13:02:00.210268,2019-12-02 13:02:45.210268,2019-12-02 13:18:51.146369,Replace,7,46,42,0 days 00:00:45.000000000,0 days 00:12:54.910300000
11,2019-12-02 13:13:00.000000,2019-12-02 13:13:35.000000,2019-12-02 13:28:53.555138,2019-12-02 13:29:10.742433,,,,Onsite,7,46,42,0 days 00:00:35.000000000,0 days 00:15:35.742433000
12,2019-12-02 14:35:00.000000,2019-12-02 14:35:25.000000,2019-12-02 14:49:33.603280,2019-12-02 14:49:52.413446,,,,Onsite,7,46,42,0 days 00:00:25.000000000,0 days 00:14:27.413446000
13,2019-12-02 15:51:00.000000,2019-12-02 15:51:35.000000,2019-12-02 16:10:34.017880,2019-12-02 16:10:50.693506,,,,Onsite,7,46,42,0 days 00:00:35.000000000,0 days 00:19:15.693506000
14,2019-12-02 16:52:00.000000,2019-12-02 16:52:25.000000,2019-12-02 17:09:41.879608,2019-12-02 17:10:06.879608,2019-12-02 17:46:47.684655,2019-12-02 17:47:12.684655,2019-12-02 18:02:04.096877,Replace,7,46,42,0 days 00:00:25.000000000,0 days 00:17:41.879608000
15,2019-12-02 17:57:00.000000,2019-12-02 17:57:50.000000,2019-12-02 18:16:57.175341,2019-12-02 18:17:47.175341,2019-12-02 18:43:16.755149,2019-12-02 18:44:06.755149,2019-12-02 19:02:39.338704,Replace,7,46,42,0 days 00:00:50.000000000,0 days 00:19:57.175341000
16,2019-12-02 19:07:00.000000,2019-12-02 19:07:45.000000,2019-12-02 19:20:22.174647,2019-12-02 19:21:07.174647,2019-12-02 19:52:17.535616,2019-12-02 19:53:02.535616,2019-12-02 20:09:43.887411,Replace,7,46,42,0 days 00:00:45.000000000,0 days 00:13:22.174647000
17,2019-12-02 20:23:00.000000,2019-12-02 20:23:30.000000,2019-12-02 20:38:26.616847,2019-12-02 20:38:56.616847,2019-12-02 21:08:43.753732,2019-12-02 21:09:13.753732,2019-12-02 21:27:22.386199,Replace,7,46,42,0 days 00:00:30.000000000,0 days 00:15:26.616847000
18,2019-12-02 21:32:00.000000,2019-12-02 21:32:50.000000,2019-12-02 21:49:53.544000,2019-12-02 21:50:01.867563,,,,Onsite,7,46,42,0 days 00:00:50.000000000,0 days 00:17:11.867563000
0,2019-12-02 01:09:00.000000,2019-12-02 00:00:50.000000,2019-12-02 00:16:04.837901,2019-12-02 00:16:15.494383,,,,Onsite,8,46,42,-1 days +22:51:50.000000000,0 days 00:15:25.494383000
1,2019-12-02 01:06:00.000000,2019-12-02 01:06:55.000000,2019-12-02 01:25:48.948522,2019-12-02 01:26:43.948522,2019-12-02 02:16:03.261608,2019-12-02 02:16:58.261608,2019-12-02 02:31:29.278776,Replace,8,46,42,0 days 00:00:55.000000000,0 days 00:19:48.948522000
2,2019-12-02 02:25:00.000000,2019-12-02 02:25:35.000000,2019-12-02 02:44:40.548823,2019-12-02 02:45:15.548823,2019-12-02 03:22:18.628929,2019-12-02 03:22:53.628929,2019-12-02 03:42:59.660801,Replace,8,46,42,0 days 00:00:35.000000000,0 days 00:19:40.548823000
3,2019-12-02 03:21:00.000000,2019-12-02 03:21:45.000000,2019-12-02 03:32:13.393164,2019-12-02 03:32:58.393164,2019-12-02 04:07:12.202595,2019-12-02 04:07:57.202595,2019-12-02 04:25:15.835951,Replace,8,46,42,0 days 00:00:45.000000000,0 days 00:11:13.393164000
4,2019-12-02 04:35:00.000000,2019-12-02 04:35:35.000000,2019-12-02 04:50:18.233639,2019-12-02 04:50:53.233639,2019-12-02 05:40:32.908291,2019-12-02 05:41:07.908291,2019-12-02 05:59:08.041318,Replace,8,46,42,0 days 00:00:35.000000000,0 days 00:15:18.233639000
5,2019-12-02 05:45:00.000000,2019-12-02 05:45:45.000000,2019-12-02 05:57:09.214116,2019-12-02 05:57:54.214116,2019-12-02 06:26:22.068199,2019-12-02 06:27:07.068199,2019-12-02 06:40:51.873915,Replace,8,46,42,0 days 00:00:45.000000000,0 days 00:12:09.214116000
6,2019-12-02 06:52:00.000000,2019-12-02 06:52:55.000000,2019-12-02 07:10:09.954144,2019-12-02 07:10:26.317532,,,,Onsite,8,46,42,0 days 00:00:55.000000000,0 days 00:17:31.317532000
7,2019-12-02 07:47:00.000000,2019-12-02 07:47:45.000000,2019-12-02 08:09:08.564677,2019-12-02 08:09:53.564677,2019-12-02 08:50:39.959741,2019-12-02 08:51:24.959741,2019-12-02 09:05:12.966518,Replace,8,46,42,0 days 00:00:45.000000000,0 days 00:22:08.564677000
8,2019-12-02 08:39:00.000000,2019-12-02 08:39:45.000000,2019-12-02 08:55:06.816686,2019-12-02 08:55:11.353524,,,,Onsite,8,46,42,0 days 00:00:45.000000000,0 days 00:15:26.353524000
9,2019-12-02 09:38:00.000000,2019-12-02 09:38:30.000000,2019-12-02 09:58:15.282713,2019-12-02 09:58:33.668571,,,,Onsite,8,46,42,0 days 00:00:30.000000000,0 days 00:20:03.668571000
10,2019-12-02 10:56:00.000000,2019-12-02 10:56:55.000000,2019-12-02 11:17:47.615993,2019-12-02 11:18:42.615993,2019-12-02 12:01:08.061998,2019-12-02 12:02:03.061998,2019-12-02 12:26:22.261982,Replace,8,46,42,0 days 00:00:55.000000000,0 days 00:21:47.615993000
11,2019-12-02 11:58:00.000000,2019-12-02 11:58:30.000000,2019-12-02 12:14:55.848108,2019-12-02 12:15:09.067883,,,,Onsite,8,46,42,0 days 00:00:30.000000000,0 days 00:16:39.067883000
12,2019-12-02 13:07:00.000000,2019-12-02 13:07:55.000000,2019-12-02 13:25:13.795009,2019-12-02 13:25:23.610608,,,,Onsite,8,46,42,0 days 00:00:55.000000000,0 days 00:17:28.610608000
13,2019-12-02 14:19:00.000000,2019-12-02 14:19:25.000000,2019-12-02 14:34:28.431730,2019-12-02 14:34:34.302720,,,,Onsite,8,46,42,0 days 00:00:25.000000000,0 days 00:15:09.302720000
14,2019-12-02 15:24:00.000000,2019-12-02 15:24:55.000000,2019-12-02 15:41:06.828020,2019-12-02 15:42:01.828020,2019-12-02 16:20:52.080446,2019-12-02 16:21:47.080446,2019-12-02 16:32:45.881770,Replace,8,46,42,0 days 00:00:55.000000000,0 days 00:17:06.828020000
15,2019-12-02 16:15:00.000000,2019-12-02 16:15:55.000000,2019-12-02 16:29:35.219415,2019-12-02 16:29:58.169185,,,,Onsite,8,46,42,0 days 00:00:55.000000000,0 days 00:14:03.169185000
16,2019-12-02 17:18:00.000000,2019-12-02 17:18:50.000000,2019-12-02 17:33:09.512714,2019-12-02 17:33:24.725981,,,,Onsite,8,46,42,0 days 00:00:50.000000000,0 days 00:14:34.725981000
17,2019-12-02 18:36:00.000000,2019-12-02 18:36:35.000000,2019-12-02 18:52:26.990518,2019-12-02 18:53:01.990518,2019-12-02 19:33:33.633633,2019-12-02 19:34:08.633633,2019-12-02 19:57:05.061735,Replace,8,46,42,0 days 00:00:35.000000000,0 days 00:16:26.990518000
18,2019-12-02 20:02:00.000000,2019-12-02 20:02:45.000000,2019-12-02 20:22:40.976707,2019-12-02 20:23:25.976707,2019-12-02 21:03:28.979180,2019-12-02 21:04:13.979180,2019-12-02 21:24:04.154372,Replace,8,46,42,0 days 00:00:45.000000000,0 days 00:20:40.976707000
19,2019-12-02 21:01:00.000000,2019-12-02 21:01:35.000000,2019-12-02 21:18:38.691105,2019-12-02 21:19:13.691105,2019-12-02 21:45:35.301913,2019-12-02 21:46:10.301913,2019-12-02 22:00:31.390082,Replace,8,46,42,0 days 00:00:35.000000000,0 days 00:17:38.691105000
20,2019-12-02 22:08:00.000000,2019-12-02 22:08:25.000000,2019-12-02 22:14:52.449076,2019-12-02 22:15:20.956687,,,,Onsite,8,46,42,0 days 00:00:25.000000000,0 days 00:06:55.956687000
0,2019-12-02 01:09:00.000000,2019-12-02 00:00:45.000000,2019-12-02 00:18:09.801168,2019-12-02 00:18:54.801168,2019-12-02 00:55:08.189206,2019-12-02 00:55:53.189206,2019-12-02 01:17:54.920918,Replace,9,46,42,-1 days +22:51:45.000000000,0 days 00:18:09.801168000
1,2019-12-02 01:01:00.000000,2019-12-02 01:01:45.000000,2019-12-02 01:15:51.508146,2019-12-02 01:16:36.508146,2019-12-02 02:12:04.922659,2019-12-02 02:12:49.922659,2019-12-02 02:26:10.138295,Replace,9,46,42,0 days 00:00:45.000000000,0 days 00:14:51.508146000
2,2019-12-02 01:59:00.000000,2019-12-02 01:59:45.000000,2019-12-02 02:15:01.837079,2019-12-02 02:15:46.837079,2019-12-02 02:49:32.516256,2019-12-02 02:50:17.516256,2019-12-02 03:09:30.822495,Replace,9,46,42,0 days 00:00:45.000000000,0 days 00:16:01.837079000
3,2019-12-02 03:18:00.000000,2019-12-02 03:18:55.000000,2019-12-02 03:40:30.868813,2019-12-02 03:41:25.868813,2019-12-02 04:11:06.294019,2019-12-02 04:12:01.294019,2019-12-02 04:24:30.169871,Replace,9,46,42,0 days 00:00:55.000000000,0 days 00:22:30.868813000
4,2019-12-02 04:26:00.000000,2019-12-02 04:26:45.000000,2019-12-02 04:39:35.864199,2019-12-02 04:39:59.249218,,,,Onsite,9,46,42,0 days 00:00:45.000000000,0 days 00:13:14.249218000
5,2019-12-02 05:32:00.000000,2019-12-02 05:32:35.000000,2019-12-02 05:51:05.618633,2019-12-02 05:51:40.618633,2019-12-02 06:18:40.809361,2019-12-02 06:19:15.809361,2019-12-02 06:34:25.759908,Replace,9,46,42,0 days 00:00:35.000000000,0 days 00:19:05.618633000
6,2019-12-02 06:45:00.000000,2019-12-02 06:45:45.000000,2019-12-02 07:01:38.825551,2019-12-02 07:01:56.526066,,,,Onsite,9,46,42,0 days 00:00:45.000000000,0 days 00:16:11.526066000
7,2019-12-02 08:02:00.000000,2019-12-02 08:02:55.000000,2019-12-02 08:21:08.612542,2019-12-02 08:21:21.236964,,,,Onsite,9,46,42,0 days 00:00:55.000000000,0 days 00:18:26.236964000
8,2019-12-02 09:05:00.000000,2019-12-02 09:05:55.000000,2019-12-02 09:27:52.709510,2019-12-02 09:28:47.709510,2019-12-02 10:25:40.184403,2019-12-02 10:26:35.184403,2019-12-02 10:48:37.936717,Replace,9,46,42,0 days 00:00:55.000000000,0 days 00:22:52.709510000
9,2019-12-02 10:29:00.000000,2019-12-02 10:29:30.000000,2019-12-02 10:40:01.588792,2019-12-02 10:40:27.921812,,,,Onsite,9,46,42,0 days 00:00:30.000000000,0 days 00:10:57.921812000
10,2019-12-02 11:36:00.000000,2019-12-02 11:36:55.000000,2019-12-02 11:52:30.170587,2019-12-02 11:53:25.170587,2019-12-02 12:24:41.346435,2019-12-02 12:25:36.346435,2019-12-02 12:43:57.753985,Replace,9,46,42,0 days 00:00:55.000000000,0 days 00:16:30.170587000
11,2019-12-02 12:48:00.000000,2019-12-02 12:48:50.000000,2019-12-02 13:03:49.288016,2019-12-02 13:04:39.288016,2019-12-02 13:34:22.748300,2019-12-02 13:35:12.748300,2019-12-02 13:49:43.487029,Replace,9,46,42,0 days 00:00:50.000000000,0 days 00:15:49.288016000
12,2019-12-02 14:04:00.000000,2019-12-02 14:04:30.000000,2019-12-02 14:23:49.902601,2019-12-02 14:23:55.025211,,,,Onsite,9,46,42,0 days 00:00:30.000000000,0 days 00:19:25.025211000
13,2019-12-02 15:08:00.000000,2019-12-02 15:08:55.000000,2019-12-02 15:25:37.850237,2019-12-02 15:25:50.173292,,,,Onsite,9,46,42,0 days 00:00:55.000000000,0 days 00:16:55.173292000
14,2019-12-02 16:12:00.000000,2019-12-02 16:12:55.000000,2019-12-02 16:28:07.633714,2019-12-02 16:28:18.920267,,,,Onsite,9,46,42,0 days 00:00:55.000000000,0 days 00:15:23.920267000
15,2019-12-02 17:26:00.000000,2019-12-02 17:26:25.000000,2019-12-02 17:45:20.074432,2019-12-02 17:45:45.074432,2019-12-02 18:32:50.431029,2019-12-02 18:33:15.431029,2019-12-02 18:49:10.957091,Replace,9,46,42,0 days 00:00:25.000000000,0 days 00:19:20.074432000
16,2019-12-02 18:41:00.000000,2019-12-02 18:41:45.000000,2019-12-02 19:01:19.765973,2019-12-02 19:02:04.765973,2019-12-02 19:28:47.548521,2019-12-02 19:29:32.548521,2019-12-02 19:47:35.826853,Replace,9,46,42,0 days 00:00:45.000000000,0 days 00:20:19.765973000
17,2019-12-02 19:46:00.000000,2019-12-02 19:46:35.000000,2019-12-02 20:02:49.318812,2019-12-02 20:03:24.318812,2019-12-02 20:55:16.932618,2019-12-02 20:55:51.932618,2019-12-02 21:09:54.056679,Replace,9,46,42,0 days 00:00:35.000000000,0 days 00:16:49.318812000
18,2019-12-02 20:48:00.000000,2019-12-02 20:48:45.000000,2019-12-02 21:05:35.007593,2019-12-02 21:06:04.635724,,,,Onsite,9,46,42,0 days 00:00:45.000000000,0 days 00:17:19.635724000
19,2019-12-02 21:55:00.000000,2019-12-02 21:55:55.000000,2019-12-02 22:10:51.600059,2019-12-02 22:11:01.251130,,,,Onsite,9,46,42,0 days 00:00:55.000000000,0 days 00:15:06.251130000
0,2019-12-02 01:14:00.000000,2019-12-02 00:00:25.000000,2019-12-02 00:14:23.201392,2019-12-02 00:14:48.201392,2019-12-02 00:52:43.514614,2019-12-02 00:53:08.514614,2019-12-02 01:15:08.888382,Replace,1,46,43,-1 days +22:46:25.000000000,0 days 00:14:23.201392000
1,2019-12-02 01:11:00.000000,2019-12-02 01:11:45.000000,2019-12-02 01:26:46.794516,2019-12-02 01:26:55.132635,,,,Onsite,1,46,43,0 days 00:00:45.000000000,0 days 00:15:10.132635000
2,2019-12-02 02:14:00.000000,2019-12-02 02:14:45.000000,2019-12-02 02:30:07.682780,2019-12-02 02:30:18.839064,,,,Onsite,1,46,43,0 days 00:00:45.000000000,0 days 00:15:33.839064000
3,2019-12-02 03:27:00.000000,2019-12-02 03:27:30.000000,2019-12-02 03:42:29.781837,2019-12-02 03:42:42.632170,,,,Onsite,1,46,43,0 days 00:00:30.000000000,0 days 00:15:12.632170000
4,2019-12-02 04:40:00.000000,2019-12-02 04:40:35.000000,2019-12-02 04:55:54.774606,2019-12-02 04:56:29.774606,2019-12-02 05:33:21.517714,2019-12-02 05:33:56.517714,2019-12-02 05:54:36.220412,Replace,1,46,43,0 days 00:00:35.000000000,0 days 00:15:54.774606000
5,2019-12-02 05:52:00.000000,2019-12-02 05:52:50.000000,2019-12-02 06:11:36.400102,2019-12-02 06:12:26.400102,2019-12-02 06:43:48.576497,2019-12-02 06:44:38.576497,2019-12-02 07:05:05.706254,Replace,1,46,43,0 days 00:00:50.000000000,0 days 00:19:36.400102000
6,2019-12-02 07:12:00.000000,2019-12-02 07:12:30.000000,2019-12-02 07:30:21.592820,2019-12-02 07:30:51.592820,2019-12-02 08:01:29.232526,2019-12-02 08:01:59.232526,2019-12-02 08:21:42.522691,Replace,1,46,43,0 days 00:00:30.000000000,0 days 00:18:21.592820000
7,2019-12-02 08:10:00.000000,2019-12-02 08:10:45.000000,2019-12-02 08:27:58.549257,2019-12-02 08:28:43.549257,2019-12-02 09:01:46.553825,2019-12-02 09:02:31.553825,2019-12-02 09:23:18.678354,Replace,1,46,43,0 days 00:00:45.000000000,0 days 00:17:58.549257000
8,2019-12-02 09:23:00.000000,2019-12-02 09:23:35.000000,2019-12-02 09:44:24.349956,2019-12-02 09:44:59.349956,2019-12-02 10:36:34.091943,2019-12-02 10:37:09.091943,2019-12-02 10:55:36.868915,Replace,1,46,43,0 days 00:00:35.000000000,0 days 00:21:24.349956000
9,2019-12-02 10:31:00.000000,2019-12-02 10:31:45.000000,2019-12-02 10:48:49.115897,2019-12-02 10:48:57.322694,,,,Onsite,1,46,43,0 days 00:00:45.000000000,0 days 00:17:12.322694000
10,2019-12-02 11:43:00.000000,2019-12-02 11:43:30.000000,2019-12-02 11:55:04.784988,2019-12-02 11:55:17.634977,,,,Onsite,1,46,43,0 days 00:00:30.000000000,0 days 00:11:47.634977000
11,2019-12-02 12:56:00.000000,2019-12-02 12:56:30.000000,2019-12-02 13:06:47.985199,2019-12-02 13:06:52.836274,,,,Onsite,1,46,43,0 days 00:00:30.000000000,0 days 00:10:22.836274000
12,2019-12-02 13:59:00.000000,2019-12-02 13:59:30.000000,2019-12-02 14:16:59.650225,2019-12-02 14:17:13.626886,,,,Onsite,1,46,43,0 days 00:00:30.000000000,0 days 00:17:43.626886000
13,2019-12-02 15:05:00.000000,2019-12-02 15:05:45.000000,2019-12-02 15:24:04.464091,2019-12-02 15:24:49.464091,2019-12-02 16:03:54.798589,2019-12-02 16:04:39.798589,2019-12-02 16:19:22.616459,Replace,1,46,43,0 days 00:00:45.000000000,0 days 00:19:04.464091000
14,2019-12-02 16:11:00.000000,2019-12-02 16:11:30.000000,2019-12-02 16:27:01.374949,2019-12-02 16:27:31.374949,2019-12-02 17:01:34.908196,2019-12-02 17:02:04.908196,2019-12-02 17:22:00.278107,Replace,1,46,43,0 days 00:00:30.000000000,0 days 00:16:01.374949000
15,2019-12-02 17:35:00.000000,2019-12-02 17:35:50.000000,2019-12-02 17:49:24.781661,2019-12-02 17:50:14.781661,2019-12-02 18:16:48.238136,2019-12-02 18:17:38.238136,2019-12-02 18:33:10.946371,Replace,1,46,43,0 days 00:00:50.000000000,0 days 00:14:24.781661000
16,2019-12-02 18:41:00.000000,2019-12-02 18:41:55.000000,2019-12-02 19:00:03.396177,2019-12-02 19:00:58.396177,2019-12-02 19:34:37.036839,2019-12-02 19:35:32.036839,2019-12-02 19:46:47.402678,Replace,1,46,43,0 days 00:00:55.000000000,0 days 00:19:03.396177000
17,2019-12-02 19:47:00.000000,2019-12-02 19:47:55.000000,2019-12-02 20:05:14.119881,2019-12-02 20:06:09.119881,2019-12-02 20:33:04.122372,2019-12-02 20:33:59.122372,2019-12-02 20:49:40.654546,Replace,1,46,43,0 days 00:00:55.000000000,0 days 00:18:14.119881000
18,2019-12-02 20:57:00.000000,2019-12-02 20:57:30.000000,2019-12-02 21:11:32.972632,2019-12-02 21:12:02.972632,2019-12-02 21:53:27.849484,2019-12-02 21:53:57.849484,2019-12-02 22:13:18.003553,Replace,1,46,43,0 days 00:00:30.000000000,0 days 00:14:32.972632000
0,2019-12-02 01:17:00.000000,2019-12-02 00:00:30.000000,2019-12-02 00:15:59.883869,2019-12-02 00:16:08.938885,,,,Onsite,2,46,43,-1 days +22:43:30.000000000,0 days 00:15:38.938885000
1,2019-12-02 01:13:00.000000,2019-12-02 01:13:50.000000,2019-12-02 01:28:15.671468,2019-12-02 01:28:19.360561,,,,Onsite,2,46,43,0 days 00:00:50.000000000,0 days 00:14:29.360561000
2,2019-12-02 02:16:00.000000,2019-12-02 02:16:35.000000,2019-12-02 02:35:09.001607,2019-12-02 02:35:16.344673,,,,Onsite,2,46,43,0 days 00:00:35.000000000,0 days 00:18:41.344673000
3,2019-12-02 03:37:00.000000,2019-12-02 03:37:35.000000,2019-12-02 03:56:06.988486,2019-12-02 03:56:11.672692,,,,Onsite,2,46,43,0 days 00:00:35.000000000,0 days 00:18:36.672692000
4,2019-12-02 04:36:00.000000,2019-12-02 04:36:45.000000,2019-12-02 04:54:16.454857,2019-12-02 04:55:01.454857,2019-12-02 05:20:48.422292,2019-12-02 05:21:33.422292,2019-12-02 05:42:56.749778,Replace,2,46,43,0 days 00:00:45.000000000,0 days 00:18:16.454857000
5,2019-12-02 05:57:00.000000,2019-12-02 05:57:35.000000,2019-12-02 06:12:36.557845,2019-12-02 06:13:11.557845,2019-12-02 06:47:48.758402,2019-12-02 06:48:23.758402,2019-12-02 07:07:06.309272,Replace,2,46,43,0 days 00:00:35.000000000,0 days 00:15:36.557845000
6,2019-12-02 06:55:00.000000,2019-12-02 06:55:25.000000,2019-12-02 07:10:38.934086,2019-12-02 07:11:10.120364,,,,Onsite,2,46,43,0 days 00:00:25.000000000,0 days 00:15:45.120364000
7,2019-12-02 07:52:00.000000,2019-12-02 07:52:55.000000,2019-12-02 08:07:44.018554,2019-12-02 08:07:50.574060,,,,Onsite,2,46,43,0 days 00:00:55.000000000,0 days 00:14:55.574060000
8,2019-12-02 09:02:00.000000,2019-12-02 09:02:35.000000,2019-12-02 09:16:00.139931,2019-12-02 09:16:35.139931,2019-12-02 09:46:32.189088,2019-12-02 09:47:07.189088,2019-12-02 10:08:19.071890,Replace,2,46,43,0 days 00:00:35.000000000,0 days 00:14:00.139931000
9,2019-12-02 10:06:00.000000,2019-12-02 10:06:45.000000,2019-12-02 10:26:28.250206,2019-12-02 10:26:37.759771,,,,Onsite,2,46,43,0 days 00:00:45.000000000,0 days 00:19:52.759771000
10,2019-12-02 11:25:00.000000,2019-12-02 11:25:35.000000,2019-12-02 11:41:31.594418,2019-12-02 11:42:06.594418,2019-12-02 12:15:29.762580,2019-12-02 12:16:04.762580,2019-12-02 12:33:24.944037,Replace,2,46,43,0 days 00:00:35.000000000,0 days 00:16:31.594418000
11,2019-12-02 12:34:00.000000,2019-12-02 12:34:45.000000,2019-12-02 12:53:30.425142,2019-12-02 12:53:37.944559,,,,Onsite,2,46,43,0 days 00:00:45.000000000,0 days 00:18:52.944559000
12,2019-12-02 13:47:00.000000,2019-12-02 13:47:30.000000,2019-12-02 14:01:47.858627,2019-12-02 14:02:17.858627,2019-12-02 14:45:44.220240,2019-12-02 14:46:14.220240,2019-12-02 15:00:08.508890,Replace,2,46,43,0 days 00:00:30.000000000,0 days 00:14:47.858627000
13,2019-12-02 15:04:00.000000,2019-12-02 15:04:25.000000,2019-12-02 15:25:39.043192,2019-12-02 15:26:04.043192,2019-12-02 15:52:34.115389,2019-12-02 15:52:59.115389,2019-12-02 16:06:10.650154,Replace,2,46,43,0 days 00:00:25.000000000,0 days 00:21:39.043192000
14,2019-12-02 15:59:00.000000,2019-12-02 15:59:35.000000,2019-12-02 16:13:47.763794,2019-12-02 16:14:22.763794,2019-12-02 16:45:23.953865,2019-12-02 16:45:58.953865,2019-12-02 17:02:38.517458,Replace,2,46,43,0 days 00:00:35.000000000,0 days 00:14:47.763794000
15,2019-12-02 17:07:00.000000,2019-12-02 17:07:45.000000,2019-12-02 17:23:07.258780,2019-12-02 17:23:28.379006,,,,Onsite,2,46,43,0 days 00:00:45.000000000,0 days 00:15:43.379006000
16,2019-12-02 19:21:00.000000,2019-12-02 19:21:45.000000,2019-12-02 19:36:33.517914,2019-12-02 19:36:44.460567,,,,Onsite,2,46,43,0 days 00:00:45.000000000,0 days 00:14:59.460567000
17,2019-12-02 18:28:00.000000,2019-12-02 18:28:55.000000,2019-12-02 18:48:55.610418,2019-12-02 18:49:50.610418,2019-12-02 19:20:13.260459,2019-12-02 19:21:08.260459,2019-12-02 19:36:06.752528,Replace,2,46,43,0 days 00:00:55.000000000,0 days 00:20:55.610418000
18,2019-12-02 20:38:00.000000,2019-12-02 20:38:35.000000,2019-12-02 20:54:00.150119,2019-12-02 20:54:16.526837,,,,Onsite,2,46,43,0 days 00:00:35.000000000,0 days 00:15:41.526837000
19,2019-12-02 21:45:00.000000,2019-12-02 21:45:45.000000,2019-12-02 22:03:47.860457,2019-12-02 22:04:32.860457,2019-12-02 22:36:42.576807,2019-12-02 22:37:27.576807,2019-12-02 22:50:18.988339,Replace,2,46,43,0 days 00:00:45.000000000,0 days 00:18:47.860457000
0,2019-12-02 01:16:00.000000,2019-12-02 00:00:45.000000,2019-12-02 00:17:44.933826,2019-12-02 00:18:29.933826,2019-12-02 00:48:01.827197,2019-12-02 00:48:46.827197,2019-12-02 01:04:22.591447,Replace,3,46,43,-1 days +22:44:45.000000000,0 days 00:17:44.933826000
1,2019-12-02 01:29:00.000000,2019-12-02 01:29:45.000000,2019-12-02 01:49:51.763584,2019-12-02 01:50:36.763584,2019-12-02 02:26:20.537234,2019-12-02 02:27:05.537234,2019-12-02 02:46:07.547051,Replace,3,46,43,0 days 00:00:45.000000000,0 days 00:20:51.763584000
2,2019-12-02 02:44:00.000000,2019-12-02 02:44:50.000000,2019-12-02 03:01:18.744152,2019-12-02 03:01:30.684098,,,,Onsite,3,46,43,0 days 00:00:50.000000000,0 days 00:16:40.684098000
3,2019-12-02 04:00:00.000000,2019-12-02 04:00:45.000000,2019-12-02 04:22:04.345694,2019-12-02 04:22:49.345694,2019-12-02 04:56:30.341387,2019-12-02 04:57:15.341387,2019-12-02 05:11:06.484121,Replace,3,46,43,0 days 00:00:45.000000000,0 days 00:22:04.345694000
4,2019-12-02 05:03:00.000000,2019-12-02 05:03:55.000000,2019-12-02 05:14:54.361111,2019-12-02 05:15:49.361111,2019-12-02 05:42:19.250088,2019-12-02 05:43:14.250088,2019-12-02 05:56:39.500844,Replace,3,46,43,0 days 00:00:55.000000000,0 days 00:11:54.361111000
5,2019-12-02 06:08:00.000000,2019-12-02 06:08:30.000000,2019-12-02 06:19:21.092110,2019-12-02 06:19:38.529423,,,,Onsite,3,46,43,0 days 00:00:30.000000000,0 days 00:11:08.529423000
6,2019-12-02 07:21:00.000000,2019-12-02 07:21:45.000000,2019-12-02 07:40:32.117885,2019-12-02 07:41:17.117885,2019-12-02 08:04:34.921409,2019-12-02 08:05:19.921409,2019-12-02 08:17:32.268681,Replace,3,46,43,0 days 00:00:45.000000000,0 days 00:19:32.117885000
7,2019-12-02 08:33:00.000000,2019-12-02 08:33:55.000000,2019-12-02 08:52:45.677893,2019-12-02 08:53:40.677893,2019-12-02 09:34:44.523908,2019-12-02 09:35:39.523908,2019-12-02 09:59:44.710375,Replace,3,46,43,0 days 00:00:55.000000000,0 days 00:19:45.677893000
8,2019-12-02 09:43:00.000000,2019-12-02 09:43:35.000000,2019-12-02 10:02:28.020101,2019-12-02 10:03:03.020101,2019-12-02 10:49:31.916561,2019-12-02 10:50:06.916561,2019-12-02 11:14:09.927905,Replace,3,46,43,0 days 00:00:35.000000000,0 days 00:19:28.020101000
9,2019-12-02 10:43:00.000000,2019-12-02 10:43:25.000000,2019-12-02 10:58:29.465275,2019-12-02 10:58:54.465275,2019-12-02 11:36:13.961598,2019-12-02 11:36:38.961598,2019-12-02 11:57:54.128327,Replace,3,46,43,0 days 00:00:25.000000000,0 days 00:15:29.465275000
10,2019-12-02 11:42:00.000000,2019-12-02 11:42:30.000000,2019-12-02 12:01:38.536892,2019-12-02 12:02:08.536892,2019-12-02 12:25:40.966330,2019-12-02 12:26:10.966330,2019-12-02 12:41:51.785213,Replace,3,46,43,0 days 00:00:30.000000000,0 days 00:19:38.536892000
11,2019-12-02 12:46:00.000000,2019-12-02 12:46:45.000000,2019-12-02 13:04:08.550329,2019-12-02 13:04:53.550329,2019-12-02 13:42:12.150795,2019-12-02 13:42:57.150795,2019-12-02 13:56:15.491705,Replace,3,46,43,0 days 00:00:45.000000000,0 days 00:18:08.550329000
12,2019-12-02 14:03:00.000000,2019-12-02 14:03:35.000000,2019-12-02 14:22:48.179621,2019-12-02 14:22:57.098238,,,,Onsite,3,46,43,0 days 00:00:35.000000000,0 days 00:19:22.098238000
13,2019-12-02 14:59:00.000000,2019-12-02 14:59:25.000000,2019-12-02 15:16:24.439000,2019-12-02 15:16:35.228868,,,,Onsite,3,46,43,0 days 00:00:25.000000000,0 days 00:17:10.228868000
14,2019-12-02 15:57:00.000000,2019-12-02 15:57:50.000000,2019-12-02 16:13:37.951729,2019-12-02 16:13:48.672030,,,,Onsite,3,46,43,0 days 00:00:50.000000000,0 days 00:15:58.672030000
15,2019-12-02 17:13:00.000000,2019-12-02 17:13:55.000000,2019-12-02 17:26:56.521281,2019-12-02 17:27:08.499688,,,,Onsite,3,46,43,0 days 00:00:55.000000000,0 days 00:13:13.499688000
16,2019-12-02 18:36:00.000000,2019-12-02 18:36:45.000000,2019-12-02 18:52:31.383443,2019-12-02 18:53:16.383443,2019-12-02 19:24:54.286816,2019-12-02 19:25:39.286816,2019-12-02 19:43:49.012037,Replace,3,46,43,0 days 00:00:45.000000000,0 days 00:16:31.383443000
17,2019-12-02 19:54:00.000000,2019-12-02 19:54:35.000000,2019-12-02 20:12:13.228592,2019-12-02 20:12:48.228592,2019-12-02 20:59:00.485150,2019-12-02 20:59:35.485150,2019-12-02 21:23:00.949323,Replace,3,46,43,0 days 00:00:35.000000000,0 days 00:18:13.228592000
18,2019-12-02 20:57:00.000000,2019-12-02 20:57:35.000000,2019-12-02 21:15:46.345457,2019-12-02 21:16:21.345457,2019-12-02 21:46:33.739297,2019-12-02 21:47:08.739297,2019-12-02 22:01:59.544723,Replace,3,46,43,0 days 00:00:35.000000000,0 days 00:18:46.345457000
0,2019-12-02 01:11:00.000000,2019-12-02 00:00:35.000000,2019-12-02 00:18:21.771420,2019-12-02 00:18:56.771420,2019-12-02 01:01:46.932636,2019-12-02 01:02:21.932636,2019-12-02 01:15:16.937811,Replace,4,46,43,-1 days +22:49:35.000000000,0 days 00:18:21.771420000
1,2019-12-02 01:12:00.000000,2019-12-02 01:12:25.000000,2019-12-02 01:29:50.119339,2019-12-02 01:29:58.893024,,,,Onsite,4,46,43,0 days 00:00:25.000000000,0 days 00:17:33.893024000
2,2019-12-02 02:12:00.000000,2019-12-02 02:12:50.000000,2019-12-02 02:32:11.654081,2019-12-02 02:33:01.654081,2019-12-02 03:26:43.555473,2019-12-02 03:27:33.555473,2019-12-02 03:45:31.508187,Replace,4,46,43,0 days 00:00:50.000000000,0 days 00:20:11.654081000
3,2019-12-02 03:16:00.000000,2019-12-02 03:16:55.000000,2019-12-02 03:33:30.910949,2019-12-02 03:33:41.724745,,,,Onsite,4,46,43,0 days 00:00:55.000000000,0 days 00:16:46.724745000
4,2019-12-02 04:28:00.000000,2019-12-02 04:28:30.000000,2019-12-02 04:41:24.345483,2019-12-02 04:41:54.345483,2019-12-02 05:12:02.937269,2019-12-02 05:12:32.937269,2019-12-02 05:29:57.511016,Replace,4,46,43,0 days 00:00:30.000000000,0 days 00:13:24.345483000
5,2019-12-02 05:33:00.000000,2019-12-02 05:33:55.000000,2019-12-02 05:45:03.575242,2019-12-02 05:45:58.575242,2019-12-02 06:25:59.145333,2019-12-02 06:26:54.145333,2019-12-02 06:42:57.381133,Replace,4,46,43,0 days 00:00:55.000000000,0 days 00:12:03.575242000
6,2019-12-02 06:47:00.000000,2019-12-02 06:47:45.000000,2019-12-02 07:02:24.972543,2019-12-02 07:03:09.972543,2019-12-02 07:45:59.163246,2019-12-02 07:46:44.163246,2019-12-02 08:06:51.498903,Replace,4,46,43,0 days 00:00:45.000000000,0 days 00:15:24.972543000
7,2019-12-02 08:14:00.000000,2019-12-02 08:14:35.000000,2019-12-02 08:32:01.161895,2019-12-02 08:32:14.233434,,,,Onsite,4,46,43,0 days 00:00:35.000000000,0 days 00:17:39.233434000
8,2019-12-02 09:27:00.000000,2019-12-02 09:27:35.000000,2019-12-02 09:44:37.047678,2019-12-02 09:45:12.047678,2019-12-02 10:20:38.911853,2019-12-02 10:21:13.911853,2019-12-02 10:35:06.313739,Replace,4,46,43,0 days 00:00:35.000000000,0 days 00:17:37.047678000
9,2019-12-02 10:34:00.000000,2019-12-02 10:34:50.000000,2019-12-02 10:53:21.531500,2019-12-02 10:53:34.240959,,,,Onsite,4,46,43,0 days 00:00:50.000000000,0 days 00:18:44.240959000
10,2019-12-02 11:48:00.000000,2019-12-02 11:48:25.000000,2019-12-02 12:03:28.293460,2019-12-02 12:03:53.293460,2019-12-02 12:31:50.610394,2019-12-02 12:32:15.610394,2019-12-02 12:50:24.630926,Replace,4,46,43,0 days 00:00:25.000000000,0 days 00:15:28.293460000
11,2019-12-02 12:57:00.000000,2019-12-02 12:57:25.000000,2019-12-02 13:11:58.199838,2019-12-02 13:12:14.486987,,,,Onsite,4,46,43,0 days 00:00:25.000000000,0 days 00:14:49.486987000
12,2019-12-02 14:01:00.000000,2019-12-02 14:01:30.000000,2019-12-02 14:12:18.197218,2019-12-02 14:12:24.430954,,,,Onsite,4,46,43,0 days 00:00:30.000000000,0 days 00:10:54.430954000
13,2019-12-02 15:07:00.000000,2019-12-02 15:07:45.000000,2019-12-02 15:24:38.100606,2019-12-02 15:25:23.100606,2019-12-02 16:15:35.515757,2019-12-02 16:16:20.515757,2019-12-02 16:39:43.896049,Replace,4,46,43,0 days 00:00:45.000000000,0 days 00:17:38.100606000
14,2019-12-02 16:14:00.000000,2019-12-02 16:14:45.000000,2019-12-02 16:27:40.469940,2019-12-02 16:28:02.245970,,,,Onsite,4,46,43,0 days 00:00:45.000000000,0 days 00:13:17.245970000
15,2019-12-02 17:38:00.000000,2019-12-02 17:38:30.000000,2019-12-02 17:55:44.732272,2019-12-02 17:56:14.732272,2019-12-02 18:42:37.105311,2019-12-02 18:43:07.105311,2019-12-02 19:02:13.173522,Replace,4,46,43,0 days 00:00:30.000000000,0 days 00:17:44.732272000
16,2019-12-02 18:58:00.000000,2019-12-02 18:58:45.000000,2019-12-02 19:14:15.489364,2019-12-02 19:14:28.621432,,,,Onsite,4,46,43,0 days 00:00:45.000000000,0 days 00:15:43.621432000
17,2019-12-02 19:51:00.000000,2019-12-02 19:51:50.000000,2019-12-02 20:06:31.333114,2019-12-02 20:07:21.333114,2019-12-02 20:52:48.111395,2019-12-02 20:53:38.111395,2019-12-02 21:06:35.370621,Replace,4,46,43,0 days 00:00:50.000000000,0 days 00:15:31.333114000
18,2019-12-02 20:49:00.000000,2019-12-02 20:49:45.000000,2019-12-02 21:10:14.082694,2019-12-02 21:10:59.082694,2019-12-02 21:42:05.684506,2019-12-02 21:42:50.684506,2019-12-02 21:57:52.097900,Replace,4,46,43,0 days 00:00:45.000000000,0 days 00:21:14.082694000
19,2019-12-02 21:49:00.000000,2019-12-02 21:49:50.000000,2019-12-02 22:05:45.875327,2019-12-02 22:06:10.844861,,,,Onsite,4,46,43,0 days 00:00:50.000000000,0 days 00:16:20.844861000
0,2019-12-02 01:21:00.000000,2019-12-02 00:00:55.000000,2019-12-02 00:15:48.514054,2019-12-02 00:16:43.514054,2019-12-02 01:00:01.408820,2019-12-02 01:00:56.408820,2019-12-02 01:19:16.161463,Replace,5,46,43,-1 days +22:39:55.000000000,0 days 00:15:48.514054000
1,2019-12-02 00:58:00.000000,2019-12-02 00:58:50.000000,2019-12-02 01:17:33.869738,2019-12-02 01:17:50.473286,,,,Onsite,5,46,43,0 days 00:00:50.000000000,0 days 00:19:00.473286000
2,2019-12-02 02:08:00.000000,2019-12-02 02:08:45.000000,2019-12-02 02:28:23.549723,2019-12-02 02:29:08.549723,2019-12-02 02:54:42.705427,2019-12-02 02:55:27.705427,2019-12-02 03:14:11.241179,Replace,5,46,43,0 days 00:00:45.000000000,0 days 00:20:23.549723000
3,2019-12-02 03:22:00.000000,2019-12-02 03:22:45.000000,2019-12-02 03:34:32.169967,2019-12-02 03:34:42.062032,,,,Onsite,5,46,43,0 days 00:00:45.000000000,0 days 00:11:57.062032000
4,2019-12-02 04:34:00.000000,2019-12-02 04:34:25.000000,2019-12-02 04:52:28.812695,2019-12-02 04:52:53.812695,2019-12-02 05:44:59.044617,2019-12-02 05:45:24.044617,2019-12-02 06:00:30.697111,Replace,5,46,43,0 days 00:00:25.000000000,0 days 00:18:28.812695000
5,2019-12-02 05:52:00.000000,2019-12-02 05:52:45.000000,2019-12-02 06:06:19.484453,2019-12-02 06:07:04.484453,2019-12-02 06:47:37.606458,2019-12-02 06:48:22.606458,2019-12-02 07:04:38.071819,Replace,5,46,43,0 days 00:00:45.000000000,0 days 00:14:19.484453000
6,2019-12-02 07:00:00.000000,2019-12-02 07:00:55.000000,2019-12-02 07:13:49.396301,2019-12-02 07:14:09.781956,,,,Onsite,5,46,43,0 days 00:00:55.000000000,0 days 00:13:14.781956000
7,2019-12-02 08:03:00.000000,2019-12-02 08:03:45.000000,2019-12-02 08:27:01.841385,2019-12-02 08:27:46.841385,2019-12-02 09:13:23.760451,2019-12-02 09:14:08.760451,2019-12-02 09:30:57.523236,Replace,5,46,43,0 days 00:00:45.000000000,0 days 00:24:01.841385000
8,2019-12-02 09:17:00.000000,2019-12-02 09:17:45.000000,2019-12-02 09:30:34.743966,2019-12-02 09:31:19.743966,2019-12-02 10:17:32.127811,2019-12-02 10:18:17.127811,2019-12-02 10:34:23.555443,Replace,5,46,43,0 days 00:00:45.000000000,0 days 00:13:34.743966000
9,2019-12-02 10:38:00.000000,2019-12-02 10:38:45.000000,2019-12-02 10:52:26.279520,2019-12-02 10:53:11.279520,2019-12-02 11:22:57.310114,2019-12-02 11:23:42.310114,2019-12-02 11:42:14.356548,Replace,5,46,43,0 days 00:00:45.000000000,0 days 00:14:26.279520000
10,2019-12-02 11:57:00.000000,2019-12-02 11:57:35.000000,2019-12-02 12:11:43.453935,2019-12-02 12:11:49.604344,,,,Onsite,5,46,43,0 days 00:00:35.000000000,0 days 00:14:14.604344000
11,2019-12-02 13:03:00.000000,2019-12-02 13:03:35.000000,2019-12-02 13:21:09.572671,2019-12-02 13:21:19.327930,,,,Onsite,5,46,43,0 days 00:00:35.000000000,0 days 00:17:44.327930000
12,2019-12-02 14:14:00.000000,2019-12-02 14:14:45.000000,2019-12-02 14:34:18.381473,2019-12-02 14:34:30.758460,,,,Onsite,5,46,43,0 days 00:00:45.000000000,0 days 00:19:45.758460000
13,2019-12-02 15:09:00.000000,2019-12-02 15:09:45.000000,2019-12-02 15:22:53.861293,2019-12-02 15:23:03.538109,,,,Onsite,5,46,43,0 days 00:00:45.000000000,0 days 00:13:18.538109000
14,2019-12-02 16:00:00.000000,2019-12-02 16:00:45.000000,2019-12-02 16:17:34.499950,2019-12-02 16:18:03.593914,,,,Onsite,5,46,43,0 days 00:00:45.000000000,0 days 00:17:18.593914000
15,2019-12-02 17:04:00.000000,2019-12-02 17:04:35.000000,2019-12-02 17:19:36.391916,2019-12-02 17:19:43.708672,,,,Onsite,5,46,43,0 days 00:00:35.000000000,0 days 00:15:08.708672000
16,2019-12-02 18:10:00.000000,2019-12-02 18:10:55.000000,2019-12-02 18:25:23.156510,2019-12-02 18:25:35.008152,,,,Onsite,5,46,43,0 days 00:00:55.000000000,0 days 00:14:40.008152000
17,2019-12-02 19:13:00.000000,2019-12-02 19:13:55.000000,2019-12-02 19:32:58.566706,2019-12-02 19:33:53.566706,2019-12-02 20:05:17.344515,2019-12-02 20:06:12.344515,2019-12-02 20:25:37.798887,Replace,5,46,43,0 days 00:00:55.000000000,0 days 00:19:58.566706000
18,2019-12-02 20:28:00.000000,2019-12-02 20:28:30.000000,2019-12-02 20:44:39.213130,2019-12-02 20:45:09.213130,2019-12-02 21:32:42.155911,2019-12-02 21:33:12.155911,2019-12-02 21:47:42.549052,Replace,5,46,43,0 days 00:00:30.000000000,0 days 00:16:39.213130000
19,2019-12-02 21:45:00.000000,2019-12-02 21:45:35.000000,2019-12-02 22:00:52.233090,2019-12-02 22:01:18.162772,,,,Onsite,5,46,43,0 days 00:00:35.000000000,0 days 00:15:43.162772000
0,2019-12-02 01:19:00.000000,2019-12-02 00:00:45.000000,2019-12-02 00:18:18.494834,2019-12-02 00:19:03.494834,2019-12-02 01:05:40.629316,2019-12-02 01:06:25.629316,2019-12-02 01:25:25.857316,Replace,6,46,43,-1 days +22:41:45.000000000,0 days 00:18:18.494834000
1,2019-12-02 01:15:00.000000,2019-12-02 01:15:25.000000,2019-12-02 01:26:57.984242,2019-12-02 01:27:05.222899,,,,Onsite,6,46,43,0 days 00:00:25.000000000,0 days 00:11:40.222899000
2,2019-12-02 02:40:00.000000,2019-12-02 02:40:35.000000,2019-12-02 02:55:55.795254,2019-12-02 02:56:30.795254,2019-12-02 03:52:41.382477,2019-12-02 03:53:16.382477,2019-12-02 04:09:02.855612,Replace,6,46,43,0 days 00:00:35.000000000,0 days 00:15:55.795254000
3,2019-12-02 03:35:00.000000,2019-12-02 03:35:35.000000,2019-12-02 03:50:39.504788,2019-12-02 03:51:14.504788,2019-12-02 04:19:16.970616,2019-12-02 04:19:51.970616,2019-12-02 04:41:56.197304,Replace,6,46,43,0 days 00:00:35.000000000,0 days 00:15:39.504788000
4,2019-12-02 04:54:00.000000,2019-12-02 04:54:35.000000,2019-12-02 05:07:20.819683,2019-12-02 05:07:29.165222,,,,Onsite,6,46,43,0 days 00:00:35.000000000,0 days 00:12:54.165222000
5,2019-12-02 06:06:00.000000,2019-12-02 06:06:25.000000,2019-12-02 06:18:50.825101,2019-12-02 06:18:57.865629,,,,Onsite,6,46,43,0 days 00:00:25.000000000,0 days 00:12:32.865629000
6,2019-12-02 07:23:00.000000,2019-12-02 07:23:45.000000,2019-12-02 07:46:47.027061,2019-12-02 07:47:32.027061,2019-12-02 08:34:23.574287,2019-12-02 08:35:08.574287,2019-12-02 08:49:42.392085,Replace,6,46,43,0 days 00:00:45.000000000,0 days 00:23:47.027061000
7,2019-12-02 08:37:00.000000,2019-12-02 08:37:35.000000,2019-12-02 08:50:22.674295,2019-12-02 08:50:34.123273,,,,Onsite,6,46,43,0 days 00:00:35.000000000,0 days 00:12:59.123273000
8,2019-12-02 09:50:00.000000,2019-12-02 09:50:45.000000,2019-12-02 10:05:34.797535,2019-12-02 10:06:19.797535,2019-12-02 10:52:34.117376,2019-12-02 10:53:19.117376,2019-12-02 11:13:37.363476,Replace,6,46,43,0 days 00:00:45.000000000,0 days 00:15:34.797535000
9,2019-12-02 10:54:00.000000,2019-12-02 10:54:30.000000,2019-12-02 11:16:17.317231,2019-12-02 11:16:47.317231,2019-12-02 12:02:12.289702,2019-12-02 12:02:42.289702,2019-12-02 12:17:58.301154,Replace,6,46,43,0 days 00:00:30.000000000,0 days 00:22:17.317231000
10,2019-12-02 12:12:00.000000,2019-12-02 12:12:25.000000,2019-12-02 12:28:56.265750,2019-12-02 12:29:21.265750,2019-12-02 12:56:30.838894,2019-12-02 12:56:55.838894,2019-12-02 13:10:36.208697,Replace,6,46,43,0 days 00:00:25.000000000,0 days 00:16:56.265750000
11,2019-12-02 13:18:00.000000,2019-12-02 13:18:50.000000,2019-12-02 13:39:38.007237,2019-12-02 13:39:46.828409,,,,Onsite,6,46,43,0 days 00:00:50.000000000,0 days 00:20:56.828409000
12,2019-12-02 14:18:00.000000,2019-12-02 14:18:30.000000,2019-12-02 14:37:29.770340,2019-12-02 14:37:59.770340,2019-12-02 15:27:56.586900,2019-12-02 15:28:26.586900,2019-12-02 15:41:28.990414,Replace,6,46,43,0 days 00:00:30.000000000,0 days 00:19:29.770340000
13,2019-12-02 15:19:00.000000,2019-12-02 15:19:35.000000,2019-12-02 15:31:54.729020,2019-12-02 15:32:29.729020,2019-12-02 15:57:01.643316,2019-12-02 15:57:36.643316,2019-12-02 16:14:37.201726,Replace,6,46,43,0 days 00:00:35.000000000,0 days 00:12:54.729020000
14,2019-12-02 16:32:00.000000,2019-12-02 16:32:45.000000,2019-12-02 16:47:57.895232,2019-12-02 16:48:05.326083,,,,Onsite,6,46,43,0 days 00:00:45.000000000,0 days 00:15:20.326083000
15,2019-12-02 17:39:00.000000,2019-12-02 17:39:35.000000,2019-12-02 17:56:25.651769,2019-12-02 17:57:00.651769,2019-12-02 18:44:34.437083,2019-12-02 18:45:09.437083,2019-12-02 18:58:32.832670,Replace,6,46,43,0 days 00:00:35.000000000,0 days 00:17:25.651769000
16,2019-12-02 18:46:00.000000,2019-12-02 18:46:35.000000,2019-12-02 19:03:15.459238,2019-12-02 19:03:50.459238,2019-12-02 19:40:31.213264,2019-12-02 19:41:06.213264,2019-12-02 20:01:21.867866,Replace,6,46,43,0 days 00:00:35.000000000,0 days 00:17:15.459238000
17,2019-12-02 20:10:00.000000,2019-12-02 20:10:50.000000,2019-12-02 20:27:08.153557,2019-12-02 20:27:14.570653,,,,Onsite,6,46,43,0 days 00:00:50.000000000,0 days 00:16:24.570653000
18,2019-12-02 21:13:00.000000,2019-12-02 21:13:25.000000,2019-12-02 21:26:54.842323,2019-12-02 21:27:19.842323,2019-12-02 21:52:26.131967,2019-12-02 21:52:51.131967,2019-12-02 22:09:53.933121,Replace,6,46,43,0 days 00:00:25.000000000,0 days 00:13:54.842323000
19,2019-12-02 22:16:00.000000,2019-12-02 22:16:25.000000,2019-12-02 22:38:21.306417,2019-12-02 22:38:26.232645,,,,Onsite,6,46,43,0 days 00:00:25.000000000,0 days 00:22:01.232645000
0,2019-12-02 00:59:00.000000,2019-12-02 00:00:55.000000,2019-12-02 00:12:50.684592,2019-12-02 00:13:45.684592,2019-12-02 00:39:48.793834,2019-12-02 00:40:43.793834,2019-12-02 00:59:40.155850,Replace,7,46,43,-1 days +23:01:55.000000000,0 days 00:12:50.684592000
1,2019-12-02 02:10:00.000000,2019-12-02 02:10:55.000000,2019-12-02 02:26:36.017749,2019-12-02 02:27:31.017749,2019-12-02 03:01:52.745930,2019-12-02 03:02:47.745930,2019-12-02 03:14:42.248506,Replace,7,46,43,0 days 00:00:55.000000000,0 days 00:16:36.017749000
2,2019-12-02 01:09:00.000000,2019-12-02 01:09:45.000000,2019-12-02 01:27:57.955846,2019-12-02 01:28:42.955846,2019-12-02 02:10:44.852259,2019-12-02 02:11:29.852259,2019-12-02 02:27:42.246304,Replace,7,46,43,0 days 00:00:45.000000000,0 days 00:18:57.955846000
3,2019-12-02 03:27:00.000000,2019-12-02 03:27:25.000000,2019-12-02 03:46:43.823444,2019-12-02 03:47:08.823444,2019-12-02 04:33:53.368486,2019-12-02 04:34:18.368486,2019-12-02 04:54:01.590994,Replace,7,46,43,0 days 00:00:25.000000000,0 days 00:19:43.823444000
4,2019-12-02 04:42:00.000000,2019-12-02 04:42:50.000000,2019-12-02 04:56:24.086397,2019-12-02 04:57:14.086397,2019-12-02 05:31:41.650125,2019-12-02 05:32:31.650125,2019-12-02 05:48:21.733167,Replace,7,46,43,0 days 00:00:50.000000000,0 days 00:14:24.086397000
5,2019-12-02 05:51:00.000000,2019-12-02 05:51:45.000000,2019-12-02 06:06:59.230229,2019-12-02 06:07:12.631234,,,,Onsite,7,46,43,0 days 00:00:45.000000000,0 days 00:15:27.631234000
6,2019-12-02 07:09:00.000000,2019-12-02 07:09:30.000000,2019-12-02 07:23:29.883985,2019-12-02 07:23:47.210053,,,,Onsite,7,46,43,0 days 00:00:30.000000000,0 days 00:14:17.210053000
7,2019-12-02 08:34:00.000000,2019-12-02 08:34:45.000000,2019-12-02 08:49:05.170253,2019-12-02 08:49:50.170253,2019-12-02 09:23:02.092731,2019-12-02 09:23:47.092731,2019-12-02 09:42:33.744437,Replace,7,46,43,0 days 00:00:45.000000000,0 days 00:15:05.170253000
8,2019-12-02 09:30:00.000000,2019-12-02 09:30:50.000000,2019-12-02 09:44:52.453298,2019-12-02 09:45:42.453298,2019-12-02 10:30:36.517613,2019-12-02 10:31:26.517613,2019-12-02 10:48:17.985025,Replace,7,46,43,0 days 00:00:50.000000000,0 days 00:14:52.453298000
9,2019-12-02 10:52:00.000000,2019-12-02 10:52:35.000000,2019-12-02 11:05:43.572434,2019-12-02 11:06:18.572434,2019-12-02 11:52:24.870523,2019-12-02 11:52:59.870523,2019-12-02 12:08:11.815053,Replace,7,46,43,0 days 00:00:35.000000000,0 days 00:13:43.572434000
10,2019-12-02 12:05:00.000000,2019-12-02 12:05:45.000000,2019-12-02 12:21:30.490835,2019-12-02 12:21:40.944989,,,,Onsite,7,46,43,0 days 00:00:45.000000000,0 days 00:15:55.944989000
11,2019-12-02 13:20:00.000000,2019-12-02 13:20:35.000000,2019-12-02 13:38:26.113071,2019-12-02 13:39:01.113071,2019-12-02 14:26:43.806479,2019-12-02 14:27:18.806479,2019-12-02 14:43:20.489437,Replace,7,46,43,0 days 00:00:35.000000000,0 days 00:18:26.113071000
12,2019-12-02 14:38:00.000000,2019-12-02 14:38:45.000000,2019-12-02 14:56:30.825018,2019-12-02 14:56:46.307460,,,,Onsite,7,46,43,0 days 00:00:45.000000000,0 days 00:18:01.307460000
13,2019-12-02 15:42:00.000000,2019-12-02 15:42:50.000000,2019-12-02 15:57:15.802540,2019-12-02 15:58:05.802540,2019-12-02 16:22:03.083311,2019-12-02 16:22:53.083311,2019-12-02 16:40:28.620601,Replace,7,46,43,0 days 00:00:50.000000000,0 days 00:15:15.802540000
14,2019-12-02 16:50:00.000000,2019-12-02 16:50:25.000000,2019-12-02 17:05:06.686192,2019-12-02 17:05:24.687074,,,,Onsite,7,46,43,0 days 00:00:25.000000000,0 days 00:14:59.687074000
15,2019-12-02 17:56:00.000000,2019-12-02 17:56:45.000000,2019-12-02 18:08:09.068014,2019-12-02 18:08:53.960555,,,,Onsite,7,46,43,0 days 00:00:45.000000000,0 days 00:12:08.960555000
16,2019-12-02 19:08:00.000000,2019-12-02 19:08:35.000000,2019-12-02 19:23:04.831989,2019-12-02 19:23:18.385714,,,,Onsite,7,46,43,0 days 00:00:35.000000000,0 days 00:14:43.385714000
17,2019-12-02 20:06:00.000000,2019-12-02 20:06:50.000000,2019-12-02 20:26:15.376568,2019-12-02 20:27:05.376568,2019-12-02 21:02:30.574619,2019-12-02 21:03:20.574619,2019-12-02 21:22:19.833961,Replace,7,46,43,0 days 00:00:50.000000000,0 days 00:20:15.376568000
18,2019-12-02 21:09:00.000000,2019-12-02 21:09:35.000000,2019-12-02 21:26:18.672650,2019-12-02 21:26:53.672650,2019-12-02 22:02:46.858521,2019-12-02 22:03:21.858521,2019-12-02 22:19:16.392181,Replace,7,46,43,0 days 00:00:35.000000000,0 days 00:17:18.672650000
0,2019-12-02 01:06:00.000000,2019-12-02 00:00:35.000000,2019-12-02 00:16:41.519321,2019-12-02 00:17:16.519321,2019-12-02 01:10:25.321263,2019-12-02 01:11:00.321263,2019-12-02 01:26:49.855581,Replace,8,46,43,-1 days +22:54:35.000000000,0 days 00:16:41.519321000
1,2019-12-02 01:04:00.000000,2019-12-02 01:04:45.000000,2019-12-02 01:24:27.952050,2019-12-02 01:25:12.952050,2019-12-02 01:51:58.594844,2019-12-02 01:52:43.594844,2019-12-02 02:12:35.337042,Replace,8,46,43,0 days 00:00:45.000000000,0 days 00:20:27.952050000
2,2019-12-02 02:09:00.000000,2019-12-02 02:09:35.000000,2019-12-02 02:25:01.126918,2019-12-02 02:25:36.126918,2019-12-02 03:07:37.579350,2019-12-02 03:08:12.579350,2019-12-02 03:22:13.239834,Replace,8,46,43,0 days 00:00:35.000000000,0 days 00:16:01.126918000
3,2019-12-02 03:14:00.000000,2019-12-02 03:14:45.000000,2019-12-02 03:31:54.189938,2019-12-02 03:32:39.189938,2019-12-02 03:54:57.261075,2019-12-02 03:55:42.261075,2019-12-02 04:10:33.810683,Replace,8,46,43,0 days 00:00:45.000000000,0 days 00:17:54.189938000
4,2019-12-02 04:12:00.000000,2019-12-02 04:12:35.000000,2019-12-02 04:29:36.812675,2019-12-02 04:29:55.839365,,,,Onsite,8,46,43,0 days 00:00:35.000000000,0 days 00:17:20.839365000
5,2019-12-02 05:15:00.000000,2019-12-02 05:15:45.000000,2019-12-02 05:34:11.107091,2019-12-02 05:34:56.107091,2019-12-02 06:04:22.566620,2019-12-02 06:05:07.566620,2019-12-02 06:29:02.704940,Replace,8,46,43,0 days 00:00:45.000000000,0 days 00:19:11.107091000
6,2019-12-02 06:27:00.000000,2019-12-02 06:27:30.000000,2019-12-02 06:45:04.414328,2019-12-02 06:45:34.414328,2019-12-02 07:30:58.663266,2019-12-02 07:31:28.663266,2019-12-02 07:50:21.177557,Replace,8,46,43,0 days 00:00:30.000000000,0 days 00:18:04.414328000
7,2019-12-02 07:23:00.000000,2019-12-02 07:23:25.000000,2019-12-02 07:42:18.762276,2019-12-02 07:42:43.762276,2019-12-02 08:33:38.800896,2019-12-02 08:34:03.800896,2019-12-02 08:48:39.530438,Replace,8,46,43,0 days 00:00:25.000000000,0 days 00:19:18.762276000
8,2019-12-02 08:28:00.000000,2019-12-02 08:28:30.000000,2019-12-02 08:42:00.417517,2019-12-02 08:42:07.524102,,,,Onsite,8,46,43,0 days 00:00:30.000000000,0 days 00:13:37.524102000
9,2019-12-02 09:44:00.000000,2019-12-02 09:44:35.000000,2019-12-02 09:58:08.321983,2019-12-02 09:58:43.321983,2019-12-02 10:33:45.857076,2019-12-02 10:34:20.857076,2019-12-02 10:54:14.685169,Replace,8,46,43,0 days 00:00:35.000000000,0 days 00:14:08.321983000
10,2019-12-02 10:57:00.000000,2019-12-02 10:57:55.000000,2019-12-02 11:17:17.988868,2019-12-02 11:18:12.988868,2019-12-02 11:49:38.158463,2019-12-02 11:50:33.158463,2019-12-02 12:10:02.149733,Replace,8,46,43,0 days 00:00:55.000000000,0 days 00:20:17.988868000
11,2019-12-02 11:52:00.000000,2019-12-02 11:52:25.000000,2019-12-02 12:07:45.056003,2019-12-02 12:08:10.056003,2019-12-02 12:39:32.937619,2019-12-02 12:39:57.937619,2019-12-02 12:55:38.648650,Replace,8,46,43,0 days 00:00:25.000000000,0 days 00:15:45.056003000
12,2019-12-02 12:55:00.000000,2019-12-02 12:55:25.000000,2019-12-02 13:10:29.456070,2019-12-02 13:10:54.456070,2019-12-02 13:45:02.387283,2019-12-02 13:45:27.387283,2019-12-02 14:00:00.688065,Replace,8,46,43,0 days 00:00:25.000000000,0 days 00:15:29.456070000
13,2019-12-02 14:08:00.000000,2019-12-02 14:08:35.000000,2019-12-02 14:25:58.908344,2019-12-02 14:26:10.720019,,,,Onsite,8,46,43,0 days 00:00:35.000000000,0 days 00:17:35.720019000
14,2019-12-02 15:33:00.000000,2019-12-02 15:33:35.000000,2019-12-02 15:53:44.986620,2019-12-02 15:54:19.986620,2019-12-02 16:41:34.840306,2019-12-02 16:42:09.840306,2019-12-02 17:02:15.061761,Replace,8,46,43,0 days 00:00:35.000000000,0 days 00:20:44.986620000
15,2019-12-02 16:27:00.000000,2019-12-02 16:27:55.000000,2019-12-02 16:46:23.303753,2019-12-02 16:46:27.945378,,,,Onsite,8,46,43,0 days 00:00:55.000000000,0 days 00:18:32.945378000
16,2019-12-02 17:31:00.000000,2019-12-02 17:31:25.000000,2019-12-02 17:45:57.504425,2019-12-02 17:46:22.504425,2019-12-02 18:13:53.011821,2019-12-02 18:14:18.011821,2019-12-02 18:33:00.659136,Replace,8,46,43,0 days 00:00:25.000000000,0 days 00:14:57.504425000
17,2019-12-02 18:22:00.000000,2019-12-02 18:22:55.000000,2019-12-02 18:36:45.065338,2019-12-02 18:37:04.951581,,,,Onsite,8,46,43,0 days 00:00:55.000000000,0 days 00:14:09.951581000
18,2019-12-02 19:40:00.000000,2019-12-02 19:40:35.000000,2019-12-02 19:57:49.619429,2019-12-02 19:58:24.619429,2019-12-02 20:34:55.587345,2019-12-02 20:35:30.587345,2019-12-02 20:54:43.211864,Replace,8,46,43,0 days 00:00:35.000000000,0 days 00:17:49.619429000
19,2019-12-02 20:55:00.000000,2019-12-02 20:55:35.000000,2019-12-02 21:10:38.829953,2019-12-02 21:11:13.829953,2019-12-02 21:54:18.091934,2019-12-02 21:54:53.091934,2019-12-02 22:12:56.857551,Replace,8,46,43,0 days 00:00:35.000000000,0 days 00:15:38.829953000
20,2019-12-02 21:57:00.000000,2019-12-02 21:57:55.000000,2019-12-02 22:13:03.656380,2019-12-02 22:13:17.903531,,,,Onsite,8,46,43,0 days 00:00:55.000000000,0 days 00:15:22.903531000
0,2019-12-02 01:09:00.000000,2019-12-02 00:00:45.000000,2019-12-02 00:18:07.317742,2019-12-02 00:18:52.317742,2019-12-02 00:48:50.109656,2019-12-02 00:49:35.109656,2019-12-02 01:03:06.653351,Replace,9,46,43,-1 days +22:51:45.000000000,0 days 00:18:07.317742000
1,2019-12-02 01:17:00.000000,2019-12-02 01:17:25.000000,2019-12-02 01:30:13.521187,2019-12-02 01:30:42.534292,,,,Onsite,9,46,43,0 days 00:00:25.000000000,0 days 00:13:17.534292000
2,2019-12-02 02:40:00.000000,2019-12-02 02:40:45.000000,2019-12-02 02:56:58.760829,2019-12-02 02:57:43.760829,2019-12-02 03:39:16.317673,2019-12-02 03:40:01.317673,2019-12-02 03:53:33.439058,Replace,9,46,43,0 days 00:00:45.000000000,0 days 00:16:58.760829000
3,2019-12-02 03:44:00.000000,2019-12-02 03:44:45.000000,2019-12-02 03:57:50.819147,2019-12-02 03:58:35.819147,2019-12-02 04:39:16.056521,2019-12-02 04:40:01.056521,2019-12-02 04:55:49.049825,Replace,9,46,43,0 days 00:00:45.000000000,0 days 00:13:50.819147000
4,2019-12-02 04:50:00.000000,2019-12-02 04:50:45.000000,2019-12-02 05:05:24.725081,2019-12-02 05:06:09.725081,2019-12-02 05:43:35.766227,2019-12-02 05:44:20.766227,2019-12-02 06:02:54.428866,Replace,9,46,43,0 days 00:00:45.000000000,0 days 00:15:24.725081000
5,2019-12-02 05:58:00.000000,2019-12-02 05:58:25.000000,2019-12-02 06:13:29.803790,2019-12-02 06:13:33.443449,,,,Onsite,9,46,43,0 days 00:00:25.000000000,0 days 00:15:08.443449000
6,2019-12-02 08:26:00.000000,2019-12-02 08:26:45.000000,2019-12-02 08:43:03.752347,2019-12-02 08:43:48.752347,2019-12-02 09:12:11.707639,2019-12-02 09:12:56.707639,2019-12-02 09:29:28.916216,Replace,9,46,43,0 days 00:00:45.000000000,0 days 00:17:03.752347000
7,2019-12-02 07:17:00.000000,2019-12-02 07:17:50.000000,2019-12-02 07:26:09.798775,2019-12-02 07:26:59.798775,2019-12-02 08:13:28.998498,2019-12-02 08:14:18.998498,2019-12-02 08:26:30.607894,Replace,9,46,43,0 days 00:00:50.000000000,0 days 00:09:09.798775000
8,2019-12-02 09:32:00.000000,2019-12-02 09:32:45.000000,2019-12-02 09:46:53.466575,2019-12-02 09:47:38.466575,2019-12-02 10:17:33.970429,2019-12-02 10:18:18.970429,2019-12-02 10:33:49.106874,Replace,9,46,43,0 days 00:00:45.000000000,0 days 00:14:53.466575000
9,2019-12-02 10:39:00.000000,2019-12-02 10:39:45.000000,2019-12-02 10:49:08.152648,2019-12-02 10:49:53.152648,2019-12-02 11:23:26.406177,2019-12-02 11:24:11.406177,2019-12-02 11:37:03.715665,Replace,9,46,43,0 days 00:00:45.000000000,0 days 00:10:08.152648000
10,2019-12-02 11:46:00.000000,2019-12-02 11:46:30.000000,2019-12-02 11:57:21.814197,2019-12-02 11:57:51.814197,2019-12-02 12:43:08.123156,2019-12-02 12:43:38.123156,2019-12-02 12:55:51.868038,Replace,9,46,43,0 days 00:00:30.000000000,0 days 00:11:21.814197000
11,2019-12-02 12:50:00.000000,2019-12-02 12:50:25.000000,2019-12-02 13:07:18.329273,2019-12-02 13:07:21.610649,,,,Onsite,9,46,43,0 days 00:00:25.000000000,0 days 00:16:56.610649000
12,2019-12-02 13:52:00.000000,2019-12-02 13:52:25.000000,2019-12-02 14:11:18.659323,2019-12-02 14:11:43.659323,2019-12-02 14:37:01.870803,2019-12-02 14:37:26.870803,2019-12-02 14:54:15.656832,Replace,9,46,43,0 days 00:00:25.000000000,0 days 00:19:18.659323000
13,2019-12-02 14:49:00.000000,2019-12-02 14:49:55.000000,2019-12-02 15:03:44.276000,2019-12-02 15:04:01.107615,,,,Onsite,9,46,43,0 days 00:00:55.000000000,0 days 00:14:06.107615000
14,2019-12-02 15:57:00.000000,2019-12-02 15:57:35.000000,2019-12-02 16:12:53.399411,2019-12-02 16:13:28.399411,2019-12-02 16:53:07.281861,2019-12-02 16:53:42.281861,2019-12-02 17:11:16.544889,Replace,9,46,43,0 days 00:00:35.000000000,0 days 00:15:53.399411000
15,2019-12-02 17:14:00.000000,2019-12-02 17:14:55.000000,2019-12-02 17:29:33.470599,2019-12-02 17:30:02.207405,,,,Onsite,9,46,43,0 days 00:00:55.000000000,0 days 00:15:07.207405000
16,2019-12-02 18:27:00.000000,2019-12-02 18:27:50.000000,2019-12-02 18:42:51.856173,2019-12-02 18:43:01.576425,,,,Onsite,9,46,43,0 days 00:00:50.000000000,0 days 00:15:11.576425000
17,2019-12-02 19:32:00.000000,2019-12-02 19:32:45.000000,2019-12-02 19:46:55.122563,2019-12-02 19:47:24.869195,,,,Onsite,9,46,43,0 days 00:00:45.000000000,0 days 00:14:39.869195000
18,2019-12-02 20:49:00.000000,2019-12-02 20:49:35.000000,2019-12-02 21:07:12.202958,2019-12-02 21:07:47.202958,2019-12-02 21:51:52.553173,2019-12-02 21:52:27.553173,2019-12-02 22:10:58.334740,Replace,9,46,43,0 days 00:00:35.000000000,0 days 00:18:12.202958000
0,2019-12-02 01:02:00.000000,2019-12-02 00:00:50.000000,2019-12-02 00:18:33.554176,2019-12-02 00:19:23.554176,2019-12-02 01:08:53.443827,2019-12-02 01:09:43.443827,2019-12-02 01:22:08.015083,Replace,1,46,44,-1 days +22:58:50.000000000,0 days 00:18:33.554176000
1,2019-12-02 01:13:00.000000,2019-12-02 01:13:35.000000,2019-12-02 01:27:59.960814,2019-12-02 01:28:34.960814,2019-12-02 02:06:32.781181,2019-12-02 02:07:07.781181,2019-12-02 02:25:55.762818,Replace,1,46,44,0 days 00:00:35.000000000,0 days 00:14:59.960814000
2,2019-12-02 02:12:00.000000,2019-12-02 02:12:35.000000,2019-12-02 02:27:10.839979,2019-12-02 02:27:45.839979,2019-12-02 03:02:00.717404,2019-12-02 03:02:35.717404,2019-12-02 03:19:49.393047,Replace,1,46,44,0 days 00:00:35.000000000,0 days 00:15:10.839979000
3,2019-12-02 03:21:00.000000,2019-12-02 03:21:45.000000,2019-12-02 03:34:33.076664,2019-12-02 03:34:51.805309,,,,Onsite,1,46,44,0 days 00:00:45.000000000,0 days 00:13:06.805309000
4,2019-12-02 04:32:00.000000,2019-12-02 04:32:45.000000,2019-12-02 04:41:34.070808,2019-12-02 04:42:19.070808,2019-12-02 05:38:26.579907,2019-12-02 05:39:11.579907,2019-12-02 06:01:52.924975,Replace,1,46,44,0 days 00:00:45.000000000,0 days 00:09:34.070808000
5,2019-12-02 05:33:00.000000,2019-12-02 05:33:25.000000,2019-12-02 05:51:03.753949,2019-12-02 05:51:28.753949,2019-12-02 06:18:16.623491,2019-12-02 06:18:41.623491,2019-12-02 06:36:00.278264,Replace,1,46,44,0 days 00:00:25.000000000,0 days 00:18:03.753949000
6,2019-12-02 06:48:00.000000,2019-12-02 06:48:45.000000,2019-12-02 07:07:43.931341,2019-12-02 07:08:08.619914,,,,Onsite,1,46,44,0 days 00:00:45.000000000,0 days 00:19:23.619914000
7,2019-12-02 07:47:00.000000,2019-12-02 07:47:35.000000,2019-12-02 08:00:21.804305,2019-12-02 08:00:56.804305,2019-12-02 08:30:30.771779,2019-12-02 08:31:05.771779,2019-12-02 08:46:46.339380,Replace,1,46,44,0 days 00:00:35.000000000,0 days 00:13:21.804305000
8,2019-12-02 09:09:00.000000,2019-12-02 09:09:30.000000,2019-12-02 09:31:01.727828,2019-12-02 09:31:19.648662,,,,Onsite,1,46,44,0 days 00:00:30.000000000,0 days 00:21:49.648662000
9,2019-12-02 10:16:00.000000,2019-12-02 10:16:25.000000,2019-12-02 10:30:39.937251,2019-12-02 10:30:54.009309,,,,Onsite,1,46,44,0 days 00:00:25.000000000,0 days 00:14:29.009309000
10,2019-12-02 11:16:00.000000,2019-12-02 11:16:55.000000,2019-12-02 11:35:58.885530,2019-12-02 11:36:53.885530,2019-12-02 12:00:29.981635,2019-12-02 12:01:24.981635,2019-12-02 12:12:36.279915,Replace,1,46,44,0 days 00:00:55.000000000,0 days 00:19:58.885530000
11,2019-12-02 12:26:00.000000,2019-12-02 12:26:35.000000,2019-12-02 12:47:47.544411,2019-12-02 12:48:22.544411,2019-12-02 13:18:25.398397,2019-12-02 13:19:00.398397,2019-12-02 13:36:50.033000,Replace,1,46,44,0 days 00:00:35.000000000,0 days 00:21:47.544411000
12,2019-12-02 13:40:00.000000,2019-12-02 13:40:30.000000,2019-12-02 14:00:23.640612,2019-12-02 14:00:53.640612,2019-12-02 14:33:45.715605,2019-12-02 14:34:15.715605,2019-12-02 14:50:48.940194,Replace,1,46,44,0 days 00:00:30.000000000,0 days 00:20:23.640612000
13,2019-12-02 14:36:00.000000,2019-12-02 14:36:45.000000,2019-12-02 14:54:33.924131,2019-12-02 14:54:55.460201,,,,Onsite,1,46,44,0 days 00:00:45.000000000,0 days 00:18:10.460201000
14,2019-12-02 15:50:00.000000,2019-12-02 15:50:35.000000,2019-12-02 16:11:10.847498,2019-12-02 16:11:45.847498,2019-12-02 16:49:30.384075,2019-12-02 16:50:05.384075,2019-12-02 17:04:39.920960,Replace,1,46,44,0 days 00:00:35.000000000,0 days 00:21:10.847498000
15,2019-12-02 16:46:00.000000,2019-12-02 16:46:45.000000,2019-12-02 17:02:41.484090,2019-12-02 17:03:26.484090,2019-12-02 17:34:38.819411,2019-12-02 17:35:23.819411,2019-12-02 17:50:29.973070,Replace,1,46,44,0 days 00:00:45.000000000,0 days 00:16:41.484090000
16,2019-12-02 17:59:00.000000,2019-12-02 17:59:35.000000,2019-12-02 18:15:36.805536,2019-12-02 18:16:11.805536,2019-12-02 18:53:20.867282,2019-12-02 18:53:55.867282,2019-12-02 19:13:56.367263,Replace,1,46,44,0 days 00:00:35.000000000,0 days 00:16:36.805536000
17,2019-12-02 19:15:00.000000,2019-12-02 19:15:45.000000,2019-12-02 19:34:44.068631,2019-12-02 19:34:58.365437,,,,Onsite,1,46,44,0 days 00:00:45.000000000,0 days 00:19:13.365437000
18,2019-12-02 21:23:00.000000,2019-12-02 21:23:50.000000,2019-12-02 21:38:50.352413,2019-12-02 21:39:00.446829,,,,Onsite,1,46,44,0 days 00:00:50.000000000,0 days 00:15:10.446829000
19,2019-12-02 20:16:00.000000,2019-12-02 20:16:45.000000,2019-12-02 20:33:29.048682,2019-12-02 20:34:14.048682,2019-12-02 21:07:30.736169,2019-12-02 21:08:15.736169,2019-12-02 21:23:09.333499,Replace,1,46,44,0 days 00:00:45.000000000,0 days 00:17:29.048682000
20,2019-12-02 22:34:00.000000,2019-12-02 22:34:55.000000,2019-12-02 22:52:14.725622,2019-12-02 22:52:23.099135,,,,Onsite,1,46,44,0 days 00:00:55.000000000,0 days 00:17:28.099135000
0,2019-12-02 01:17:00.000000,2019-12-02 00:00:45.000000,2019-12-02 00:20:07.392869,2019-12-02 00:20:18.116811,,,,Onsite,2,46,44,-1 days +22:43:45.000000000,0 days 00:19:33.116811000
1,2019-12-02 00:56:00.000000,2019-12-02 00:56:25.000000,2019-12-02 01:14:19.994778,2019-12-02 01:14:44.994778,2019-12-02 01:53:39.204235,2019-12-02 01:54:04.204235,2019-12-02 02:06:32.912274,Replace,2,46,44,0 days 00:00:25.000000000,0 days 00:18:19.994778000
2,2019-12-02 01:57:00.000000,2019-12-02 01:57:35.000000,2019-12-02 02:13:30.817028,2019-12-02 02:14:05.817028,2019-12-02 03:02:00.811085,2019-12-02 03:02:35.811085,2019-12-02 03:15:51.504420,Replace,2,46,44,0 days 00:00:35.000000000,0 days 00:16:30.817028000
3,2019-12-02 02:53:00.000000,2019-12-02 02:53:25.000000,2019-12-02 03:06:36.351818,2019-12-02 03:07:01.351818,2019-12-02 03:48:26.421764,2019-12-02 03:48:51.421764,2019-12-02 04:04:36.318144,Replace,2,46,44,0 days 00:00:25.000000000,0 days 00:13:36.351818000
4,2019-12-02 04:06:00.000000,2019-12-02 04:06:50.000000,2019-12-02 04:19:00.183207,2019-12-02 04:19:50.183207,2019-12-02 04:58:34.641898,2019-12-02 04:59:24.641898,2019-12-02 05:12:33.112469,Replace,2,46,44,0 days 00:00:50.000000000,0 days 00:13:00.183207000
5,2019-12-02 05:18:00.000000,2019-12-02 05:18:35.000000,2019-12-02 05:32:10.082688,2019-12-02 05:32:45.082688,2019-12-02 06:10:42.489900,2019-12-02 06:11:17.489900,2019-12-02 06:25:21.057175,Replace,2,46,44,0 days 00:00:35.000000000,0 days 00:14:10.082688000
6,2019-12-02 06:36:00.000000,2019-12-02 06:36:55.000000,2019-12-02 06:58:37.352156,2019-12-02 06:58:45.356133,,,,Onsite,2,46,44,0 days 00:00:55.000000000,0 days 00:21:50.356133000
7,2019-12-02 07:47:00.000000,2019-12-02 07:47:35.000000,2019-12-02 08:02:24.560566,2019-12-02 08:02:59.560566,2019-12-02 08:38:24.329220,2019-12-02 08:38:59.329220,2019-12-02 08:56:59.102627,Replace,2,46,44,0 days 00:00:35.000000000,0 days 00:15:24.560566000
8,2019-12-02 08:40:00.000000,2019-12-02 08:40:35.000000,2019-12-02 08:54:13.020329,2019-12-02 08:54:22.759046,,,,Onsite,2,46,44,0 days 00:00:35.000000000,0 days 00:13:47.759046000
9,2019-12-02 09:39:00.000000,2019-12-02 09:39:30.000000,2019-12-02 09:53:36.858213,2019-12-02 09:53:50.899067,,,,Onsite,2,46,44,0 days 00:00:30.000000000,0 days 00:14:20.899067000
10,2019-12-02 10:43:00.000000,2019-12-02 10:43:35.000000,2019-12-02 10:58:04.215046,2019-12-02 10:58:39.215046,2019-12-02 11:25:48.781220,2019-12-02 11:26:23.781220,2019-12-02 11:46:00.899291,Replace,2,46,44,0 days 00:00:35.000000000,0 days 00:15:04.215046000
11,2019-12-02 11:56:00.000000,2019-12-02 11:56:30.000000,2019-12-02 12:08:31.040586,2019-12-02 12:09:01.040586,2019-12-02 12:37:12.375450,2019-12-02 12:37:42.375450,2019-12-02 12:53:03.739273,Replace,2,46,44,0 days 00:00:30.000000000,0 days 00:12:31.040586000
12,2019-12-02 12:59:00.000000,2019-12-02 12:59:50.000000,2019-12-02 13:13:25.861109,2019-12-02 13:14:15.861109,2019-12-02 13:43:57.672855,2019-12-02 13:44:47.672855,2019-12-02 13:58:15.227887,Replace,2,46,44,0 days 00:00:50.000000000,0 days 00:14:25.861109000
13,2019-12-02 13:58:00.000000,2019-12-02 13:58:55.000000,2019-12-02 14:15:39.486430,2019-12-02 14:16:34.486430,2019-12-02 14:57:30.683593,2019-12-02 14:58:25.683593,2019-12-02 15:18:49.432437,Replace,2,46,44,0 days 00:00:55.000000000,0 days 00:17:39.486430000
14,2019-12-02 14:49:00.000000,2019-12-02 14:49:45.000000,2019-12-02 15:13:27.256992,2019-12-02 15:14:12.256992,2019-12-02 15:45:53.449055,2019-12-02 15:46:38.449055,2019-12-02 16:03:08.182729,Replace,2,46,44,0 days 00:00:45.000000000,0 days 00:24:27.256992000
15,2019-12-02 15:57:00.000000,2019-12-02 15:57:35.000000,2019-12-02 16:12:14.499315,2019-12-02 16:12:27.051563,,,,Onsite,2,46,44,0 days 00:00:35.000000000,0 days 00:14:52.051563000
16,2019-12-02 16:49:00.000000,2019-12-02 16:49:55.000000,2019-12-02 17:07:39.520637,2019-12-02 17:08:34.520637,2019-12-02 17:49:36.155098,2019-12-02 17:50:31.155098,2019-12-02 18:02:42.556835,Replace,2,46,44,0 days 00:00:55.000000000,0 days 00:18:39.520637000
17,2019-12-02 17:57:00.000000,2019-12-02 17:57:55.000000,2019-12-02 18:13:33.971227,2019-12-02 18:14:28.971227,2019-12-02 19:06:20.865762,2019-12-02 19:07:15.865762,2019-12-02 19:20:53.725707,Replace,2,46,44,0 days 00:00:55.000000000,0 days 00:16:33.971227000
18,2019-12-02 19:05:00.000000,2019-12-02 19:05:45.000000,2019-12-02 19:27:20.615811,2019-12-02 19:27:28.406054,,,,Onsite,2,46,44,0 days 00:00:45.000000000,0 days 00:21:43.406054000
19,2019-12-02 20:17:00.000000,2019-12-02 20:17:45.000000,2019-12-02 20:32:40.305944,2019-12-02 20:33:25.305944,2019-12-02 20:57:05.665277,2019-12-02 20:57:50.665277,2019-12-02 21:15:51.612494,Replace,2,46,44,0 days 00:00:45.000000000,0 days 00:15:40.305944000
20,2019-12-02 21:34:00.000000,2019-12-02 21:34:55.000000,2019-12-02 21:48:26.173849,2019-12-02 21:48:46.931365,,,,Onsite,2,46,44,0 days 00:00:55.000000000,0 days 00:13:51.931365000
0,2019-12-02 00:56:00.000000,2019-12-02 00:00:55.000000,2019-12-02 00:18:08.144111,2019-12-02 00:19:03.144111,2019-12-02 00:49:51.462291,2019-12-02 00:50:46.462291,2019-12-02 01:02:19.270046,Replace,3,46,44,-1 days +23:04:55.000000000,0 days 00:18:08.144111000
1,2019-12-02 01:15:00.000000,2019-12-02 01:15:25.000000,2019-12-02 01:33:41.510241,2019-12-02 01:34:06.510241,2019-12-02 01:58:11.482703,2019-12-02 01:58:36.482703,2019-12-02 02:12:27.902066,Replace,3,46,44,0 days 00:00:25.000000000,0 days 00:18:41.510241000
2,2019-12-02 03:26:00.000000,2019-12-02 03:26:25.000000,2019-12-02 03:44:34.231147,2019-12-02 03:44:38.235980,,,,Onsite,3,46,44,0 days 00:00:25.000000000,0 days 00:18:13.235980000
3,2019-12-02 02:16:00.000000,2019-12-02 02:16:45.000000,2019-12-02 02:33:50.959224,2019-12-02 02:34:35.959224,2019-12-02 03:26:14.483846,2019-12-02 03:26:59.483846,2019-12-02 03:40:36.944121,Replace,3,46,44,0 days 00:00:45.000000000,0 days 00:17:50.959224000
4,2019-12-02 04:28:00.000000,2019-12-02 04:28:50.000000,2019-12-02 04:47:31.668347,2019-12-02 04:47:37.894867,,,,Onsite,3,46,44,0 days 00:00:50.000000000,0 days 00:18:47.894867000
5,2019-12-02 05:33:00.000000,2019-12-02 05:33:50.000000,2019-12-02 05:54:46.899239,2019-12-02 05:55:36.899239,2019-12-02 06:22:50.107717,2019-12-02 06:23:40.107717,2019-12-02 06:39:17.691810,Replace,3,46,44,0 days 00:00:50.000000000,0 days 00:21:46.899239000
6,2019-12-02 06:49:00.000000,2019-12-02 06:49:30.000000,2019-12-02 07:02:52.869163,2019-12-02 07:03:09.622541,,,,Onsite,3,46,44,0 days 00:00:30.000000000,0 days 00:13:39.622541000
7,2019-12-02 07:49:00.000000,2019-12-02 07:49:50.000000,2019-12-02 08:08:43.607268,2019-12-02 08:08:57.220825,,,,Onsite,3,46,44,0 days 00:00:50.000000000,0 days 00:19:07.220825000
8,2019-12-02 10:01:00.000000,2019-12-02 10:01:45.000000,2019-12-02 10:21:37.745675,2019-12-02 10:22:00.342366,,,,Onsite,3,46,44,0 days 00:00:45.000000000,0 days 00:20:15.342366000
9,2019-12-02 08:56:00.000000,2019-12-02 08:56:45.000000,2019-12-02 09:13:10.962742,2019-12-02 09:13:55.962742,2019-12-02 09:44:43.978002,2019-12-02 09:45:28.978002,2019-12-02 10:01:12.274228,Replace,3,46,44,0 days 00:00:45.000000000,0 days 00:17:10.962742000
10,2019-12-02 10:48:00.000000,2019-12-02 10:48:45.000000,2019-12-02 11:04:39.648763,2019-12-02 11:05:24.648763,2019-12-02 11:35:42.132271,2019-12-02 11:36:27.132271,2019-12-02 11:51:45.366386,Replace,3,46,44,0 days 00:00:45.000000000,0 days 00:16:39.648763000
11,2019-12-02 11:49:00.000000,2019-12-02 11:49:25.000000,2019-12-02 11:59:29.648521,2019-12-02 11:59:47.033417,,,,Onsite,3,46,44,0 days 00:00:25.000000000,0 days 00:10:22.033417000
12,2019-12-02 13:08:00.000000,2019-12-02 13:08:55.000000,2019-12-02 13:24:34.782391,2019-12-02 13:25:29.782391,2019-12-02 14:02:37.567197,2019-12-02 14:03:32.567197,2019-12-02 14:17:53.452328,Replace,3,46,44,0 days 00:00:55.000000000,0 days 00:16:34.782391000
13,2019-12-02 14:28:00.000000,2019-12-02 14:28:35.000000,2019-12-02 14:44:56.447987,2019-12-02 14:45:31.447987,2019-12-02 15:29:28.692971,2019-12-02 15:30:03.692971,2019-12-02 15:49:02.528453,Replace,3,46,44,0 days 00:00:35.000000000,0 days 00:16:56.447987000
14,2019-12-02 15:45:00.000000,2019-12-02 15:45:35.000000,2019-12-02 16:00:19.537243,2019-12-02 16:00:34.747237,,,,Onsite,3,46,44,0 days 00:00:35.000000000,0 days 00:14:59.747237000
15,2019-12-02 16:48:00.000000,2019-12-02 16:48:35.000000,2019-12-02 16:58:07.679867,2019-12-02 16:58:42.679867,2019-12-02 17:25:44.279063,2019-12-02 17:26:19.279063,2019-12-02 17:43:18.941564,Replace,3,46,44,0 days 00:00:35.000000000,0 days 00:10:07.679867000
16,2019-12-02 17:56:00.000000,2019-12-02 17:56:50.000000,2019-12-02 18:11:18.720115,2019-12-02 18:12:08.720115,2019-12-02 18:56:21.010980,2019-12-02 18:57:11.010980,2019-12-02 19:13:10.301458,Replace,3,46,44,0 days 00:00:50.000000000,0 days 00:15:18.720115000
17,2019-12-02 18:51:00.000000,2019-12-02 18:51:25.000000,2019-12-02 19:09:34.174508,2019-12-02 19:09:59.174508,2019-12-02 19:43:25.185460,2019-12-02 19:43:50.185460,2019-12-02 20:03:34.635609,Replace,3,46,44,0 days 00:00:25.000000000,0 days 00:18:34.174508000
18,2019-12-02 20:55:00.000000,2019-12-02 20:55:25.000000,2019-12-02 21:09:47.066879,2019-12-02 21:10:12.066879,2019-12-02 21:51:33.180561,2019-12-02 21:51:58.180561,2019-12-02 22:13:28.219570,Replace,3,46,44,0 days 00:00:25.000000000,0 days 00:14:47.066879000
0,2019-12-02 01:19:00.000000,2019-12-02 00:00:45.000000,2019-12-02 00:16:34.216148,2019-12-02 00:17:19.216148,2019-12-02 01:06:35.584680,2019-12-02 01:07:20.584680,2019-12-02 01:22:31.350215,Replace,4,46,44,-1 days +22:41:45.000000000,0 days 00:16:34.216148000
1,2019-12-02 01:03:00.000000,2019-12-02 01:03:50.000000,2019-12-02 01:15:46.936852,2019-12-02 01:16:36.936852,2019-12-02 01:44:54.424296,2019-12-02 01:45:44.424296,2019-12-02 01:57:39.747798,Replace,4,46,44,0 days 00:00:50.000000000,0 days 00:12:46.936852000
2,2019-12-02 01:59:00.000000,2019-12-02 01:59:45.000000,2019-12-02 02:13:40.300435,2019-12-02 02:13:49.726296,,,,Onsite,4,46,44,0 days 00:00:45.000000000,0 days 00:14:04.726296000
3,2019-12-02 03:03:00.000000,2019-12-02 03:03:45.000000,2019-12-02 03:20:29.671043,2019-12-02 03:21:14.671043,2019-12-02 04:10:11.799289,2019-12-02 04:10:56.799289,2019-12-02 04:29:43.849502,Replace,4,46,44,0 days 00:00:45.000000000,0 days 00:17:29.671043000
4,2019-12-02 04:11:00.000000,2019-12-02 04:11:35.000000,2019-12-02 04:31:18.003165,2019-12-02 04:31:53.003165,2019-12-02 04:56:48.442837,2019-12-02 04:57:23.442837,2019-12-02 05:12:19.567396,Replace,4,46,44,0 days 00:00:35.000000000,0 days 00:20:18.003165000
5,2019-12-02 05:11:00.000000,2019-12-02 05:11:45.000000,2019-12-02 05:31:26.395741,2019-12-02 05:32:11.395741,2019-12-02 06:13:09.563921,2019-12-02 06:13:54.563921,2019-12-02 06:27:07.610103,Replace,4,46,44,0 days 00:00:45.000000000,0 days 00:20:26.395741000
6,2019-12-02 06:30:00.000000,2019-12-02 06:30:55.000000,2019-12-02 06:51:46.659843,2019-12-02 06:51:56.937894,,,,Onsite,4,46,44,0 days 00:00:55.000000000,0 days 00:21:01.937894000
7,2019-12-02 07:46:00.000000,2019-12-02 07:46:35.000000,2019-12-02 08:03:37.387821,2019-12-02 08:04:12.387821,2019-12-02 08:46:01.634665,2019-12-02 08:46:36.634665,2019-12-02 09:04:52.018610,Replace,4,46,44,0 days 00:00:35.000000000,0 days 00:17:37.387821000
8,2019-12-02 10:12:00.000000,2019-12-02 10:12:30.000000,2019-12-02 10:36:25.847138,2019-12-02 10:36:42.156553,,,,Onsite,4,46,44,0 days 00:00:30.000000000,0 days 00:24:12.156553000
9,2019-12-02 08:58:00.000000,2019-12-02 08:58:50.000000,2019-12-02 09:19:25.299908,2019-12-02 09:20:15.299908,2019-12-02 10:12:00.444973,2019-12-02 10:12:50.444973,2019-12-02 10:30:26.260359,Replace,4,46,44,0 days 00:00:50.000000000,0 days 00:21:25.299908000
10,2019-12-02 11:36:00.000000,2019-12-02 11:36:55.000000,2019-12-02 11:49:28.686990,2019-12-02 11:49:39.226066,,,,Onsite,4,46,44,0 days 00:00:55.000000000,0 days 00:12:44.226066000
11,2019-12-02 12:46:00.000000,2019-12-02 12:46:35.000000,2019-12-02 13:06:39.779794,2019-12-02 13:06:49.650001,,,,Onsite,4,46,44,0 days 00:00:35.000000000,0 days 00:20:14.650001000
12,2019-12-02 13:49:00.000000,2019-12-02 13:49:55.000000,2019-12-02 14:08:23.237674,2019-12-02 14:09:18.237674,2019-12-02 14:52:14.334091,2019-12-02 14:53:09.334091,2019-12-02 15:09:39.489465,Replace,4,46,44,0 days 00:00:55.000000000,0 days 00:19:23.237674000
13,2019-12-02 14:51:00.000000,2019-12-02 14:51:55.000000,2019-12-02 15:10:20.835252,2019-12-02 15:10:42.052987,,,,Onsite,4,46,44,0 days 00:00:55.000000000,0 days 00:18:47.052987000
14,2019-12-02 15:43:00.000000,2019-12-02 15:43:55.000000,2019-12-02 16:05:07.375996,2019-12-02 16:06:02.375996,2019-12-02 16:46:41.873561,2019-12-02 16:47:36.873561,2019-12-02 17:06:44.333023,Replace,4,46,44,0 days 00:00:55.000000000,0 days 00:22:07.375996000
15,2019-12-02 16:40:00.000000,2019-12-02 16:40:45.000000,2019-12-02 16:56:05.617105,2019-12-02 16:56:07.835019,,,,Onsite,4,46,44,0 days 00:00:45.000000000,0 days 00:15:22.835019000
16,2019-12-02 17:36:00.000000,2019-12-02 17:36:55.000000,2019-12-02 17:45:58.135794,2019-12-02 17:46:53.135794,2019-12-02 18:24:27.272750,2019-12-02 18:25:22.272750,2019-12-02 18:42:48.735369,Replace,4,46,44,0 days 00:00:55.000000000,0 days 00:09:58.135794000
17,2019-12-02 18:42:00.000000,2019-12-02 18:42:45.000000,2019-12-02 19:00:45.794154,2019-12-02 19:01:30.794154,2019-12-02 19:28:00.606949,2019-12-02 19:28:45.606949,2019-12-02 19:46:28.932211,Replace,4,46,44,0 days 00:00:45.000000000,0 days 00:18:45.794154000
18,2019-12-02 19:52:00.000000,2019-12-02 19:52:35.000000,2019-12-02 20:10:20.901651,2019-12-02 20:10:35.912206,,,,Onsite,4,46,44,0 days 00:00:35.000000000,0 days 00:18:00.912206000
19,2019-12-02 20:51:00.000000,2019-12-02 20:51:45.000000,2019-12-02 21:06:26.157223,2019-12-02 21:07:11.157223,2019-12-02 21:34:17.320472,2019-12-02 21:35:02.320472,2019-12-02 21:49:52.518535,Replace,4,46,44,0 days 00:00:45.000000000,0 days 00:15:26.157223000
0,2019-12-02 01:22:00.000000,2019-12-02 00:00:35.000000,2019-12-02 00:16:21.411346,2019-12-02 00:16:56.411346,2019-12-02 01:07:31.911799,2019-12-02 01:08:06.911799,2019-12-02 01:24:21.097028,Replace,5,46,44,-1 days +22:38:35.000000000,0 days 00:16:21.411346000
1,2019-12-02 01:03:00.000000,2019-12-02 01:03:35.000000,2019-12-02 01:15:46.669605,2019-12-02 01:15:58.440860,,,,Onsite,5,46,44,0 days 00:00:35.000000000,0 days 00:12:23.440860000
2,2019-12-02 01:59:00.000000,2019-12-02 01:59:45.000000,2019-12-02 02:16:09.374635,2019-12-02 02:16:54.374635,2019-12-02 02:39:53.305937,2019-12-02 02:40:38.305937,2019-12-02 02:53:00.642632,Replace,5,46,44,0 days 00:00:45.000000000,0 days 00:17:09.374635000
3,2019-12-02 03:04:00.000000,2019-12-02 03:04:25.000000,2019-12-02 03:17:02.543587,2019-12-02 03:17:16.740105,,,,Onsite,5,46,44,0 days 00:00:25.000000000,0 days 00:12:51.740105000
4,2019-12-02 04:29:00.000000,2019-12-02 04:29:45.000000,2019-12-02 04:44:58.342220,2019-12-02 04:45:19.280316,,,,Onsite,5,46,44,0 days 00:00:45.000000000,0 days 00:15:34.280316000
5,2019-12-02 05:44:00.000000,2019-12-02 05:44:35.000000,2019-12-02 05:58:11.322122,2019-12-02 05:58:46.322122,2019-12-02 06:54:59.159877,2019-12-02 06:55:34.159877,2019-12-02 07:10:38.396107,Replace,5,46,44,0 days 00:00:35.000000000,0 days 00:14:11.322122000
6,2019-12-02 07:47:00.000000,2019-12-02 07:47:45.000000,2019-12-02 08:05:32.976406,2019-12-02 08:06:17.976406,2019-12-02 08:38:47.619249,2019-12-02 08:39:32.619249,2019-12-02 08:53:57.350036,Replace,5,46,44,0 days 00:00:45.000000000,0 days 00:18:32.976406000
7,2019-12-02 06:43:00.000000,2019-12-02 06:43:30.000000,2019-12-02 06:57:58.374721,2019-12-02 06:58:28.374721,2019-12-02 07:47:04.384711,2019-12-02 07:47:34.384711,2019-12-02 08:02:07.859747,Replace,5,46,44,0 days 00:00:30.000000000,0 days 00:14:58.374721000
8,2019-12-02 09:09:00.000000,2019-12-02 09:09:35.000000,2019-12-02 09:24:03.399147,2019-12-02 09:24:38.399147,2019-12-02 09:52:16.501664,2019-12-02 09:52:51.501664,2019-12-02 10:08:21.490238,Replace,5,46,44,0 days 00:00:35.000000000,0 days 00:15:03.399147000
9,2019-12-02 10:15:00.000000,2019-12-02 10:15:30.000000,2019-12-02 10:30:34.866504,2019-12-02 10:31:11.133332,,,,Onsite,5,46,44,0 days 00:00:30.000000000,0 days 00:15:41.133332000
10,2019-12-02 11:26:00.000000,2019-12-02 11:26:55.000000,2019-12-02 11:46:42.103514,2019-12-02 11:47:07.203389,,,,Onsite,5,46,44,0 days 00:00:55.000000000,0 days 00:20:12.203389000
11,2019-12-02 12:33:00.000000,2019-12-02 12:33:45.000000,2019-12-02 12:55:34.133744,2019-12-02 12:56:19.133744,2019-12-02 13:33:33.013165,2019-12-02 13:34:18.013165,2019-12-02 13:48:34.131841,Replace,5,46,44,0 days 00:00:45.000000000,0 days 00:22:34.133744000
12,2019-12-02 13:41:00.000000,2019-12-02 13:41:45.000000,2019-12-02 13:57:20.812162,2019-12-02 13:57:38.362340,,,,Onsite,5,46,44,0 days 00:00:45.000000000,0 days 00:15:53.362340000
13,2019-12-02 14:53:00.000000,2019-12-02 14:53:55.000000,2019-12-02 15:12:08.076204,2019-12-02 15:12:28.058618,,,,Onsite,5,46,44,0 days 00:00:55.000000000,0 days 00:18:33.058618000
14,2019-12-02 15:56:00.000000,2019-12-02 15:56:45.000000,2019-12-02 16:09:20.573093,2019-12-02 16:10:05.573093,2019-12-02 16:41:28.637376,2019-12-02 16:42:13.637376,2019-12-02 16:55:41.177242,Replace,5,46,44,0 days 00:00:45.000000000,0 days 00:13:20.573093000
15,2019-12-02 18:07:00.000000,2019-12-02 18:07:30.000000,2019-12-02 18:27:07.295971,2019-12-02 18:27:22.979084,,,,Onsite,5,46,44,0 days 00:00:30.000000000,0 days 00:19:52.979084000
16,2019-12-02 16:56:00.000000,2019-12-02 16:56:50.000000,2019-12-02 17:09:15.437913,2019-12-02 17:10:05.437913,2019-12-02 17:50:57.201326,2019-12-02 17:51:47.201326,2019-12-02 18:07:11.642207,Replace,5,46,44,0 days 00:00:50.000000000,0 days 00:13:15.437913000
17,2019-12-02 19:17:00.000000,2019-12-02 19:17:35.000000,2019-12-02 19:36:03.468971,2019-12-02 19:36:21.425797,,,,Onsite,5,46,44,0 days 00:00:35.000000000,0 days 00:18:46.425797000
18,2019-12-02 20:22:00.000000,2019-12-02 20:22:45.000000,2019-12-02 20:34:24.655018,2019-12-02 20:34:32.578695,,,,Onsite,5,46,44,0 days 00:00:45.000000000,0 days 00:11:47.578695000
19,2019-12-02 21:37:00.000000,2019-12-02 21:37:45.000000,2019-12-02 21:52:58.254893,2019-12-02 21:53:43.254893,2019-12-02 22:37:56.886346,2019-12-02 22:38:41.886346,2019-12-02 22:53:37.346498,Replace,5,46,44,0 days 00:00:45.000000000,0 days 00:15:58.254893000
0,2019-12-02 00:45:00.000000,2019-12-02 00:00:35.000000,2019-12-02 00:23:46.876910,2019-12-02 00:24:21.876910,2019-12-02 00:59:29.732278,2019-12-02 01:00:04.732278,2019-12-02 01:15:39.525711,Replace,6,46,44,-1 days +23:15:35.000000000,0 days 00:23:46.876910000
1,2019-12-02 01:10:00.000000,2019-12-02 01:10:45.000000,2019-12-02 01:31:10.190531,2019-12-02 01:31:55.190531,2019-12-02 02:10:01.764870,2019-12-02 02:10:46.764870,2019-12-02 02:26:43.593150,Replace,6,46,44,0 days 00:00:45.000000000,0 days 00:21:10.190531000
2,2019-12-02 02:08:00.000000,2019-12-02 02:08:45.000000,2019-12-02 02:26:41.942122,2019-12-02 02:27:26.942122,2019-12-02 03:17:32.561105,2019-12-02 03:18:17.561105,2019-12-02 03:33:50.727674,Replace,6,46,44,0 days 00:00:45.000000000,0 days 00:18:41.942122000
3,2019-12-02 03:09:00.000000,2019-12-02 03:09:45.000000,2019-12-02 03:20:58.067988,2019-12-02 03:21:04.420477,,,,Onsite,6,46,44,0 days 00:00:45.000000000,0 days 00:11:19.420477000
4,2019-12-02 04:20:00.000000,2019-12-02 04:20:35.000000,2019-12-02 04:36:54.102450,2019-12-02 04:37:29.102450,2019-12-02 05:07:15.526542,2019-12-02 05:07:50.526542,2019-12-02 05:28:11.570150,Replace,6,46,44,0 days 00:00:35.000000000,0 days 00:16:54.102450000
5,2019-12-02 05:33:00.000000,2019-12-02 05:33:45.000000,2019-12-02 05:51:51.283732,2019-12-02 05:52:36.283732,2019-12-02 06:29:12.741874,2019-12-02 06:29:57.741874,2019-12-02 06:44:39.112888,Replace,6,46,44,0 days 00:00:45.000000000,0 days 00:18:51.283732000
6,2019-12-02 06:46:00.000000,2019-12-02 06:46:25.000000,2019-12-02 07:00:43.926728,2019-12-02 07:01:08.926728,2019-12-02 07:37:16.907459,2019-12-02 07:37:41.907459,2019-12-02 07:55:42.443304,Replace,6,46,44,0 days 00:00:25.000000000,0 days 00:14:43.926728000
7,2019-12-02 07:45:00.000000,2019-12-02 07:45:55.000000,2019-12-02 08:05:13.025547,2019-12-02 08:06:08.025547,2019-12-02 08:56:26.327623,2019-12-02 08:57:21.327623,2019-12-02 09:14:25.911702,Replace,6,46,44,0 days 00:00:55.000000000,0 days 00:20:13.025547000
8,2019-12-02 09:05:00.000000,2019-12-02 09:05:30.000000,2019-12-02 09:23:18.070109,2019-12-02 09:23:32.389008,,,,Onsite,6,46,44,0 days 00:00:30.000000000,0 days 00:18:02.389008000
9,2019-12-02 10:20:00.000000,2019-12-02 10:20:30.000000,2019-12-02 10:33:06.660743,2019-12-02 10:33:36.660743,2019-12-02 10:57:32.476909,2019-12-02 10:58:02.476909,2019-12-02 11:19:34.314836,Replace,6,46,44,0 days 00:00:30.000000000,0 days 00:13:06.660743000
10,2019-12-02 11:32:00.000000,2019-12-02 11:32:45.000000,2019-12-02 11:50:30.645893,2019-12-02 11:51:15.645893,2019-12-02 12:15:45.256928,2019-12-02 12:16:30.256928,2019-12-02 12:31:13.667148,Replace,6,46,44,0 days 00:00:45.000000000,0 days 00:18:30.645893000
11,2019-12-02 12:47:00.000000,2019-12-02 12:47:45.000000,2019-12-02 13:01:33.895510,2019-12-02 13:02:01.279839,,,,Onsite,6,46,44,0 days 00:00:45.000000000,0 days 00:14:16.279839000
12,2019-12-02 13:58:00.000000,2019-12-02 13:58:35.000000,2019-12-02 14:13:59.794747,2019-12-02 14:14:20.647600,,,,Onsite,6,46,44,0 days 00:00:35.000000000,0 days 00:15:45.647600000
13,2019-12-02 14:58:00.000000,2019-12-02 14:58:45.000000,2019-12-02 15:11:46.983630,2019-12-02 15:12:31.983630,2019-12-02 15:41:04.394443,2019-12-02 15:41:49.394443,2019-12-02 15:59:15.564105,Replace,6,46,44,0 days 00:00:45.000000000,0 days 00:13:46.983630000
14,2019-12-02 16:01:00.000000,2019-12-02 16:01:35.000000,2019-12-02 16:17:47.020169,2019-12-02 16:17:58.456719,,,,Onsite,6,46,44,0 days 00:00:35.000000000,0 days 00:16:23.456719000
15,2019-12-02 17:12:00.000000,2019-12-02 17:12:25.000000,2019-12-02 17:26:40.616796,2019-12-02 17:27:05.616796,2019-12-02 18:03:02.534783,2019-12-02 18:03:27.534783,2019-12-02 18:19:48.779533,Replace,6,46,44,0 days 00:00:25.000000000,0 days 00:14:40.616796000
16,2019-12-02 18:27:00.000000,2019-12-02 18:27:45.000000,2019-12-02 18:40:56.008942,2019-12-02 18:40:58.592643,,,,Onsite,6,46,44,0 days 00:00:45.000000000,0 days 00:13:13.592643000
17,2019-12-02 19:35:00.000000,2019-12-02 19:35:25.000000,2019-12-02 19:52:28.107155,2019-12-02 19:52:53.107155,2019-12-02 20:28:11.403640,2019-12-02 20:28:36.403640,2019-12-02 20:46:04.596686,Replace,6,46,44,0 days 00:00:25.000000000,0 days 00:17:28.107155000
18,2019-12-02 20:40:00.000000,2019-12-02 20:40:35.000000,2019-12-02 20:51:08.244097,2019-12-02 20:51:18.245840,,,,Onsite,6,46,44,0 days 00:00:35.000000000,0 days 00:10:43.245840000
19,2019-12-02 21:44:00.000000,2019-12-02 21:44:25.000000,2019-12-02 21:58:16.226289,2019-12-02 21:58:41.226289,2019-12-02 22:28:58.005363,2019-12-02 22:29:23.005363,2019-12-02 22:43:51.421976,Replace,6,46,44,0 days 00:00:25.000000000,0 days 00:14:16.226289000
0,2019-12-02 01:08:00.000000,2019-12-02 00:00:55.000000,2019-12-02 00:18:00.951396,2019-12-02 00:18:14.028623,,,,Onsite,7,46,44,-1 days +22:52:55.000000000,0 days 00:17:19.028623000
1,2019-12-02 01:10:00.000000,2019-12-02 01:10:55.000000,2019-12-02 01:30:23.014487,2019-12-02 01:31:18.014487,2019-12-02 01:59:54.645754,2019-12-02 02:00:49.645754,2019-12-02 02:14:32.823938,Replace,7,46,44,0 days 00:00:55.000000000,0 days 00:20:23.014487000
2,2019-12-02 02:28:00.000000,2019-12-02 02:28:45.000000,2019-12-02 02:43:07.531042,2019-12-02 02:43:52.531042,2019-12-02 03:14:52.386500,2019-12-02 03:15:37.386500,2019-12-02 03:30:13.417806,Replace,7,46,44,0 days 00:00:45.000000000,0 days 00:15:07.531042000
3,2019-12-02 03:35:00.000000,2019-12-02 03:35:45.000000,2019-12-02 03:50:25.658715,2019-12-02 03:51:10.658715,2019-12-02 04:38:36.897974,2019-12-02 04:39:21.897974,2019-12-02 04:56:41.130908,Replace,7,46,44,0 days 00:00:45.000000000,0 days 00:15:25.658715000
4,2019-12-02 04:48:00.000000,2019-12-02 04:48:50.000000,2019-12-02 05:08:56.661673,2019-12-02 05:09:46.661673,2019-12-02 05:41:25.095036,2019-12-02 05:42:15.095036,2019-12-02 05:55:41.495698,Replace,7,46,44,0 days 00:00:50.000000000,0 days 00:20:56.661673000
5,2019-12-02 05:56:00.000000,2019-12-02 05:56:35.000000,2019-12-02 06:10:58.946775,2019-12-02 06:11:33.946775,2019-12-02 07:02:09.640600,2019-12-02 07:02:44.640600,2019-12-02 07:24:31.520911,Replace,7,46,44,0 days 00:00:35.000000000,0 days 00:14:58.946775000
6,2019-12-02 06:55:00.000000,2019-12-02 06:55:45.000000,2019-12-02 07:10:22.933942,2019-12-02 07:11:07.933942,2019-12-02 07:45:15.848440,2019-12-02 07:46:00.848440,2019-12-02 08:06:06.045506,Replace,7,46,44,0 days 00:00:45.000000000,0 days 00:15:22.933942000
7,2019-12-02 07:56:00.000000,2019-12-02 07:56:55.000000,2019-12-02 08:08:26.760509,2019-12-02 08:08:39.135499,,,,Onsite,7,46,44,0 days 00:00:55.000000000,0 days 00:11:44.135499000
8,2019-12-02 09:04:00.000000,2019-12-02 09:04:25.000000,2019-12-02 09:20:27.942843,2019-12-02 09:20:52.942843,2019-12-02 10:06:01.103536,2019-12-02 10:06:26.103536,2019-12-02 10:21:58.991779,Replace,7,46,44,0 days 00:00:25.000000000,0 days 00:16:27.942843000
9,2019-12-02 10:02:00.000000,2019-12-02 10:02:25.000000,2019-12-02 10:17:46.426950,2019-12-02 10:18:11.426950,2019-12-02 10:54:45.221636,2019-12-02 10:55:10.221636,2019-12-02 11:14:03.785896,Replace,7,46,44,0 days 00:00:25.000000000,0 days 00:15:46.426950000
10,2019-12-02 11:08:00.000000,2019-12-02 11:08:45.000000,2019-12-02 11:25:50.864668,2019-12-02 11:26:35.864668,2019-12-02 11:57:49.438665,2019-12-02 11:58:34.438665,2019-12-02 12:13:10.308108,Replace,7,46,44,0 days 00:00:45.000000000,0 days 00:17:50.864668000
11,2019-12-02 12:20:00.000000,2019-12-02 12:20:50.000000,2019-12-02 12:35:52.913087,2019-12-02 12:36:42.913087,2019-12-02 13:06:12.139110,2019-12-02 13:07:02.139110,2019-12-02 13:24:27.557839,Replace,7,46,44,0 days 00:00:50.000000000,0 days 00:15:52.913087000
12,2019-12-02 13:21:00.000000,2019-12-02 13:21:55.000000,2019-12-02 13:40:41.791876,2019-12-02 13:40:46.979138,,,,Onsite,7,46,44,0 days 00:00:55.000000000,0 days 00:18:51.979138000
13,2019-12-02 14:35:00.000000,2019-12-02 14:35:35.000000,2019-12-02 14:50:19.502681,2019-12-02 14:50:54.502681,2019-12-02 15:38:21.601385,2019-12-02 15:38:56.601385,2019-12-02 15:53:59.244063,Replace,7,46,44,0 days 00:00:35.000000000,0 days 00:15:19.502681000
14,2019-12-02 15:53:00.000000,2019-12-02 15:53:25.000000,2019-12-02 16:09:18.137587,2019-12-02 16:09:43.137587,2019-12-02 16:46:35.893642,2019-12-02 16:47:00.893642,2019-12-02 17:09:20.436553,Replace,7,46,44,0 days 00:00:25.000000000,0 days 00:16:18.137587000
15,2019-12-02 16:48:00.000000,2019-12-02 16:48:45.000000,2019-12-02 17:08:05.919595,2019-12-02 17:08:50.919595,2019-12-02 17:34:40.845586,2019-12-02 17:35:25.845586,2019-12-02 17:51:18.603632,Replace,7,46,44,0 days 00:00:45.000000000,0 days 00:20:05.919595000
16,2019-12-02 17:50:00.000000,2019-12-02 17:50:45.000000,2019-12-02 18:05:10.582501,2019-12-02 18:05:55.582501,2019-12-02 18:37:19.214684,2019-12-02 18:38:04.214684,2019-12-02 18:58:29.101919,Replace,7,46,44,0 days 00:00:45.000000000,0 days 00:15:10.582501000
17,2019-12-02 18:48:00.000000,2019-12-02 18:48:35.000000,2019-12-02 19:03:28.219899,2019-12-02 19:04:03.219899,2019-12-02 19:37:02.331960,2019-12-02 19:37:37.331960,2019-12-02 19:54:30.118290,Replace,7,46,44,0 days 00:00:35.000000000,0 days 00:15:28.219899000
18,2019-12-02 19:43:00.000000,2019-12-02 19:43:35.000000,2019-12-02 20:01:18.772133,2019-12-02 20:01:41.905843,,,,Onsite,7,46,44,0 days 00:00:35.000000000,0 days 00:18:06.905843000
19,2019-12-02 20:45:00.000000,2019-12-02 20:45:35.000000,2019-12-02 20:59:06.655724,2019-12-02 20:59:41.655724,2019-12-02 21:49:30.943419,2019-12-02 21:50:05.943419,2019-12-02 22:07:11.261819,Replace,7,46,44,0 days 00:00:35.000000000,0 days 00:14:06.655724000
20,2019-12-02 21:55:00.000000,2019-12-02 21:55:45.000000,2019-12-02 22:06:44.200321,2019-12-02 22:07:03.707715,,,,Onsite,7,46,44,0 days 00:00:45.000000000,0 days 00:11:18.707715000
0,2019-12-02 00:57:00.000000,2019-12-02 00:00:45.000000,2019-12-02 00:14:26.512626,2019-12-02 00:15:11.512626,2019-12-02 00:45:41.540801,2019-12-02 00:46:26.540801,2019-12-02 01:04:47.341118,Replace,8,46,44,-1 days +23:03:45.000000000,0 days 00:14:26.512626000
1,2019-12-02 01:05:00.000000,2019-12-02 01:05:35.000000,2019-12-02 01:21:55.993510,2019-12-02 01:22:30.993510,2019-12-02 02:16:08.507462,2019-12-02 02:16:43.507462,2019-12-02 02:36:46.564711,Replace,8,46,44,0 days 00:00:35.000000000,0 days 00:16:55.993510000
2,2019-12-02 02:10:00.000000,2019-12-02 02:10:45.000000,2019-12-02 02:23:19.016194,2019-12-02 02:23:34.630665,,,,Onsite,8,46,44,0 days 00:00:45.000000000,0 days 00:12:49.630665000
3,2019-12-02 03:19:00.000000,2019-12-02 03:19:45.000000,2019-12-02 03:36:26.446284,2019-12-02 03:36:48.981584,,,,Onsite,8,46,44,0 days 00:00:45.000000000,0 days 00:17:03.981584000
4,2019-12-02 04:30:00.000000,2019-12-02 04:30:35.000000,2019-12-02 04:43:54.822818,2019-12-02 04:44:07.270490,,,,Onsite,8,46,44,0 days 00:00:35.000000000,0 days 00:13:32.270490000
5,2019-12-02 05:14:00.000000,2019-12-02 05:14:30.000000,2019-12-02 05:32:51.554990,2019-12-02 05:33:14.504907,,,,Onsite,8,46,44,0 days 00:00:30.000000000,0 days 00:18:44.504907000
6,2019-12-02 06:32:00.000000,2019-12-02 06:32:35.000000,2019-12-02 06:46:04.913991,2019-12-02 06:46:39.913991,2019-12-02 07:36:33.741960,2019-12-02 07:37:08.741960,2019-12-02 07:48:46.284414,Replace,8,46,44,0 days 00:00:35.000000000,0 days 00:14:04.913991000
7,2019-12-02 07:51:00.000000,2019-12-02 07:51:35.000000,2019-12-02 08:04:02.297461,2019-12-02 08:04:10.068235,,,,Onsite,8,46,44,0 days 00:00:35.000000000,0 days 00:12:35.068235000
8,2019-12-02 09:11:00.000000,2019-12-02 09:11:45.000000,2019-12-02 09:26:09.782556,2019-12-02 09:26:54.782556,2019-12-02 09:48:51.130851,2019-12-02 09:49:36.130851,2019-12-02 10:03:39.662732,Replace,8,46,44,0 days 00:00:45.000000000,0 days 00:15:09.782556000
9,2019-12-02 10:20:00.000000,2019-12-02 10:20:45.000000,2019-12-02 10:33:08.011230,2019-12-02 10:33:30.596677,,,,Onsite,8,46,44,0 days 00:00:45.000000000,0 days 00:12:45.596677000
10,2019-12-02 11:22:00.000000,2019-12-02 11:22:45.000000,2019-12-02 11:36:06.416414,2019-12-02 11:36:51.416414,2019-12-02 12:03:34.307970,2019-12-02 12:04:19.307970,2019-12-02 12:17:02.470349,Replace,8,46,44,0 days 00:00:45.000000000,0 days 00:14:06.416414000
11,2019-12-02 12:23:00.000000,2019-12-02 12:23:35.000000,2019-12-02 12:41:34.596689,2019-12-02 12:41:54.740480,,,,Onsite,8,46,44,0 days 00:00:35.000000000,0 days 00:18:19.740480000
12,2019-12-02 13:31:00.000000,2019-12-02 13:31:55.000000,2019-12-02 13:51:07.205157,2019-12-02 13:51:23.935583,,,,Onsite,8,46,44,0 days 00:00:55.000000000,0 days 00:19:28.935583000
13,2019-12-02 14:33:00.000000,2019-12-02 14:33:55.000000,2019-12-02 14:55:29.081660,2019-12-02 14:55:46.368227,,,,Onsite,8,46,44,0 days 00:00:55.000000000,0 days 00:21:51.368227000
14,2019-12-02 15:42:00.000000,2019-12-02 15:42:35.000000,2019-12-02 15:55:30.205569,2019-12-02 15:56:05.205569,2019-12-02 16:33:24.780915,2019-12-02 16:33:59.780915,2019-12-02 16:52:22.692484,Replace,8,46,44,0 days 00:00:35.000000000,0 days 00:13:30.205569000
15,2019-12-02 16:48:00.000000,2019-12-02 16:48:45.000000,2019-12-02 17:06:57.224091,2019-12-02 17:07:42.224091,2019-12-02 17:42:11.364859,2019-12-02 17:42:56.364859,2019-12-02 17:55:38.762983,Replace,8,46,44,0 days 00:00:45.000000000,0 days 00:18:57.224091000
16,2019-12-02 18:12:00.000000,2019-12-02 18:12:35.000000,2019-12-02 18:24:54.299251,2019-12-02 18:25:29.299251,2019-12-02 18:52:42.357058,2019-12-02 18:53:17.357058,2019-12-02 19:09:51.003249,Replace,8,46,44,0 days 00:00:35.000000000,0 days 00:12:54.299251000
17,2019-12-02 19:23:00.000000,2019-12-02 19:23:45.000000,2019-12-02 19:39:26.171136,2019-12-02 19:40:11.171136,2019-12-02 20:13:43.498106,2019-12-02 20:14:28.498106,2019-12-02 20:30:55.695081,Replace,8,46,44,0 days 00:00:45.000000000,0 days 00:16:26.171136000
18,2019-12-02 20:33:00.000000,2019-12-02 20:33:45.000000,2019-12-02 20:45:05.146912,2019-12-02 20:45:50.146912,2019-12-02 21:20:28.068373,2019-12-02 21:21:13.068373,2019-12-02 21:39:57.109448,Replace,8,46,44,0 days 00:00:45.000000000,0 days 00:12:05.146912000
19,2019-12-02 21:33:00.000000,2019-12-02 21:33:30.000000,2019-12-02 21:45:37.845372,2019-12-02 21:45:50.628946,,,,Onsite,8,46,44,0 days 00:00:30.000000000,0 days 00:12:20.628946000
0,2019-12-02 01:07:00.000000,2019-12-02 00:00:35.000000,2019-12-02 00:22:46.896845,2019-12-02 00:23:09.159105,,,,Onsite,9,46,44,-1 days +22:53:35.000000000,0 days 00:22:34.159105000
1,2019-12-02 01:08:00.000000,2019-12-02 01:08:45.000000,2019-12-02 01:21:35.855631,2019-12-02 01:22:02.456838,,,,Onsite,9,46,44,0 days 00:00:45.000000000,0 days 00:13:17.456838000
2,2019-12-02 02:12:00.000000,2019-12-02 02:12:25.000000,2019-12-02 02:31:25.411941,2019-12-02 02:31:57.861137,,,,Onsite,9,46,44,0 days 00:00:25.000000000,0 days 00:19:32.861137000
3,2019-12-02 03:15:00.000000,2019-12-02 03:15:35.000000,2019-12-02 03:32:50.326514,2019-12-02 03:33:10.781422,,,,Onsite,9,46,44,0 days 00:00:35.000000000,0 days 00:17:35.781422000
4,2019-12-02 04:27:00.000000,2019-12-02 04:27:30.000000,2019-12-02 04:45:10.086734,2019-12-02 04:45:40.086734,2019-12-02 05:22:39.882510,2019-12-02 05:23:09.882510,2019-12-02 05:37:14.419281,Replace,9,46,44,0 days 00:00:30.000000000,0 days 00:18:10.086734000
5,2019-12-02 05:34:00.000000,2019-12-02 05:34:30.000000,2019-12-02 05:50:01.976710,2019-12-02 05:50:15.311069,,,,Onsite,9,46,44,0 days 00:00:30.000000000,0 days 00:15:45.311069000
6,2019-12-02 06:39:00.000000,2019-12-02 06:39:30.000000,2019-12-02 06:51:28.675289,2019-12-02 06:51:58.675289,2019-12-02 07:27:53.544918,2019-12-02 07:28:23.544918,2019-12-02 07:43:00.552649,Replace,9,46,44,0 days 00:00:30.000000000,0 days 00:12:28.675289000
7,2019-12-02 07:33:00.000000,2019-12-02 07:33:30.000000,2019-12-02 07:52:44.796781,2019-12-02 07:53:14.796781,2019-12-02 08:45:17.161986,2019-12-02 08:45:47.161986,2019-12-02 09:03:37.862565,Replace,9,46,44,0 days 00:00:30.000000000,0 days 00:19:44.796781000
8,2019-12-02 08:29:00.000000,2019-12-02 08:29:50.000000,2019-12-02 08:48:30.862421,2019-12-02 08:49:20.862421,2019-12-02 09:21:29.369074,2019-12-02 09:22:19.369074,2019-12-02 09:37:53.013109,Replace,9,46,44,0 days 00:00:50.000000000,0 days 00:19:30.862421000
9,2019-12-02 09:34:00.000000,2019-12-02 09:34:55.000000,2019-12-02 09:50:35.104632,2019-12-02 09:50:51.628727,,,,Onsite,9,46,44,0 days 00:00:55.000000000,0 days 00:15:56.628727000
10,2019-12-02 10:44:00.000000,2019-12-02 10:44:45.000000,2019-12-02 10:57:17.284279,2019-12-02 10:57:38.447171,,,,Onsite,9,46,44,0 days 00:00:45.000000000,0 days 00:12:53.447171000
11,2019-12-02 11:59:00.000000,2019-12-02 11:59:45.000000,2019-12-02 12:17:35.700067,2019-12-02 12:18:20.700067,2019-12-02 12:41:47.277078,2019-12-02 12:42:32.277078,2019-12-02 13:03:42.020334,Replace,9,46,44,0 days 00:00:45.000000000,0 days 00:18:35.700067000
12,2019-12-02 13:08:00.000000,2019-12-02 13:08:50.000000,2019-12-02 13:20:02.578118,2019-12-02 13:20:52.578118,2019-12-02 13:55:05.780782,2019-12-02 13:55:55.780782,2019-12-02 14:17:49.876381,Replace,9,46,44,0 days 00:00:50.000000000,0 days 00:12:02.578118000
13,2019-12-02 14:04:00.000000,2019-12-02 14:04:50.000000,2019-12-02 14:23:05.798895,2019-12-02 14:23:19.135148,,,,Onsite,9,46,44,0 days 00:00:50.000000000,0 days 00:18:29.135148000
14,2019-12-02 15:22:00.000000,2019-12-02 15:22:45.000000,2019-12-02 15:39:25.425492,2019-12-02 15:39:35.206783,,,,Onsite,9,46,44,0 days 00:00:45.000000000,0 days 00:16:50.206783000
15,2019-12-02 16:30:00.000000,2019-12-02 16:30:55.000000,2019-12-02 16:47:17.931132,2019-12-02 16:48:12.931132,2019-12-02 17:10:33.135229,2019-12-02 17:11:28.135229,2019-12-02 17:27:46.541266,Replace,9,46,44,0 days 00:00:55.000000000,0 days 00:17:17.931132000
16,2019-12-02 17:32:00.000000,2019-12-02 17:32:50.000000,2019-12-02 17:47:46.174539,2019-12-02 17:48:36.174539,2019-12-02 18:28:56.085817,2019-12-02 18:29:46.085817,2019-12-02 18:48:13.247409,Replace,9,46,44,0 days 00:00:50.000000000,0 days 00:15:46.174539000
17,2019-12-02 18:43:00.000000,2019-12-02 18:43:50.000000,2019-12-02 18:58:09.851750,2019-12-02 18:58:17.454441,,,,Onsite,9,46,44,0 days 00:00:50.000000000,0 days 00:14:27.454441000
18,2019-12-02 19:54:00.000000,2019-12-02 19:54:45.000000,2019-12-02 20:10:04.356300,2019-12-02 20:10:49.356300,2019-12-02 20:45:58.201278,2019-12-02 20:46:43.201278,2019-12-02 21:06:31.414937,Replace,9,46,44,0 days 00:00:45.000000000,0 days 00:16:04.356300000
19,2019-12-02 21:16:00.000000,2019-12-02 21:16:35.000000,2019-12-02 21:36:39.276763,2019-12-02 21:36:56.316873,,,,Onsite,9,46,44,0 days 00:00:35.000000000,0 days 00:20:21.316873000
0,2019-12-02 01:08:00.000000,2019-12-02 00:00:30.000000,2019-12-02 00:16:58.016572,2019-12-02 00:17:28.016572,2019-12-02 01:00:58.266694,2019-12-02 01:01:28.266694,2019-12-02 01:18:39.507715,Replace,1,46,45,-1 days +22:52:30.000000000,0 days 00:16:58.016572000
1,2019-12-02 01:02:00.000000,2019-12-02 01:02:45.000000,2019-12-02 01:12:12.777668,2019-12-02 01:12:38.905891,,,,Onsite,1,46,45,0 days 00:00:45.000000000,0 days 00:09:53.905891000
2,2019-12-02 02:11:00.000000,2019-12-02 02:11:35.000000,2019-12-02 02:25:06.142167,2019-12-02 02:25:18.536894,,,,Onsite,1,46,45,0 days 00:00:35.000000000,0 days 00:13:43.536894000
3,2019-12-02 03:26:00.000000,2019-12-02 03:26:35.000000,2019-12-02 03:43:49.094806,2019-12-02 03:43:59.672844,,,,Onsite,1,46,45,0 days 00:00:35.000000000,0 days 00:17:24.672844000
4,2019-12-02 04:40:00.000000,2019-12-02 04:40:45.000000,2019-12-02 04:54:00.475187,2019-12-02 04:54:03.872867,,,,Onsite,1,46,45,0 days 00:00:45.000000000,0 days 00:13:18.872867000
5,2019-12-02 05:57:00.000000,2019-12-02 05:57:45.000000,2019-12-02 06:15:39.388957,2019-12-02 06:16:24.388957,2019-12-02 06:45:44.071638,2019-12-02 06:46:29.071638,2019-12-02 07:08:19.390646,Replace,1,46,45,0 days 00:00:45.000000000,0 days 00:18:39.388957000
6,2019-12-02 07:03:00.000000,2019-12-02 07:03:30.000000,2019-12-02 07:18:14.407508,2019-12-02 07:18:44.407508,2019-12-02 07:51:30.416149,2019-12-02 07:52:00.416149,2019-12-02 08:11:52.515298,Replace,1,46,45,0 days 00:00:30.000000000,0 days 00:15:14.407508000
7,2019-12-02 08:16:00.000000,2019-12-02 08:16:25.000000,2019-12-02 08:27:49.784658,2019-12-02 08:28:03.905696,,,,Onsite,1,46,45,0 days 00:00:25.000000000,0 days 00:11:38.905696000
8,2019-12-02 09:22:00.000000,2019-12-02 09:22:35.000000,2019-12-02 09:36:34.961365,2019-12-02 09:37:09.961365,2019-12-02 10:17:45.092222,2019-12-02 10:18:20.092222,2019-12-02 10:34:48.056940,Replace,1,46,45,0 days 00:00:35.000000000,0 days 00:14:34.961365000
9,2019-12-02 10:36:00.000000,2019-12-02 10:36:30.000000,2019-12-02 10:51:02.350719,2019-12-02 10:51:28.470395,,,,Onsite,1,46,45,0 days 00:00:30.000000000,0 days 00:14:58.470395000
10,2019-12-02 11:39:00.000000,2019-12-02 11:39:55.000000,2019-12-02 11:58:19.109022,2019-12-02 11:59:14.109022,2019-12-02 12:26:21.695376,2019-12-02 12:27:16.695376,2019-12-02 12:38:54.487975,Replace,1,46,45,0 days 00:00:55.000000000,0 days 00:19:19.109022000
11,2019-12-02 12:45:00.000000,2019-12-02 12:45:35.000000,2019-12-02 13:06:28.268424,2019-12-02 13:06:38.420927,,,,Onsite,1,46,45,0 days 00:00:35.000000000,0 days 00:21:03.420927000
12,2019-12-02 15:03:00.000000,2019-12-02 15:03:45.000000,2019-12-02 15:24:26.780697,2019-12-02 15:24:42.257542,,,,Onsite,1,46,45,0 days 00:00:45.000000000,0 days 00:20:57.257542000
13,2019-12-02 13:57:00.000000,2019-12-02 13:57:35.000000,2019-12-02 14:13:12.577695,2019-12-02 14:13:47.577695,2019-12-02 14:48:38.085992,2019-12-02 14:49:13.085992,2019-12-02 15:03:18.831398,Replace,1,46,45,0 days 00:00:35.000000000,0 days 00:16:12.577695000
14,2019-12-02 16:02:00.000000,2019-12-02 16:02:30.000000,2019-12-02 16:17:15.663607,2019-12-02 16:17:37.062303,,,,Onsite,1,46,45,0 days 00:00:30.000000000,0 days 00:15:07.062303000
15,2019-12-02 18:18:00.000000,2019-12-02 18:18:45.000000,2019-12-02 18:33:54.926163,2019-12-02 18:34:39.926163,2019-12-02 19:08:10.380053,2019-12-02 19:08:55.380053,2019-12-02 19:29:05.596851,Replace,1,46,45,0 days 00:00:45.000000000,0 days 00:15:54.926163000
16,2019-12-02 17:05:00.000000,2019-12-02 17:05:25.000000,2019-12-02 17:22:02.767117,2019-12-02 17:22:27.767117,2019-12-02 18:17:45.713438,2019-12-02 18:18:10.713438,2019-12-02 18:30:53.772797,Replace,1,46,45,0 days 00:00:25.000000000,0 days 00:17:02.767117000
17,2019-12-02 19:30:00.000000,2019-12-02 19:30:45.000000,2019-12-02 19:42:50.329892,2019-12-02 19:42:52.608180,,,,Onsite,1,46,45,0 days 00:00:45.000000000,0 days 00:12:07.608180000
18,2019-12-02 20:30:00.000000,2019-12-02 20:30:25.000000,2019-12-02 20:53:03.250131,2019-12-02 20:53:28.250131,2019-12-02 21:15:01.958499,2019-12-02 21:15:26.958499,2019-12-02 21:28:57.956730,Replace,1,46,45,0 days 00:00:25.000000000,0 days 00:23:03.250131000
19,2019-12-02 21:38:00.000000,2019-12-02 21:38:35.000000,2019-12-02 21:56:01.893528,2019-12-02 21:56:36.893528,2019-12-02 22:35:33.292181,2019-12-02 22:36:08.292181,2019-12-02 22:53:59.353331,Replace,1,46,45,0 days 00:00:35.000000000,0 days 00:18:01.893528000
0,2019-12-02 00:47:00.000000,2019-12-02 00:00:45.000000,2019-12-02 00:18:27.374558,2019-12-02 00:19:12.374558,2019-12-02 00:40:40.092298,2019-12-02 00:41:25.092298,2019-12-02 01:01:56.941424,Replace,2,46,45,-1 days +23:13:45.000000000,0 days 00:18:27.374558000
1,2019-12-02 00:56:00.000000,2019-12-02 00:56:30.000000,2019-12-02 01:15:13.958956,2019-12-02 01:15:43.958956,2019-12-02 01:52:40.536034,2019-12-02 01:53:10.536034,2019-12-02 02:15:09.165423,Replace,2,46,45,0 days 00:00:30.000000000,0 days 00:19:13.958956000
2,2019-12-02 01:54:00.000000,2019-12-02 01:54:50.000000,2019-12-02 02:11:12.084977,2019-12-02 02:11:24.820271,,,,Onsite,2,46,45,0 days 00:00:50.000000000,0 days 00:16:34.820271000
3,2019-12-02 03:09:00.000000,2019-12-02 03:09:50.000000,2019-12-02 03:24:19.239901,2019-12-02 03:24:41.192620,,,,Onsite,2,46,45,0 days 00:00:50.000000000,0 days 00:14:51.192620000
4,2019-12-02 04:15:00.000000,2019-12-02 04:15:45.000000,2019-12-02 04:29:44.191547,2019-12-02 04:30:29.191547,2019-12-02 05:06:32.995469,2019-12-02 05:07:17.995469,2019-12-02 05:24:31.533817,Replace,2,46,45,0 days 00:00:45.000000000,0 days 00:14:44.191547000
5,2019-12-02 05:18:00.000000,2019-12-02 05:18:35.000000,2019-12-02 05:34:50.684703,2019-12-02 05:35:25.684703,2019-12-02 06:10:29.522488,2019-12-02 06:11:04.522488,2019-12-02 06:30:03.424537,Replace,2,46,45,0 days 00:00:35.000000000,0 days 00:16:50.684703000
6,2019-12-02 06:18:00.000000,2019-12-02 06:18:25.000000,2019-12-02 06:32:12.415911,2019-12-02 06:32:37.415911,2019-12-02 07:04:44.600872,2019-12-02 07:05:09.600872,2019-12-02 07:23:58.824040,Replace,2,46,45,0 days 00:00:25.000000000,0 days 00:14:12.415911000
7,2019-12-02 07:24:00.000000,2019-12-02 07:24:45.000000,2019-12-02 07:41:48.796664,2019-12-02 07:42:33.796664,2019-12-02 08:16:00.883059,2019-12-02 08:16:45.883059,2019-12-02 08:40:03.608976,Replace,2,46,45,0 days 00:00:45.000000000,0 days 00:17:48.796664000
8,2019-12-02 08:22:00.000000,2019-12-02 08:22:45.000000,2019-12-02 08:35:55.511989,2019-12-02 08:36:40.511989,2019-12-02 09:15:28.628809,2019-12-02 09:16:13.628809,2019-12-02 09:33:04.609208,Replace,2,46,45,0 days 00:00:45.000000000,0 days 00:13:55.511989000
9,2019-12-02 09:31:00.000000,2019-12-02 09:31:30.000000,2019-12-02 09:50:40.161164,2019-12-02 09:51:10.161164,2019-12-02 10:25:48.087893,2019-12-02 10:26:18.087893,2019-12-02 10:41:06.415927,Replace,2,46,45,0 days 00:00:30.000000000,0 days 00:19:40.161164000
10,2019-12-02 10:54:00.000000,2019-12-02 10:54:50.000000,2019-12-02 11:12:13.840358,2019-12-02 11:12:20.229613,,,,Onsite,2,46,45,0 days 00:00:50.000000000,0 days 00:17:30.229613000
11,2019-12-02 11:54:00.000000,2019-12-02 11:54:25.000000,2019-12-02 12:13:02.656564,2019-12-02 12:13:27.656564,2019-12-02 12:50:45.891871,2019-12-02 12:51:10.891871,2019-12-02 13:03:51.051731,Replace,2,46,45,0 days 00:00:25.000000000,0 days 00:19:02.656564000
12,2019-12-02 13:17:00.000000,2019-12-02 13:17:35.000000,2019-12-02 13:37:26.703817,2019-12-02 13:37:48.037633,,,,Onsite,2,46,45,0 days 00:00:35.000000000,0 days 00:20:13.037633000
13,2019-12-02 14:10:00.000000,2019-12-02 14:10:35.000000,2019-12-02 14:26:05.206512,2019-12-02 14:26:40.206512,2019-12-02 15:00:51.630550,2019-12-02 15:01:26.630550,2019-12-02 15:16:42.525327,Replace,2,46,45,0 days 00:00:35.000000000,0 days 00:16:05.206512000
14,2019-12-02 15:23:00.000000,2019-12-02 15:23:50.000000,2019-12-02 15:42:59.464699,2019-12-02 15:43:49.464699,2019-12-02 16:31:29.673291,2019-12-02 16:32:19.673291,2019-12-02 16:46:57.114313,Replace,2,46,45,0 days 00:00:50.000000000,0 days 00:19:59.464699000
15,2019-12-02 16:28:00.000000,2019-12-02 16:28:50.000000,2019-12-02 16:44:02.600056,2019-12-02 16:44:52.600056,2019-12-02 17:25:11.345173,2019-12-02 17:26:01.345173,2019-12-02 17:44:33.119161,Replace,2,46,45,0 days 00:00:50.000000000,0 days 00:16:02.600056000
16,2019-12-02 17:31:00.000000,2019-12-02 17:31:45.000000,2019-12-02 17:46:56.156338,2019-12-02 17:47:41.156338,2019-12-02 18:12:44.519990,2019-12-02 18:13:29.519990,2019-12-02 18:35:20.099078,Replace,2,46,45,0 days 00:00:45.000000000,0 days 00:15:56.156338000
17,2019-12-02 18:57:00.000000,2019-12-02 18:57:25.000000,2019-12-02 19:18:37.824117,2019-12-02 19:19:02.824117,2019-12-02 20:05:59.625655,2019-12-02 20:06:24.625655,2019-12-02 20:21:28.149358,Replace,2,46,45,0 days 00:00:25.000000000,0 days 00:21:37.824117000
18,2019-12-02 20:12:00.000000,2019-12-02 20:12:55.000000,2019-12-02 20:28:50.829356,2019-12-02 20:28:58.040027,,,,Onsite,2,46,45,0 days 00:00:55.000000000,0 days 00:16:03.040027000
19,2019-12-02 21:30:00.000000,2019-12-02 21:30:25.000000,2019-12-02 21:48:38.946022,2019-12-02 21:49:03.946022,2019-12-02 22:16:02.178478,2019-12-02 22:16:27.178478,2019-12-02 22:34:36.633975,Replace,2,46,45,0 days 00:00:25.000000000,0 days 00:18:38.946022000
20,2019-12-02 22:30:00.000000,2019-12-02 22:30:55.000000,2019-12-02 22:46:29.984710,2019-12-02 22:46:34.703575,,,,Onsite,2,46,45,0 days 00:00:55.000000000,0 days 00:15:39.703575000
0,2019-12-02 00:49:00.000000,2019-12-02 00:00:35.000000,2019-12-02 00:15:52.934252,2019-12-02 00:16:27.934252,2019-12-02 00:52:02.695035,2019-12-02 00:52:37.695035,2019-12-02 01:10:41.599243,Replace,3,46,45,-1 days +23:11:35.000000000,0 days 00:15:52.934252000
1,2019-12-02 00:50:00.000000,2019-12-02 00:50:45.000000,2019-12-02 01:12:32.577705,2019-12-02 01:13:17.577705,2019-12-02 01:54:06.132384,2019-12-02 01:54:51.132384,2019-12-02 02:09:41.736226,Replace,3,46,45,0 days 00:00:45.000000000,0 days 00:22:32.577705000
2,2019-12-02 01:52:00.000000,2019-12-02 01:52:45.000000,2019-12-02 02:15:11.244357,2019-12-02 02:15:56.244357,2019-12-02 02:57:44.917398,2019-12-02 02:58:29.917398,2019-12-02 03:16:15.368800,Replace,3,46,45,0 days 00:00:45.000000000,0 days 00:23:11.244357000
3,2019-12-02 03:00:00.000000,2019-12-02 03:00:25.000000,2019-12-02 03:20:57.971303,2019-12-02 03:21:22.971303,2019-12-02 03:57:47.126804,2019-12-02 03:58:12.126804,2019-12-02 04:14:42.887930,Replace,3,46,45,0 days 00:00:25.000000000,0 days 00:20:57.971303000
4,2019-12-02 03:59:00.000000,2019-12-02 03:59:25.000000,2019-12-02 04:16:37.736939,2019-12-02 04:17:02.736939,2019-12-02 04:58:20.369277,2019-12-02 04:58:45.369277,2019-12-02 05:20:20.719828,Replace,3,46,45,0 days 00:00:25.000000000,0 days 00:17:37.736939000
5,2019-12-02 05:15:00.000000,2019-12-02 05:15:50.000000,2019-12-02 05:33:24.534630,2019-12-02 05:34:14.534630,2019-12-02 06:10:57.473309,2019-12-02 06:11:47.473309,2019-12-02 06:31:49.065102,Replace,3,46,45,0 days 00:00:50.000000000,0 days 00:18:24.534630000
6,2019-12-02 06:21:00.000000,2019-12-02 06:21:45.000000,2019-12-02 06:34:41.991399,2019-12-02 06:35:26.991399,2019-12-02 07:08:47.564952,2019-12-02 07:09:32.564952,2019-12-02 07:23:42.959058,Replace,3,46,45,0 days 00:00:45.000000000,0 days 00:13:41.991399000
7,2019-12-02 07:42:00.000000,2019-12-02 07:42:50.000000,2019-12-02 07:54:48.442386,2019-12-02 07:55:38.442386,2019-12-02 08:44:46.191153,2019-12-02 08:45:36.191153,2019-12-02 08:57:40.022897,Replace,3,46,45,0 days 00:00:50.000000000,0 days 00:12:48.442386000
8,2019-12-02 09:02:00.000000,2019-12-02 09:02:50.000000,2019-12-02 09:16:44.471741,2019-12-02 09:16:48.097733,,,,Onsite,3,46,45,0 days 00:00:50.000000000,0 days 00:13:58.097733000
9,2019-12-02 10:13:00.000000,2019-12-02 10:13:50.000000,2019-12-02 10:31:52.803968,2019-12-02 10:32:42.803968,2019-12-02 11:13:32.009941,2019-12-02 11:14:22.009941,2019-12-02 11:31:39.976294,Replace,3,46,45,0 days 00:00:50.000000000,0 days 00:18:52.803968000
10,2019-12-02 11:17:00.000000,2019-12-02 11:17:35.000000,2019-12-02 11:34:29.206299,2019-12-02 11:35:04.206299,2019-12-02 12:16:34.938619,2019-12-02 12:17:09.938619,2019-12-02 12:33:52.377512,Replace,3,46,45,0 days 00:00:35.000000000,0 days 00:17:29.206299000
11,2019-12-02 12:26:00.000000,2019-12-02 12:26:30.000000,2019-12-02 12:46:33.301934,2019-12-02 12:47:03.301934,2019-12-02 13:07:50.370997,2019-12-02 13:08:20.370997,2019-12-02 13:27:31.861894,Replace,3,46,45,0 days 00:00:30.000000000,0 days 00:20:33.301934000
12,2019-12-02 13:24:00.000000,2019-12-02 13:24:50.000000,2019-12-02 13:36:24.013533,2019-12-02 13:37:14.013533,2019-12-02 14:06:50.407150,2019-12-02 14:07:40.407150,2019-12-02 14:19:40.640059,Replace,3,46,45,0 days 00:00:50.000000000,0 days 00:12:24.013533000
13,2019-12-02 14:31:00.000000,2019-12-02 14:31:35.000000,2019-12-02 14:48:33.355777,2019-12-02 14:49:08.355777,2019-12-02 15:33:51.205155,2019-12-02 15:34:26.205155,2019-12-02 15:56:03.274839,Replace,3,46,45,0 days 00:00:35.000000000,0 days 00:17:33.355777000
14,2019-12-02 15:46:00.000000,2019-12-02 15:46:45.000000,2019-12-02 16:05:48.887023,2019-12-02 16:05:59.605478,,,,Onsite,3,46,45,0 days 00:00:45.000000000,0 days 00:19:14.605478000
15,2019-12-02 16:59:00.000000,2019-12-02 16:59:45.000000,2019-12-02 17:12:51.253106,2019-12-02 17:13:04.214411,,,,Onsite,3,46,45,0 days 00:00:45.000000000,0 days 00:13:19.214411000
16,2019-12-02 18:06:00.000000,2019-12-02 18:06:30.000000,2019-12-02 18:20:32.039551,2019-12-02 18:20:41.069815,,,,Onsite,3,46,45,0 days 00:00:30.000000000,0 days 00:14:11.069815000
17,2019-12-02 19:24:00.000000,2019-12-02 19:24:45.000000,2019-12-02 19:36:55.058200,2019-12-02 19:37:40.058200,2019-12-02 20:12:51.842448,2019-12-02 20:13:36.842448,2019-12-02 20:29:38.731836,Replace,3,46,45,0 days 00:00:45.000000000,0 days 00:12:55.058200000
18,2019-12-02 20:41:00.000000,2019-12-02 20:41:45.000000,2019-12-02 20:53:53.878560,2019-12-02 20:54:38.878560,2019-12-02 21:23:48.781322,2019-12-02 21:24:33.781322,2019-12-02 21:45:46.615684,Replace,3,46,45,0 days 00:00:45.000000000,0 days 00:12:53.878560000
19,2019-12-02 21:54:00.000000,2019-12-02 21:54:35.000000,2019-12-02 22:13:23.495062,2019-12-02 22:13:50.828615,,,,Onsite,3,46,45,0 days 00:00:35.000000000,0 days 00:19:15.828615000
0,2019-12-02 01:19:00.000000,2019-12-02 00:00:35.000000,2019-12-02 00:17:50.146536,2019-12-02 00:18:12.591169,,,,Onsite,4,46,45,-1 days +22:41:35.000000000,0 days 00:17:37.591169000
1,2019-12-02 00:55:00.000000,2019-12-02 00:55:55.000000,2019-12-02 01:12:40.802899,2019-12-02 01:13:35.802899,2019-12-02 02:05:18.461054,2019-12-02 02:06:13.461054,2019-12-02 02:23:40.421190,Replace,4,46,45,0 days 00:00:55.000000000,0 days 00:17:40.802899000
2,2019-12-02 01:59:00.000000,2019-12-02 01:59:45.000000,2019-12-02 02:17:15.938908,2019-12-02 02:17:33.689623,,,,Onsite,4,46,45,0 days 00:00:45.000000000,0 days 00:17:48.689623000
3,2019-12-02 04:08:00.000000,2019-12-02 04:08:35.000000,2019-12-02 04:20:28.183079,2019-12-02 04:21:03.183079,2019-12-02 04:42:42.742643,2019-12-02 04:43:17.742643,2019-12-02 04:56:05.138709,Replace,4,46,45,0 days 00:00:35.000000000,0 days 00:12:28.183079000
4,2019-12-02 03:17:00.000000,2019-12-02 03:17:55.000000,2019-12-02 03:29:10.300562,2019-12-02 03:30:05.300562,2019-12-02 04:08:29.473521,2019-12-02 04:09:24.473521,2019-12-02 04:33:15.169301,Replace,4,46,45,0 days 00:00:55.000000000,0 days 00:12:10.300562000
5,2019-12-02 05:18:00.000000,2019-12-02 05:18:35.000000,2019-12-02 05:37:41.736189,2019-12-02 05:37:49.224525,,,,Onsite,4,46,45,0 days 00:00:35.000000000,0 days 00:19:14.224525000
6,2019-12-02 06:29:00.000000,2019-12-02 06:29:50.000000,2019-12-02 06:45:09.821850,2019-12-02 06:45:29.674289,,,,Onsite,4,46,45,0 days 00:00:50.000000000,0 days 00:15:39.674289000
7,2019-12-02 07:34:00.000000,2019-12-02 07:34:45.000000,2019-12-02 07:52:00.803079,2019-12-02 07:52:45.803079,2019-12-02 08:26:16.564046,2019-12-02 08:27:01.564046,2019-12-02 08:38:18.779360,Replace,4,46,45,0 days 00:00:45.000000000,0 days 00:18:00.803079000
8,2019-12-02 08:38:00.000000,2019-12-02 08:38:35.000000,2019-12-02 08:57:38.061886,2019-12-02 08:58:13.061886,2019-12-02 09:34:15.785329,2019-12-02 09:34:50.785329,2019-12-02 09:51:31.927346,Replace,4,46,45,0 days 00:00:35.000000000,0 days 00:19:38.061886000
9,2019-12-02 09:40:00.000000,2019-12-02 09:40:35.000000,2019-12-02 10:01:10.992845,2019-12-02 10:01:45.992845,2019-12-02 10:35:39.427836,2019-12-02 10:36:14.427836,2019-12-02 10:52:13.448706,Replace,4,46,45,0 days 00:00:35.000000000,0 days 00:21:10.992845000
10,2019-12-02 10:45:00.000000,2019-12-02 10:45:35.000000,2019-12-02 10:57:46.999247,2019-12-02 10:58:01.956072,,,,Onsite,4,46,45,0 days 00:00:35.000000000,0 days 00:12:26.956072000
11,2019-12-02 12:02:00.000000,2019-12-02 12:02:25.000000,2019-12-02 12:21:10.911237,2019-12-02 12:21:16.138564,,,,Onsite,4,46,45,0 days 00:00:25.000000000,0 days 00:18:51.138564000
12,2019-12-02 13:13:00.000000,2019-12-02 13:13:35.000000,2019-12-02 13:30:40.464259,2019-12-02 13:31:15.464259,2019-12-02 14:23:08.377432,2019-12-02 14:23:43.377432,2019-12-02 14:35:41.428029,Replace,4,46,45,0 days 00:00:35.000000000,0 days 00:17:40.464259000
13,2019-12-02 14:09:00.000000,2019-12-02 14:09:30.000000,2019-12-02 14:26:09.670943,2019-12-02 14:26:22.568844,,,,Onsite,4,46,45,0 days 00:00:30.000000000,0 days 00:16:52.568844000
14,2019-12-02 15:21:00.000000,2019-12-02 15:21:55.000000,2019-12-02 15:34:18.542122,2019-12-02 15:34:42.514649,,,,Onsite,4,46,45,0 days 00:00:55.000000000,0 days 00:12:47.514649000
15,2019-12-02 16:19:00.000000,2019-12-02 16:19:35.000000,2019-12-02 16:35:04.983828,2019-12-02 16:35:39.983828,2019-12-02 17:12:16.332413,2019-12-02 17:12:51.332413,2019-12-02 17:25:30.772413,Replace,4,46,45,0 days 00:00:35.000000000,0 days 00:16:04.983828000
16,2019-12-02 17:10:00.000000,2019-12-02 17:10:55.000000,2019-12-02 17:30:22.554525,2019-12-02 17:31:17.554525,2019-12-02 17:54:31.438859,2019-12-02 17:55:26.438859,2019-12-02 18:15:25.475574,Replace,4,46,45,0 days 00:00:55.000000000,0 days 00:20:22.554525000
17,2019-12-02 18:26:00.000000,2019-12-02 18:26:25.000000,2019-12-02 18:40:44.552167,2019-12-02 18:41:09.552167,2019-12-02 19:25:42.979197,2019-12-02 19:26:07.979197,2019-12-02 19:39:44.283035,Replace,4,46,45,0 days 00:00:25.000000000,0 days 00:14:44.552167000
18,2019-12-02 19:29:00.000000,2019-12-02 19:29:30.000000,2019-12-02 19:45:59.604430,2019-12-02 19:46:17.629539,,,,Onsite,4,46,45,0 days 00:00:30.000000000,0 days 00:16:47.629539000
19,2019-12-02 20:37:00.000000,2019-12-02 20:37:35.000000,2019-12-02 20:54:43.804219,2019-12-02 20:55:18.804219,2019-12-02 21:24:10.303134,2019-12-02 21:24:45.303134,2019-12-02 21:39:18.521387,Replace,4,46,45,0 days 00:00:35.000000000,0 days 00:17:43.804219000
0,2019-12-02 01:15:00.000000,2019-12-02 00:00:25.000000,2019-12-02 00:14:22.996893,2019-12-02 00:14:47.996893,2019-12-02 01:04:24.482711,2019-12-02 01:04:49.482711,2019-12-02 01:18:28.683930,Replace,5,46,45,-1 days +22:45:25.000000000,0 days 00:14:22.996893000
1,2019-12-02 01:14:00.000000,2019-12-02 01:14:30.000000,2019-12-02 01:29:44.463609,2019-12-02 01:30:14.463609,2019-12-02 02:14:00.294315,2019-12-02 02:14:30.294315,2019-12-02 02:28:44.604147,Replace,5,46,45,0 days 00:00:30.000000000,0 days 00:15:44.463609000
2,2019-12-02 02:23:00.000000,2019-12-02 02:23:45.000000,2019-12-02 02:40:02.642845,2019-12-02 02:40:47.642845,2019-12-02 03:07:27.095885,2019-12-02 03:08:12.095885,2019-12-02 03:25:43.573115,Replace,5,46,45,0 days 00:00:45.000000000,0 days 00:17:02.642845000
3,2019-12-02 03:26:00.000000,2019-12-02 03:26:30.000000,2019-12-02 03:44:57.569571,2019-12-02 03:45:19.189060,,,,Onsite,5,46,45,0 days 00:00:30.000000000,0 days 00:18:49.189060000
4,2019-12-02 04:34:00.000000,2019-12-02 04:34:30.000000,2019-12-02 04:52:54.691812,2019-12-02 04:53:24.691812,2019-12-02 05:36:59.702675,2019-12-02 05:37:29.702675,2019-12-02 05:53:13.664339,Replace,5,46,45,0 days 00:00:30.000000000,0 days 00:18:54.691812000
5,2019-12-02 05:52:00.000000,2019-12-02 05:52:35.000000,2019-12-02 06:08:21.361947,2019-12-02 06:08:56.361947,2019-12-02 06:53:37.274187,2019-12-02 06:54:12.274187,2019-12-02 07:06:07.353500,Replace,5,46,45,0 days 00:00:35.000000000,0 days 00:16:21.361947000
6,2019-12-02 08:07:00.000000,2019-12-02 08:07:25.000000,2019-12-02 08:22:57.476796,2019-12-02 08:23:22.476796,2019-12-02 08:49:19.018776,2019-12-02 08:49:44.018776,2019-12-02 09:06:49.693087,Replace,5,46,45,0 days 00:00:25.000000000,0 days 00:15:57.476796000
7,2019-12-02 06:54:00.000000,2019-12-02 06:54:45.000000,2019-12-02 07:08:32.494992,2019-12-02 07:09:17.494992,2019-12-02 07:43:24.716488,2019-12-02 07:44:09.716488,2019-12-02 08:08:56.265792,Replace,5,46,45,0 days 00:00:45.000000000,0 days 00:14:32.494992000
8,2019-12-02 09:14:00.000000,2019-12-02 09:14:45.000000,2019-12-02 09:27:40.274365,2019-12-02 09:27:55.877607,,,,Onsite,5,46,45,0 days 00:00:45.000000000,0 days 00:13:10.877607000
9,2019-12-02 10:17:00.000000,2019-12-02 10:17:35.000000,2019-12-02 10:35:32.175107,2019-12-02 10:35:51.868076,,,,Onsite,5,46,45,0 days 00:00:35.000000000,0 days 00:18:16.868076000
10,2019-12-02 11:20:00.000000,2019-12-02 11:20:45.000000,2019-12-02 11:38:53.661914,2019-12-02 11:39:02.662707,,,,Onsite,5,46,45,0 days 00:00:45.000000000,0 days 00:18:17.662707000
11,2019-12-02 12:25:00.000000,2019-12-02 12:25:30.000000,2019-12-02 12:40:50.690571,2019-12-02 12:41:21.615982,,,,Onsite,5,46,45,0 days 00:00:30.000000000,0 days 00:15:51.615982000
12,2019-12-02 13:43:00.000000,2019-12-02 13:43:35.000000,2019-12-02 14:04:05.872423,2019-12-02 14:04:13.550623,,,,Onsite,5,46,45,0 days 00:00:35.000000000,0 days 00:20:38.550623000
13,2019-12-02 14:48:00.000000,2019-12-02 14:48:35.000000,2019-12-02 15:03:13.389828,2019-12-02 15:03:48.389828,2019-12-02 15:28:30.324449,2019-12-02 15:29:05.324449,2019-12-02 15:47:34.820266,Replace,5,46,45,0 days 00:00:35.000000000,0 days 00:15:13.389828000
14,2019-12-02 15:47:00.000000,2019-12-02 15:47:45.000000,2019-12-02 16:03:13.588097,2019-12-02 16:03:58.588097,2019-12-02 16:59:32.298614,2019-12-02 17:00:17.298614,2019-12-02 17:19:11.450634,Replace,5,46,45,0 days 00:00:45.000000000,0 days 00:16:13.588097000
15,2019-12-02 16:47:00.000000,2019-12-02 16:47:45.000000,2019-12-02 17:02:08.305631,2019-12-02 17:02:19.456519,,,,Onsite,5,46,45,0 days 00:00:45.000000000,0 days 00:14:34.456519000
16,2019-12-02 17:44:00.000000,2019-12-02 17:44:45.000000,2019-12-02 18:05:34.737344,2019-12-02 18:06:19.737344,2019-12-02 18:36:52.331261,2019-12-02 18:37:37.331261,2019-12-02 18:50:05.133898,Replace,5,46,45,0 days 00:00:45.000000000,0 days 00:21:34.737344000
17,2019-12-02 18:40:00.000000,2019-12-02 18:40:35.000000,2019-12-02 18:59:19.916959,2019-12-02 18:59:48.336015,,,,Onsite,5,46,45,0 days 00:00:35.000000000,0 days 00:19:13.336015000
18,2019-12-02 19:54:00.000000,2019-12-02 19:54:25.000000,2019-12-02 20:16:32.765113,2019-12-02 20:16:57.765113,2019-12-02 20:53:40.457480,2019-12-02 20:54:05.457480,2019-12-02 21:14:00.232333,Replace,5,46,45,0 days 00:00:25.000000000,0 days 00:22:32.765113000
19,2019-12-02 21:10:00.000000,2019-12-02 21:10:45.000000,2019-12-02 21:29:05.608735,2019-12-02 21:29:50.608735,2019-12-02 22:02:35.556243,2019-12-02 22:03:20.556243,2019-12-02 22:20:43.032714,Replace,5,46,45,0 days 00:00:45.000000000,0 days 00:19:05.608735000
0,2019-12-02 01:07:00.000000,2019-12-02 00:00:45.000000,2019-12-02 00:15:55.265877,2019-12-02 00:16:40.265877,2019-12-02 00:46:20.974254,2019-12-02 00:47:05.974254,2019-12-02 01:07:22.204808,Replace,6,46,45,-1 days +22:53:45.000000000,0 days 00:15:55.265877000
1,2019-12-02 01:10:00.000000,2019-12-02 01:10:35.000000,2019-12-02 01:28:16.597315,2019-12-02 01:28:34.302659,,,,Onsite,6,46,45,0 days 00:00:35.000000000,0 days 00:17:59.302659000
2,2019-12-02 02:13:00.000000,2019-12-02 02:13:45.000000,2019-12-02 02:30:22.041789,2019-12-02 02:30:26.706692,,,,Onsite,6,46,45,0 days 00:00:45.000000000,0 days 00:16:41.706692000
3,2019-12-02 03:29:00.000000,2019-12-02 03:29:55.000000,2019-12-02 03:48:33.838096,2019-12-02 03:49:28.838096,2019-12-02 04:23:27.714985,2019-12-02 04:24:22.714985,2019-12-02 04:44:02.810576,Replace,6,46,45,0 days 00:00:55.000000000,0 days 00:19:33.838096000
4,2019-12-02 04:31:00.000000,2019-12-02 04:31:55.000000,2019-12-02 04:41:02.608685,2019-12-02 04:41:17.481688,,,,Onsite,6,46,45,0 days 00:00:55.000000000,0 days 00:09:22.481688000
5,2019-12-02 05:35:00.000000,2019-12-02 05:35:30.000000,2019-12-02 05:52:39.380920,2019-12-02 05:52:53.664203,,,,Onsite,6,46,45,0 days 00:00:30.000000000,0 days 00:17:23.664203000
6,2019-12-02 06:47:00.000000,2019-12-02 06:47:45.000000,2019-12-02 07:04:40.047914,2019-12-02 07:05:25.047914,2019-12-02 07:42:48.116496,2019-12-02 07:43:33.116496,2019-12-02 07:55:32.161435,Replace,6,46,45,0 days 00:00:45.000000000,0 days 00:17:40.047914000
7,2019-12-02 07:44:00.000000,2019-12-02 07:44:45.000000,2019-12-02 07:58:10.049171,2019-12-02 07:58:55.049171,2019-12-02 08:44:54.988680,2019-12-02 08:45:39.988680,2019-12-02 08:58:26.842210,Replace,6,46,45,0 days 00:00:45.000000000,0 days 00:14:10.049171000
8,2019-12-02 08:53:00.000000,2019-12-02 08:53:55.000000,2019-12-02 09:10:06.858151,2019-12-02 09:11:01.858151,2019-12-02 09:47:33.607142,2019-12-02 09:48:28.607142,2019-12-02 10:03:58.865147,Replace,6,46,45,0 days 00:00:55.000000000,0 days 00:17:06.858151000
9,2019-12-02 10:17:00.000000,2019-12-02 10:17:45.000000,2019-12-02 10:34:29.651657,2019-12-02 10:34:33.235652,,,,Onsite,6,46,45,0 days 00:00:45.000000000,0 days 00:16:48.235652000
10,2019-12-02 11:23:00.000000,2019-12-02 11:23:55.000000,2019-12-02 11:45:00.496461,2019-12-02 11:45:13.466599,,,,Onsite,6,46,45,0 days 00:00:55.000000000,0 days 00:21:18.466599000
11,2019-12-02 12:32:00.000000,2019-12-02 12:32:30.000000,2019-12-02 12:47:49.007598,2019-12-02 12:47:59.791103,,,,Onsite,6,46,45,0 days 00:00:30.000000000,0 days 00:15:29.791103000
12,2019-12-02 13:37:00.000000,2019-12-02 13:37:45.000000,2019-12-02 13:56:00.012057,2019-12-02 13:56:45.012057,2019-12-02 14:25:58.219810,2019-12-02 14:26:43.219810,2019-12-02 14:38:45.446667,Replace,6,46,45,0 days 00:00:45.000000000,0 days 00:19:00.012057000
13,2019-12-02 14:39:00.000000,2019-12-02 14:39:35.000000,2019-12-02 14:58:19.588226,2019-12-02 14:58:54.588226,2019-12-02 15:38:54.249553,2019-12-02 15:39:29.249553,2019-12-02 15:55:46.749875,Replace,6,46,45,0 days 00:00:35.000000000,0 days 00:19:19.588226000
14,2019-12-02 15:49:00.000000,2019-12-02 15:49:50.000000,2019-12-02 16:04:50.713064,2019-12-02 16:05:02.404193,,,,Onsite,6,46,45,0 days 00:00:50.000000000,0 days 00:15:12.404193000
15,2019-12-02 16:56:00.000000,2019-12-02 16:56:35.000000,2019-12-02 17:12:59.510107,2019-12-02 17:13:05.087824,,,,Onsite,6,46,45,0 days 00:00:35.000000000,0 days 00:16:30.087824000
16,2019-12-02 18:00:00.000000,2019-12-02 18:00:45.000000,2019-12-02 18:16:49.665406,2019-12-02 18:16:52.231998,,,,Onsite,6,46,45,0 days 00:00:45.000000000,0 days 00:16:07.231998000
17,2019-12-02 18:59:00.000000,2019-12-02 18:59:35.000000,2019-12-02 19:12:01.087521,2019-12-02 19:12:36.087521,2019-12-02 19:50:35.214273,2019-12-02 19:51:10.214273,2019-12-02 20:10:05.326394,Replace,6,46,45,0 days 00:00:35.000000000,0 days 00:13:01.087521000
18,2019-12-02 19:54:00.000000,2019-12-02 19:54:35.000000,2019-12-02 20:13:44.447433,2019-12-02 20:14:19.447433,2019-12-02 20:43:57.414515,2019-12-02 20:44:32.414515,2019-12-02 21:02:30.437708,Replace,6,46,45,0 days 00:00:35.000000000,0 days 00:19:44.447433000
19,2019-12-02 21:11:00.000000,2019-12-02 21:11:45.000000,2019-12-02 21:28:50.371378,2019-12-02 21:28:53.774560,,,,Onsite,6,46,45,0 days 00:00:45.000000000,0 days 00:17:08.774560000
0,2019-12-02 01:02:00.000000,2019-12-02 00:00:45.000000,2019-12-02 00:22:39.663775,2019-12-02 00:23:24.663775,2019-12-02 01:06:06.715056,2019-12-02 01:06:51.715056,2019-12-02 01:22:09.072490,Replace,7,46,45,-1 days +22:58:45.000000000,0 days 00:22:39.663775000
1,2019-12-02 01:48:00.000000,2019-12-02 01:48:45.000000,2019-12-02 02:02:48.067052,2019-12-02 02:03:33.067052,2019-12-02 02:38:22.571791,2019-12-02 02:39:07.571791,2019-12-02 02:54:55.232055,Replace,7,46,45,0 days 00:00:45.000000000,0 days 00:14:48.067052000
2,2019-12-02 00:48:00.000000,2019-12-02 00:48:25.000000,2019-12-02 01:01:40.649235,2019-12-02 01:02:05.649235,2019-12-02 01:29:59.472851,2019-12-02 01:30:24.472851,2019-12-02 01:48:21.836590,Replace,7,46,45,0 days 00:00:25.000000000,0 days 00:13:40.649235000
3,2019-12-02 02:57:00.000000,2019-12-02 02:57:50.000000,2019-12-02 03:13:29.218182,2019-12-02 03:13:36.140932,,,,Onsite,7,46,45,0 days 00:00:50.000000000,0 days 00:15:46.140932000
4,2019-12-02 04:05:00.000000,2019-12-02 04:05:55.000000,2019-12-02 04:25:03.615091,2019-12-02 04:25:58.615091,2019-12-02 04:55:03.749577,2019-12-02 04:55:58.749577,2019-12-02 05:08:44.107730,Replace,7,46,45,0 days 00:00:55.000000000,0 days 00:20:03.615091000
5,2019-12-02 05:31:00.000000,2019-12-02 05:31:30.000000,2019-12-02 05:44:44.809228,2019-12-02 05:45:02.948128,,,,Onsite,7,46,45,0 days 00:00:30.000000000,0 days 00:13:32.948128000
6,2019-12-02 06:47:00.000000,2019-12-02 06:47:50.000000,2019-12-02 07:04:01.477661,2019-12-02 07:04:51.477661,2019-12-02 07:42:34.923472,2019-12-02 07:43:24.923472,2019-12-02 08:00:32.496348,Replace,7,46,45,0 days 00:00:50.000000000,0 days 00:17:01.477661000
7,2019-12-02 07:50:00.000000,2019-12-02 07:50:45.000000,2019-12-02 08:03:59.453683,2019-12-02 08:04:01.078678,,,,Onsite,7,46,45,0 days 00:00:45.000000000,0 days 00:13:16.078678000
8,2019-12-02 08:51:00.000000,2019-12-02 08:51:25.000000,2019-12-02 09:08:18.560675,2019-12-02 09:08:43.560675,2019-12-02 09:42:04.631074,2019-12-02 09:42:29.631074,2019-12-02 09:59:22.216746,Replace,7,46,45,0 days 00:00:25.000000000,0 days 00:17:18.560675000
9,2019-12-02 10:03:00.000000,2019-12-02 10:03:50.000000,2019-12-02 10:21:58.177825,2019-12-02 10:22:15.066024,,,,Onsite,7,46,45,0 days 00:00:50.000000000,0 days 00:18:25.066024000
10,2019-12-02 11:10:00.000000,2019-12-02 11:10:35.000000,2019-12-02 11:32:20.386815,2019-12-02 11:32:55.386815,2019-12-02 12:02:21.454914,2019-12-02 12:02:56.454914,2019-12-02 12:18:08.071175,Replace,7,46,45,0 days 00:00:35.000000000,0 days 00:22:20.386815000
11,2019-12-02 12:16:00.000000,2019-12-02 12:16:25.000000,2019-12-02 12:34:09.184193,2019-12-02 12:34:34.184193,2019-12-02 13:17:30.397086,2019-12-02 13:17:55.397086,2019-12-02 13:33:22.832613,Replace,7,46,45,0 days 00:00:25.000000000,0 days 00:18:09.184193000
12,2019-12-02 13:27:00.000000,2019-12-02 13:27:30.000000,2019-12-02 13:43:48.532972,2019-12-02 13:44:18.532972,2019-12-02 14:30:08.682157,2019-12-02 14:30:38.682157,2019-12-02 14:42:37.751984,Replace,7,46,45,0 days 00:00:30.000000000,0 days 00:16:48.532972000
13,2019-12-02 14:41:00.000000,2019-12-02 14:41:45.000000,2019-12-02 14:56:48.415762,2019-12-02 14:57:08.675510,,,,Onsite,7,46,45,0 days 00:00:45.000000000,0 days 00:15:23.675510000
14,2019-12-02 15:54:00.000000,2019-12-02 15:54:25.000000,2019-12-02 16:12:32.561237,2019-12-02 16:12:51.519834,,,,Onsite,7,46,45,0 days 00:00:25.000000000,0 days 00:18:26.519834000
15,2019-12-02 16:59:00.000000,2019-12-02 16:59:50.000000,2019-12-02 17:20:06.339148,2019-12-02 17:20:56.339148,2019-12-02 18:03:44.605545,2019-12-02 18:04:34.605545,2019-12-02 18:22:11.688815,Replace,7,46,45,0 days 00:00:50.000000000,0 days 00:21:06.339148000
16,2019-12-02 17:52:00.000000,2019-12-02 17:52:45.000000,2019-12-02 18:12:57.744731,2019-12-02 18:13:13.350532,,,,Onsite,7,46,45,0 days 00:00:45.000000000,0 days 00:20:28.350532000
17,2019-12-02 19:00:00.000000,2019-12-02 19:00:55.000000,2019-12-02 19:17:29.975811,2019-12-02 19:18:24.975811,2019-12-02 19:48:29.328496,2019-12-02 19:49:24.328496,2019-12-02 20:05:15.517856,Replace,7,46,45,0 days 00:00:55.000000000,0 days 00:17:29.975811000
18,2019-12-02 20:15:00.000000,2019-12-02 20:15:55.000000,2019-12-02 20:30:01.876284,2019-12-02 20:30:56.876284,2019-12-02 21:07:04.707885,2019-12-02 21:07:59.707885,2019-12-02 21:23:41.630452,Replace,7,46,45,0 days 00:00:55.000000000,0 days 00:15:01.876284000
19,2019-12-02 21:09:00.000000,2019-12-02 21:09:55.000000,2019-12-02 21:26:02.646975,2019-12-02 21:26:57.646975,2019-12-02 22:06:24.923123,2019-12-02 22:07:19.923123,2019-12-02 22:20:48.586747,Replace,7,46,45,0 days 00:00:55.000000000,0 days 00:17:02.646975000
0,2019-12-02 01:03:00.000000,2019-12-02 00:00:35.000000,2019-12-02 00:15:09.165785,2019-12-02 00:15:19.310660,,,,Onsite,8,46,45,-1 days +22:57:35.000000000,0 days 00:14:44.310660000
1,2019-12-02 01:09:00.000000,2019-12-02 01:09:50.000000,2019-12-02 01:25:54.516564,2019-12-02 01:26:03.195215,,,,Onsite,8,46,45,0 days 00:00:50.000000000,0 days 00:16:13.195215000
2,2019-12-02 02:21:00.000000,2019-12-02 02:21:30.000000,2019-12-02 02:39:27.332509,2019-12-02 02:39:57.332509,2019-12-02 03:30:12.013777,2019-12-02 03:30:42.013777,2019-12-02 03:46:27.237438,Replace,8,46,45,0 days 00:00:30.000000000,0 days 00:18:27.332509000
3,2019-12-02 03:34:00.000000,2019-12-02 03:34:45.000000,2019-12-02 03:53:01.914548,2019-12-02 03:53:46.914548,2019-12-02 04:23:55.132767,2019-12-02 04:24:40.132767,2019-12-02 04:48:11.238876,Replace,8,46,45,0 days 00:00:45.000000000,0 days 00:19:01.914548000
4,2019-12-02 04:40:00.000000,2019-12-02 04:40:25.000000,2019-12-02 04:55:54.050590,2019-12-02 04:56:08.823034,,,,Onsite,8,46,45,0 days 00:00:25.000000000,0 days 00:15:43.823034000
5,2019-12-02 05:45:00.000000,2019-12-02 05:45:25.000000,2019-12-02 06:03:33.798224,2019-12-02 06:03:58.798224,2019-12-02 06:42:49.265069,2019-12-02 06:43:14.265069,2019-12-02 07:02:51.563511,Replace,8,46,45,0 days 00:00:25.000000000,0 days 00:18:33.798224000
6,2019-12-02 06:56:00.000000,2019-12-02 06:56:35.000000,2019-12-02 07:18:38.436022,2019-12-02 07:19:13.436022,2019-12-02 08:03:35.579754,2019-12-02 08:04:10.579754,2019-12-02 08:21:55.760236,Replace,8,46,45,0 days 00:00:35.000000000,0 days 00:22:38.436022000
7,2019-12-02 08:11:00.000000,2019-12-02 08:11:45.000000,2019-12-02 08:25:04.252372,2019-12-02 08:25:49.252372,2019-12-02 09:05:56.671355,2019-12-02 09:06:41.671355,2019-12-02 09:21:21.290449,Replace,8,46,45,0 days 00:00:45.000000000,0 days 00:14:04.252372000
8,2019-12-02 09:18:00.000000,2019-12-02 09:18:50.000000,2019-12-02 09:36:58.063425,2019-12-02 09:37:48.063425,2019-12-02 10:08:58.860375,2019-12-02 10:09:48.860375,2019-12-02 10:26:02.503543,Replace,8,46,45,0 days 00:00:50.000000000,0 days 00:18:58.063425000
9,2019-12-02 10:18:00.000000,2019-12-02 10:18:35.000000,2019-12-02 10:36:21.937648,2019-12-02 10:36:56.937648,2019-12-02 11:15:13.317543,2019-12-02 11:15:48.317543,2019-12-02 11:27:47.976223,Replace,8,46,45,0 days 00:00:35.000000000,0 days 00:18:21.937648000
10,2019-12-02 11:17:00.000000,2019-12-02 11:17:30.000000,2019-12-02 11:32:22.534575,2019-12-02 11:32:52.534575,2019-12-02 12:06:24.477540,2019-12-02 12:06:54.477540,2019-12-02 12:24:38.042549,Replace,8,46,45,0 days 00:00:30.000000000,0 days 00:15:22.534575000
11,2019-12-02 12:24:00.000000,2019-12-02 12:24:30.000000,2019-12-02 12:39:17.885531,2019-12-02 12:39:28.541530,,,,Onsite,8,46,45,0 days 00:00:30.000000000,0 days 00:14:58.541530000
12,2019-12-02 13:31:00.000000,2019-12-02 13:31:45.000000,2019-12-02 13:49:51.492832,2019-12-02 13:50:36.492832,2019-12-02 14:33:13.619333,2019-12-02 14:33:58.619333,2019-12-02 14:48:00.367666,Replace,8,46,45,0 days 00:00:45.000000000,0 days 00:18:51.492832000
13,2019-12-02 14:25:00.000000,2019-12-02 14:25:50.000000,2019-12-02 14:32:02.371216,2019-12-02 14:32:52.371216,2019-12-02 14:58:03.626757,2019-12-02 14:58:53.626757,2019-12-02 15:16:26.605159,Replace,8,46,45,0 days 00:00:50.000000000,0 days 00:07:02.371216000
14,2019-12-02 15:32:00.000000,2019-12-02 15:32:45.000000,2019-12-02 15:51:17.370549,2019-12-02 15:52:02.370549,2019-12-02 16:24:11.445355,2019-12-02 16:24:56.445355,2019-12-02 16:38:37.096660,Replace,8,46,45,0 days 00:00:45.000000000,0 days 00:19:17.370549000
15,2019-12-02 16:45:00.000000,2019-12-02 16:45:55.000000,2019-12-02 17:01:00.340956,2019-12-02 17:01:11.188295,,,,Onsite,8,46,45,0 days 00:00:55.000000000,0 days 00:15:16.188295000
16,2019-12-02 17:55:00.000000,2019-12-02 17:55:35.000000,2019-12-02 18:16:08.366556,2019-12-02 18:16:27.863178,,,,Onsite,8,46,45,0 days 00:00:35.000000000,0 days 00:20:52.863178000
17,2019-12-02 19:05:00.000000,2019-12-02 19:05:45.000000,2019-12-02 19:23:38.208658,2019-12-02 19:24:23.208658,2019-12-02 20:02:12.571011,2019-12-02 20:02:57.571011,2019-12-02 20:24:07.893781,Replace,8,46,45,0 days 00:00:45.000000000,0 days 00:18:38.208658000
18,2019-12-02 20:03:00.000000,2019-12-02 20:03:50.000000,2019-12-02 20:17:57.528996,2019-12-02 20:18:21.162069,,,,Onsite,8,46,45,0 days 00:00:50.000000000,0 days 00:14:31.162069000
19,2019-12-02 21:03:00.000000,2019-12-02 21:03:45.000000,2019-12-02 21:18:53.706835,2019-12-02 21:19:38.706835,2019-12-02 21:42:42.601210,2019-12-02 21:43:27.601210,2019-12-02 21:58:02.098135,Replace,8,46,45,0 days 00:00:45.000000000,0 days 00:15:53.706835000
0,2019-12-02 01:13:00.000000,2019-12-02 00:00:45.000000,2019-12-02 00:18:07.061543,2019-12-02 00:18:52.061543,2019-12-02 01:10:05.869262,2019-12-02 01:10:50.869262,2019-12-02 01:23:05.890607,Replace,9,46,45,-1 days +22:47:45.000000000,0 days 00:18:07.061543000
1,2019-12-02 00:51:00.000000,2019-12-02 00:51:35.000000,2019-12-02 01:01:05.180867,2019-12-02 01:01:40.180867,2019-12-02 01:47:59.301488,2019-12-02 01:48:34.301488,2019-12-02 02:05:26.421024,Replace,9,46,45,0 days 00:00:35.000000000,0 days 00:10:05.180867000
2,2019-12-02 02:09:00.000000,2019-12-02 02:09:55.000000,2019-12-02 02:24:52.964898,2019-12-02 02:25:47.964898,2019-12-02 03:09:29.657325,2019-12-02 03:10:24.657325,2019-12-02 03:28:49.273393,Replace,9,46,45,0 days 00:00:55.000000000,0 days 00:15:52.964898000
3,2019-12-02 03:05:00.000000,2019-12-02 03:05:25.000000,2019-12-02 03:28:58.023343,2019-12-02 03:29:13.885081,,,,Onsite,9,46,45,0 days 00:00:25.000000000,0 days 00:23:48.885081000
4,2019-12-02 04:29:00.000000,2019-12-02 04:29:55.000000,2019-12-02 04:45:10.951011,2019-12-02 04:45:18.090303,,,,Onsite,9,46,45,0 days 00:00:55.000000000,0 days 00:15:23.090303000
5,2019-12-02 05:44:00.000000,2019-12-02 05:44:45.000000,2019-12-02 05:59:27.707727,2019-12-02 06:00:12.707727,2019-12-02 06:57:57.922722,2019-12-02 06:58:42.922722,2019-12-02 07:11:58.804426,Replace,9,46,45,0 days 00:00:45.000000000,0 days 00:15:27.707727000
6,2019-12-02 06:44:00.000000,2019-12-02 06:44:50.000000,2019-12-02 06:56:48.602819,2019-12-02 06:57:38.602819,2019-12-02 07:36:48.348467,2019-12-02 07:37:38.348467,2019-12-02 07:52:56.305778,Replace,9,46,45,0 days 00:00:50.000000000,0 days 00:12:48.602819000
7,2019-12-02 07:51:00.000000,2019-12-02 07:51:55.000000,2019-12-02 08:10:04.252594,2019-12-02 08:10:59.252594,2019-12-02 09:07:11.809561,2019-12-02 09:08:06.809561,2019-12-02 09:18:37.172739,Replace,9,46,45,0 days 00:00:55.000000000,0 days 00:19:04.252594000
8,2019-12-02 08:53:00.000000,2019-12-02 08:53:35.000000,2019-12-02 09:16:13.569808,2019-12-02 09:16:48.569808,2019-12-02 09:56:38.022147,2019-12-02 09:57:13.022147,2019-12-02 10:10:11.113329,Replace,9,46,45,0 days 00:00:35.000000000,0 days 00:23:13.569808000
9,2019-12-02 10:16:00.000000,2019-12-02 10:16:30.000000,2019-12-02 10:30:39.388715,2019-12-02 10:30:54.528175,,,,Onsite,9,46,45,0 days 00:00:30.000000000,0 days 00:14:24.528175000
10,2019-12-02 11:36:00.000000,2019-12-02 11:36:55.000000,2019-12-02 11:49:40.536965,2019-12-02 11:49:49.765675,,,,Onsite,9,46,45,0 days 00:00:55.000000000,0 days 00:12:54.765675000
11,2019-12-02 12:44:00.000000,2019-12-02 12:44:45.000000,2019-12-02 13:07:25.245898,2019-12-02 13:07:48.240669,,,,Onsite,9,46,45,0 days 00:00:45.000000000,0 days 00:23:03.240669000
12,2019-12-02 13:59:00.000000,2019-12-02 13:59:25.000000,2019-12-02 14:17:18.875590,2019-12-02 14:17:24.838249,,,,Onsite,9,46,45,0 days 00:00:25.000000000,0 days 00:17:59.838249000
13,2019-12-02 15:04:00.000000,2019-12-02 15:04:45.000000,2019-12-02 15:19:40.217986,2019-12-02 15:20:25.217986,2019-12-02 15:53:25.447849,2019-12-02 15:54:10.447849,2019-12-02 16:13:10.685939,Replace,9,46,45,0 days 00:00:45.000000000,0 days 00:15:40.217986000
14,2019-12-02 16:10:00.000000,2019-12-02 16:10:55.000000,2019-12-02 16:26:42.594533,2019-12-02 16:27:37.594533,2019-12-02 17:07:25.221847,2019-12-02 17:08:20.221847,2019-12-02 17:24:43.121948,Replace,9,46,45,0 days 00:00:55.000000000,0 days 00:16:42.594533000
15,2019-12-02 17:26:00.000000,2019-12-02 17:26:35.000000,2019-12-02 17:44:17.996299,2019-12-02 17:44:26.653564,,,,Onsite,9,46,45,0 days 00:00:35.000000000,0 days 00:17:51.653564000
16,2019-12-02 18:20:00.000000,2019-12-02 18:20:45.000000,2019-12-02 18:39:32.080206,2019-12-02 18:40:17.080206,2019-12-02 19:10:13.015590,2019-12-02 19:10:58.015590,2019-12-02 19:27:15.967122,Replace,9,46,45,0 days 00:00:45.000000000,0 days 00:19:32.080206000
17,2019-12-02 19:41:00.000000,2019-12-02 19:41:55.000000,2019-12-02 19:57:57.377386,2019-12-02 19:58:11.940525,,,,Onsite,9,46,45,0 days 00:00:55.000000000,0 days 00:16:16.940525000
18,2019-12-02 20:53:00.000000,2019-12-02 20:53:50.000000,2019-12-02 21:05:30.717756,2019-12-02 21:05:39.444750,,,,Onsite,9,46,45,0 days 00:00:50.000000000,0 days 00:11:49.444750000
0,2019-12-02 01:03:00.000000,2019-12-02 00:00:50.000000,2019-12-02 00:17:27.981495,2019-12-02 00:18:17.981495,2019-12-02 00:53:20.126327,2019-12-02 00:54:10.126327,2019-12-02 01:12:54.276244,Replace,1,46,46,-1 days +22:57:50.000000000,0 days 00:17:27.981495000
1,2019-12-02 01:11:00.000000,2019-12-02 01:11:35.000000,2019-12-02 01:29:39.736495,2019-12-02 01:30:14.736495,2019-12-02 02:08:29.561075,2019-12-02 02:09:04.561075,2019-12-02 02:32:22.150067,Replace,1,46,46,0 days 00:00:35.000000000,0 days 00:18:39.736495000
2,2019-12-02 02:16:00.000000,2019-12-02 02:16:35.000000,2019-12-02 02:34:03.441946,2019-12-02 02:34:38.441946,2019-12-02 02:55:50.496933,2019-12-02 02:56:25.496933,2019-12-02 03:13:00.559829,Replace,1,46,46,0 days 00:00:35.000000000,0 days 00:18:03.441946000
3,2019-12-02 03:32:00.000000,2019-12-02 03:32:55.000000,2019-12-02 03:52:38.120523,2019-12-02 03:53:33.120523,2019-12-02 04:23:48.860595,2019-12-02 04:24:43.860595,2019-12-02 04:47:24.189580,Replace,1,46,46,0 days 00:00:55.000000000,0 days 00:20:38.120523000
4,2019-12-02 04:41:00.000000,2019-12-02 04:41:45.000000,2019-12-02 04:54:45.287109,2019-12-02 04:55:09.808768,,,,Onsite,1,46,46,0 days 00:00:45.000000000,0 days 00:13:24.808768000
5,2019-12-02 05:40:00.000000,2019-12-02 05:40:35.000000,2019-12-02 05:57:40.148072,2019-12-02 05:58:15.148072,2019-12-02 06:46:03.932075,2019-12-02 06:46:38.932075,2019-12-02 06:57:05.283595,Replace,1,46,46,0 days 00:00:35.000000000,0 days 00:17:40.148072000
6,2019-12-02 06:53:00.000000,2019-12-02 06:53:35.000000,2019-12-02 07:11:01.264506,2019-12-02 07:11:36.264506,2019-12-02 07:39:27.296002,2019-12-02 07:40:02.296002,2019-12-02 07:52:56.899091,Replace,1,46,46,0 days 00:00:35.000000000,0 days 00:18:01.264506000
7,2019-12-02 08:09:00.000000,2019-12-02 08:09:45.000000,2019-12-02 08:29:53.125586,2019-12-02 08:30:38.125586,2019-12-02 09:14:55.746080,2019-12-02 09:15:40.746080,2019-12-02 09:30:39.772694,Replace,1,46,46,0 days 00:00:45.000000000,0 days 00:20:53.125586000
8,2019-12-02 09:12:00.000000,2019-12-02 09:12:50.000000,2019-12-02 09:33:25.561143,2019-12-02 09:33:53.445289,,,,Onsite,1,46,46,0 days 00:00:50.000000000,0 days 00:21:03.445289000
9,2019-12-02 10:18:00.000000,2019-12-02 10:18:50.000000,2019-12-02 10:36:02.598161,2019-12-02 10:36:52.598161,2019-12-02 11:25:01.780435,2019-12-02 11:25:51.780435,2019-12-02 11:43:39.552788,Replace,1,46,46,0 days 00:00:50.000000000,0 days 00:18:02.598161000
10,2019-12-02 11:32:00.000000,2019-12-02 11:32:50.000000,2019-12-02 11:45:04.352830,2019-12-02 11:45:54.352830,2019-12-02 12:15:46.201948,2019-12-02 12:16:36.201948,2019-12-02 12:28:33.299950,Replace,1,46,46,0 days 00:00:50.000000000,0 days 00:13:04.352830000
11,2019-12-02 12:45:00.000000,2019-12-02 12:45:35.000000,2019-12-02 13:01:56.248481,2019-12-02 13:02:18.021094,,,,Onsite,1,46,46,0 days 00:00:35.000000000,0 days 00:16:43.021094000
12,2019-12-02 13:52:00.000000,2019-12-02 13:52:35.000000,2019-12-02 14:07:37.525174,2019-12-02 14:07:48.768274,,,,Onsite,1,46,46,0 days 00:00:35.000000000,0 days 00:15:13.768274000
13,2019-12-02 14:55:00.000000,2019-12-02 14:55:55.000000,2019-12-02 15:12:20.845873,2019-12-02 15:12:23.334602,,,,Onsite,1,46,46,0 days 00:00:55.000000000,0 days 00:16:28.334602000
14,2019-12-02 16:14:00.000000,2019-12-02 16:14:55.000000,2019-12-02 16:30:44.010923,2019-12-02 16:30:49.262783,,,,Onsite,1,46,46,0 days 00:00:55.000000000,0 days 00:15:54.262783000
15,2019-12-02 17:29:00.000000,2019-12-02 17:29:25.000000,2019-12-02 17:44:24.505281,2019-12-02 17:44:49.505281,2019-12-02 18:32:35.574122,2019-12-02 18:33:00.574122,2019-12-02 18:49:30.343210,Replace,1,46,46,0 days 00:00:25.000000000,0 days 00:15:24.505281000
16,2019-12-02 18:45:00.000000,2019-12-02 18:45:55.000000,2019-12-02 19:02:58.966843,2019-12-02 19:03:53.966843,2019-12-02 19:33:19.236380,2019-12-02 19:34:14.236380,2019-12-02 19:50:29.142354,Replace,1,46,46,0 days 00:00:55.000000000,0 days 00:17:58.966843000
17,2019-12-02 19:42:00.000000,2019-12-02 19:42:50.000000,2019-12-02 19:59:16.557690,2019-12-02 20:00:06.557690,2019-12-02 20:34:06.164080,2019-12-02 20:34:56.164080,2019-12-02 20:58:45.317714,Replace,1,46,46,0 days 00:00:50.000000000,0 days 00:17:16.557690000
18,2019-12-02 20:54:00.000000,2019-12-02 20:54:45.000000,2019-12-02 21:13:13.327890,2019-12-02 21:13:22.953523,,,,Onsite,1,46,46,0 days 00:00:45.000000000,0 days 00:18:37.953523000
19,2019-12-02 22:01:00.000000,2019-12-02 22:01:50.000000,2019-12-02 22:20:23.442693,2019-12-02 22:20:33.684192,,,,Onsite,1,46,46,0 days 00:00:50.000000000,0 days 00:18:43.684192000
0,2019-12-02 01:04:00.000000,2019-12-02 00:00:45.000000,2019-12-02 00:18:20.396552,2019-12-02 00:18:32.614255,,,,Onsite,2,46,46,-1 days +22:56:45.000000000,0 days 00:17:47.614255000
1,2019-12-02 01:06:00.000000,2019-12-02 01:06:55.000000,2019-12-02 01:19:07.941911,2019-12-02 01:20:02.941911,2019-12-02 01:56:24.974416,2019-12-02 01:57:19.974416,2019-12-02 02:12:41.552830,Replace,2,46,46,0 days 00:00:55.000000000,0 days 00:13:07.941911000
2,2019-12-02 02:16:00.000000,2019-12-02 02:16:35.000000,2019-12-02 02:32:31.978453,2019-12-02 02:32:49.371590,,,,Onsite,2,46,46,0 days 00:00:35.000000000,0 days 00:16:14.371590000
3,2019-12-02 03:32:00.000000,2019-12-02 03:32:45.000000,2019-12-02 03:45:33.066883,2019-12-02 03:46:18.066883,2019-12-02 04:19:09.636028,2019-12-02 04:19:54.636028,2019-12-02 04:35:19.971651,Replace,2,46,46,0 days 00:00:45.000000000,0 days 00:13:33.066883000
4,2019-12-02 04:42:00.000000,2019-12-02 04:42:25.000000,2019-12-02 04:57:48.627461,2019-12-02 04:58:13.627461,2019-12-02 05:29:02.799292,2019-12-02 05:29:27.799292,2019-12-02 05:44:01.175395,Replace,2,46,46,0 days 00:00:25.000000000,0 days 00:15:48.627461000
5,2019-12-02 05:47:00.000000,2019-12-02 05:47:45.000000,2019-12-02 06:02:40.839490,2019-12-02 06:03:25.839490,2019-12-02 06:57:18.171785,2019-12-02 06:58:03.171785,2019-12-02 07:17:15.511060,Replace,2,46,46,0 days 00:00:45.000000000,0 days 00:15:40.839490000
6,2019-12-02 07:03:00.000000,2019-12-02 07:03:55.000000,2019-12-02 07:20:54.880298,2019-12-02 07:21:01.841010,,,,Onsite,2,46,46,0 days 00:00:55.000000000,0 days 00:17:06.841010000
7,2019-12-02 08:12:00.000000,2019-12-02 08:12:45.000000,2019-12-02 08:27:04.394070,2019-12-02 08:27:23.778708,,,,Onsite,2,46,46,0 days 00:00:45.000000000,0 days 00:14:38.778708000
8,2019-12-02 09:11:00.000000,2019-12-02 09:11:35.000000,2019-12-02 09:31:17.492339,2019-12-02 09:31:26.924417,,,,Onsite,2,46,46,0 days 00:00:35.000000000,0 days 00:19:51.924417000
9,2019-12-02 10:31:00.000000,2019-12-02 10:31:45.000000,2019-12-02 10:50:29.375466,2019-12-02 10:51:14.375466,2019-12-02 11:17:33.092076,2019-12-02 11:18:18.092076,2019-12-02 11:40:28.402088,Replace,2,46,46,0 days 00:00:45.000000000,0 days 00:19:29.375466000
10,2019-12-02 11:33:00.000000,2019-12-02 11:33:35.000000,2019-12-02 11:46:05.264954,2019-12-02 11:46:40.264954,2019-12-02 12:35:30.089577,2019-12-02 12:36:05.089577,2019-12-02 12:47:42.744651,Replace,2,46,46,0 days 00:00:35.000000000,0 days 00:13:05.264954000
11,2019-12-02 12:42:00.000000,2019-12-02 12:42:25.000000,2019-12-02 13:04:03.487124,2019-12-02 13:04:28.487124,2019-12-02 13:50:16.217338,2019-12-02 13:50:41.217338,2019-12-02 14:11:11.717696,Replace,2,46,46,0 days 00:00:25.000000000,0 days 00:22:03.487124000
12,2019-12-02 14:04:00.000000,2019-12-02 14:04:50.000000,2019-12-02 14:17:49.394741,2019-12-02 14:18:09.002609,,,,Onsite,2,46,46,0 days 00:00:50.000000000,0 days 00:13:19.002609000
13,2019-12-02 15:16:00.000000,2019-12-02 15:16:45.000000,2019-12-02 15:33:26.762943,2019-12-02 15:33:34.069254,,,,Onsite,2,46,46,0 days 00:00:45.000000000,0 days 00:16:49.069254000
14,2019-12-02 16:34:00.000000,2019-12-02 16:34:45.000000,2019-12-02 16:49:25.958895,2019-12-02 16:49:53.046020,,,,Onsite,2,46,46,0 days 00:00:45.000000000,0 days 00:15:08.046020000
15,2019-12-02 17:45:00.000000,2019-12-02 17:45:35.000000,2019-12-02 18:06:21.480566,2019-12-02 18:06:56.480566,2019-12-02 18:39:42.147184,2019-12-02 18:40:17.147184,2019-12-02 18:55:24.076449,Replace,2,46,46,0 days 00:00:35.000000000,0 days 00:21:21.480566000
16,2019-12-02 18:58:00.000000,2019-12-02 18:58:45.000000,2019-12-02 19:12:50.705907,2019-12-02 19:13:35.705907,2019-12-02 19:43:04.347005,2019-12-02 19:43:49.347005,2019-12-02 19:56:35.137796,Replace,2,46,46,0 days 00:00:45.000000000,0 days 00:14:50.705907000
17,2019-12-02 20:07:00.000000,2019-12-02 20:07:50.000000,2019-12-02 20:26:47.623198,2019-12-02 20:26:51.905535,,,,Onsite,2,46,46,0 days 00:00:50.000000000,0 days 00:19:01.905535000
18,2019-12-02 21:15:00.000000,2019-12-02 21:15:55.000000,2019-12-02 21:28:54.823421,2019-12-02 21:29:00.728565,,,,Onsite,2,46,46,0 days 00:00:55.000000000,0 days 00:13:05.728565000
19,2019-12-02 22:13:00.000000,2019-12-02 22:13:35.000000,2019-12-02 22:27:49.026684,2019-12-02 22:28:09.525120,,,,Onsite,2,46,46,0 days 00:00:35.000000000,0 days 00:14:34.525120000
0,2019-12-02 01:01:00.000000,2019-12-02 00:00:55.000000,2019-12-02 00:19:09.450800,2019-12-02 00:19:18.558411,,,,Onsite,3,46,46,-1 days +22:59:55.000000000,0 days 00:18:23.558411000
1,2019-12-02 01:04:00.000000,2019-12-02 01:04:55.000000,2019-12-02 01:18:30.419057,2019-12-02 01:19:25.419057,2019-12-02 01:46:42.909474,2019-12-02 01:47:37.909474,2019-12-02 02:08:30.046928,Replace,3,46,46,0 days 00:00:55.000000000,0 days 00:14:30.419057000
2,2019-12-02 02:22:00.000000,2019-12-02 02:22:25.000000,2019-12-02 02:35:21.699881,2019-12-02 02:35:46.699881,2019-12-02 03:14:19.626981,2019-12-02 03:14:44.626981,2019-12-02 03:30:50.582274,Replace,3,46,46,0 days 00:00:25.000000000,0 days 00:13:21.699881000
3,2019-12-02 03:28:00.000000,2019-12-02 03:28:55.000000,2019-12-02 03:49:14.892751,2019-12-02 03:50:09.892751,2019-12-02 04:23:54.199321,2019-12-02 04:24:49.199321,2019-12-02 04:39:32.164110,Replace,3,46,46,0 days 00:00:55.000000000,0 days 00:21:14.892751000
4,2019-12-02 04:43:00.000000,2019-12-02 04:43:45.000000,2019-12-02 05:02:04.990111,2019-12-02 05:02:15.373692,,,,Onsite,3,46,46,0 days 00:00:45.000000000,0 days 00:18:30.373692000
5,2019-12-02 06:03:00.000000,2019-12-02 06:03:45.000000,2019-12-02 06:19:27.925812,2019-12-02 06:20:12.925812,2019-12-02 07:05:52.547696,2019-12-02 07:06:37.547696,2019-12-02 07:21:38.125706,Replace,3,46,46,0 days 00:00:45.000000000,0 days 00:16:27.925812000
6,2019-12-02 07:10:00.000000,2019-12-02 07:10:30.000000,2019-12-02 07:21:59.229945,2019-12-02 07:22:09.489678,,,,Onsite,3,46,46,0 days 00:00:30.000000000,0 days 00:11:39.489678000
7,2019-12-02 08:24:00.000000,2019-12-02 08:24:45.000000,2019-12-02 08:38:21.106715,2019-12-02 08:39:06.106715,2019-12-02 09:25:08.843038,2019-12-02 09:25:53.843038,2019-12-02 09:37:34.276516,Replace,3,46,46,0 days 00:00:45.000000000,0 days 00:14:21.106715000
8,2019-12-02 09:32:00.000000,2019-12-02 09:32:30.000000,2019-12-02 09:43:34.648595,2019-12-02 09:43:56.971500,,,,Onsite,3,46,46,0 days 00:00:30.000000000,0 days 00:11:26.971500000
9,2019-12-02 10:56:00.000000,2019-12-02 10:56:50.000000,2019-12-02 11:17:14.663604,2019-12-02 11:18:04.663604,2019-12-02 11:58:08.816425,2019-12-02 11:58:58.816425,2019-12-02 12:13:14.137136,Replace,3,46,46,0 days 00:00:50.000000000,0 days 00:21:14.663604000
10,2019-12-02 12:14:00.000000,2019-12-02 12:14:55.000000,2019-12-02 12:32:48.269448,2019-12-02 12:33:43.269448,2019-12-02 13:26:58.851639,2019-12-02 13:27:53.851639,2019-12-02 13:42:11.256584,Replace,3,46,46,0 days 00:00:55.000000000,0 days 00:18:48.269448000
11,2019-12-02 13:29:00.000000,2019-12-02 13:29:30.000000,2019-12-02 13:45:50.253758,2019-12-02 13:46:20.253758,2019-12-02 14:25:40.159426,2019-12-02 14:26:10.159426,2019-12-02 14:45:32.816612,Replace,3,46,46,0 days 00:00:30.000000000,0 days 00:16:50.253758000
12,2019-12-02 14:35:00.000000,2019-12-02 14:35:45.000000,2019-12-02 14:50:01.606741,2019-12-02 14:50:25.142440,,,,Onsite,3,46,46,0 days 00:00:45.000000000,0 days 00:14:40.142440000
13,2019-12-02 15:43:00.000000,2019-12-02 15:43:25.000000,2019-12-02 16:00:30.052963,2019-12-02 16:00:51.985018,,,,Onsite,3,46,46,0 days 00:00:25.000000000,0 days 00:17:26.985018000
14,2019-12-02 16:40:00.000000,2019-12-02 16:40:30.000000,2019-12-02 16:55:36.523549,2019-12-02 16:56:08.715193,,,,Onsite,3,46,46,0 days 00:00:30.000000000,0 days 00:15:38.715193000
15,2019-12-02 17:49:00.000000,2019-12-02 17:49:45.000000,2019-12-02 18:11:22.286045,2019-12-02 18:11:35.318809,,,,Onsite,3,46,46,0 days 00:00:45.000000000,0 days 00:21:50.318809000
16,2019-12-02 18:54:00.000000,2019-12-02 18:54:45.000000,2019-12-02 19:10:08.293037,2019-12-02 19:10:22.491924,,,,Onsite,3,46,46,0 days 00:00:45.000000000,0 days 00:15:37.491924000
17,2019-12-02 20:07:00.000000,2019-12-02 20:07:30.000000,2019-12-02 20:24:29.263238,2019-12-02 20:24:59.263238,2019-12-02 21:08:41.723815,2019-12-02 21:09:11.723815,2019-12-02 21:31:00.329292,Replace,3,46,46,0 days 00:00:30.000000000,0 days 00:17:29.263238000
18,2019-12-02 21:14:00.000000,2019-12-02 21:14:30.000000,2019-12-02 21:29:12.157787,2019-12-02 21:29:42.157787,2019-12-02 22:02:57.338461,2019-12-02 22:03:27.338461,2019-12-02 22:25:01.815837,Replace,3,46,46,0 days 00:00:30.000000000,0 days 00:15:12.157787000
19,2019-12-02 22:17:00.000000,2019-12-02 22:17:45.000000,2019-12-02 22:37:19.261357,2019-12-02 22:37:35.351398,,,,Onsite,3,46,46,0 days 00:00:45.000000000,0 days 00:19:50.351398000
0,2019-12-02 01:00:00.000000,2019-12-02 00:00:35.000000,2019-12-02 00:14:03.708338,2019-12-02 00:14:25.969901,,,,Onsite,4,46,46,-1 days +23:00:35.000000000,0 days 00:13:50.969901000
1,2019-12-02 01:19:00.000000,2019-12-02 01:19:25.000000,2019-12-02 01:36:47.750875,2019-12-02 01:37:12.750875,2019-12-02 02:10:21.390757,2019-12-02 02:10:46.390757,2019-12-02 02:34:39.041553,Replace,4,46,46,0 days 00:00:25.000000000,0 days 00:17:47.750875000
2,2019-12-02 02:23:00.000000,2019-12-02 02:23:35.000000,2019-12-02 02:36:15.993259,2019-12-02 02:36:42.823060,,,,Onsite,4,46,46,0 days 00:00:35.000000000,0 days 00:13:07.823060000
3,2019-12-02 03:43:00.000000,2019-12-02 03:43:45.000000,2019-12-02 04:01:55.643655,2019-12-02 04:02:40.643655,2019-12-02 04:33:24.279205,2019-12-02 04:34:09.279205,2019-12-02 04:57:09.429864,Replace,4,46,46,0 days 00:00:45.000000000,0 days 00:18:55.643655000
4,2019-12-02 04:51:00.000000,2019-12-02 04:51:25.000000,2019-12-02 05:08:17.654432,2019-12-02 05:08:42.654432,2019-12-02 05:40:33.467194,2019-12-02 05:40:58.467194,2019-12-02 05:59:11.647366,Replace,4,46,46,0 days 00:00:25.000000000,0 days 00:17:17.654432000
5,2019-12-02 06:17:00.000000,2019-12-02 06:17:55.000000,2019-12-02 06:32:18.932083,2019-12-02 06:32:35.572674,,,,Onsite,4,46,46,0 days 00:00:55.000000000,0 days 00:14:40.572674000
6,2019-12-02 07:25:00.000000,2019-12-02 07:25:45.000000,2019-12-02 07:43:18.732597,2019-12-02 07:44:03.732597,2019-12-02 08:11:54.483417,2019-12-02 08:12:39.483417,2019-12-02 08:27:37.024679,Replace,4,46,46,0 days 00:00:45.000000000,0 days 00:18:18.732597000
7,2019-12-02 08:44:00.000000,2019-12-02 08:44:55.000000,2019-12-02 09:00:43.370026,2019-12-02 09:00:59.052225,,,,Onsite,4,46,46,0 days 00:00:55.000000000,0 days 00:16:04.052225000
8,2019-12-02 09:45:00.000000,2019-12-02 09:45:45.000000,2019-12-02 10:03:48.062802,2019-12-02 10:03:58.632512,,,,Onsite,4,46,46,0 days 00:00:45.000000000,0 days 00:18:13.632512000
9,2019-12-02 10:58:00.000000,2019-12-02 10:58:25.000000,2019-12-02 11:11:08.030877,2019-12-02 11:11:23.177953,,,,Onsite,4,46,46,0 days 00:00:25.000000000,0 days 00:12:58.177953000
10,2019-12-02 11:59:00.000000,2019-12-02 11:59:50.000000,2019-12-02 12:20:19.082000,2019-12-02 12:21:09.082000,2019-12-02 13:14:17.387708,2019-12-02 13:15:07.387708,2019-12-02 13:33:20.932725,Replace,4,46,46,0 days 00:00:50.000000000,0 days 00:21:19.082000000
11,2019-12-02 13:11:00.000000,2019-12-02 13:11:25.000000,2019-12-02 13:20:57.818593,2019-12-02 13:21:22.818593,2019-12-02 14:12:01.860677,2019-12-02 14:12:26.860677,2019-12-02 14:27:35.297051,Replace,4,46,46,0 days 00:00:25.000000000,0 days 00:09:57.818593000
12,2019-12-02 14:18:00.000000,2019-12-02 14:18:55.000000,2019-12-02 14:34:46.881524,2019-12-02 14:35:41.881524,2019-12-02 15:12:18.129028,2019-12-02 15:13:13.129028,2019-12-02 15:30:13.898115,Replace,4,46,46,0 days 00:00:55.000000000,0 days 00:16:46.881524000
13,2019-12-02 15:29:00.000000,2019-12-02 15:29:35.000000,2019-12-02 15:47:03.333055,2019-12-02 15:47:32.012833,,,,Onsite,4,46,46,0 days 00:00:35.000000000,0 days 00:17:57.012833000
14,2019-12-02 16:32:00.000000,2019-12-02 16:32:50.000000,2019-12-02 16:49:40.421172,2019-12-02 16:49:53.710844,,,,Onsite,4,46,46,0 days 00:00:50.000000000,0 days 00:17:03.710844000
15,2019-12-02 17:49:00.000000,2019-12-02 17:49:30.000000,2019-12-02 18:02:53.662053,2019-12-02 18:03:23.662053,2019-12-02 18:54:45.801378,2019-12-02 18:55:15.801378,2019-12-02 19:12:00.110916,Replace,4,46,46,0 days 00:00:30.000000000,0 days 00:13:53.662053000
16,2019-12-02 19:02:00.000000,2019-12-02 19:02:35.000000,2019-12-02 19:18:14.420621,2019-12-02 19:18:30.727819,,,,Onsite,4,46,46,0 days 00:00:35.000000000,0 days 00:15:55.727819000
17,2019-12-02 20:10:00.000000,2019-12-02 20:10:25.000000,2019-12-02 20:26:18.606412,2019-12-02 20:26:48.084894,,,,Onsite,4,46,46,0 days 00:00:25.000000000,0 days 00:16:23.084894000
18,2019-12-02 21:19:00.000000,2019-12-02 21:19:30.000000,2019-12-02 21:37:15.951996,2019-12-02 21:37:43.881163,,,,Onsite,4,46,46,0 days 00:00:30.000000000,0 days 00:18:13.881163000
0,2019-12-02 00:53:00.000000,2019-12-02 00:00:35.000000,2019-12-02 00:15:39.239874,2019-12-02 00:16:14.239874,2019-12-02 01:07:14.426257,2019-12-02 01:07:49.426257,2019-12-02 01:22:56.039857,Replace,5,46,46,-1 days +23:07:35.000000000,0 days 00:15:39.239874000
1,2019-12-02 01:05:00.000000,2019-12-02 01:05:45.000000,2019-12-02 01:26:27.672650,2019-12-02 01:26:39.436842,,,,Onsite,5,46,46,0 days 00:00:45.000000000,0 days 00:20:54.436842000
2,2019-12-02 02:07:00.000000,2019-12-02 02:07:30.000000,2019-12-02 02:23:44.167296,2019-12-02 02:24:14.167296,2019-12-02 03:01:31.984744,2019-12-02 03:02:01.984744,2019-12-02 03:18:41.950685,Replace,5,46,46,0 days 00:00:30.000000000,0 days 00:16:44.167296000
3,2019-12-02 03:14:00.000000,2019-12-02 03:14:35.000000,2019-12-02 03:27:21.366671,2019-12-02 03:27:56.366671,2019-12-02 04:01:41.917107,2019-12-02 04:02:16.917107,2019-12-02 04:18:39.593812,Replace,5,46,46,0 days 00:00:35.000000000,0 days 00:13:21.366671000
4,2019-12-02 04:24:00.000000,2019-12-02 04:24:55.000000,2019-12-02 04:42:40.321894,2019-12-02 04:43:35.321894,2019-12-02 05:22:51.007686,2019-12-02 05:23:46.007686,2019-12-02 05:44:30.236437,Replace,5,46,46,0 days 00:00:55.000000000,0 days 00:18:40.321894000
5,2019-12-02 05:34:00.000000,2019-12-02 05:34:30.000000,2019-12-02 05:50:50.925884,2019-12-02 05:51:20.925884,2019-12-02 06:29:00.067962,2019-12-02 06:29:30.067962,2019-12-02 06:42:14.589030,Replace,5,46,46,0 days 00:00:30.000000000,0 days 00:16:50.925884000
6,2019-12-02 06:46:00.000000,2019-12-02 06:46:55.000000,2019-12-02 07:06:34.543579,2019-12-02 07:06:43.845905,,,,Onsite,5,46,46,0 days 00:00:55.000000000,0 days 00:19:48.845905000
7,2019-12-02 08:00:00.000000,2019-12-02 08:00:35.000000,2019-12-02 08:20:03.935447,2019-12-02 08:20:38.935447,2019-12-02 08:44:07.107461,2019-12-02 08:44:42.107461,2019-12-02 08:58:21.759066,Replace,5,46,46,0 days 00:00:35.000000000,0 days 00:20:03.935447000
8,2019-12-02 09:04:00.000000,2019-12-02 09:04:35.000000,2019-12-02 09:22:02.794683,2019-12-02 09:22:13.547569,,,,Onsite,5,46,46,0 days 00:00:35.000000000,0 days 00:17:38.547569000
9,2019-12-02 10:25:00.000000,2019-12-02 10:25:30.000000,2019-12-02 10:44:47.847932,2019-12-02 10:45:17.847932,2019-12-02 11:13:28.193968,2019-12-02 11:13:58.193968,2019-12-02 11:25:00.960348,Replace,5,46,46,0 days 00:00:30.000000000,0 days 00:19:47.847932000
10,2019-12-02 11:38:00.000000,2019-12-02 11:38:55.000000,2019-12-02 11:53:19.774534,2019-12-02 11:53:25.585633,,,,Onsite,5,46,46,0 days 00:00:55.000000000,0 days 00:14:30.585633000
11,2019-12-02 12:42:00.000000,2019-12-02 12:42:55.000000,2019-12-02 13:02:49.271814,2019-12-02 13:03:44.271814,2019-12-02 13:37:55.442062,2019-12-02 13:38:50.442062,2019-12-02 13:55:55.869864,Replace,5,46,46,0 days 00:00:55.000000000,0 days 00:20:49.271814000
12,2019-12-02 13:52:00.000000,2019-12-02 13:52:45.000000,2019-12-02 14:10:23.191368,2019-12-02 14:10:35.626527,,,,Onsite,5,46,46,0 days 00:00:45.000000000,0 days 00:17:50.626527000
13,2019-12-02 15:12:00.000000,2019-12-02 15:12:45.000000,2019-12-02 15:22:23.585458,2019-12-02 15:22:32.605415,,,,Onsite,5,46,46,0 days 00:00:45.000000000,0 days 00:09:47.605415000
14,2019-12-02 16:33:00.000000,2019-12-02 16:33:30.000000,2019-12-02 16:47:59.845465,2019-12-02 16:48:29.845465,2019-12-02 17:37:29.890597,2019-12-02 17:37:59.890597,2019-12-02 17:55:59.107246,Replace,5,46,46,0 days 00:00:30.000000000,0 days 00:14:59.845465000
15,2019-12-02 17:26:00.000000,2019-12-02 17:26:50.000000,2019-12-02 17:46:41.961595,2019-12-02 17:47:31.961595,2019-12-02 18:13:40.882459,2019-12-02 18:14:30.882459,2019-12-02 18:35:01.607301,Replace,5,46,46,0 days 00:00:50.000000000,0 days 00:20:41.961595000
16,2019-12-02 18:32:00.000000,2019-12-02 18:32:45.000000,2019-12-02 18:50:58.780141,2019-12-02 18:51:43.780141,2019-12-02 19:23:49.626815,2019-12-02 19:24:34.626815,2019-12-02 19:40:34.001666,Replace,5,46,46,0 days 00:00:45.000000000,0 days 00:18:58.780141000
17,2019-12-02 19:39:00.000000,2019-12-02 19:39:55.000000,2019-12-02 19:53:36.142973,2019-12-02 19:54:31.142973,2019-12-02 20:26:37.924603,2019-12-02 20:27:32.924603,2019-12-02 20:45:23.852765,Replace,5,46,46,0 days 00:00:55.000000000,0 days 00:14:36.142973000
18,2019-12-02 20:51:00.000000,2019-12-02 20:51:30.000000,2019-12-02 21:05:37.946914,2019-12-02 21:05:52.993151,,,,Onsite,5,46,46,0 days 00:00:30.000000000,0 days 00:14:22.993151000
0,2019-12-02 01:18:00.000000,2019-12-02 00:00:45.000000,2019-12-02 00:21:37.260966,2019-12-02 00:22:22.260966,2019-12-02 01:04:00.162998,2019-12-02 01:04:45.162998,2019-12-02 01:18:36.990848,Replace,6,46,46,-1 days +22:42:45.000000000,0 days 00:21:37.260966000
1,2019-12-02 01:08:00.000000,2019-12-02 01:08:45.000000,2019-12-02 01:24:22.549797,2019-12-02 01:25:07.549797,2019-12-02 01:47:00.217733,2019-12-02 01:47:45.217733,2019-12-02 02:01:06.659274,Replace,6,46,46,0 days 00:00:45.000000000,0 days 00:16:22.549797000
2,2019-12-02 02:08:00.000000,2019-12-02 02:08:45.000000,2019-12-02 02:22:28.029589,2019-12-02 02:22:42.413840,,,,Onsite,6,46,46,0 days 00:00:45.000000000,0 days 00:13:57.413840000
3,2019-12-02 03:26:00.000000,2019-12-02 03:26:45.000000,2019-12-02 03:44:48.980804,2019-12-02 03:45:33.980804,2019-12-02 04:11:42.008701,2019-12-02 04:12:27.008701,2019-12-02 04:26:41.319978,Replace,6,46,46,0 days 00:00:45.000000000,0 days 00:18:48.980804000
4,2019-12-02 04:48:00.000000,2019-12-02 04:48:45.000000,2019-12-02 05:05:09.844875,2019-12-02 05:05:17.907346,,,,Onsite,6,46,46,0 days 00:00:45.000000000,0 days 00:16:32.907346000
5,2019-12-02 06:01:00.000000,2019-12-02 06:01:45.000000,2019-12-02 06:20:23.943756,2019-12-02 06:21:08.943756,2019-12-02 06:44:35.985263,2019-12-02 06:45:20.985263,2019-12-02 07:04:46.429747,Replace,6,46,46,0 days 00:00:45.000000000,0 days 00:19:23.943756000
6,2019-12-02 07:08:00.000000,2019-12-02 07:08:50.000000,2019-12-02 07:22:06.160135,2019-12-02 07:22:17.828711,,,,Onsite,6,46,46,0 days 00:00:50.000000000,0 days 00:13:27.828711000
7,2019-12-02 08:18:00.000000,2019-12-02 08:18:50.000000,2019-12-02 08:33:25.116837,2019-12-02 08:34:15.116837,2019-12-02 09:02:16.446609,2019-12-02 09:03:06.446609,2019-12-02 09:18:10.505831,Replace,6,46,46,0 days 00:00:50.000000000,0 days 00:15:25.116837000
8,2019-12-02 09:34:00.000000,2019-12-02 09:34:35.000000,2019-12-02 09:48:47.925365,2019-12-02 09:49:22.925365,2019-12-02 10:41:11.836133,2019-12-02 10:41:46.836133,2019-12-02 11:02:01.013454,Replace,6,46,46,0 days 00:00:35.000000000,0 days 00:14:47.925365000
9,2019-12-02 10:55:00.000000,2019-12-02 10:55:55.000000,2019-12-02 11:10:04.784223,2019-12-02 11:10:59.784223,2019-12-02 11:38:13.171460,2019-12-02 11:39:08.171460,2019-12-02 11:54:39.299623,Replace,6,46,46,0 days 00:00:55.000000000,0 days 00:15:04.784223000
10,2019-12-02 11:47:00.000000,2019-12-02 11:47:50.000000,2019-12-02 12:03:25.183835,2019-12-02 12:04:15.183835,2019-12-02 12:25:47.988322,2019-12-02 12:26:37.988322,2019-12-02 12:48:10.484147,Replace,6,46,46,0 days 00:00:50.000000000,0 days 00:16:25.183835000
11,2019-12-02 12:49:00.000000,2019-12-02 12:49:45.000000,2019-12-02 13:02:09.671705,2019-12-02 13:02:54.671705,2019-12-02 13:42:54.752499,2019-12-02 13:43:39.752499,2019-12-02 14:07:05.647423,Replace,6,46,46,0 days 00:00:45.000000000,0 days 00:13:09.671705000
12,2019-12-02 13:59:00.000000,2019-12-02 13:59:45.000000,2019-12-02 14:09:25.264402,2019-12-02 14:09:38.940999,,,,Onsite,6,46,46,0 days 00:00:45.000000000,0 days 00:09:53.940999000
13,2019-12-02 14:57:00.000000,2019-12-02 14:57:45.000000,2019-12-02 15:14:10.234187,2019-12-02 15:14:36.842690,,,,Onsite,6,46,46,0 days 00:00:45.000000000,0 days 00:16:51.842690000
14,2019-12-02 16:21:00.000000,2019-12-02 16:21:35.000000,2019-12-02 16:38:38.889750,2019-12-02 16:39:13.889750,2019-12-02 17:20:45.843307,2019-12-02 17:21:20.843307,2019-12-02 17:38:24.137901,Replace,6,46,46,0 days 00:00:35.000000000,0 days 00:17:38.889750000
15,2019-12-02 17:28:00.000000,2019-12-02 17:28:50.000000,2019-12-02 17:42:05.858267,2019-12-02 17:42:19.025954,,,,Onsite,6,46,46,0 days 00:00:50.000000000,0 days 00:13:29.025954000
16,2019-12-02 18:38:00.000000,2019-12-02 18:38:50.000000,2019-12-02 18:52:54.628426,2019-12-02 18:53:14.774746,,,,Onsite,6,46,46,0 days 00:00:50.000000000,0 days 00:14:24.774746000
17,2019-12-02 19:48:00.000000,2019-12-02 19:48:35.000000,2019-12-02 19:59:40.824356,2019-12-02 19:59:56.365768,,,,Onsite,6,46,46,0 days 00:00:35.000000000,0 days 00:11:21.365768000
18,2019-12-02 20:55:00.000000,2019-12-02 20:55:45.000000,2019-12-02 21:15:02.831567,2019-12-02 21:15:15.894051,,,,Onsite,6,46,46,0 days 00:00:45.000000000,0 days 00:19:30.894051000
0,2019-12-02 01:10:00.000000,2019-12-02 00:00:35.000000,2019-12-02 00:18:38.868486,2019-12-02 00:19:10.460666,,,,Onsite,7,46,46,-1 days +22:50:35.000000000,0 days 00:18:35.460666000
1,2019-12-02 01:15:00.000000,2019-12-02 01:15:50.000000,2019-12-02 01:39:00.930713,2019-12-02 01:39:19.463795,,,,Onsite,7,46,46,0 days 00:00:50.000000000,0 days 00:23:29.463795000
2,2019-12-02 02:23:00.000000,2019-12-02 02:23:25.000000,2019-12-02 02:41:43.277820,2019-12-02 02:41:46.043899,,,,Onsite,7,46,46,0 days 00:00:25.000000000,0 days 00:18:21.043899000
3,2019-12-02 03:38:00.000000,2019-12-02 03:38:35.000000,2019-12-02 03:55:57.282000,2019-12-02 03:56:27.332272,,,,Onsite,7,46,46,0 days 00:00:35.000000000,0 days 00:17:52.332272000
4,2019-12-02 04:52:00.000000,2019-12-02 04:52:30.000000,2019-12-02 05:04:35.485661,2019-12-02 05:05:05.485661,2019-12-02 05:36:00.954073,2019-12-02 05:36:30.954073,2019-12-02 05:54:39.617361,Replace,7,46,46,0 days 00:00:30.000000000,0 days 00:12:35.485661000
5,2019-12-02 06:09:00.000000,2019-12-02 06:09:55.000000,2019-12-02 06:25:00.276392,2019-12-02 06:25:55.276392,2019-12-02 07:18:00.276939,2019-12-02 07:18:55.276939,2019-12-02 07:32:54.748271,Replace,7,46,46,0 days 00:00:55.000000000,0 days 00:16:00.276392000
6,2019-12-02 07:16:00.000000,2019-12-02 07:16:45.000000,2019-12-02 07:32:43.901985,2019-12-02 07:32:57.547470,,,,Onsite,7,46,46,0 days 00:00:45.000000000,0 days 00:16:12.547470000
7,2019-12-02 08:35:00.000000,2019-12-02 08:35:35.000000,2019-12-02 08:51:52.986895,2019-12-02 08:52:08.125935,,,,Onsite,7,46,46,0 days 00:00:35.000000000,0 days 00:16:33.125935000
8,2019-12-02 09:44:00.000000,2019-12-02 09:44:45.000000,2019-12-02 10:01:26.279005,2019-12-02 10:01:48.411547,,,,Onsite,7,46,46,0 days 00:00:45.000000000,0 days 00:17:03.411547000
9,2019-12-02 10:41:00.000000,2019-12-02 10:41:55.000000,2019-12-02 10:56:34.914202,2019-12-02 10:56:38.158800,,,,Onsite,7,46,46,0 days 00:00:55.000000000,0 days 00:14:43.158800000
10,2019-12-02 11:45:00.000000,2019-12-02 11:45:50.000000,2019-12-02 12:02:41.068811,2019-12-02 12:03:31.068811,2019-12-02 12:32:10.284001,2019-12-02 12:33:00.284001,2019-12-02 12:52:37.787218,Replace,7,46,46,0 days 00:00:50.000000000,0 days 00:17:41.068811000
11,2019-12-02 12:58:00.000000,2019-12-02 12:58:45.000000,2019-12-02 13:09:34.961858,2019-12-02 13:10:19.961858,2019-12-02 13:39:24.485877,2019-12-02 13:40:09.485877,2019-12-02 13:55:44.625922,Replace,7,46,46,0 days 00:00:45.000000000,0 days 00:11:34.961858000
12,2019-12-02 14:15:00.000000,2019-12-02 14:15:25.000000,2019-12-02 14:26:35.786415,2019-12-02 14:27:14.703446,,,,Onsite,7,46,46,0 days 00:00:25.000000000,0 days 00:11:49.703446000
13,2019-12-02 15:21:00.000000,2019-12-02 15:21:55.000000,2019-12-02 15:36:02.904266,2019-12-02 15:36:57.904266,2019-12-02 16:23:15.782636,2019-12-02 16:24:10.782636,2019-12-02 16:41:25.354809,Replace,7,46,46,0 days 00:00:55.000000000,0 days 00:15:02.904266000
14,2019-12-02 16:42:00.000000,2019-12-02 16:42:35.000000,2019-12-02 16:56:05.533991,2019-12-02 16:56:47.499431,,,,Onsite,7,46,46,0 days 00:00:35.000000000,0 days 00:14:12.499431000
15,2019-12-02 17:43:00.000000,2019-12-02 17:43:45.000000,2019-12-02 18:01:06.146435,2019-12-02 18:01:21.833639,,,,Onsite,7,46,46,0 days 00:00:45.000000000,0 days 00:17:36.833639000
16,2019-12-02 18:40:00.000000,2019-12-02 18:40:35.000000,2019-12-02 18:55:10.712653,2019-12-02 18:55:45.712653,2019-12-02 19:22:10.174070,2019-12-02 19:22:45.174070,2019-12-02 19:43:12.561039,Replace,7,46,46,0 days 00:00:35.000000000,0 days 00:15:10.712653000
17,2019-12-02 19:50:00.000000,2019-12-02 19:50:35.000000,2019-12-02 20:10:23.177724,2019-12-02 20:10:41.101636,,,,Onsite,7,46,46,0 days 00:00:35.000000000,0 days 00:20:06.101636000
18,2019-12-02 20:57:00.000000,2019-12-02 20:57:45.000000,2019-12-02 21:11:51.804466,2019-12-02 21:12:16.312443,,,,Onsite,7,46,46,0 days 00:00:45.000000000,0 days 00:14:31.312443000
0,2019-12-02 01:07:00.000000,2019-12-02 00:00:25.000000,2019-12-02 00:10:56.010625,2019-12-02 00:11:10.305813,,,,Onsite,8,46,46,-1 days +22:53:25.000000000,0 days 00:10:45.305813000
1,2019-12-02 01:00:00.000000,2019-12-02 01:00:45.000000,2019-12-02 01:14:00.287063,2019-12-02 01:14:45.287063,2019-12-02 01:42:27.483209,2019-12-02 01:43:12.483209,2019-12-02 02:01:45.801743,Replace,8,46,46,0 days 00:00:45.000000000,0 days 00:14:00.287063000
2,2019-12-02 02:23:00.000000,2019-12-02 02:23:55.000000,2019-12-02 02:37:06.773495,2019-12-02 02:38:01.773495,2019-12-02 03:23:08.763578,2019-12-02 03:24:03.763578,2019-12-02 03:36:36.306043,Replace,8,46,46,0 days 00:00:55.000000000,0 days 00:14:06.773495000
3,2019-12-02 03:15:00.000000,2019-12-02 03:15:25.000000,2019-12-02 03:29:33.782285,2019-12-02 03:29:49.111866,,,,Onsite,8,46,46,0 days 00:00:25.000000000,0 days 00:14:24.111866000
4,2019-12-02 04:17:00.000000,2019-12-02 04:17:25.000000,2019-12-02 04:32:28.862298,2019-12-02 04:32:53.862298,2019-12-02 05:19:10.226026,2019-12-02 05:19:35.226026,2019-12-02 05:35:16.749010,Replace,8,46,46,0 days 00:00:25.000000000,0 days 00:15:28.862298000
5,2019-12-02 05:22:00.000000,2019-12-02 05:22:50.000000,2019-12-02 05:39:47.777394,2019-12-02 05:40:37.777394,2019-12-02 06:11:35.020617,2019-12-02 06:12:25.020617,2019-12-02 06:25:25.884633,Replace,8,46,46,0 days 00:00:50.000000000,0 days 00:17:47.777394000
6,2019-12-02 06:29:00.000000,2019-12-02 06:29:35.000000,2019-12-02 06:50:47.202086,2019-12-02 06:50:52.323359,,,,Onsite,8,46,46,0 days 00:00:35.000000000,0 days 00:21:17.323359000
7,2019-12-02 07:40:00.000000,2019-12-02 07:40:55.000000,2019-12-02 07:56:41.832442,2019-12-02 07:57:36.832442,2019-12-02 08:40:47.624728,2019-12-02 08:41:42.624728,2019-12-02 08:57:35.211525,Replace,8,46,46,0 days 00:00:55.000000000,0 days 00:16:41.832442000
8,2019-12-02 08:41:00.000000,2019-12-02 08:41:30.000000,2019-12-02 09:03:06.808258,2019-12-02 09:03:36.808258,2019-12-02 09:45:06.307431,2019-12-02 09:45:36.307431,2019-12-02 10:05:33.907477,Replace,8,46,46,0 days 00:00:30.000000000,0 days 00:22:06.808258000
9,2019-12-02 09:56:00.000000,2019-12-02 09:56:35.000000,2019-12-02 10:13:05.339589,2019-12-02 10:13:40.339589,2019-12-02 10:41:16.839337,2019-12-02 10:41:51.839337,2019-12-02 11:05:05.153819,Replace,8,46,46,0 days 00:00:35.000000000,0 days 00:17:05.339589000
10,2019-12-02 12:27:00.000000,2019-12-02 12:27:45.000000,2019-12-02 12:42:17.476650,2019-12-02 12:43:02.476650,2019-12-02 13:18:44.714067,2019-12-02 13:19:29.714067,2019-12-02 13:38:01.513980,Replace,8,46,46,0 days 00:00:45.000000000,0 days 00:15:17.476650000
11,2019-12-02 11:18:00.000000,2019-12-02 11:18:25.000000,2019-12-02 11:40:32.432648,2019-12-02 11:40:57.432648,2019-12-02 12:27:32.383483,2019-12-02 12:27:57.383483,2019-12-02 12:40:25.793194,Replace,8,46,46,0 days 00:00:25.000000000,0 days 00:22:32.432648000
12,2019-12-02 14:49:00.000000,2019-12-02 14:49:55.000000,2019-12-02 15:05:11.951896,2019-12-02 15:05:29.437115,,,,Onsite,8,46,46,0 days 00:00:55.000000000,0 days 00:15:34.437115000
13,2019-12-02 13:39:00.000000,2019-12-02 13:39:45.000000,2019-12-02 13:55:36.664725,2019-12-02 13:56:21.664725,2019-12-02 14:35:23.800282,2019-12-02 14:36:08.800282,2019-12-02 14:49:43.260858,Replace,8,46,46,0 days 00:00:45.000000000,0 days 00:16:36.664725000
14,2019-12-02 16:02:00.000000,2019-12-02 16:02:35.000000,2019-12-02 16:16:57.894680,2019-12-02 16:17:09.057829,,,,Onsite,8,46,46,0 days 00:00:35.000000000,0 days 00:14:34.057829000
15,2019-12-02 17:14:00.000000,2019-12-02 17:14:30.000000,2019-12-02 17:31:12.531380,2019-12-02 17:31:32.060307,,,,Onsite,8,46,46,0 days 00:00:30.000000000,0 days 00:17:02.060307000
16,2019-12-02 18:33:00.000000,2019-12-02 18:33:55.000000,2019-12-02 18:47:36.406529,2019-12-02 18:47:59.678232,,,,Onsite,8,46,46,0 days 00:00:55.000000000,0 days 00:14:04.678232000
17,2019-12-02 19:39:00.000000,2019-12-02 19:39:30.000000,2019-12-02 19:57:38.376834,2019-12-02 19:58:08.376834,2019-12-02 20:30:33.310371,2019-12-02 20:31:03.310371,2019-12-02 20:50:26.042044,Replace,8,46,46,0 days 00:00:30.000000000,0 days 00:18:38.376834000
18,2019-12-02 20:48:00.000000,2019-12-02 20:48:25.000000,2019-12-02 21:04:10.690028,2019-12-02 21:04:35.690028,2019-12-02 21:40:09.265179,2019-12-02 21:40:34.265179,2019-12-02 21:55:40.002194,Replace,8,46,46,0 days 00:00:25.000000000,0 days 00:16:10.690028000
19,2019-12-02 21:50:00.000000,2019-12-02 21:50:25.000000,2019-12-02 22:09:48.044712,2019-12-02 22:09:56.675817,,,,Onsite,8,46,46,0 days 00:00:25.000000000,0 days 00:19:31.675817000
0,2019-12-02 01:02:00.000000,2019-12-02 00:00:30.000000,2019-12-02 00:15:07.462856,2019-12-02 00:15:37.462856,2019-12-02 00:44:57.942999,2019-12-02 00:45:27.942999,2019-12-02 01:04:03.289707,Replace,9,46,46,-1 days +22:58:30.000000000,0 days 00:15:07.462856000
1,2019-12-02 01:11:00.000000,2019-12-02 01:11:25.000000,2019-12-02 01:26:19.694050,2019-12-02 01:26:48.106383,,,,Onsite,9,46,46,0 days 00:00:25.000000000,0 days 00:15:23.106383000
2,2019-12-02 02:14:00.000000,2019-12-02 02:14:45.000000,2019-12-02 02:29:43.844590,2019-12-02 02:29:59.994551,,,,Onsite,9,46,46,0 days 00:00:45.000000000,0 days 00:15:14.994551000
3,2019-12-02 03:35:00.000000,2019-12-02 03:35:45.000000,2019-12-02 03:51:05.710060,2019-12-02 03:51:50.710060,2019-12-02 04:14:50.959056,2019-12-02 04:15:35.959056,2019-12-02 04:27:49.863562,Replace,9,46,46,0 days 00:00:45.000000000,0 days 00:16:05.710060000
4,2019-12-02 04:42:00.000000,2019-12-02 04:42:30.000000,2019-12-02 05:02:00.280136,2019-12-02 05:02:30.280136,2019-12-02 05:42:09.973417,2019-12-02 05:42:39.973417,2019-12-02 05:53:33.801049,Replace,9,46,46,0 days 00:00:30.000000000,0 days 00:20:00.280136000
5,2019-12-02 06:07:00.000000,2019-12-02 06:07:30.000000,2019-12-02 06:22:08.797363,2019-12-02 06:22:22.047176,,,,Onsite,9,46,46,0 days 00:00:30.000000000,0 days 00:14:52.047176000
6,2019-12-02 07:16:00.000000,2019-12-02 07:16:50.000000,2019-12-02 07:32:15.335532,2019-12-02 07:33:05.335532,2019-12-02 08:15:05.148189,2019-12-02 08:15:55.148189,2019-12-02 08:27:06.594287,Replace,9,46,46,0 days 00:00:50.000000000,0 days 00:16:15.335532000
7,2019-12-02 08:24:00.000000,2019-12-02 08:24:30.000000,2019-12-02 08:44:12.178201,2019-12-02 08:44:42.178201,2019-12-02 09:13:52.056949,2019-12-02 09:14:22.056949,2019-12-02 09:31:15.361247,Replace,9,46,46,0 days 00:00:30.000000000,0 days 00:20:12.178201000
8,2019-12-02 09:30:00.000000,2019-12-02 09:30:45.000000,2019-12-02 09:45:52.158250,2019-12-02 09:46:37.158250,2019-12-02 10:34:50.924170,2019-12-02 10:35:35.924170,2019-12-02 10:57:00.436328,Replace,9,46,46,0 days 00:00:45.000000000,0 days 00:15:52.158250000
9,2019-12-02 10:46:00.000000,2019-12-02 10:46:30.000000,2019-12-02 11:03:06.818480,2019-12-02 11:03:36.818480,2019-12-02 11:45:12.720580,2019-12-02 11:45:42.720580,2019-12-02 12:01:37.903533,Replace,9,46,46,0 days 00:00:30.000000000,0 days 00:17:06.818480000
10,2019-12-02 11:46:00.000000,2019-12-02 11:46:50.000000,2019-12-02 12:00:07.981021,2019-12-02 12:00:57.981021,2019-12-02 12:24:41.746502,2019-12-02 12:25:31.746502,2019-12-02 12:40:38.392174,Replace,9,46,46,0 days 00:00:50.000000000,0 days 00:14:07.981021000
11,2019-12-02 12:49:00.000000,2019-12-02 12:49:35.000000,2019-12-02 13:08:06.176989,2019-12-02 13:08:41.176989,2019-12-02 13:34:18.512334,2019-12-02 13:34:53.512334,2019-12-02 13:46:40.483098,Replace,9,46,46,0 days 00:00:35.000000000,0 days 00:19:06.176989000
12,2019-12-02 13:52:00.000000,2019-12-02 13:52:50.000000,2019-12-02 14:11:30.139371,2019-12-02 14:12:20.139371,2019-12-02 14:38:39.492176,2019-12-02 14:39:29.492176,2019-12-02 14:58:48.830497,Replace,9,46,46,0 days 00:00:50.000000000,0 days 00:19:30.139371000
13,2019-12-02 15:02:00.000000,2019-12-02 15:02:45.000000,2019-12-02 15:18:23.257081,2019-12-02 15:19:08.257081,2019-12-02 16:05:22.807236,2019-12-02 16:06:07.807236,2019-12-02 16:25:47.383409,Replace,9,46,46,0 days 00:00:45.000000000,0 days 00:16:23.257081000
14,2019-12-02 15:58:00.000000,2019-12-02 15:58:50.000000,2019-12-02 16:09:25.544325,2019-12-02 16:09:36.456178,,,,Onsite,9,46,46,0 days 00:00:50.000000000,0 days 00:10:46.456178000
15,2019-12-02 16:59:00.000000,2019-12-02 16:59:25.000000,2019-12-02 17:10:56.658588,2019-12-02 17:11:21.658588,2019-12-02 17:49:19.555189,2019-12-02 17:49:44.555189,2019-12-02 18:04:32.540163,Replace,9,46,46,0 days 00:00:25.000000000,0 days 00:11:56.658588000
16,2019-12-02 18:09:00.000000,2019-12-02 18:09:45.000000,2019-12-02 18:27:14.435532,2019-12-02 18:27:59.435532,2019-12-02 19:02:08.483882,2019-12-02 19:02:53.483882,2019-12-02 19:20:01.479888,Replace,9,46,46,0 days 00:00:45.000000000,0 days 00:18:14.435532000
17,2019-12-02 19:04:00.000000,2019-12-02 19:04:45.000000,2019-12-02 19:22:54.505180,2019-12-02 19:23:39.505180,2019-12-02 19:54:50.677128,2019-12-02 19:55:35.677128,2019-12-02 20:10:49.424549,Replace,9,46,46,0 days 00:00:45.000000000,0 days 00:18:54.505180000
18,2019-12-02 20:05:00.000000,2019-12-02 20:05:45.000000,2019-12-02 20:24:29.760550,2019-12-02 20:25:14.760550,2019-12-02 21:06:17.499144,2019-12-02 21:07:02.499144,2019-12-02 21:21:23.969179,Replace,9,46,46,0 days 00:00:45.000000000,0 days 00:19:29.760550000
19,2019-12-02 21:01:00.000000,2019-12-02 21:01:35.000000,2019-12-02 21:16:08.500647,2019-12-02 21:16:18.081423,,,,Onsite,9,46,46,0 days 00:00:35.000000000,0 days 00:14:43.081423000
0,2019-12-02 01:10:00.000000,2019-12-02 00:00:45.000000,2019-12-02 00:10:54.112778,2019-12-02 00:11:10.642090,,,,Onsite,1,46,47,-1 days +22:50:45.000000000,0 days 00:10:25.642090000
1,2019-12-02 01:07:00.000000,2019-12-02 01:07:45.000000,2019-12-02 01:20:01.433926,2019-12-02 01:20:14.989961,,,,Onsite,1,46,47,0 days 00:00:45.000000000,0 days 00:12:29.989961000
2,2019-12-02 02:22:00.000000,2019-12-02 02:22:55.000000,2019-12-02 02:39:05.119489,2019-12-02 02:39:10.781837,,,,Onsite,1,46,47,0 days 00:00:55.000000000,0 days 00:16:15.781837000
3,2019-12-02 03:33:00.000000,2019-12-02 03:33:45.000000,2019-12-02 03:53:47.882335,2019-12-02 03:53:54.722395,,,,Onsite,1,46,47,0 days 00:00:45.000000000,0 days 00:20:09.722395000
4,2019-12-02 04:31:00.000000,2019-12-02 04:31:25.000000,2019-12-02 04:46:49.734713,2019-12-02 04:47:18.585467,,,,Onsite,1,46,47,0 days 00:00:25.000000000,0 days 00:15:53.585467000
5,2019-12-02 05:34:00.000000,2019-12-02 05:34:45.000000,2019-12-02 05:52:37.686650,2019-12-02 05:53:05.732228,,,,Onsite,1,46,47,0 days 00:00:45.000000000,0 days 00:18:20.732228000
6,2019-12-02 06:36:00.000000,2019-12-02 06:36:45.000000,2019-12-02 06:50:38.354829,2019-12-02 06:51:23.354829,2019-12-02 07:25:45.444540,2019-12-02 07:26:30.444540,2019-12-02 07:43:49.897341,Replace,1,46,47,0 days 00:00:45.000000000,0 days 00:14:38.354829000
7,2019-12-02 07:36:00.000000,2019-12-02 07:36:45.000000,2019-12-02 07:51:56.813612,2019-12-02 07:52:41.813612,2019-12-02 08:22:47.837903,2019-12-02 08:23:32.837903,2019-12-02 08:43:09.691907,Replace,1,46,47,0 days 00:00:45.000000000,0 days 00:15:56.813612000
8,2019-12-02 08:42:00.000000,2019-12-02 08:42:45.000000,2019-12-02 08:55:21.089542,2019-12-02 08:55:31.384782,,,,Onsite,1,46,47,0 days 00:00:45.000000000,0 days 00:12:46.384782000
9,2019-12-02 09:50:00.000000,2019-12-02 09:50:30.000000,2019-12-02 10:04:50.530152,2019-12-02 10:04:56.852118,,,,Onsite,1,46,47,0 days 00:00:30.000000000,0 days 00:14:26.852118000
10,2019-12-02 11:04:00.000000,2019-12-02 11:04:55.000000,2019-12-02 11:17:45.478926,2019-12-02 11:18:01.347066,,,,Onsite,1,46,47,0 days 00:00:55.000000000,0 days 00:13:06.347066000
11,2019-12-02 12:10:00.000000,2019-12-02 12:10:30.000000,2019-12-02 12:23:09.260159,2019-12-02 12:23:39.260159,2019-12-02 12:49:12.901904,2019-12-02 12:49:42.901904,2019-12-02 13:07:04.971352,Replace,1,46,47,0 days 00:00:30.000000000,0 days 00:13:09.260159000
12,2019-12-02 13:36:00.000000,2019-12-02 13:36:45.000000,2019-12-02 13:49:50.749151,2019-12-02 13:50:08.483871,,,,Onsite,1,46,47,0 days 00:00:45.000000000,0 days 00:13:23.483871000
13,2019-12-02 14:48:00.000000,2019-12-02 14:48:55.000000,2019-12-02 15:05:05.309485,2019-12-02 15:06:00.309485,2019-12-02 16:00:04.068928,2019-12-02 16:00:59.068928,2019-12-02 16:16:25.517525,Replace,1,46,47,0 days 00:00:55.000000000,0 days 00:17:05.309485000
14,2019-12-02 16:02:00.000000,2019-12-02 16:02:45.000000,2019-12-02 16:22:21.391507,2019-12-02 16:23:06.391507,2019-12-02 16:55:52.092081,2019-12-02 16:56:37.092081,2019-12-02 17:10:21.469496,Replace,1,46,47,0 days 00:00:45.000000000,0 days 00:20:21.391507000
15,2019-12-02 17:05:00.000000,2019-12-02 17:05:35.000000,2019-12-02 17:18:13.327061,2019-12-02 17:18:23.657223,,,,Onsite,1,46,47,0 days 00:00:35.000000000,0 days 00:12:48.657223000
16,2019-12-02 18:12:00.000000,2019-12-02 18:12:25.000000,2019-12-02 18:32:43.873125,2019-12-02 18:33:08.873125,2019-12-02 19:32:14.390787,2019-12-02 19:32:39.390787,2019-12-02 19:50:56.157211,Replace,1,46,47,0 days 00:00:25.000000000,0 days 00:20:43.873125000
17,2019-12-02 19:12:00.000000,2019-12-02 19:12:30.000000,2019-12-02 19:22:47.698278,2019-12-02 19:23:15.324732,,,,Onsite,1,46,47,0 days 00:00:30.000000000,0 days 00:10:45.324732000
18,2019-12-02 20:13:00.000000,2019-12-02 20:13:25.000000,2019-12-02 20:34:07.465296,2019-12-02 20:34:16.469003,,,,Onsite,1,46,47,0 days 00:00:25.000000000,0 days 00:20:51.469003000
19,2019-12-02 21:35:00.000000,2019-12-02 21:35:25.000000,2019-12-02 21:50:03.791248,2019-12-02 21:50:27.313245,,,,Onsite,1,46,47,0 days 00:00:25.000000000,0 days 00:15:02.313245000
0,2019-12-02 01:04:00.000000,2019-12-02 00:00:55.000000,2019-12-02 00:20:03.868169,2019-12-02 00:20:58.868169,2019-12-02 01:02:52.650149,2019-12-02 01:03:47.650149,2019-12-02 01:18:40.658353,Replace,2,46,47,-1 days +22:56:55.000000000,0 days 00:20:03.868169000
1,2019-12-02 01:07:00.000000,2019-12-02 01:07:45.000000,2019-12-02 01:16:43.348086,2019-12-02 01:17:28.348086,2019-12-02 01:55:53.901189,2019-12-02 01:56:38.901189,2019-12-02 02:16:26.397785,Replace,2,46,47,0 days 00:00:45.000000000,0 days 00:09:43.348086000
2,2019-12-02 02:05:00.000000,2019-12-02 02:05:30.000000,2019-12-02 02:13:50.685823,2019-12-02 02:14:20.685823,2019-12-02 02:49:27.549362,2019-12-02 02:49:57.549362,2019-12-02 03:08:04.829209,Replace,2,46,47,0 days 00:00:30.000000000,0 days 00:08:50.685823000
3,2019-12-02 03:05:00.000000,2019-12-02 03:05:50.000000,2019-12-02 03:24:54.539074,2019-12-02 03:25:13.569407,,,,Onsite,2,46,47,0 days 00:00:50.000000000,0 days 00:19:23.569407000
4,2019-12-02 04:17:00.000000,2019-12-02 04:17:45.000000,2019-12-02 04:32:43.057367,2019-12-02 04:33:28.057367,2019-12-02 05:01:47.399150,2019-12-02 05:02:32.399150,2019-12-02 05:14:15.569961,Replace,2,46,47,0 days 00:00:45.000000000,0 days 00:15:43.057367000
5,2019-12-02 05:24:00.000000,2019-12-02 05:24:45.000000,2019-12-02 05:38:04.494263,2019-12-02 05:38:12.654883,,,,Onsite,2,46,47,0 days 00:00:45.000000000,0 days 00:13:27.654883000
6,2019-12-02 06:19:00.000000,2019-12-02 06:19:55.000000,2019-12-02 06:36:50.028066,2019-12-02 06:36:56.962248,,,,Onsite,2,46,47,0 days 00:00:55.000000000,0 days 00:17:01.962248000
7,2019-12-02 07:33:00.000000,2019-12-02 07:33:50.000000,2019-12-02 07:43:36.720756,2019-12-02 07:43:53.998631,,,,Onsite,2,46,47,0 days 00:00:50.000000000,0 days 00:10:03.998631000
8,2019-12-02 08:41:00.000000,2019-12-02 08:41:45.000000,2019-12-02 08:55:40.922473,2019-12-02 08:56:25.922473,2019-12-02 09:25:20.873922,2019-12-02 09:26:05.873922,2019-12-02 09:46:23.218666,Replace,2,46,47,0 days 00:00:45.000000000,0 days 00:14:40.922473000
9,2019-12-02 09:48:00.000000,2019-12-02 09:48:25.000000,2019-12-02 10:01:42.117109,2019-12-02 10:02:06.392625,,,,Onsite,2,46,47,0 days 00:00:25.000000000,0 days 00:13:41.392625000
10,2019-12-02 10:49:00.000000,2019-12-02 10:49:45.000000,2019-12-02 11:09:25.288979,2019-12-02 11:10:10.288979,2019-12-02 12:04:11.430880,2019-12-02 12:04:56.430880,2019-12-02 12:20:41.121202,Replace,2,46,47,0 days 00:00:45.000000000,0 days 00:20:25.288979000
11,2019-12-02 11:54:00.000000,2019-12-02 11:54:45.000000,2019-12-02 12:16:59.338597,2019-12-02 12:17:44.338597,2019-12-02 12:44:17.660450,2019-12-02 12:45:02.660450,2019-12-02 13:08:12.612312,Replace,2,46,47,0 days 00:00:45.000000000,0 days 00:22:59.338597000
12,2019-12-02 13:04:00.000000,2019-12-02 13:04:50.000000,2019-12-02 13:22:58.427078,2019-12-02 13:23:23.488106,,,,Onsite,2,46,47,0 days 00:00:50.000000000,0 days 00:18:33.488106000
13,2019-12-02 14:29:00.000000,2019-12-02 14:29:45.000000,2019-12-02 14:41:23.009294,2019-12-02 14:41:30.261032,,,,Onsite,2,46,47,0 days 00:00:45.000000000,0 days 00:11:45.261032000
14,2019-12-02 15:32:00.000000,2019-12-02 15:32:35.000000,2019-12-02 15:50:32.753756,2019-12-02 15:51:07.753756,2019-12-02 16:23:19.540869,2019-12-02 16:23:54.540869,2019-12-02 16:36:37.094667,Replace,2,46,47,0 days 00:00:35.000000000,0 days 00:18:32.753756000
15,2019-12-02 16:50:00.000000,2019-12-02 16:50:25.000000,2019-12-02 16:59:48.319579,2019-12-02 16:59:58.798910,,,,Onsite,2,46,47,0 days 00:00:25.000000000,0 days 00:09:33.798910000
16,2019-12-02 17:56:00.000000,2019-12-02 17:56:30.000000,2019-12-02 18:13:32.167544,2019-12-02 18:14:02.167544,2019-12-02 18:45:00.925990,2019-12-02 18:45:30.925990,2019-12-02 18:58:12.602030,Replace,2,46,47,0 days 00:00:30.000000000,0 days 00:17:32.167544000
17,2019-12-02 18:55:00.000000,2019-12-02 18:55:25.000000,2019-12-02 19:14:06.389626,2019-12-02 19:14:39.039163,,,,Onsite,2,46,47,0 days 00:00:25.000000000,0 days 00:19:14.039163000
18,2019-12-02 20:09:00.000000,2019-12-02 20:09:45.000000,2019-12-02 20:22:59.040064,2019-12-02 20:23:44.040064,2019-12-02 20:54:00.203751,2019-12-02 20:54:45.203751,2019-12-02 21:18:02.222495,Replace,2,46,47,0 days 00:00:45.000000000,0 days 00:13:59.040064000
19,2019-12-02 21:28:00.000000,2019-12-02 21:28:35.000000,2019-12-02 21:45:09.296557,2019-12-02 21:45:44.296557,2019-12-02 22:15:08.028493,2019-12-02 22:15:43.028493,2019-12-02 22:28:03.269412,Replace,2,46,47,0 days 00:00:35.000000000,0 days 00:17:09.296557000
0,2019-12-02 01:12:00.000000,2019-12-02 00:00:55.000000,2019-12-02 00:20:40.845054,2019-12-02 00:21:35.845054,2019-12-02 00:48:59.080474,2019-12-02 00:49:54.080474,2019-12-02 01:03:27.100851,Replace,3,46,47,-1 days +22:48:55.000000000,0 days 00:20:40.845054000
1,2019-12-02 00:56:00.000000,2019-12-02 00:56:50.000000,2019-12-02 01:16:33.587302,2019-12-02 01:17:23.587302,2019-12-02 01:54:26.835444,2019-12-02 01:55:16.835444,2019-12-02 02:13:44.691044,Replace,3,46,47,0 days 00:00:50.000000000,0 days 00:20:33.587302000
2,2019-12-02 02:01:00.000000,2019-12-02 02:01:45.000000,2019-12-02 02:18:20.489424,2019-12-02 02:19:05.489424,2019-12-02 03:14:33.399795,2019-12-02 03:15:18.399795,2019-12-02 03:36:17.571714,Replace,3,46,47,0 days 00:00:45.000000000,0 days 00:17:20.489424000
3,2019-12-02 03:13:00.000000,2019-12-02 03:13:35.000000,2019-12-02 03:26:48.425654,2019-12-02 03:27:08.504460,,,,Onsite,3,46,47,0 days 00:00:35.000000000,0 days 00:13:33.504460000
4,2019-12-02 04:22:00.000000,2019-12-02 04:22:25.000000,2019-12-02 04:41:30.921166,2019-12-02 04:41:55.921166,2019-12-02 05:30:47.626551,2019-12-02 05:31:12.626551,2019-12-02 05:46:39.950614,Replace,3,46,47,0 days 00:00:25.000000000,0 days 00:19:30.921166000
5,2019-12-02 05:11:00.000000,2019-12-02 05:11:45.000000,2019-12-02 05:33:13.967047,2019-12-02 05:33:41.339832,,,,Onsite,3,46,47,0 days 00:00:45.000000000,0 days 00:21:56.339832000
6,2019-12-02 06:09:00.000000,2019-12-02 06:09:50.000000,2019-12-02 06:27:12.753336,2019-12-02 06:28:02.753336,2019-12-02 07:11:18.902712,2019-12-02 07:12:08.902712,2019-12-02 07:31:51.066693,Replace,3,46,47,0 days 00:00:50.000000000,0 days 00:18:12.753336000
7,2019-12-02 07:16:00.000000,2019-12-02 07:16:55.000000,2019-12-02 07:32:00.943389,2019-12-02 07:32:22.039156,,,,Onsite,3,46,47,0 days 00:00:55.000000000,0 days 00:15:27.039156000
8,2019-12-02 08:14:00.000000,2019-12-02 08:14:35.000000,2019-12-02 08:29:07.136246,2019-12-02 08:29:42.136246,2019-12-02 08:56:21.116438,2019-12-02 08:56:56.116438,2019-12-02 09:11:35.911935,Replace,3,46,47,0 days 00:00:35.000000000,0 days 00:15:07.136246000
9,2019-12-02 09:28:00.000000,2019-12-02 09:28:25.000000,2019-12-02 09:48:11.879908,2019-12-02 09:48:23.712515,,,,Onsite,3,46,47,0 days 00:00:25.000000000,0 days 00:19:58.712515000
10,2019-12-02 10:27:00.000000,2019-12-02 10:27:45.000000,2019-12-02 10:42:52.217118,2019-12-02 10:43:37.217118,2019-12-02 11:30:09.395944,2019-12-02 11:30:54.395944,2019-12-02 11:47:20.065652,Replace,3,46,47,0 days 00:00:45.000000000,0 days 00:15:52.217118000
11,2019-12-02 12:42:00.000000,2019-12-02 12:42:50.000000,2019-12-02 12:59:28.546110,2019-12-02 12:59:34.933340,,,,Onsite,3,46,47,0 days 00:00:50.000000000,0 days 00:16:44.933340000
12,2019-12-02 11:36:00.000000,2019-12-02 11:36:45.000000,2019-12-02 11:48:49.583334,2019-12-02 11:49:34.583334,2019-12-02 12:20:58.756067,2019-12-02 12:21:43.756067,2019-12-02 12:42:38.206805,Replace,3,46,47,0 days 00:00:45.000000000,0 days 00:12:49.583334000
13,2019-12-02 13:58:00.000000,2019-12-02 13:58:50.000000,2019-12-02 14:17:10.230709,2019-12-02 14:18:00.230709,2019-12-02 14:47:55.925256,2019-12-02 14:48:45.925256,2019-12-02 15:03:37.563218,Replace,3,46,47,0 days 00:00:50.000000000,0 days 00:19:10.230709000
14,2019-12-02 15:15:00.000000,2019-12-02 15:15:35.000000,2019-12-02 15:31:24.414344,2019-12-02 15:31:59.414344,2019-12-02 16:18:28.575438,2019-12-02 16:19:03.575438,2019-12-02 16:33:38.437338,Replace,3,46,47,0 days 00:00:35.000000000,0 days 00:16:24.414344000
15,2019-12-02 16:33:00.000000,2019-12-02 16:33:45.000000,2019-12-02 16:52:34.605258,2019-12-02 16:53:19.605258,2019-12-02 17:45:51.670192,2019-12-02 17:46:36.670192,2019-12-02 18:00:04.306429,Replace,3,46,47,0 days 00:00:45.000000000,0 days 00:19:34.605258000
16,2019-12-02 17:57:00.000000,2019-12-02 17:57:30.000000,2019-12-02 18:17:03.659560,2019-12-02 18:17:06.102408,,,,Onsite,3,46,47,0 days 00:00:30.000000000,0 days 00:19:36.102408000
17,2019-12-02 19:08:00.000000,2019-12-02 19:08:25.000000,2019-12-02 19:19:48.402909,2019-12-02 19:20:13.402909,2019-12-02 20:10:47.371833,2019-12-02 20:11:12.371833,2019-12-02 20:34:25.758299,Replace,3,46,47,0 days 00:00:25.000000000,0 days 00:11:48.402909000
18,2019-12-02 20:00:00.000000,2019-12-02 20:00:45.000000,2019-12-02 20:15:17.433809,2019-12-02 20:16:02.433809,2019-12-02 20:58:21.634946,2019-12-02 20:59:06.634946,2019-12-02 21:17:08.675025,Replace,3,46,47,0 days 00:00:45.000000000,0 days 00:15:17.433809000
19,2019-12-02 21:02:00.000000,2019-12-02 21:02:30.000000,2019-12-02 21:17:11.929497,2019-12-02 21:17:41.929497,2019-12-02 21:40:18.876348,2019-12-02 21:40:48.876348,2019-12-02 22:00:26.941913,Replace,3,46,47,0 days 00:00:30.000000000,0 days 00:15:11.929497000
0,2019-12-02 00:55:00.000000,2019-12-02 00:00:55.000000,2019-12-02 00:17:39.461226,2019-12-02 00:18:34.461226,2019-12-02 01:07:34.463922,2019-12-02 01:08:29.463922,2019-12-02 01:26:15.699480,Replace,4,46,47,-1 days +23:05:55.000000000,0 days 00:17:39.461226000
1,2019-12-02 01:13:00.000000,2019-12-02 01:13:55.000000,2019-12-02 01:29:25.010046,2019-12-02 01:29:40.878585,,,,Onsite,4,46,47,0 days 00:00:55.000000000,0 days 00:15:45.878585000
2,2019-12-02 02:23:00.000000,2019-12-02 02:23:35.000000,2019-12-02 02:44:44.206157,2019-12-02 02:45:19.206157,2019-12-02 03:24:58.208557,2019-12-02 03:25:33.208557,2019-12-02 03:39:35.598561,Replace,4,46,47,0 days 00:00:35.000000000,0 days 00:21:44.206157000
3,2019-12-02 03:32:00.000000,2019-12-02 03:32:45.000000,2019-12-02 03:48:47.702061,2019-12-02 03:48:54.017347,,,,Onsite,4,46,47,0 days 00:00:45.000000000,0 days 00:16:09.017347000
4,2019-12-02 04:36:00.000000,2019-12-02 04:36:45.000000,2019-12-02 04:52:37.474575,2019-12-02 04:53:22.474575,2019-12-02 05:41:09.866008,2019-12-02 05:41:54.866008,2019-12-02 05:58:05.725742,Replace,4,46,47,0 days 00:00:45.000000000,0 days 00:16:37.474575000
5,2019-12-02 05:51:00.000000,2019-12-02 05:51:50.000000,2019-12-02 06:08:54.619681,2019-12-02 06:09:44.619681,2019-12-02 06:51:52.293464,2019-12-02 06:52:42.293464,2019-12-02 07:10:16.572392,Replace,4,46,47,0 days 00:00:50.000000000,0 days 00:17:54.619681000
6,2019-12-02 06:59:00.000000,2019-12-02 06:59:25.000000,2019-12-02 07:14:55.295074,2019-12-02 07:15:11.129623,,,,Onsite,4,46,47,0 days 00:00:25.000000000,0 days 00:15:46.129623000
7,2019-12-02 07:51:00.000000,2019-12-02 07:51:50.000000,2019-12-02 08:03:44.816231,2019-12-02 08:03:51.325582,,,,Onsite,4,46,47,0 days 00:00:50.000000000,0 days 00:12:01.325582000
8,2019-12-02 08:43:00.000000,2019-12-02 08:43:45.000000,2019-12-02 09:06:44.175870,2019-12-02 09:07:04.453636,,,,Onsite,4,46,47,0 days 00:00:45.000000000,0 days 00:23:19.453636000
9,2019-12-02 10:03:00.000000,2019-12-02 10:03:45.000000,2019-12-02 10:18:38.132518,2019-12-02 10:19:00.551910,,,,Onsite,4,46,47,0 days 00:00:45.000000000,0 days 00:15:15.551910000
10,2019-12-02 11:18:00.000000,2019-12-02 11:18:30.000000,2019-12-02 11:32:10.234059,2019-12-02 11:32:40.234059,2019-12-02 12:03:26.319732,2019-12-02 12:03:56.319732,2019-12-02 12:18:56.762329,Replace,4,46,47,0 days 00:00:30.000000000,0 days 00:14:10.234059000
11,2019-12-02 12:19:00.000000,2019-12-02 12:19:45.000000,2019-12-02 12:33:45.032478,2019-12-02 12:33:55.139478,,,,Onsite,4,46,47,0 days 00:00:45.000000000,0 days 00:14:10.139478000
12,2019-12-02 13:27:00.000000,2019-12-02 13:27:50.000000,2019-12-02 13:45:38.472911,2019-12-02 13:46:28.472911,2019-12-02 14:13:19.099502,2019-12-02 14:14:09.099502,2019-12-02 14:31:34.727512,Replace,4,46,47,0 days 00:00:50.000000000,0 days 00:18:38.472911000
13,2019-12-02 14:39:00.000000,2019-12-02 14:39:50.000000,2019-12-02 14:53:02.964400,2019-12-02 14:53:52.964400,2019-12-02 15:38:35.933990,2019-12-02 15:39:25.933990,2019-12-02 15:58:52.606505,Replace,4,46,47,0 days 00:00:50.000000000,0 days 00:14:02.964400000
14,2019-12-02 15:38:00.000000,2019-12-02 15:38:35.000000,2019-12-02 15:50:58.444755,2019-12-02 15:51:08.962185,,,,Onsite,4,46,47,0 days 00:00:35.000000000,0 days 00:12:33.962185000
15,2019-12-02 16:41:00.000000,2019-12-02 16:41:45.000000,2019-12-02 16:53:55.228962,2019-12-02 16:54:10.298923,,,,Onsite,4,46,47,0 days 00:00:45.000000000,0 days 00:12:25.298923000
16,2019-12-02 18:05:00.000000,2019-12-02 18:05:35.000000,2019-12-02 18:17:33.826450,2019-12-02 18:17:52.609339,,,,Onsite,4,46,47,0 days 00:00:35.000000000,0 days 00:12:17.609339000
17,2019-12-02 19:09:00.000000,2019-12-02 19:09:35.000000,2019-12-02 19:26:29.619665,2019-12-02 19:26:49.776859,,,,Onsite,4,46,47,0 days 00:00:35.000000000,0 days 00:17:14.776859000
18,2019-12-02 20:04:00.000000,2019-12-02 20:04:50.000000,2019-12-02 20:24:37.520249,2019-12-02 20:24:49.753845,,,,Onsite,4,46,47,0 days 00:00:50.000000000,0 days 00:19:59.753845000
19,2019-12-02 21:28:00.000000,2019-12-02 21:28:50.000000,2019-12-02 21:48:30.989333,2019-12-02 21:49:20.989333,2019-12-02 22:16:05.900774,2019-12-02 22:16:55.900774,2019-12-02 22:31:25.191992,Replace,4,46,47,0 days 00:00:50.000000000,0 days 00:20:30.989333000
0,2019-12-02 01:05:00.000000,2019-12-02 00:00:55.000000,2019-12-02 00:15:14.698387,2019-12-02 00:15:27.491374,,,,Onsite,5,46,47,-1 days +22:55:55.000000000,0 days 00:14:32.491374000
1,2019-12-02 01:00:00.000000,2019-12-02 01:00:25.000000,2019-12-02 01:17:00.323162,2019-12-02 01:17:14.567984,,,,Onsite,5,46,47,0 days 00:00:25.000000000,0 days 00:16:49.567984000
2,2019-12-02 02:03:00.000000,2019-12-02 02:03:25.000000,2019-12-02 02:22:30.125895,2019-12-02 02:22:51.944853,,,,Onsite,5,46,47,0 days 00:00:25.000000000,0 days 00:19:26.944853000
3,2019-12-02 03:17:00.000000,2019-12-02 03:17:35.000000,2019-12-02 03:33:27.704707,2019-12-02 03:34:02.704707,2019-12-02 04:06:41.395037,2019-12-02 04:07:16.395037,2019-12-02 04:26:03.809108,Replace,5,46,47,0 days 00:00:35.000000000,0 days 00:16:27.704707000
4,2019-12-02 04:25:00.000000,2019-12-02 04:25:30.000000,2019-12-02 04:41:26.579110,2019-12-02 04:41:41.778387,,,,Onsite,5,46,47,0 days 00:00:30.000000000,0 days 00:16:11.778387000
5,2019-12-02 05:31:00.000000,2019-12-02 05:31:35.000000,2019-12-02 05:48:24.763551,2019-12-02 05:48:39.706425,,,,Onsite,5,46,47,0 days 00:00:35.000000000,0 days 00:17:04.706425000
6,2019-12-02 06:32:00.000000,2019-12-02 06:32:35.000000,2019-12-02 06:48:42.767450,2019-12-02 06:49:17.767450,2019-12-02 07:22:02.497219,2019-12-02 07:22:37.497219,2019-12-02 07:36:21.410973,Replace,5,46,47,0 days 00:00:35.000000000,0 days 00:16:42.767450000
7,2019-12-02 07:45:00.000000,2019-12-02 07:45:45.000000,2019-12-02 08:02:58.087132,2019-12-02 08:03:43.087132,2019-12-02 08:38:49.714276,2019-12-02 08:39:34.714276,2019-12-02 08:57:05.252101,Replace,5,46,47,0 days 00:00:45.000000000,0 days 00:17:58.087132000
8,2019-12-02 09:53:00.000000,2019-12-02 09:53:45.000000,2019-12-02 10:08:46.260803,2019-12-02 10:09:31.260803,2019-12-02 10:46:32.279735,2019-12-02 10:47:17.279735,2019-12-02 11:03:08.276821,Replace,5,46,47,0 days 00:00:45.000000000,0 days 00:15:46.260803000
9,2019-12-02 08:39:00.000000,2019-12-02 08:39:45.000000,2019-12-02 08:55:33.555177,2019-12-02 08:56:18.555177,2019-12-02 09:40:54.496382,2019-12-02 09:41:39.496382,2019-12-02 09:59:17.553677,Replace,5,46,47,0 days 00:00:45.000000000,0 days 00:16:33.555177000
10,2019-12-02 11:04:00.000000,2019-12-02 11:04:30.000000,2019-12-02 11:25:00.974071,2019-12-02 11:25:02.602957,,,,Onsite,5,46,47,0 days 00:00:30.000000000,0 days 00:20:32.602957000
11,2019-12-02 12:01:00.000000,2019-12-02 12:01:50.000000,2019-12-02 12:12:46.913242,2019-12-02 12:13:36.913242,2019-12-02 12:49:54.453245,2019-12-02 12:50:44.453245,2019-12-02 13:06:36.864424,Replace,5,46,47,0 days 00:00:50.000000000,0 days 00:11:46.913242000
12,2019-12-02 13:14:00.000000,2019-12-02 13:14:45.000000,2019-12-02 13:25:59.519965,2019-12-02 13:26:44.519965,2019-12-02 13:55:48.467746,2019-12-02 13:56:33.467746,2019-12-02 14:08:13.878363,Replace,5,46,47,0 days 00:00:45.000000000,0 days 00:11:59.519965000
13,2019-12-02 14:31:00.000000,2019-12-02 14:31:55.000000,2019-12-02 14:51:46.138673,2019-12-02 14:52:41.138673,2019-12-02 15:22:15.667401,2019-12-02 15:23:10.667401,2019-12-02 15:37:38.733978,Replace,5,46,47,0 days 00:00:55.000000000,0 days 00:20:46.138673000
14,2019-12-02 15:32:00.000000,2019-12-02 15:32:45.000000,2019-12-02 15:48:16.592926,2019-12-02 15:48:40.188503,,,,Onsite,5,46,47,0 days 00:00:45.000000000,0 days 00:15:55.188503000
15,2019-12-02 16:36:00.000000,2019-12-02 16:36:35.000000,2019-12-02 16:49:06.234256,2019-12-02 16:49:41.234256,2019-12-02 17:14:27.216794,2019-12-02 17:15:02.216794,2019-12-02 17:33:53.688937,Replace,5,46,47,0 days 00:00:35.000000000,0 days 00:13:06.234256000
16,2019-12-02 17:49:00.000000,2019-12-02 17:49:35.000000,2019-12-02 18:05:09.117648,2019-12-02 18:05:26.639153,,,,Onsite,5,46,47,0 days 00:00:35.000000000,0 days 00:15:51.639153000
17,2019-12-02 18:56:00.000000,2019-12-02 18:56:45.000000,2019-12-02 19:12:16.384034,2019-12-02 19:12:32.374310,,,,Onsite,5,46,47,0 days 00:00:45.000000000,0 days 00:15:47.374310000
18,2019-12-02 20:17:00.000000,2019-12-02 20:17:50.000000,2019-12-02 20:32:44.464271,2019-12-02 20:33:02.763298,,,,Onsite,5,46,47,0 days 00:00:50.000000000,0 days 00:15:12.763298000
19,2019-12-02 21:30:00.000000,2019-12-02 21:30:45.000000,2019-12-02 21:50:39.219263,2019-12-02 21:50:56.453263,,,,Onsite,5,46,47,0 days 00:00:45.000000000,0 days 00:20:11.453263000
0,2019-12-02 01:00:00.000000,2019-12-02 00:00:30.000000,2019-12-02 00:25:26.940271,2019-12-02 00:25:56.940271,2019-12-02 01:20:13.095232,2019-12-02 01:20:43.095232,2019-12-02 01:36:06.824328,Replace,6,46,47,-1 days +23:00:30.000000000,0 days 00:25:26.940271000
1,2019-12-02 01:09:00.000000,2019-12-02 01:09:55.000000,2019-12-02 01:22:11.185206,2019-12-02 01:23:06.185206,2019-12-02 02:16:40.474737,2019-12-02 02:17:35.474737,2019-12-02 02:31:16.854951,Replace,6,46,47,0 days 00:00:55.000000000,0 days 00:13:11.185206000
2,2019-12-02 02:12:00.000000,2019-12-02 02:12:45.000000,2019-12-02 02:27:01.977740,2019-12-02 02:27:46.977740,2019-12-02 02:59:36.775729,2019-12-02 03:00:21.775729,2019-12-02 03:14:44.852180,Replace,6,46,47,0 days 00:00:45.000000000,0 days 00:15:01.977740000
3,2019-12-02 03:14:00.000000,2019-12-02 03:14:35.000000,2019-12-02 03:35:26.938819,2019-12-02 03:36:01.938819,2019-12-02 04:22:13.547782,2019-12-02 04:22:48.547782,2019-12-02 04:44:20.890336,Replace,6,46,47,0 days 00:00:35.000000000,0 days 00:21:26.938819000
4,2019-12-02 04:14:00.000000,2019-12-02 04:14:25.000000,2019-12-02 04:38:44.996097,2019-12-02 04:39:02.674114,,,,Onsite,6,46,47,0 days 00:00:25.000000000,0 days 00:24:37.674114000
5,2019-12-02 05:11:00.000000,2019-12-02 05:11:45.000000,2019-12-02 05:31:06.257905,2019-12-02 05:31:51.257905,2019-12-02 06:10:17.155071,2019-12-02 06:11:02.155071,2019-12-02 06:27:32.431587,Replace,6,46,47,0 days 00:00:45.000000000,0 days 00:20:06.257905000
6,2019-12-02 06:16:00.000000,2019-12-02 06:16:25.000000,2019-12-02 06:32:14.544068,2019-12-02 06:32:39.544068,2019-12-02 07:17:43.229079,2019-12-02 07:18:08.229079,2019-12-02 07:33:16.607894,Replace,6,46,47,0 days 00:00:25.000000000,0 days 00:16:14.544068000
7,2019-12-02 07:29:00.000000,2019-12-02 07:29:50.000000,2019-12-02 07:47:39.941761,2019-12-02 07:48:01.531023,,,,Onsite,6,46,47,0 days 00:00:50.000000000,0 days 00:18:11.531023000
8,2019-12-02 08:15:00.000000,2019-12-02 08:15:35.000000,2019-12-02 08:34:51.323904,2019-12-02 08:34:56.746440,,,,Onsite,6,46,47,0 days 00:00:35.000000000,0 days 00:19:21.746440000
9,2019-12-02 09:29:00.000000,2019-12-02 09:29:55.000000,2019-12-02 09:47:25.491525,2019-12-02 09:47:46.880872,,,,Onsite,6,46,47,0 days 00:00:55.000000000,0 days 00:17:51.880872000
10,2019-12-02 10:38:00.000000,2019-12-02 10:38:45.000000,2019-12-02 10:53:10.716954,2019-12-02 10:53:33.387155,,,,Onsite,6,46,47,0 days 00:00:45.000000000,0 days 00:14:48.387155000
11,2019-12-02 11:52:00.000000,2019-12-02 11:52:45.000000,2019-12-02 12:07:21.646500,2019-12-02 12:08:06.646500,2019-12-02 12:31:41.773941,2019-12-02 12:32:26.773941,2019-12-02 12:51:02.315524,Replace,6,46,47,0 days 00:00:45.000000000,0 days 00:15:21.646500000
12,2019-12-02 13:03:00.000000,2019-12-02 13:03:55.000000,2019-12-02 13:15:11.182407,2019-12-02 13:16:06.182407,2019-12-02 13:55:36.781164,2019-12-02 13:56:31.781164,2019-12-02 14:15:43.269325,Replace,6,46,47,0 days 00:00:55.000000000,0 days 00:12:11.182407000
13,2019-12-02 14:09:00.000000,2019-12-02 14:09:55.000000,2019-12-02 14:24:29.963435,2019-12-02 14:24:40.127995,,,,Onsite,6,46,47,0 days 00:00:55.000000000,0 days 00:14:45.127995000
14,2019-12-02 15:00:00.000000,2019-12-02 15:00:35.000000,2019-12-02 15:25:15.672438,2019-12-02 15:25:50.672438,2019-12-02 16:09:32.944575,2019-12-02 16:10:07.944575,2019-12-02 16:29:57.733834,Replace,6,46,47,0 days 00:00:35.000000000,0 days 00:25:15.672438000
15,2019-12-02 15:53:00.000000,2019-12-02 15:53:35.000000,2019-12-02 16:14:01.603391,2019-12-02 16:14:36.603391,2019-12-02 17:00:41.396112,2019-12-02 17:01:16.396112,2019-12-02 17:19:18.048963,Replace,6,46,47,0 days 00:00:35.000000000,0 days 00:21:01.603391000
16,2019-12-02 17:02:00.000000,2019-12-02 17:02:50.000000,2019-12-02 17:19:26.489616,2019-12-02 17:20:16.489616,2019-12-02 17:53:50.207063,2019-12-02 17:54:40.207063,2019-12-02 18:10:37.539391,Replace,6,46,47,0 days 00:00:50.000000000,0 days 00:17:26.489616000
17,2019-12-02 17:57:00.000000,2019-12-02 17:57:35.000000,2019-12-02 18:13:25.147022,2019-12-02 18:13:52.903881,,,,Onsite,6,46,47,0 days 00:00:35.000000000,0 days 00:16:17.903881000
18,2019-12-02 19:16:00.000000,2019-12-02 19:16:45.000000,2019-12-02 19:34:24.048091,2019-12-02 19:35:09.048091,2019-12-02 20:01:13.253616,2019-12-02 20:01:58.253616,2019-12-02 20:20:16.513568,Replace,6,46,47,0 days 00:00:45.000000000,0 days 00:18:24.048091000
19,2019-12-02 20:38:00.000000,2019-12-02 20:38:35.000000,2019-12-02 20:56:00.625754,2019-12-02 20:56:35.625754,2019-12-02 21:19:39.366837,2019-12-02 21:20:14.366837,2019-12-02 21:38:31.578071,Replace,6,46,47,0 days 00:00:35.000000000,0 days 00:18:00.625754000
20,2019-12-02 21:44:00.000000,2019-12-02 21:44:30.000000,2019-12-02 21:55:15.731939,2019-12-02 21:55:45.731939,2019-12-02 22:27:49.822240,2019-12-02 22:28:19.822240,2019-12-02 22:49:50.871360,Replace,6,46,47,0 days 00:00:30.000000000,0 days 00:11:15.731939000
0,2019-12-02 01:11:00.000000,2019-12-02 00:00:45.000000,2019-12-02 00:17:29.092644,2019-12-02 00:17:45.010577,,,,Onsite,7,46,47,-1 days +22:49:45.000000000,0 days 00:17:00.010577000
1,2019-12-02 01:12:00.000000,2019-12-02 01:12:50.000000,2019-12-02 01:33:20.000070,2019-12-02 01:34:10.000070,2019-12-02 02:05:25.957691,2019-12-02 02:06:15.957691,2019-12-02 02:24:12.357932,Replace,7,46,47,0 days 00:00:50.000000000,0 days 00:21:20.000070000
2,2019-12-02 02:12:00.000000,2019-12-02 02:12:45.000000,2019-12-02 02:25:10.997897,2019-12-02 02:25:55.997897,2019-12-02 02:59:27.130875,2019-12-02 03:00:12.130875,2019-12-02 03:15:58.874063,Replace,7,46,47,0 days 00:00:45.000000000,0 days 00:13:10.997897000
3,2019-12-02 03:21:00.000000,2019-12-02 03:21:35.000000,2019-12-02 03:37:18.794395,2019-12-02 03:37:33.699881,,,,Onsite,7,46,47,0 days 00:00:35.000000000,0 days 00:15:58.699881000
4,2019-12-02 04:34:00.000000,2019-12-02 04:34:55.000000,2019-12-02 04:49:42.314754,2019-12-02 04:49:57.781967,,,,Onsite,7,46,47,0 days 00:00:55.000000000,0 days 00:15:02.781967000
5,2019-12-02 05:27:00.000000,2019-12-02 05:27:45.000000,2019-12-02 05:42:41.613590,2019-12-02 05:43:26.613590,2019-12-02 06:18:47.518811,2019-12-02 06:19:32.518811,2019-12-02 06:35:34.505758,Replace,7,46,47,0 days 00:00:45.000000000,0 days 00:15:41.613590000
6,2019-12-02 06:19:00.000000,2019-12-02 06:19:25.000000,2019-12-02 06:32:51.971596,2019-12-02 06:33:16.971596,2019-12-02 07:15:49.788200,2019-12-02 07:16:14.788200,2019-12-02 07:30:48.815686,Replace,7,46,47,0 days 00:00:25.000000000,0 days 00:13:51.971596000
7,2019-12-02 07:34:00.000000,2019-12-02 07:34:45.000000,2019-12-02 07:48:40.201083,2019-12-02 07:49:25.201083,2019-12-02 08:17:17.848006,2019-12-02 08:18:02.848006,2019-12-02 08:39:10.186132,Replace,7,46,47,0 days 00:00:45.000000000,0 days 00:14:40.201083000
8,2019-12-02 08:38:00.000000,2019-12-02 08:38:50.000000,2019-12-02 08:50:12.734767,2019-12-02 08:51:02.734767,2019-12-02 09:31:29.344197,2019-12-02 09:32:19.344197,2019-12-02 09:46:42.693482,Replace,7,46,47,0 days 00:00:50.000000000,0 days 00:12:12.734767000
9,2019-12-02 09:48:00.000000,2019-12-02 09:48:30.000000,2019-12-02 10:00:58.553990,2019-12-02 10:01:08.134953,,,,Onsite,7,46,47,0 days 00:00:30.000000000,0 days 00:12:38.134953000
10,2019-12-02 10:58:00.000000,2019-12-02 10:58:30.000000,2019-12-02 11:17:25.359227,2019-12-02 11:17:51.510149,,,,Onsite,7,46,47,0 days 00:00:30.000000000,0 days 00:19:21.510149000
11,2019-12-02 11:58:00.000000,2019-12-02 11:58:55.000000,2019-12-02 12:12:41.447682,2019-12-02 12:13:36.447682,2019-12-02 12:52:47.277505,2019-12-02 12:53:42.277505,2019-12-02 13:08:31.034094,Replace,7,46,47,0 days 00:00:55.000000000,0 days 00:14:41.447682000
12,2019-12-02 13:09:00.000000,2019-12-02 13:09:55.000000,2019-12-02 13:24:25.749974,2019-12-02 13:24:44.083158,,,,Onsite,7,46,47,0 days 00:00:55.000000000,0 days 00:14:49.083158000
13,2019-12-02 14:14:00.000000,2019-12-02 14:14:50.000000,2019-12-02 14:30:29.092946,2019-12-02 14:31:19.092946,2019-12-02 15:01:04.289375,2019-12-02 15:01:54.289375,2019-12-02 15:25:05.207904,Replace,7,46,47,0 days 00:00:50.000000000,0 days 00:16:29.092946000
14,2019-12-02 15:21:00.000000,2019-12-02 15:21:35.000000,2019-12-02 15:36:51.620462,2019-12-02 15:37:02.909059,,,,Onsite,7,46,47,0 days 00:00:35.000000000,0 days 00:15:27.909059000
15,2019-12-02 16:34:00.000000,2019-12-02 16:34:30.000000,2019-12-02 16:51:22.004872,2019-12-02 16:51:47.025132,,,,Onsite,7,46,47,0 days 00:00:30.000000000,0 days 00:17:17.025132000
16,2019-12-02 17:46:00.000000,2019-12-02 17:46:35.000000,2019-12-02 18:01:43.638799,2019-12-02 18:02:20.705966,,,,Onsite,7,46,47,0 days 00:00:35.000000000,0 days 00:15:45.705966000
17,2019-12-02 18:53:00.000000,2019-12-02 18:53:45.000000,2019-12-02 19:07:44.434688,2019-12-02 19:08:29.434688,2019-12-02 19:36:51.661018,2019-12-02 19:37:36.661018,2019-12-02 19:53:08.204721,Replace,7,46,47,0 days 00:00:45.000000000,0 days 00:14:44.434688000
18,2019-12-02 20:00:00.000000,2019-12-02 20:00:45.000000,2019-12-02 20:15:17.299526,2019-12-02 20:16:02.299526,2019-12-02 20:44:18.331443,2019-12-02 20:45:03.331443,2019-12-02 21:01:51.105960,Replace,7,46,47,0 days 00:00:45.000000000,0 days 00:15:17.299526000
19,2019-12-02 21:09:00.000000,2019-12-02 21:09:25.000000,2019-12-02 21:25:52.366538,2019-12-02 21:26:17.366538,2019-12-02 22:02:29.430629,2019-12-02 22:02:54.430629,2019-12-02 22:21:00.878938,Replace,7,46,47,0 days 00:00:25.000000000,0 days 00:16:52.366538000
0,2019-12-02 01:13:00.000000,2019-12-02 00:00:45.000000,2019-12-02 00:17:42.174271,2019-12-02 00:18:27.174271,2019-12-02 00:47:06.750698,2019-12-02 00:47:51.750698,2019-12-02 01:05:13.299963,Replace,8,46,47,-1 days +22:47:45.000000000,0 days 00:17:42.174271000
1,2019-12-02 00:55:00.000000,2019-12-02 00:55:45.000000,2019-12-02 01:14:08.160109,2019-12-02 01:14:53.160109,2019-12-02 01:49:29.475251,2019-12-02 01:50:14.475251,2019-12-02 02:00:35.187462,Replace,8,46,47,0 days 00:00:45.000000000,0 days 00:19:08.160109000
2,2019-12-02 02:06:00.000000,2019-12-02 02:06:25.000000,2019-12-02 02:23:20.940765,2019-12-02 02:23:45.940765,2019-12-02 02:50:25.869079,2019-12-02 02:50:50.869079,2019-12-02 03:06:17.376231,Replace,8,46,47,0 days 00:00:25.000000000,0 days 00:17:20.940765000
3,2019-12-02 03:23:00.000000,2019-12-02 03:23:35.000000,2019-12-02 03:33:31.317707,2019-12-02 03:34:06.317707,2019-12-02 04:02:39.734649,2019-12-02 04:03:14.734649,2019-12-02 04:16:27.918849,Replace,8,46,47,0 days 00:00:35.000000000,0 days 00:10:31.317707000
4,2019-12-02 04:42:00.000000,2019-12-02 04:42:45.000000,2019-12-02 04:58:10.522381,2019-12-02 04:58:55.522381,2019-12-02 05:28:33.890421,2019-12-02 05:29:18.890421,2019-12-02 05:45:32.347895,Replace,8,46,47,0 days 00:00:45.000000000,0 days 00:16:10.522381000
5,2019-12-02 05:59:00.000000,2019-12-02 05:59:30.000000,2019-12-02 06:20:11.445731,2019-12-02 06:20:24.418612,,,,Onsite,8,46,47,0 days 00:00:30.000000000,0 days 00:20:54.418612000
6,2019-12-02 07:01:00.000000,2019-12-02 07:01:35.000000,2019-12-02 07:24:12.112505,2019-12-02 07:24:47.112505,2019-12-02 08:03:18.308260,2019-12-02 08:03:53.308260,2019-12-02 08:16:28.703580,Replace,8,46,47,0 days 00:00:35.000000000,0 days 00:23:12.112505000
7,2019-12-02 08:13:00.000000,2019-12-02 08:13:25.000000,2019-12-02 08:25:41.019516,2019-12-02 08:25:57.772948,,,,Onsite,8,46,47,0 days 00:00:25.000000000,0 days 00:12:32.772948000
8,2019-12-02 09:18:00.000000,2019-12-02 09:18:45.000000,2019-12-02 09:37:04.322338,2019-12-02 09:37:18.136034,,,,Onsite,8,46,47,0 days 00:00:45.000000000,0 days 00:18:33.136034000
9,2019-12-02 10:27:00.000000,2019-12-02 10:27:50.000000,2019-12-02 10:47:41.845096,2019-12-02 10:47:49.510283,,,,Onsite,8,46,47,0 days 00:00:50.000000000,0 days 00:19:59.510283000
10,2019-12-02 11:38:00.000000,2019-12-02 11:38:25.000000,2019-12-02 11:49:17.524231,2019-12-02 11:49:42.524231,2019-12-02 12:41:25.899239,2019-12-02 12:41:50.899239,2019-12-02 12:56:31.469760,Replace,8,46,47,0 days 00:00:25.000000000,0 days 00:11:17.524231000
11,2019-12-02 12:39:00.000000,2019-12-02 12:39:25.000000,2019-12-02 12:56:38.488643,2019-12-02 12:57:03.488643,2019-12-02 13:24:15.738291,2019-12-02 13:24:40.738291,2019-12-02 13:45:47.908260,Replace,8,46,47,0 days 00:00:25.000000000,0 days 00:17:38.488643000
12,2019-12-02 13:35:00.000000,2019-12-02 13:35:35.000000,2019-12-02 13:48:18.617948,2019-12-02 13:48:24.508555,,,,Onsite,8,46,47,0 days 00:00:35.000000000,0 days 00:12:49.508555000
13,2019-12-02 14:39:00.000000,2019-12-02 14:39:55.000000,2019-12-02 14:56:22.331268,2019-12-02 14:57:17.331268,2019-12-02 15:36:33.623396,2019-12-02 15:37:28.623396,2019-12-02 15:53:14.351252,Replace,8,46,47,0 days 00:00:55.000000000,0 days 00:17:22.331268000
14,2019-12-02 15:46:00.000000,2019-12-02 15:46:45.000000,2019-12-02 15:57:09.022740,2019-12-02 15:57:54.022740,2019-12-02 16:30:27.901237,2019-12-02 16:31:12.901237,2019-12-02 16:44:18.676915,Replace,8,46,47,0 days 00:00:45.000000000,0 days 00:11:09.022740000
15,2019-12-02 16:51:00.000000,2019-12-02 16:51:45.000000,2019-12-02 17:03:03.187868,2019-12-02 17:03:48.187868,2019-12-02 17:55:31.116571,2019-12-02 17:56:16.116571,2019-12-02 18:13:08.019246,Replace,8,46,47,0 days 00:00:45.000000000,0 days 00:12:03.187868000
16,2019-12-02 18:05:00.000000,2019-12-02 18:05:50.000000,2019-12-02 18:23:22.574807,2019-12-02 18:23:31.774111,,,,Onsite,8,46,47,0 days 00:00:50.000000000,0 days 00:17:41.774111000
17,2019-12-02 19:20:00.000000,2019-12-02 19:20:50.000000,2019-12-02 19:36:50.081572,2019-12-02 19:36:55.493357,,,,Onsite,8,46,47,0 days 00:00:50.000000000,0 days 00:16:05.493357000
18,2019-12-02 20:41:00.000000,2019-12-02 20:41:30.000000,2019-12-02 20:57:33.943285,2019-12-02 20:57:39.258795,,,,Onsite,8,46,47,0 days 00:00:30.000000000,0 days 00:16:09.258795000
19,2019-12-02 21:51:00.000000,2019-12-02 21:51:35.000000,2019-12-02 22:07:48.163301,2019-12-02 22:08:00.415405,,,,Onsite,8,46,47,0 days 00:00:35.000000000,0 days 00:16:25.415405000
0,2019-12-02 00:55:00.000000,2019-12-02 00:55:45.000000,2019-12-02 01:12:48.422995,2019-12-02 01:12:57.638450,,,,Onsite,9,46,47,0 days 00:00:45.000000000,0 days 00:17:12.638450000
1,2019-12-02 01:15:00.000000,2019-12-02 00:00:30.000000,2019-12-02 00:19:03.323903,2019-12-02 00:19:33.323903,2019-12-02 00:55:40.601482,2019-12-02 00:56:10.601482,2019-12-02 01:15:24.451002,Replace,9,46,47,-1 days +22:45:30.000000000,0 days 00:19:03.323903000
2,2019-12-02 01:46:00.000000,2019-12-02 01:46:55.000000,2019-12-02 02:07:40.488590,2019-12-02 02:08:35.488590,2019-12-02 02:56:54.746262,2019-12-02 02:57:49.746262,2019-12-02 03:20:08.937204,Replace,9,46,47,0 days 00:00:55.000000000,0 days 00:21:40.488590000
3,2019-12-02 03:04:00.000000,2019-12-02 03:04:35.000000,2019-12-02 03:19:25.610584,2019-12-02 03:19:45.894331,,,,Onsite,9,46,47,0 days 00:00:35.000000000,0 days 00:15:10.894331000
4,2019-12-02 04:14:00.000000,2019-12-02 04:14:35.000000,2019-12-02 04:30:29.874316,2019-12-02 04:30:53.642791,,,,Onsite,9,46,47,0 days 00:00:35.000000000,0 days 00:16:18.642791000
5,2019-12-02 05:30:00.000000,2019-12-02 05:30:45.000000,2019-12-02 05:48:21.760976,2019-12-02 05:49:06.760976,2019-12-02 06:43:50.818441,2019-12-02 06:44:35.818441,2019-12-02 06:59:12.429104,Replace,9,46,47,0 days 00:00:45.000000000,0 days 00:18:21.760976000
6,2019-12-02 06:28:00.000000,2019-12-02 06:28:45.000000,2019-12-02 06:43:36.435295,2019-12-02 06:44:21.435295,2019-12-02 07:23:11.716140,2019-12-02 07:23:56.716140,2019-12-02 07:35:29.018440,Replace,9,46,47,0 days 00:00:45.000000000,0 days 00:15:36.435295000
7,2019-12-02 07:22:00.000000,2019-12-02 07:22:35.000000,2019-12-02 07:39:14.616522,2019-12-02 07:39:19.806545,,,,Onsite,9,46,47,0 days 00:00:35.000000000,0 days 00:16:44.806545000
8,2019-12-02 08:25:00.000000,2019-12-02 08:25:25.000000,2019-12-02 08:43:56.204665,2019-12-02 08:44:02.348385,,,,Onsite,9,46,47,0 days 00:00:25.000000000,0 days 00:18:37.348385000
9,2019-12-02 09:27:00.000000,2019-12-02 09:27:30.000000,2019-12-02 09:42:22.858244,2019-12-02 09:42:52.858244,2019-12-02 10:21:25.963970,2019-12-02 10:21:55.963970,2019-12-02 10:36:21.107255,Replace,9,46,47,0 days 00:00:30.000000000,0 days 00:15:22.858244000
10,2019-12-02 10:58:00.000000,2019-12-02 10:58:55.000000,2019-12-02 11:13:37.671307,2019-12-02 11:14:32.671307,2019-12-02 11:50:07.991788,2019-12-02 11:51:02.991788,2019-12-02 12:09:48.138515,Replace,9,46,47,0 days 00:00:55.000000000,0 days 00:15:37.671307000
11,2019-12-02 12:08:00.000000,2019-12-02 12:08:45.000000,2019-12-02 12:30:26.060517,2019-12-02 12:30:40.300717,,,,Onsite,9,46,47,0 days 00:00:45.000000000,0 days 00:21:55.300717000
12,2019-12-02 13:30:00.000000,2019-12-02 13:30:35.000000,2019-12-02 13:44:13.146205,2019-12-02 13:44:48.146205,2019-12-02 14:20:34.396247,2019-12-02 14:21:09.396247,2019-12-02 14:36:30.242454,Replace,9,46,47,0 days 00:00:35.000000000,0 days 00:14:13.146205000
13,2019-12-02 14:31:00.000000,2019-12-02 14:31:45.000000,2019-12-02 14:48:54.202126,2019-12-02 14:49:01.459129,,,,Onsite,9,46,47,0 days 00:00:45.000000000,0 days 00:17:16.459129000
14,2019-12-02 15:28:00.000000,2019-12-02 15:28:55.000000,2019-12-02 15:41:55.766404,2019-12-02 15:42:50.766404,2019-12-02 16:19:39.279137,2019-12-02 16:20:34.279137,2019-12-02 16:41:19.636180,Replace,9,46,47,0 days 00:00:55.000000000,0 days 00:13:55.766404000
15,2019-12-02 16:45:00.000000,2019-12-02 16:45:45.000000,2019-12-02 17:05:35.707296,2019-12-02 17:06:02.838993,,,,Onsite,9,46,47,0 days 00:00:45.000000000,0 days 00:20:17.838993000
16,2019-12-02 17:47:00.000000,2019-12-02 17:47:35.000000,2019-12-02 18:02:31.195597,2019-12-02 18:03:06.195597,2019-12-02 18:53:01.142036,2019-12-02 18:53:36.142036,2019-12-02 19:10:18.654249,Replace,9,46,47,0 days 00:00:35.000000000,0 days 00:15:31.195597000
17,2019-12-02 20:07:00.000000,2019-12-02 20:07:50.000000,2019-12-02 20:24:31.753818,2019-12-02 20:24:38.823850,,,,Onsite,9,46,47,0 days 00:00:50.000000000,0 days 00:16:48.823850000
18,2019-12-02 19:00:00.000000,2019-12-02 19:00:45.000000,2019-12-02 19:10:56.379327,2019-12-02 19:11:41.379327,2019-12-02 19:46:27.574543,2019-12-02 19:47:12.574543,2019-12-02 20:07:23.540858,Replace,9,46,47,0 days 00:00:45.000000000,0 days 00:10:56.379327000
19,2019-12-02 21:02:00.000000,2019-12-02 21:02:55.000000,2019-12-02 21:25:07.660892,2019-12-02 21:25:35.122427,,,,Onsite,9,46,47,0 days 00:00:55.000000000,0 days 00:22:40.122427000
0,2019-12-02 01:07:00.000000,2019-12-02 00:00:35.000000,2019-12-02 00:17:30.174311,2019-12-02 00:18:05.174311,2019-12-02 00:41:19.644203,2019-12-02 00:41:54.644203,2019-12-02 00:55:55.630591,Replace,1,46,48,-1 days +22:53:35.000000000,0 days 00:17:30.174311000
1,2019-12-02 01:22:00.000000,2019-12-02 01:22:45.000000,2019-12-02 01:41:46.036328,2019-12-02 01:42:31.036328,2019-12-02 02:23:10.236243,2019-12-02 02:23:55.236243,2019-12-02 02:38:33.221518,Replace,1,46,48,0 days 00:00:45.000000000,0 days 00:19:46.036328000
2,2019-12-02 02:29:00.000000,2019-12-02 02:29:50.000000,2019-12-02 02:41:55.129106,2019-12-02 02:42:45.129106,2019-12-02 03:20:15.142730,2019-12-02 03:21:05.142730,2019-12-02 03:36:44.251384,Replace,1,46,48,0 days 00:00:50.000000000,0 days 00:12:55.129106000
3,2019-12-02 03:31:00.000000,2019-12-02 03:31:50.000000,2019-12-02 03:46:46.881339,2019-12-02 03:46:58.824403,,,,Onsite,1,46,48,0 days 00:00:50.000000000,0 days 00:15:08.824403000
4,2019-12-02 04:43:00.000000,2019-12-02 04:43:30.000000,2019-12-02 04:59:55.897960,2019-12-02 05:00:25.897960,2019-12-02 05:28:12.525300,2019-12-02 05:28:42.525300,2019-12-02 05:44:16.578147,Replace,1,46,48,0 days 00:00:30.000000000,0 days 00:16:55.897960000
5,2019-12-02 05:35:00.000000,2019-12-02 05:35:30.000000,2019-12-02 05:53:48.229138,2019-12-02 05:53:51.212494,,,,Onsite,1,46,48,0 days 00:00:30.000000000,0 days 00:18:21.212494000
6,2019-12-02 06:41:00.000000,2019-12-02 06:41:35.000000,2019-12-02 06:57:47.131332,2019-12-02 06:58:22.131332,2019-12-02 07:24:51.639418,2019-12-02 07:25:26.639418,2019-12-02 07:49:32.154216,Replace,1,46,48,0 days 00:00:35.000000000,0 days 00:16:47.131332000
7,2019-12-02 07:48:00.000000,2019-12-02 07:48:25.000000,2019-12-02 07:58:48.130352,2019-12-02 07:59:13.130352,2019-12-02 08:35:41.642060,2019-12-02 08:36:06.642060,2019-12-02 08:51:09.978100,Replace,1,46,48,0 days 00:00:25.000000000,0 days 00:10:48.130352000
8,2019-12-02 08:59:00.000000,2019-12-02 08:59:45.000000,2019-12-02 09:13:08.975005,2019-12-02 09:13:53.975005,2019-12-02 09:54:30.883244,2019-12-02 09:55:15.883244,2019-12-02 10:06:55.250890,Replace,1,46,48,0 days 00:00:45.000000000,0 days 00:14:08.975005000
9,2019-12-02 09:56:00.000000,2019-12-02 09:56:30.000000,2019-12-02 10:15:56.948741,2019-12-02 10:16:26.948741,2019-12-02 10:48:28.334867,2019-12-02 10:48:58.334867,2019-12-02 11:06:24.828517,Replace,1,46,48,0 days 00:00:30.000000000,0 days 00:19:56.948741000
10,2019-12-02 11:00:00.000000,2019-12-02 11:00:35.000000,2019-12-02 11:16:54.045396,2019-12-02 11:17:29.045396,2019-12-02 12:04:32.602588,2019-12-02 12:05:07.602588,2019-12-02 12:17:56.518441,Replace,1,46,48,0 days 00:00:35.000000000,0 days 00:16:54.045396000
11,2019-12-02 12:06:00.000000,2019-12-02 12:06:45.000000,2019-12-02 12:22:02.249478,2019-12-02 12:22:22.196031,,,,Onsite,1,46,48,0 days 00:00:45.000000000,0 days 00:15:37.196031000
12,2019-12-02 13:23:00.000000,2019-12-02 13:23:35.000000,2019-12-02 13:44:39.635567,2019-12-02 13:45:14.635567,2019-12-02 14:17:25.932354,2019-12-02 14:18:00.932354,2019-12-02 14:28:52.019274,Replace,1,46,48,0 days 00:00:35.000000000,0 days 00:21:39.635567000
13,2019-12-02 14:36:00.000000,2019-12-02 14:36:35.000000,2019-12-02 14:57:03.048647,2019-12-02 14:57:38.048647,2019-12-02 15:35:46.191969,2019-12-02 15:36:21.191969,2019-12-02 15:48:54.503229,Replace,1,46,48,0 days 00:00:35.000000000,0 days 00:21:03.048647000
14,2019-12-02 15:32:00.000000,2019-12-02 15:32:35.000000,2019-12-02 15:49:36.130872,2019-12-02 15:50:11.130872,2019-12-02 16:14:21.688841,2019-12-02 16:14:56.688841,2019-12-02 16:33:07.667406,Replace,1,46,48,0 days 00:00:35.000000000,0 days 00:17:36.130872000
15,2019-12-02 16:54:00.000000,2019-12-02 16:54:50.000000,2019-12-02 17:15:18.180644,2019-12-02 17:15:21.247368,,,,Onsite,1,46,48,0 days 00:00:50.000000000,0 days 00:20:31.247368000
16,2019-12-02 18:10:00.000000,2019-12-02 18:10:45.000000,2019-12-02 18:22:36.289555,2019-12-02 18:23:21.289555,2019-12-02 19:12:38.959546,2019-12-02 19:13:23.959546,2019-12-02 19:32:20.124028,Replace,1,46,48,0 days 00:00:45.000000000,0 days 00:12:36.289555000
17,2019-12-02 19:20:00.000000,2019-12-02 19:20:50.000000,2019-12-02 19:41:09.155205,2019-12-02 19:41:59.155205,2019-12-02 20:34:44.183624,2019-12-02 20:35:34.183624,2019-12-02 20:49:03.246935,Replace,1,46,48,0 days 00:00:50.000000000,0 days 00:21:09.155205000
18,2019-12-02 20:24:00.000000,2019-12-02 20:24:45.000000,2019-12-02 20:43:07.533851,2019-12-02 20:43:52.533851,2019-12-02 21:29:37.681958,2019-12-02 21:30:22.681958,2019-12-02 21:48:19.340347,Replace,1,46,48,0 days 00:00:45.000000000,0 days 00:19:07.533851000
19,2019-12-02 21:45:00.000000,2019-12-02 21:45:45.000000,2019-12-02 21:56:39.016019,2019-12-02 21:56:41.528218,,,,Onsite,1,46,48,0 days 00:00:45.000000000,0 days 00:10:56.528218000
0,2019-12-02 01:10:00.000000,2019-12-02 00:00:55.000000,2019-12-02 00:18:58.977105,2019-12-02 00:19:05.912862,,,,Onsite,2,46,48,-1 days +22:50:55.000000000,0 days 00:18:10.912862000
1,2019-12-02 01:14:00.000000,2019-12-02 01:14:45.000000,2019-12-02 01:27:00.329592,2019-12-02 01:27:04.375983,,,,Onsite,2,46,48,0 days 00:00:45.000000000,0 days 00:12:19.375983000
2,2019-12-02 02:27:00.000000,2019-12-02 02:27:45.000000,2019-12-02 02:46:16.332199,2019-12-02 02:47:01.332199,2019-12-02 03:18:46.276649,2019-12-02 03:19:31.276649,2019-12-02 03:38:17.973163,Replace,2,46,48,0 days 00:00:45.000000000,0 days 00:19:16.332199000
3,2019-12-02 03:34:00.000000,2019-12-02 03:34:45.000000,2019-12-02 03:51:34.215397,2019-12-02 03:52:19.215397,2019-12-02 04:33:20.558284,2019-12-02 04:34:05.558284,2019-12-02 04:54:57.589061,Replace,2,46,48,0 days 00:00:45.000000000,0 days 00:17:34.215397000
4,2019-12-02 04:37:00.000000,2019-12-02 04:37:35.000000,2019-12-02 04:54:18.090444,2019-12-02 04:54:53.090444,2019-12-02 05:32:05.762964,2019-12-02 05:32:40.762964,2019-12-02 05:50:55.426314,Replace,2,46,48,0 days 00:00:35.000000000,0 days 00:17:18.090444000
5,2019-12-02 05:46:00.000000,2019-12-02 05:46:45.000000,2019-12-02 05:59:13.781605,2019-12-02 05:59:58.781605,2019-12-02 06:23:41.082219,2019-12-02 06:24:26.082219,2019-12-02 06:39:28.461895,Replace,2,46,48,0 days 00:00:45.000000000,0 days 00:13:13.781605000
6,2019-12-02 06:57:00.000000,2019-12-02 06:57:45.000000,2019-12-02 07:17:39.753247,2019-12-02 07:18:24.753247,2019-12-02 07:40:13.085473,2019-12-02 07:40:58.085473,2019-12-02 08:02:05.227150,Replace,2,46,48,0 days 00:00:45.000000000,0 days 00:20:39.753247000
7,2019-12-02 08:01:00.000000,2019-12-02 08:01:45.000000,2019-12-02 08:18:24.750988,2019-12-02 08:19:09.750988,2019-12-02 08:47:09.543963,2019-12-02 08:47:54.543963,2019-12-02 09:05:03.451971,Replace,2,46,48,0 days 00:00:45.000000000,0 days 00:17:24.750988000
8,2019-12-02 09:02:00.000000,2019-12-02 09:02:35.000000,2019-12-02 09:17:56.700151,2019-12-02 09:18:31.700151,2019-12-02 09:55:08.121499,2019-12-02 09:55:43.121499,2019-12-02 10:07:36.288928,Replace,2,46,48,0 days 00:00:35.000000000,0 days 00:15:56.700151000
9,2019-12-02 10:09:00.000000,2019-12-02 10:09:45.000000,2019-12-02 10:23:40.526612,2019-12-02 10:24:25.526612,2019-12-02 11:05:37.369340,2019-12-02 11:06:22.369340,2019-12-02 11:23:44.132337,Replace,2,46,48,0 days 00:00:45.000000000,0 days 00:14:40.526612000
10,2019-12-02 11:17:00.000000,2019-12-02 11:17:30.000000,2019-12-02 11:31:18.936402,2019-12-02 11:31:40.949465,,,,Onsite,2,46,48,0 days 00:00:30.000000000,0 days 00:14:10.949465000
11,2019-12-02 12:28:00.000000,2019-12-02 12:28:45.000000,2019-12-02 12:45:32.796274,2019-12-02 12:45:48.494224,,,,Onsite,2,46,48,0 days 00:00:45.000000000,0 days 00:17:03.494224000
12,2019-12-02 13:35:00.000000,2019-12-02 13:35:55.000000,2019-12-02 13:50:35.268060,2019-12-02 13:50:49.860387,,,,Onsite,2,46,48,0 days 00:00:55.000000000,0 days 00:14:54.860387000
13,2019-12-02 14:45:00.000000,2019-12-02 14:45:50.000000,2019-12-02 15:02:31.982288,2019-12-02 15:03:21.982288,2019-12-02 15:45:24.046196,2019-12-02 15:46:14.046196,2019-12-02 16:06:48.072640,Replace,2,46,48,0 days 00:00:50.000000000,0 days 00:17:31.982288000
14,2019-12-02 15:36:00.000000,2019-12-02 15:36:55.000000,2019-12-02 15:52:31.769989,2019-12-02 15:53:26.769989,2019-12-02 16:26:24.541013,2019-12-02 16:27:19.541013,2019-12-02 16:46:56.668397,Replace,2,46,48,0 days 00:00:55.000000000,0 days 00:16:31.769989000
15,2019-12-02 16:49:00.000000,2019-12-02 16:49:45.000000,2019-12-02 17:05:09.138791,2019-12-02 17:05:54.138791,2019-12-02 17:43:56.237144,2019-12-02 17:44:41.237144,2019-12-02 18:01:38.714384,Replace,2,46,48,0 days 00:00:45.000000000,0 days 00:16:09.138791000
16,2019-12-02 17:49:00.000000,2019-12-02 17:49:25.000000,2019-12-02 18:05:08.597543,2019-12-02 18:05:33.597543,2019-12-02 18:36:58.732862,2019-12-02 18:37:23.732862,2019-12-02 18:56:09.158195,Replace,2,46,48,0 days 00:00:25.000000000,0 days 00:16:08.597543000
17,2019-12-02 18:59:00.000000,2019-12-02 18:59:45.000000,2019-12-02 19:19:04.060884,2019-12-02 19:19:49.060884,2019-12-02 20:04:41.060033,2019-12-02 20:05:26.060033,2019-12-02 20:20:29.202670,Replace,2,46,48,0 days 00:00:45.000000000,0 days 00:20:04.060884000
18,2019-12-02 19:59:00.000000,2019-12-02 19:59:25.000000,2019-12-02 20:21:04.245387,2019-12-02 20:21:29.245387,2019-12-02 21:04:27.129605,2019-12-02 21:04:52.129605,2019-12-02 21:24:40.513281,Replace,2,46,48,0 days 00:00:25.000000000,0 days 00:22:04.245387000
19,2019-12-02 21:12:00.000000,2019-12-02 21:12:25.000000,2019-12-02 21:28:59.990459,2019-12-02 21:29:24.990459,2019-12-02 22:17:20.380808,2019-12-02 22:17:45.380808,2019-12-02 22:29:19.128781,Replace,2,46,48,0 days 00:00:25.000000000,0 days 00:16:59.990459000
0,2019-12-02 01:04:00.000000,2019-12-02 00:00:25.000000,2019-12-02 00:14:17.413614,2019-12-02 00:14:42.413614,2019-12-02 00:46:20.387698,2019-12-02 00:46:45.387698,2019-12-02 01:00:25.253176,Replace,3,46,48,-1 days +22:56:25.000000000,0 days 00:14:17.413614000
1,2019-12-02 01:08:00.000000,2019-12-02 01:08:50.000000,2019-12-02 01:21:11.286020,2019-12-02 01:21:19.817022,,,,Onsite,3,46,48,0 days 00:00:50.000000000,0 days 00:12:29.817022000
2,2019-12-02 02:24:00.000000,2019-12-02 02:24:35.000000,2019-12-02 02:38:49.656059,2019-12-02 02:39:24.656059,2019-12-02 03:21:32.058289,2019-12-02 03:22:07.058289,2019-12-02 03:42:56.221880,Replace,3,46,48,0 days 00:00:35.000000000,0 days 00:14:49.656059000
3,2019-12-02 03:35:00.000000,2019-12-02 03:35:45.000000,2019-12-02 03:51:57.761718,2019-12-02 03:52:42.761718,2019-12-02 04:42:21.025227,2019-12-02 04:43:06.025227,2019-12-02 04:59:57.022908,Replace,3,46,48,0 days 00:00:45.000000000,0 days 00:16:57.761718000
4,2019-12-02 04:35:00.000000,2019-12-02 04:35:35.000000,2019-12-02 04:49:32.555192,2019-12-02 04:50:07.555192,2019-12-02 05:24:42.235042,2019-12-02 05:25:17.235042,2019-12-02 05:42:20.956409,Replace,3,46,48,0 days 00:00:35.000000000,0 days 00:14:32.555192000
5,2019-12-02 05:48:00.000000,2019-12-02 05:48:45.000000,2019-12-02 06:04:00.095093,2019-12-02 06:04:14.084184,,,,Onsite,3,46,48,0 days 00:00:45.000000000,0 days 00:15:29.084184000
6,2019-12-02 06:43:00.000000,2019-12-02 06:43:50.000000,2019-12-02 07:06:10.054014,2019-12-02 07:07:00.054014,2019-12-02 07:40:13.791191,2019-12-02 07:41:03.791191,2019-12-02 07:59:23.326798,Replace,3,46,48,0 days 00:00:50.000000000,0 days 00:23:10.054014000
7,2019-12-02 08:00:00.000000,2019-12-02 08:00:45.000000,2019-12-02 08:11:01.968624,2019-12-02 08:11:46.968624,2019-12-02 08:47:50.783220,2019-12-02 08:48:35.783220,2019-12-02 09:02:02.776976,Replace,3,46,48,0 days 00:00:45.000000000,0 days 00:11:01.968624000
8,2019-12-02 08:59:00.000000,2019-12-02 08:59:30.000000,2019-12-02 09:16:24.956047,2019-12-02 09:16:54.956047,2019-12-02 09:56:40.259950,2019-12-02 09:57:10.259950,2019-12-02 10:16:41.986685,Replace,3,46,48,0 days 00:00:30.000000000,0 days 00:17:24.956047000
9,2019-12-02 10:08:00.000000,2019-12-02 10:08:35.000000,2019-12-02 10:27:02.910704,2019-12-02 10:27:37.910704,2019-12-02 10:54:18.117987,2019-12-02 10:54:53.117987,2019-12-02 11:13:24.799530,Replace,3,46,48,0 days 00:00:35.000000000,0 days 00:19:02.910704000
10,2019-12-02 11:25:00.000000,2019-12-02 11:25:45.000000,2019-12-02 11:38:31.038492,2019-12-02 11:39:16.038492,2019-12-02 12:27:59.738099,2019-12-02 12:28:44.738099,2019-12-02 12:49:45.348418,Replace,3,46,48,0 days 00:00:45.000000000,0 days 00:13:31.038492000
11,2019-12-02 12:18:00.000000,2019-12-02 12:18:45.000000,2019-12-02 12:30:25.121059,2019-12-02 12:31:10.121059,2019-12-02 13:16:38.043247,2019-12-02 13:17:23.043247,2019-12-02 13:38:39.698639,Replace,3,46,48,0 days 00:00:45.000000000,0 days 00:12:25.121059000
12,2019-12-02 13:37:00.000000,2019-12-02 13:37:55.000000,2019-12-02 13:54:04.664729,2019-12-02 13:54:59.664729,2019-12-02 14:30:44.497387,2019-12-02 14:31:39.497387,2019-12-02 14:48:33.091737,Replace,3,46,48,0 days 00:00:55.000000000,0 days 00:17:04.664729000
13,2019-12-02 14:54:00.000000,2019-12-02 14:54:45.000000,2019-12-02 15:10:57.371658,2019-12-02 15:11:42.371658,2019-12-02 15:50:13.565660,2019-12-02 15:50:58.565660,2019-12-02 16:07:11.389672,Replace,3,46,48,0 days 00:00:45.000000000,0 days 00:16:57.371658000
14,2019-12-02 16:08:00.000000,2019-12-02 16:08:50.000000,2019-12-02 16:21:45.384926,2019-12-02 16:22:35.384926,2019-12-02 16:54:48.007688,2019-12-02 16:55:38.007688,2019-12-02 17:19:39.218665,Replace,3,46,48,0 days 00:00:50.000000000,0 days 00:13:45.384926000
15,2019-12-02 17:13:00.000000,2019-12-02 17:13:45.000000,2019-12-02 17:30:34.082114,2019-12-02 17:31:19.082114,2019-12-02 18:15:10.565298,2019-12-02 18:15:55.565298,2019-12-02 18:36:14.018208,Replace,3,46,48,0 days 00:00:45.000000000,0 days 00:17:34.082114000
16,2019-12-02 18:24:00.000000,2019-12-02 18:24:45.000000,2019-12-02 18:39:09.560825,2019-12-02 18:39:54.560825,2019-12-02 19:27:15.131041,2019-12-02 19:28:00.131041,2019-12-02 19:46:16.003795,Replace,3,46,48,0 days 00:00:45.000000000,0 days 00:15:09.560825000
17,2019-12-02 19:19:00.000000,2019-12-02 19:19:30.000000,2019-12-02 19:36:17.317292,2019-12-02 19:36:47.317292,2019-12-02 20:20:41.606240,2019-12-02 20:21:11.606240,2019-12-02 20:35:44.181871,Replace,3,46,48,0 days 00:00:30.000000000,0 days 00:17:17.317292000
18,2019-12-02 20:37:00.000000,2019-12-02 20:37:25.000000,2019-12-02 20:52:26.159103,2019-12-02 20:52:35.968000,,,,Onsite,3,46,48,0 days 00:00:25.000000000,0 days 00:15:10.968000000
0,2019-12-02 01:13:00.000000,2019-12-02 00:00:35.000000,2019-12-02 00:18:15.713596,2019-12-02 00:18:24.232508,,,,Onsite,4,46,48,-1 days +22:47:35.000000000,0 days 00:17:49.232508000
1,2019-12-02 01:12:00.000000,2019-12-02 01:12:45.000000,2019-12-02 01:28:20.052441,2019-12-02 01:29:05.052441,2019-12-02 02:14:06.708038,2019-12-02 02:14:51.708038,2019-12-02 02:27:43.640702,Replace,4,46,48,0 days 00:00:45.000000000,0 days 00:16:20.052441000
2,2019-12-02 03:25:00.000000,2019-12-02 03:25:45.000000,2019-12-02 03:39:10.961928,2019-12-02 03:39:55.961928,2019-12-02 04:17:37.634973,2019-12-02 04:18:22.634973,2019-12-02 04:34:59.352215,Replace,4,46,48,0 days 00:00:45.000000000,0 days 00:14:10.961928000
3,2019-12-02 02:25:00.000000,2019-12-02 02:25:45.000000,2019-12-02 02:38:59.144267,2019-12-02 02:39:44.144267,2019-12-02 03:08:13.616187,2019-12-02 03:08:58.616187,2019-12-02 03:25:01.669751,Replace,4,46,48,0 days 00:00:45.000000000,0 days 00:13:59.144267000
4,2019-12-02 04:36:00.000000,2019-12-02 04:36:25.000000,2019-12-02 04:50:27.440350,2019-12-02 04:50:52.440350,2019-12-02 05:35:21.786302,2019-12-02 05:35:46.786302,2019-12-02 05:50:37.988161,Replace,4,46,48,0 days 00:00:25.000000000,0 days 00:14:27.440350000
5,2019-12-02 05:47:00.000000,2019-12-02 05:47:45.000000,2019-12-02 06:09:02.109822,2019-12-02 06:09:47.109822,2019-12-02 06:40:36.605628,2019-12-02 06:41:21.605628,2019-12-02 06:58:35.719860,Replace,4,46,48,0 days 00:00:45.000000000,0 days 00:22:02.109822000
6,2019-12-02 07:04:00.000000,2019-12-02 07:04:45.000000,2019-12-02 07:18:54.173850,2019-12-02 07:19:39.173850,2019-12-02 08:13:41.741183,2019-12-02 08:14:26.741183,2019-12-02 08:31:50.322528,Replace,4,46,48,0 days 00:00:45.000000000,0 days 00:14:54.173850000
7,2019-12-02 08:08:00.000000,2019-12-02 08:08:55.000000,2019-12-02 08:29:14.504706,2019-12-02 08:29:30.532608,,,,Onsite,4,46,48,0 days 00:00:55.000000000,0 days 00:20:35.532608000
8,2019-12-02 09:16:00.000000,2019-12-02 09:16:55.000000,2019-12-02 09:32:58.024608,2019-12-02 09:33:03.421108,,,,Onsite,4,46,48,0 days 00:00:55.000000000,0 days 00:16:08.421108000
9,2019-12-02 10:16:00.000000,2019-12-02 10:16:45.000000,2019-12-02 10:32:43.476984,2019-12-02 10:33:08.317304,,,,Onsite,4,46,48,0 days 00:00:45.000000000,0 days 00:16:23.317304000
10,2019-12-02 11:29:00.000000,2019-12-02 11:29:45.000000,2019-12-02 11:46:29.394617,2019-12-02 11:47:14.394617,2019-12-02 12:33:44.401182,2019-12-02 12:34:29.401182,2019-12-02 12:47:08.470125,Replace,4,46,48,0 days 00:00:45.000000000,0 days 00:17:29.394617000
11,2019-12-02 12:36:00.000000,2019-12-02 12:36:55.000000,2019-12-02 12:49:34.103627,2019-12-02 12:50:29.103627,2019-12-02 13:26:13.186639,2019-12-02 13:27:08.186639,2019-12-02 13:43:13.746674,Replace,4,46,48,0 days 00:00:55.000000000,0 days 00:13:34.103627000
12,2019-12-02 13:45:00.000000,2019-12-02 13:45:50.000000,2019-12-02 13:59:07.951837,2019-12-02 13:59:57.951837,2019-12-02 14:37:24.619737,2019-12-02 14:38:14.619737,2019-12-02 14:50:39.325857,Replace,4,46,48,0 days 00:00:50.000000000,0 days 00:14:07.951837000
13,2019-12-02 14:48:00.000000,2019-12-02 14:48:25.000000,2019-12-02 15:02:24.516376,2019-12-02 15:02:26.421395,,,,Onsite,4,46,48,0 days 00:00:25.000000000,0 days 00:14:01.421395000
14,2019-12-02 16:01:00.000000,2019-12-02 16:01:35.000000,2019-12-02 16:19:36.349955,2019-12-02 16:20:15.923902,,,,Onsite,4,46,48,0 days 00:00:35.000000000,0 days 00:18:40.923902000
15,2019-12-02 17:20:00.000000,2019-12-02 17:20:45.000000,2019-12-02 17:38:11.775789,2019-12-02 17:38:31.384794,,,,Onsite,4,46,48,0 days 00:00:45.000000000,0 days 00:17:46.384794000
16,2019-12-02 18:39:00.000000,2019-12-02 18:39:45.000000,2019-12-02 18:53:31.954762,2019-12-02 18:54:16.954762,2019-12-02 19:44:43.186031,2019-12-02 19:45:28.186031,2019-12-02 20:02:17.765052,Replace,4,46,48,0 days 00:00:45.000000000,0 days 00:14:31.954762000
17,2019-12-02 19:41:00.000000,2019-12-02 19:41:35.000000,2019-12-02 19:54:16.199051,2019-12-02 19:54:18.076301,,,,Onsite,4,46,48,0 days 00:00:35.000000000,0 days 00:12:43.076301000
18,2019-12-02 20:46:00.000000,2019-12-02 20:46:45.000000,2019-12-02 21:05:12.728706,2019-12-02 21:05:57.728706,2019-12-02 21:35:14.803682,2019-12-02 21:35:59.803682,2019-12-02 21:53:41.454692,Replace,4,46,48,0 days 00:00:45.000000000,0 days 00:19:12.728706000
19,2019-12-02 22:08:00.000000,2019-12-02 22:08:35.000000,2019-12-02 22:23:55.146862,2019-12-02 22:24:30.276029,,,,Onsite,4,46,48,0 days 00:00:35.000000000,0 days 00:15:55.276029000
0,2019-12-02 01:03:00.000000,2019-12-02 00:00:35.000000,2019-12-02 00:18:58.366976,2019-12-02 00:19:16.882779,,,,Onsite,5,46,48,-1 days +22:57:35.000000000,0 days 00:18:41.882779000
1,2019-12-02 01:04:00.000000,2019-12-02 01:04:25.000000,2019-12-02 01:17:26.538111,2019-12-02 01:17:36.339291,,,,Onsite,5,46,48,0 days 00:00:25.000000000,0 days 00:13:11.339291000
2,2019-12-02 02:11:00.000000,2019-12-02 02:11:45.000000,2019-12-02 02:23:58.480201,2019-12-02 02:24:43.480201,2019-12-02 02:48:48.528459,2019-12-02 02:49:33.528459,2019-12-02 03:04:24.463437,Replace,5,46,48,0 days 00:00:45.000000000,0 days 00:12:58.480201000
3,2019-12-02 03:22:00.000000,2019-12-02 03:22:45.000000,2019-12-02 03:38:56.262541,2019-12-02 03:39:01.741495,,,,Onsite,5,46,48,0 days 00:00:45.000000000,0 days 00:16:16.741495000
4,2019-12-02 04:35:00.000000,2019-12-02 04:35:55.000000,2019-12-02 04:57:51.437889,2019-12-02 04:58:00.715687,,,,Onsite,5,46,48,0 days 00:00:55.000000000,0 days 00:22:05.715687000
5,2019-12-02 05:49:00.000000,2019-12-02 05:49:45.000000,2019-12-02 06:08:27.349204,2019-12-02 06:09:12.349204,2019-12-02 06:50:58.255294,2019-12-02 06:51:43.255294,2019-12-02 07:12:41.991676,Replace,5,46,48,0 days 00:00:45.000000000,0 days 00:19:27.349204000
6,2019-12-02 06:49:00.000000,2019-12-02 06:49:35.000000,2019-12-02 07:06:49.073819,2019-12-02 07:07:24.073819,2019-12-02 07:38:54.332655,2019-12-02 07:39:29.332655,2019-12-02 07:54:55.137475,Replace,5,46,48,0 days 00:00:35.000000000,0 days 00:17:49.073819000
7,2019-12-02 08:01:00.000000,2019-12-02 08:01:45.000000,2019-12-02 08:19:25.687956,2019-12-02 08:20:10.687956,2019-12-02 09:09:19.925687,2019-12-02 09:10:04.925687,2019-12-02 09:26:37.387401,Replace,5,46,48,0 days 00:00:45.000000000,0 days 00:18:25.687956000
8,2019-12-02 09:16:00.000000,2019-12-02 09:16:45.000000,2019-12-02 09:41:22.066224,2019-12-02 09:42:07.066224,2019-12-02 10:13:12.897519,2019-12-02 10:13:57.897519,2019-12-02 10:28:21.055165,Replace,5,46,48,0 days 00:00:45.000000000,0 days 00:25:22.066224000
9,2019-12-02 10:14:00.000000,2019-12-02 10:14:35.000000,2019-12-02 10:28:54.505877,2019-12-02 10:29:29.505877,2019-12-02 10:53:36.618438,2019-12-02 10:54:11.618438,2019-12-02 11:13:00.429707,Replace,5,46,48,0 days 00:00:35.000000000,0 days 00:14:54.505877000
10,2019-12-02 11:17:00.000000,2019-12-02 11:17:55.000000,2019-12-02 11:33:07.656805,2019-12-02 11:34:02.656805,2019-12-02 12:12:15.891087,2019-12-02 12:13:10.891087,2019-12-02 12:24:53.576588,Replace,5,46,48,0 days 00:00:55.000000000,0 days 00:16:07.656805000
11,2019-12-02 12:22:00.000000,2019-12-02 12:22:45.000000,2019-12-02 12:34:43.106050,2019-12-02 12:35:28.106050,2019-12-02 13:06:57.112311,2019-12-02 13:07:42.112311,2019-12-02 13:25:57.838850,Replace,5,46,48,0 days 00:00:45.000000000,0 days 00:12:43.106050000
12,2019-12-02 13:22:00.000000,2019-12-02 13:22:35.000000,2019-12-02 13:35:12.859157,2019-12-02 13:35:24.452016,,,,Onsite,5,46,48,0 days 00:00:35.000000000,0 days 00:12:49.452016000
13,2019-12-02 14:24:00.000000,2019-12-02 14:24:25.000000,2019-12-02 14:35:02.409393,2019-12-02 14:35:27.409393,2019-12-02 15:04:01.453049,2019-12-02 15:04:26.453049,2019-12-02 15:23:16.324148,Replace,5,46,48,0 days 00:00:25.000000000,0 days 00:11:02.409393000
14,2019-12-02 15:38:00.000000,2019-12-02 15:38:45.000000,2019-12-02 15:55:36.072682,2019-12-02 15:56:21.072682,2019-12-02 16:40:34.277956,2019-12-02 16:41:19.277956,2019-12-02 16:55:43.437513,Replace,5,46,48,0 days 00:00:45.000000000,0 days 00:17:36.072682000
15,2019-12-02 16:36:00.000000,2019-12-02 16:36:55.000000,2019-12-02 16:57:15.649935,2019-12-02 16:58:10.649935,2019-12-02 17:36:10.490588,2019-12-02 17:37:05.490588,2019-12-02 17:56:48.863144,Replace,5,46,48,0 days 00:00:55.000000000,0 days 00:21:15.649935000
16,2019-12-02 17:38:00.000000,2019-12-02 17:38:45.000000,2019-12-02 17:55:21.771875,2019-12-02 17:56:06.771875,2019-12-02 18:24:05.764128,2019-12-02 18:24:50.764128,2019-12-02 18:40:18.786326,Replace,5,46,48,0 days 00:00:45.000000000,0 days 00:17:21.771875000
17,2019-12-02 18:41:00.000000,2019-12-02 18:41:45.000000,2019-12-02 18:56:13.395181,2019-12-02 18:56:29.079228,,,,Onsite,5,46,48,0 days 00:00:45.000000000,0 days 00:14:44.079228000
18,2019-12-02 19:48:00.000000,2019-12-02 19:48:45.000000,2019-12-02 20:05:50.058550,2019-12-02 20:06:35.058550,2019-12-02 20:58:57.375719,2019-12-02 20:59:42.375719,2019-12-02 21:15:46.926144,Replace,5,46,48,0 days 00:00:45.000000000,0 days 00:17:50.058550000
19,2019-12-02 21:02:00.000000,2019-12-02 21:02:55.000000,2019-12-02 21:15:43.642210,2019-12-02 21:15:52.965174,,,,Onsite,5,46,48,0 days 00:00:55.000000000,0 days 00:12:57.965174000
0,2019-12-02 01:09:00.000000,2019-12-02 00:00:30.000000,2019-12-02 00:17:35.953073,2019-12-02 00:18:05.953073,2019-12-02 01:04:59.228230,2019-12-02 01:05:29.228230,2019-12-02 01:25:52.857259,Replace,6,46,48,-1 days +22:51:30.000000000,0 days 00:17:35.953073000
1,2019-12-02 01:03:00.000000,2019-12-02 01:03:45.000000,2019-12-02 01:17:21.389620,2019-12-02 01:18:06.389620,2019-12-02 01:44:48.669791,2019-12-02 01:45:33.669791,2019-12-02 02:04:29.323637,Replace,6,46,48,0 days 00:00:45.000000000,0 days 00:14:21.389620000
2,2019-12-02 02:21:00.000000,2019-12-02 02:21:55.000000,2019-12-02 02:38:36.134140,2019-12-02 02:39:31.134140,2019-12-02 03:30:33.321292,2019-12-02 03:31:28.321292,2019-12-02 03:48:34.960229,Replace,6,46,48,0 days 00:00:55.000000000,0 days 00:17:36.134140000
3,2019-12-02 03:29:00.000000,2019-12-02 03:29:45.000000,2019-12-02 03:44:45.439982,2019-12-02 03:44:58.666916,,,,Onsite,6,46,48,0 days 00:00:45.000000000,0 days 00:15:13.666916000
4,2019-12-02 04:35:00.000000,2019-12-02 04:35:30.000000,2019-12-02 04:54:04.468616,2019-12-02 04:54:13.603118,,,,Onsite,6,46,48,0 days 00:00:30.000000000,0 days 00:18:43.603118000
5,2019-12-02 05:43:00.000000,2019-12-02 05:43:45.000000,2019-12-02 05:59:04.160169,2019-12-02 05:59:19.404759,,,,Onsite,6,46,48,0 days 00:00:45.000000000,0 days 00:15:34.404759000
6,2019-12-02 06:52:00.000000,2019-12-02 06:52:45.000000,2019-12-02 07:09:38.666535,2019-12-02 07:09:51.005827,,,,Onsite,6,46,48,0 days 00:00:45.000000000,0 days 00:17:06.005827000
7,2019-12-02 08:01:00.000000,2019-12-02 08:01:50.000000,2019-12-02 08:15:00.340525,2019-12-02 08:15:04.402061,,,,Onsite,6,46,48,0 days 00:00:50.000000000,0 days 00:13:14.402061000
8,2019-12-02 08:56:00.000000,2019-12-02 08:56:45.000000,2019-12-02 09:18:33.413515,2019-12-02 09:18:57.580619,,,,Onsite,6,46,48,0 days 00:00:45.000000000,0 days 00:22:12.580619000
9,2019-12-02 10:06:00.000000,2019-12-02 10:06:30.000000,2019-12-02 10:21:43.332237,2019-12-02 10:21:59.666826,,,,Onsite,6,46,48,0 days 00:00:30.000000000,0 days 00:15:29.666826000
10,2019-12-02 11:09:00.000000,2019-12-02 11:09:35.000000,2019-12-02 11:28:34.900678,2019-12-02 11:29:09.900678,2019-12-02 12:14:18.812433,2019-12-02 12:14:53.812433,2019-12-02 12:32:52.651652,Replace,6,46,48,0 days 00:00:35.000000000,0 days 00:19:34.900678000
11,2019-12-02 12:12:00.000000,2019-12-02 12:12:30.000000,2019-12-02 12:28:40.622102,2019-12-02 12:29:10.622102,2019-12-02 13:01:02.839683,2019-12-02 13:01:32.839683,2019-12-02 13:21:42.007754,Replace,6,46,48,0 days 00:00:30.000000000,0 days 00:16:40.622102000
12,2019-12-02 13:17:00.000000,2019-12-02 13:17:30.000000,2019-12-02 13:37:17.453915,2019-12-02 13:37:47.453915,2019-12-02 14:24:20.006308,2019-12-02 14:24:50.006308,2019-12-02 14:38:45.408656,Replace,6,46,48,0 days 00:00:30.000000000,0 days 00:20:17.453915000
13,2019-12-02 14:20:00.000000,2019-12-02 14:20:45.000000,2019-12-02 14:37:45.294038,2019-12-02 14:38:30.294038,2019-12-02 15:03:12.131938,2019-12-02 15:03:57.131938,2019-12-02 15:15:18.154684,Replace,6,46,48,0 days 00:00:45.000000000,0 days 00:17:45.294038000
14,2019-12-02 15:27:00.000000,2019-12-02 15:27:45.000000,2019-12-02 15:43:40.097996,2019-12-02 15:44:01.555094,,,,Onsite,6,46,48,0 days 00:00:45.000000000,0 days 00:16:16.555094000
15,2019-12-02 16:27:00.000000,2019-12-02 16:27:25.000000,2019-12-02 16:45:24.493195,2019-12-02 16:45:49.493195,2019-12-02 17:15:52.826860,2019-12-02 17:16:17.826860,2019-12-02 17:28:18.856795,Replace,6,46,48,0 days 00:00:25.000000000,0 days 00:18:24.493195000
16,2019-12-02 17:36:00.000000,2019-12-02 17:36:30.000000,2019-12-02 17:50:28.411219,2019-12-02 17:50:54.838989,,,,Onsite,6,46,48,0 days 00:00:30.000000000,0 days 00:14:24.838989000
17,2019-12-02 18:58:00.000000,2019-12-02 18:58:35.000000,2019-12-02 19:10:31.458306,2019-12-02 19:11:06.458306,2019-12-02 19:49:41.599817,2019-12-02 19:50:16.599817,2019-12-02 20:06:17.322682,Replace,6,46,48,0 days 00:00:35.000000000,0 days 00:12:31.458306000
18,2019-12-02 20:00:00.000000,2019-12-02 20:00:45.000000,2019-12-02 20:18:42.493536,2019-12-02 20:19:07.528639,,,,Onsite,6,46,48,0 days 00:00:45.000000000,0 days 00:18:22.528639000
19,2019-12-02 20:58:00.000000,2019-12-02 20:58:45.000000,2019-12-02 21:15:22.359233,2019-12-02 21:15:46.948240,,,,Onsite,6,46,48,0 days 00:00:45.000000000,0 days 00:17:01.948240000
0,2019-12-02 00:56:00.000000,2019-12-02 00:00:30.000000,2019-12-02 00:15:21.036452,2019-12-02 00:15:36.219517,,,,Onsite,7,46,48,-1 days +23:04:30.000000000,0 days 00:15:06.219517000
1,2019-12-02 01:00:00.000000,2019-12-02 01:00:45.000000,2019-12-02 01:19:35.193764,2019-12-02 01:20:20.193764,2019-12-02 01:55:42.661605,2019-12-02 01:56:27.661605,2019-12-02 02:15:20.447462,Replace,7,46,48,0 days 00:00:45.000000000,0 days 00:19:35.193764000
2,2019-12-02 02:00:00.000000,2019-12-02 02:00:35.000000,2019-12-02 02:14:38.628287,2019-12-02 02:15:13.628287,2019-12-02 02:46:05.544963,2019-12-02 02:46:40.544963,2019-12-02 03:00:30.454396,Replace,7,46,48,0 days 00:00:35.000000000,0 days 00:14:38.628287000
3,2019-12-02 03:02:00.000000,2019-12-02 03:02:35.000000,2019-12-02 03:20:09.336860,2019-12-02 03:20:44.271808,,,,Onsite,7,46,48,0 days 00:00:35.000000000,0 days 00:18:09.271808000
4,2019-12-02 04:12:00.000000,2019-12-02 04:12:35.000000,2019-12-02 04:25:17.308969,2019-12-02 04:25:52.308969,2019-12-02 05:05:59.693223,2019-12-02 05:06:34.693223,2019-12-02 05:20:11.417078,Replace,7,46,48,0 days 00:00:35.000000000,0 days 00:13:17.308969000
5,2019-12-02 05:17:00.000000,2019-12-02 05:17:25.000000,2019-12-02 05:30:12.258254,2019-12-02 05:30:37.258254,2019-12-02 06:18:52.607566,2019-12-02 06:19:17.607566,2019-12-02 06:35:28.628432,Replace,7,46,48,0 days 00:00:25.000000000,0 days 00:13:12.258254000
6,2019-12-02 06:42:00.000000,2019-12-02 06:42:45.000000,2019-12-02 06:59:21.517938,2019-12-02 07:00:06.517938,2019-12-02 07:49:01.530000,2019-12-02 07:49:46.530000,2019-12-02 08:04:47.738612,Replace,7,46,48,0 days 00:00:45.000000000,0 days 00:17:21.517938000
7,2019-12-02 07:40:00.000000,2019-12-02 07:40:55.000000,2019-12-02 08:00:09.293021,2019-12-02 08:00:28.621480,,,,Onsite,7,46,48,0 days 00:00:55.000000000,0 days 00:19:33.621480000
8,2019-12-02 08:51:00.000000,2019-12-02 08:51:55.000000,2019-12-02 09:12:44.895294,2019-12-02 09:13:39.895294,2019-12-02 09:49:21.906700,2019-12-02 09:50:16.906700,2019-12-02 10:07:06.544407,Replace,7,46,48,0 days 00:00:55.000000000,0 days 00:21:44.895294000
9,2019-12-02 10:01:00.000000,2019-12-02 10:01:25.000000,2019-12-02 10:12:04.033649,2019-12-02 10:12:27.161829,,,,Onsite,7,46,48,0 days 00:00:25.000000000,0 days 00:11:02.161829000
10,2019-12-02 11:05:00.000000,2019-12-02 11:05:45.000000,2019-12-02 11:22:00.867502,2019-12-02 11:22:17.401338,,,,Onsite,7,46,48,0 days 00:00:45.000000000,0 days 00:16:32.401338000
11,2019-12-02 12:17:00.000000,2019-12-02 12:17:55.000000,2019-12-02 12:41:34.390098,2019-12-02 12:42:29.390098,2019-12-02 13:12:03.538685,2019-12-02 13:12:58.538685,2019-12-02 13:31:21.196483,Replace,7,46,48,0 days 00:00:55.000000000,0 days 00:24:34.390098000
12,2019-12-02 13:39:00.000000,2019-12-02 13:39:45.000000,2019-12-02 13:51:55.078717,2019-12-02 13:52:40.078717,2019-12-02 14:40:36.276239,2019-12-02 14:41:21.276239,2019-12-02 14:56:44.200150,Replace,7,46,48,0 days 00:00:45.000000000,0 days 00:12:55.078717000
13,2019-12-02 14:49:00.000000,2019-12-02 14:49:45.000000,2019-12-02 15:03:24.131342,2019-12-02 15:03:52.169313,,,,Onsite,7,46,48,0 days 00:00:45.000000000,0 days 00:14:07.169313000
14,2019-12-02 15:48:00.000000,2019-12-02 15:48:30.000000,2019-12-02 16:07:08.219120,2019-12-02 16:07:19.567844,,,,Onsite,7,46,48,0 days 00:00:30.000000000,0 days 00:18:49.567844000
15,2019-12-02 16:59:00.000000,2019-12-02 16:59:30.000000,2019-12-02 17:16:32.533008,2019-12-02 17:16:39.347404,,,,Onsite,7,46,48,0 days 00:00:30.000000000,0 days 00:17:09.347404000
16,2019-12-02 17:54:00.000000,2019-12-02 17:54:35.000000,2019-12-02 18:10:27.262004,2019-12-02 18:11:02.262004,2019-12-02 18:43:34.603026,2019-12-02 18:44:09.603026,2019-12-02 18:58:22.492653,Replace,7,46,48,0 days 00:00:35.000000000,0 days 00:16:27.262004000
17,2019-12-02 19:08:00.000000,2019-12-02 19:08:35.000000,2019-12-02 19:24:41.003476,2019-12-02 19:24:55.792046,,,,Onsite,7,46,48,0 days 00:00:35.000000000,0 days 00:16:20.792046000
18,2019-12-02 20:04:00.000000,2019-12-02 20:04:35.000000,2019-12-02 20:25:01.533095,2019-12-02 20:25:36.533095,2019-12-02 21:07:08.918413,2019-12-02 21:07:43.918413,2019-12-02 21:31:08.273988,Replace,7,46,48,0 days 00:00:35.000000000,0 days 00:21:01.533095000
19,2019-12-02 21:14:00.000000,2019-12-02 21:14:50.000000,2019-12-02 21:27:33.089536,2019-12-02 21:28:23.089536,2019-12-02 22:05:11.439421,2019-12-02 22:06:01.439421,2019-12-02 22:26:58.683001,Replace,7,46,48,0 days 00:00:50.000000000,0 days 00:13:33.089536000
0,2019-12-02 00:54:00.000000,2019-12-02 00:00:45.000000,2019-12-02 00:11:24.293592,2019-12-02 00:11:37.979927,,,,Onsite,8,46,48,-1 days +23:06:45.000000000,0 days 00:10:52.979927000
1,2019-12-02 01:10:00.000000,2019-12-02 01:10:35.000000,2019-12-02 01:27:30.016785,2019-12-02 01:27:43.656873,,,,Onsite,8,46,48,0 days 00:00:35.000000000,0 days 00:17:08.656873000
2,2019-12-02 02:14:00.000000,2019-12-02 02:14:25.000000,2019-12-02 02:30:24.755704,2019-12-02 02:30:49.755704,2019-12-02 03:14:28.516586,2019-12-02 03:14:53.516586,2019-12-02 03:33:40.401211,Replace,8,46,48,0 days 00:00:25.000000000,0 days 00:16:24.755704000
3,2019-12-02 03:28:00.000000,2019-12-02 03:28:45.000000,2019-12-02 03:43:10.954256,2019-12-02 03:43:55.954256,2019-12-02 04:13:51.059053,2019-12-02 04:14:36.059053,2019-12-02 04:32:35.080930,Replace,8,46,48,0 days 00:00:45.000000000,0 days 00:15:10.954256000
4,2019-12-02 04:29:00.000000,2019-12-02 04:29:35.000000,2019-12-02 04:44:36.168024,2019-12-02 04:44:49.757538,,,,Onsite,8,46,48,0 days 00:00:35.000000000,0 days 00:15:14.757538000
5,2019-12-02 05:51:00.000000,2019-12-02 05:51:45.000000,2019-12-02 06:08:41.156935,2019-12-02 06:09:26.156935,2019-12-02 06:39:53.896367,2019-12-02 06:40:38.896367,2019-12-02 06:54:29.303092,Replace,8,46,48,0 days 00:00:45.000000000,0 days 00:17:41.156935000
6,2019-12-02 07:01:00.000000,2019-12-02 07:01:45.000000,2019-12-02 07:20:05.445629,2019-12-02 07:20:50.445629,2019-12-02 07:50:28.150322,2019-12-02 07:51:13.150322,2019-12-02 08:08:59.217447,Replace,8,46,48,0 days 00:00:45.000000000,0 days 00:19:05.445629000
7,2019-12-02 08:08:00.000000,2019-12-02 08:08:35.000000,2019-12-02 08:23:59.990921,2019-12-02 08:24:34.990921,2019-12-02 09:10:17.529713,2019-12-02 09:10:52.529713,2019-12-02 09:30:50.990068,Replace,8,46,48,0 days 00:00:35.000000000,0 days 00:15:59.990921000
8,2019-12-02 09:08:00.000000,2019-12-02 09:08:35.000000,2019-12-02 09:26:22.794092,2019-12-02 09:26:30.812633,,,,Onsite,8,46,48,0 days 00:00:35.000000000,0 days 00:17:55.812633000
9,2019-12-02 10:14:00.000000,2019-12-02 10:14:35.000000,2019-12-02 10:28:24.280638,2019-12-02 10:28:43.852404,,,,Onsite,8,46,48,0 days 00:00:35.000000000,0 days 00:14:08.852404000
10,2019-12-02 12:15:00.000000,2019-12-02 12:15:35.000000,2019-12-02 12:32:55.680121,2019-12-02 12:33:14.571121,,,,Onsite,8,46,48,0 days 00:00:35.000000000,0 days 00:17:39.571121000
11,2019-12-02 11:17:00.000000,2019-12-02 11:17:55.000000,2019-12-02 11:30:28.656862,2019-12-02 11:31:23.656862,2019-12-02 12:00:31.799199,2019-12-02 12:01:26.799199,2019-12-02 12:15:17.667712,Replace,8,46,48,0 days 00:00:55.000000000,0 days 00:13:28.656862000
12,2019-12-02 13:30:00.000000,2019-12-02 13:30:25.000000,2019-12-02 13:50:03.097499,2019-12-02 13:50:28.097499,2019-12-02 14:35:32.044087,2019-12-02 14:35:57.044087,2019-12-02 14:47:51.803341,Replace,8,46,48,0 days 00:00:25.000000000,0 days 00:20:03.097499000
13,2019-12-02 14:34:00.000000,2019-12-02 14:34:35.000000,2019-12-02 14:51:09.137983,2019-12-02 14:51:30.419471,,,,Onsite,8,46,48,0 days 00:00:35.000000000,0 days 00:16:55.419471000
14,2019-12-02 15:40:00.000000,2019-12-02 15:40:35.000000,2019-12-02 15:57:34.279756,2019-12-02 15:58:09.279756,2019-12-02 16:27:06.564759,2019-12-02 16:27:41.564759,2019-12-02 16:42:01.312099,Replace,8,46,48,0 days 00:00:35.000000000,0 days 00:17:34.279756000
15,2019-12-02 17:11:00.000000,2019-12-02 17:11:45.000000,2019-12-02 17:25:21.529734,2019-12-02 17:26:06.529734,2019-12-02 18:03:38.498836,2019-12-02 18:04:23.498836,2019-12-02 18:25:15.776400,Replace,8,46,48,0 days 00:00:45.000000000,0 days 00:14:21.529734000
16,2019-12-02 18:08:00.000000,2019-12-02 18:08:30.000000,2019-12-02 18:20:03.990260,2019-12-02 18:20:11.593768,,,,Onsite,8,46,48,0 days 00:00:30.000000000,0 days 00:11:41.593768000
17,2019-12-02 19:31:00.000000,2019-12-02 19:31:25.000000,2019-12-02 19:44:27.291296,2019-12-02 19:44:41.139480,,,,Onsite,8,46,48,0 days 00:00:25.000000000,0 days 00:13:16.139480000
18,2019-12-02 20:36:00.000000,2019-12-02 20:36:35.000000,2019-12-02 20:52:31.980873,2019-12-02 20:53:06.980873,2019-12-02 21:23:55.528301,2019-12-02 21:24:30.528301,2019-12-02 21:41:40.172262,Replace,8,46,48,0 days 00:00:35.000000000,0 days 00:16:31.980873000
19,2019-12-02 21:43:00.000000,2019-12-02 21:43:45.000000,2019-12-02 22:02:55.994554,2019-12-02 22:03:40.994554,2019-12-02 22:32:52.379176,2019-12-02 22:33:37.379176,2019-12-02 22:46:09.628689,Replace,8,46,48,0 days 00:00:45.000000000,0 days 00:19:55.994554000
0,2019-12-02 01:00:00.000000,2019-12-02 00:00:55.000000,2019-12-02 00:19:20.182977,2019-12-02 00:19:42.673449,,,,Onsite,9,46,48,-1 days +23:00:55.000000000,0 days 00:18:47.673449000
1,2019-12-02 01:04:00.000000,2019-12-02 01:04:50.000000,2019-12-02 01:21:08.322756,2019-12-02 01:21:58.322756,2019-12-02 02:09:02.490648,2019-12-02 02:09:52.490648,2019-12-02 02:22:29.431838,Replace,9,46,48,0 days 00:00:50.000000000,0 days 00:17:08.322756000
2,2019-12-02 02:19:00.000000,2019-12-02 02:19:45.000000,2019-12-02 02:32:17.301756,2019-12-02 02:33:02.301756,2019-12-02 02:58:17.575898,2019-12-02 02:59:02.575898,2019-12-02 03:20:29.077940,Replace,9,46,48,0 days 00:00:45.000000000,0 days 00:13:17.301756000
3,2019-12-02 03:29:00.000000,2019-12-02 03:29:50.000000,2019-12-02 03:48:01.233018,2019-12-02 03:48:11.791913,,,,Onsite,9,46,48,0 days 00:00:50.000000000,0 days 00:18:21.791913000
4,2019-12-02 04:36:00.000000,2019-12-02 04:36:35.000000,2019-12-02 04:49:26.294319,2019-12-02 04:50:01.294319,2019-12-02 05:34:03.952581,2019-12-02 05:34:38.952581,2019-12-02 05:54:13.203670,Replace,9,46,48,0 days 00:00:35.000000000,0 days 00:13:26.294319000
5,2019-12-02 05:52:00.000000,2019-12-02 05:52:55.000000,2019-12-02 06:12:43.800315,2019-12-02 06:13:38.800315,2019-12-02 06:44:36.321797,2019-12-02 06:45:31.321797,2019-12-02 06:58:07.675785,Replace,9,46,48,0 days 00:00:55.000000000,0 days 00:20:43.800315000
6,2019-12-02 06:56:00.000000,2019-12-02 06:56:50.000000,2019-12-02 07:11:40.661299,2019-12-02 07:11:49.627713,,,,Onsite,9,46,48,0 days 00:00:50.000000000,0 days 00:14:59.627713000
7,2019-12-02 08:06:00.000000,2019-12-02 08:06:50.000000,2019-12-02 08:24:54.655567,2019-12-02 08:25:44.655567,2019-12-02 08:54:21.627225,2019-12-02 08:55:11.627225,2019-12-02 09:07:39.397160,Replace,9,46,48,0 days 00:00:50.000000000,0 days 00:18:54.655567000
8,2019-12-02 09:21:00.000000,2019-12-02 09:21:30.000000,2019-12-02 09:34:33.174943,2019-12-02 09:34:55.113574,,,,Onsite,9,46,48,0 days 00:00:30.000000000,0 days 00:13:25.113574000
9,2019-12-02 10:30:00.000000,2019-12-02 10:30:35.000000,2019-12-02 10:47:47.369551,2019-12-02 10:48:22.369551,2019-12-02 11:36:13.343837,2019-12-02 11:36:48.343837,2019-12-02 11:56:43.312234,Replace,9,46,48,0 days 00:00:35.000000000,0 days 00:17:47.369551000
10,2019-12-02 11:35:00.000000,2019-12-02 11:35:55.000000,2019-12-02 11:51:55.340568,2019-12-02 11:52:50.340568,2019-12-02 12:20:11.759496,2019-12-02 12:21:06.759496,2019-12-02 12:42:43.844452,Replace,9,46,48,0 days 00:00:55.000000000,0 days 00:16:55.340568000
11,2019-12-02 12:50:00.000000,2019-12-02 12:50:50.000000,2019-12-02 13:11:00.799506,2019-12-02 13:11:15.227250,,,,Onsite,9,46,48,0 days 00:00:50.000000000,0 days 00:20:25.227250000
12,2019-12-02 13:57:00.000000,2019-12-02 13:57:30.000000,2019-12-02 14:11:16.098527,2019-12-02 14:11:33.397763,,,,Onsite,9,46,48,0 days 00:00:30.000000000,0 days 00:14:03.397763000
13,2019-12-02 14:58:00.000000,2019-12-02 14:58:30.000000,2019-12-02 15:16:46.258461,2019-12-02 15:17:16.258461,2019-12-02 16:07:47.798141,2019-12-02 16:08:17.798141,2019-12-02 16:30:30.982100,Replace,9,46,48,0 days 00:00:30.000000000,0 days 00:18:46.258461000
14,2019-12-02 15:56:00.000000,2019-12-02 15:56:30.000000,2019-12-02 16:16:36.511057,2019-12-02 16:16:45.392486,,,,Onsite,9,46,48,0 days 00:00:30.000000000,0 days 00:20:15.392486000
15,2019-12-02 17:12:00.000000,2019-12-02 17:12:35.000000,2019-12-02 17:28:49.084997,2019-12-02 17:29:08.754935,,,,Onsite,9,46,48,0 days 00:00:35.000000000,0 days 00:16:33.754935000
16,2019-12-02 18:12:00.000000,2019-12-02 18:12:45.000000,2019-12-02 18:28:56.928105,2019-12-02 18:29:41.928105,2019-12-02 19:10:38.579012,2019-12-02 19:11:23.579012,2019-12-02 19:25:59.103580,Replace,9,46,48,0 days 00:00:45.000000000,0 days 00:16:56.928105000
17,2019-12-02 19:15:00.000000,2019-12-02 19:15:45.000000,2019-12-02 19:35:27.595683,2019-12-02 19:35:40.108347,,,,Onsite,9,46,48,0 days 00:00:45.000000000,0 days 00:19:55.108347000
18,2019-12-02 20:16:00.000000,2019-12-02 20:16:45.000000,2019-12-02 20:39:09.730444,2019-12-02 20:39:54.730444,2019-12-02 21:06:34.976958,2019-12-02 21:07:19.976958,2019-12-02 21:31:00.004732,Replace,9,46,48,0 days 00:00:45.000000000,0 days 00:23:09.730444000
19,2019-12-02 21:22:00.000000,2019-12-02 21:22:50.000000,2019-12-02 21:37:44.000666,2019-12-02 21:38:34.000666,2019-12-02 22:16:35.367975,2019-12-02 22:17:25.367975,2019-12-02 22:42:15.151092,Replace,9,46,48,0 days 00:00:50.000000000,0 days 00:15:44.000666000
20,2019-12-02 22:26:00.000000,2019-12-02 22:26:35.000000,2019-12-02 22:43:29.815311,2019-12-02 22:43:34.963412,,,,Onsite,9,46,48,0 days 00:00:35.000000000,0 days 00:16:59.963412000
0,2019-12-02 01:12:00.000000,2019-12-02 00:00:45.000000,2019-12-02 00:22:47.158125,2019-12-02 00:23:18.455217,,,,Onsite,1,46,49,-1 days +22:48:45.000000000,0 days 00:22:33.455217000
1,2019-12-02 01:02:00.000000,2019-12-02 01:02:55.000000,2019-12-02 01:18:39.718707,2019-12-02 01:19:34.718707,2019-12-02 01:48:55.297635,2019-12-02 01:49:50.297635,2019-12-02 02:06:42.486956,Replace,1,46,49,0 days 00:00:55.000000000,0 days 00:16:39.718707000
2,2019-12-02 02:02:00.000000,2019-12-02 02:02:30.000000,2019-12-02 02:20:09.691592,2019-12-02 02:20:39.691592,2019-12-02 02:52:36.180087,2019-12-02 02:53:06.180087,2019-12-02 03:12:22.924718,Replace,1,46,49,0 days 00:00:30.000000000,0 days 00:18:09.691592000
3,2019-12-02 03:09:00.000000,2019-12-02 03:09:25.000000,2019-12-02 03:26:04.811933,2019-12-02 03:26:29.811933,2019-12-02 04:10:05.451349,2019-12-02 04:10:30.451349,2019-12-02 04:26:43.872347,Replace,1,46,49,0 days 00:00:25.000000000,0 days 00:17:04.811933000
4,2019-12-02 04:22:00.000000,2019-12-02 04:22:45.000000,2019-12-02 04:40:03.530798,2019-12-02 04:40:48.530798,2019-12-02 05:13:03.170685,2019-12-02 05:13:48.170685,2019-12-02 05:28:48.162136,Replace,1,46,49,0 days 00:00:45.000000000,0 days 00:18:03.530798000
5,2019-12-02 05:29:00.000000,2019-12-02 05:29:25.000000,2019-12-02 05:48:27.161361,2019-12-02 05:48:38.407535,,,,Onsite,1,46,49,0 days 00:00:25.000000000,0 days 00:19:13.407535000
6,2019-12-02 06:29:00.000000,2019-12-02 06:29:55.000000,2019-12-02 06:51:41.994419,2019-12-02 06:52:36.994419,2019-12-02 07:35:37.029063,2019-12-02 07:36:32.029063,2019-12-02 07:56:18.417084,Replace,1,46,49,0 days 00:00:55.000000000,0 days 00:22:41.994419000
7,2019-12-02 07:46:00.000000,2019-12-02 07:46:35.000000,2019-12-02 08:00:00.615062,2019-12-02 08:00:35.615062,2019-12-02 08:25:41.317386,2019-12-02 08:26:16.317386,2019-12-02 08:43:54.574037,Replace,1,46,49,0 days 00:00:35.000000000,0 days 00:14:00.615062000
8,2019-12-02 08:58:00.000000,2019-12-02 08:58:25.000000,2019-12-02 09:09:55.981637,2019-12-02 09:10:20.981637,2019-12-02 09:39:59.726265,2019-12-02 09:40:24.726265,2019-12-02 09:54:49.301401,Replace,1,46,49,0 days 00:00:25.000000000,0 days 00:11:55.981637000
9,2019-12-02 10:02:00.000000,2019-12-02 10:02:55.000000,2019-12-02 10:16:13.068949,2019-12-02 10:16:37.266825,,,,Onsite,1,46,49,0 days 00:00:55.000000000,0 days 00:13:42.266825000
10,2019-12-02 11:07:00.000000,2019-12-02 11:07:35.000000,2019-12-02 11:25:30.923148,2019-12-02 11:25:35.310967,,,,Onsite,1,46,49,0 days 00:00:35.000000000,0 days 00:18:00.310967000
11,2019-12-02 11:54:00.000000,2019-12-02 11:54:35.000000,2019-12-02 12:17:25.252871,2019-12-02 12:18:00.252871,2019-12-02 12:52:46.306267,2019-12-02 12:53:21.306267,2019-12-02 13:15:13.194427,Replace,1,46,49,0 days 00:00:35.000000000,0 days 00:23:25.252871000
12,2019-12-02 13:04:00.000000,2019-12-02 13:04:30.000000,2019-12-02 13:23:36.794611,2019-12-02 13:24:06.794611,2019-12-02 14:16:26.787952,2019-12-02 14:16:56.787952,2019-12-02 14:33:40.055029,Replace,1,46,49,0 days 00:00:30.000000000,0 days 00:19:36.794611000
13,2019-12-02 14:18:00.000000,2019-12-02 14:18:45.000000,2019-12-02 14:32:30.726473,2019-12-02 14:33:15.726473,2019-12-02 14:59:17.937664,2019-12-02 15:00:02.937664,2019-12-02 15:22:42.052100,Replace,1,46,49,0 days 00:00:45.000000000,0 days 00:14:30.726473000
14,2019-12-02 15:28:00.000000,2019-12-02 15:28:45.000000,2019-12-02 15:45:10.390693,2019-12-02 15:45:55.390693,2019-12-02 16:36:39.791741,2019-12-02 16:37:24.791741,2019-12-02 16:58:56.268572,Replace,1,46,49,0 days 00:00:45.000000000,0 days 00:17:10.390693000
15,2019-12-02 16:38:00.000000,2019-12-02 16:38:45.000000,2019-12-02 16:58:38.761230,2019-12-02 16:59:23.761230,2019-12-02 17:26:28.218754,2019-12-02 17:27:13.218754,2019-12-02 17:39:20.788578,Replace,1,46,49,0 days 00:00:45.000000000,0 days 00:20:38.761230000
16,2019-12-02 17:43:00.000000,2019-12-02 17:43:45.000000,2019-12-02 18:01:11.282502,2019-12-02 18:01:56.282502,2019-12-02 18:59:18.233579,2019-12-02 19:00:03.233579,2019-12-02 19:12:28.948265,Replace,1,46,49,0 days 00:00:45.000000000,0 days 00:18:11.282502000
17,2019-12-02 19:07:00.000000,2019-12-02 19:07:35.000000,2019-12-02 19:19:02.193838,2019-12-02 19:19:13.633448,,,,Onsite,1,46,49,0 days 00:00:35.000000000,0 days 00:11:38.633448000
18,2019-12-02 20:21:00.000000,2019-12-02 20:21:50.000000,2019-12-02 20:38:53.474561,2019-12-02 20:39:43.474561,2019-12-02 21:11:38.706275,2019-12-02 21:12:28.706275,2019-12-02 21:27:22.944214,Replace,1,46,49,0 days 00:00:50.000000000,0 days 00:17:53.474561000
19,2019-12-02 21:28:00.000000,2019-12-02 21:28:50.000000,2019-12-02 21:46:12.175308,2019-12-02 21:46:31.238875,,,,Onsite,1,46,49,0 days 00:00:50.000000000,0 days 00:17:41.238875000
0,2019-12-02 01:08:00.000000,2019-12-02 00:00:35.000000,2019-12-02 00:18:30.043118,2019-12-02 00:18:52.608789,,,,Onsite,2,46,49,-1 days +22:52:35.000000000,0 days 00:18:17.608789000
1,2019-12-02 01:13:00.000000,2019-12-02 01:13:50.000000,2019-12-02 01:29:54.777083,2019-12-02 01:30:24.112836,,,,Onsite,2,46,49,0 days 00:00:50.000000000,0 days 00:16:34.112836000
2,2019-12-02 02:36:00.000000,2019-12-02 02:36:45.000000,2019-12-02 02:51:47.726372,2019-12-02 02:52:32.726372,2019-12-02 03:25:34.762675,2019-12-02 03:26:19.762675,2019-12-02 03:41:33.148661,Replace,2,46,49,0 days 00:00:45.000000000,0 days 00:15:47.726372000
3,2019-12-02 03:33:00.000000,2019-12-02 03:33:30.000000,2019-12-02 03:55:15.852307,2019-12-02 03:55:45.852307,2019-12-02 04:27:40.977284,2019-12-02 04:28:10.977284,2019-12-02 04:43:44.827172,Replace,2,46,49,0 days 00:00:30.000000000,0 days 00:22:15.852307000
4,2019-12-02 04:52:00.000000,2019-12-02 04:52:35.000000,2019-12-02 05:09:31.654480,2019-12-02 05:10:06.654480,2019-12-02 05:47:31.788213,2019-12-02 05:48:06.788213,2019-12-02 06:03:31.621913,Replace,2,46,49,0 days 00:00:35.000000000,0 days 00:17:31.654480000
5,2019-12-02 05:51:00.000000,2019-12-02 05:51:30.000000,2019-12-02 06:04:51.029244,2019-12-02 06:04:57.078033,,,,Onsite,2,46,49,0 days 00:00:30.000000000,0 days 00:13:27.078033000
6,2019-12-02 06:42:00.000000,2019-12-02 06:42:45.000000,2019-12-02 06:56:36.105523,2019-12-02 06:57:21.105523,2019-12-02 07:38:52.598145,2019-12-02 07:39:37.598145,2019-12-02 07:52:56.894582,Replace,2,46,49,0 days 00:00:45.000000000,0 days 00:14:36.105523000
7,2019-12-02 07:43:00.000000,2019-12-02 07:43:35.000000,2019-12-02 07:59:31.589469,2019-12-02 08:00:06.589469,2019-12-02 08:51:30.707847,2019-12-02 08:52:05.707847,2019-12-02 09:09:50.048234,Replace,2,46,49,0 days 00:00:35.000000000,0 days 00:16:31.589469000
8,2019-12-02 09:01:00.000000,2019-12-02 09:01:45.000000,2019-12-02 09:19:45.934907,2019-12-02 09:19:59.929384,,,,Onsite,2,46,49,0 days 00:00:45.000000000,0 days 00:18:14.929384000
9,2019-12-02 10:13:00.000000,2019-12-02 10:13:30.000000,2019-12-02 10:33:34.740171,2019-12-02 10:34:04.740171,2019-12-02 10:57:53.122992,2019-12-02 10:58:23.122992,2019-12-02 11:19:48.230780,Replace,2,46,49,0 days 00:00:30.000000000,0 days 00:20:34.740171000
10,2019-12-02 11:33:00.000000,2019-12-02 11:33:50.000000,2019-12-02 11:50:17.762611,2019-12-02 11:51:07.762611,2019-12-02 12:25:48.364881,2019-12-02 12:26:38.364881,2019-12-02 12:46:48.482359,Replace,2,46,49,0 days 00:00:50.000000000,0 days 00:17:17.762611000
11,2019-12-02 12:36:00.000000,2019-12-02 12:36:35.000000,2019-12-02 12:50:24.941419,2019-12-02 12:50:59.941419,2019-12-02 13:33:04.442355,2019-12-02 13:33:39.442355,2019-12-02 13:46:45.399747,Replace,2,46,49,0 days 00:00:35.000000000,0 days 00:14:24.941419000
12,2019-12-02 13:46:00.000000,2019-12-02 13:46:30.000000,2019-12-02 14:00:43.050095,2019-12-02 14:00:51.516315,,,,Onsite,2,46,49,0 days 00:00:30.000000000,0 days 00:14:21.516315000
13,2019-12-02 15:05:00.000000,2019-12-02 15:05:55.000000,2019-12-02 15:20:16.058540,2019-12-02 15:20:34.804112,,,,Onsite,2,46,49,0 days 00:00:55.000000000,0 days 00:14:39.804112000
14,2019-12-02 16:27:00.000000,2019-12-02 16:27:35.000000,2019-12-02 16:46:16.126972,2019-12-02 16:46:24.168907,,,,Onsite,2,46,49,0 days 00:00:35.000000000,0 days 00:18:49.168907000
15,2019-12-02 17:41:00.000000,2019-12-02 17:41:25.000000,2019-12-02 17:53:18.380890,2019-12-02 17:53:43.380890,2019-12-02 18:44:48.275871,2019-12-02 18:45:13.275871,2019-12-02 19:00:25.150122,Replace,2,46,49,0 days 00:00:25.000000000,0 days 00:12:18.380890000
16,2019-12-02 18:54:00.000000,2019-12-02 18:54:45.000000,2019-12-02 19:05:42.595017,2019-12-02 19:06:27.595017,2019-12-02 19:38:26.902849,2019-12-02 19:39:11.902849,2019-12-02 19:51:49.001719,Replace,2,46,49,0 days 00:00:45.000000000,0 days 00:11:42.595017000
17,2019-12-02 20:09:00.000000,2019-12-02 20:09:30.000000,2019-12-02 20:27:24.325590,2019-12-02 20:27:54.325590,2019-12-02 20:57:55.452246,2019-12-02 20:58:25.452246,2019-12-02 21:14:17.382677,Replace,2,46,49,0 days 00:00:30.000000000,0 days 00:18:24.325590000
18,2019-12-02 21:06:00.000000,2019-12-02 21:06:50.000000,2019-12-02 21:19:43.935281,2019-12-02 21:20:33.935281,2019-12-02 21:49:30.332984,2019-12-02 21:50:20.332984,2019-12-02 22:09:23.504092,Replace,2,46,49,0 days 00:00:50.000000000,0 days 00:13:43.935281000
19,2019-12-02 22:14:00.000000,2019-12-02 22:14:50.000000,2019-12-02 22:31:10.395736,2019-12-02 22:31:17.220529,,,,Onsite,2,46,49,0 days 00:00:50.000000000,0 days 00:16:27.220529000
0,2019-12-02 00:57:00.000000,2019-12-02 00:00:50.000000,2019-12-02 00:10:06.717830,2019-12-02 00:10:56.717830,2019-12-02 00:43:19.925845,2019-12-02 00:44:09.925845,2019-12-02 01:04:42.992799,Replace,3,46,49,-1 days +23:03:50.000000000,0 days 00:10:06.717830000
1,2019-12-02 01:08:00.000000,2019-12-02 01:08:45.000000,2019-12-02 01:25:36.802419,2019-12-02 01:26:21.802419,2019-12-02 02:03:41.090851,2019-12-02 02:04:26.090851,2019-12-02 02:24:48.022671,Replace,3,46,49,0 days 00:00:45.000000000,0 days 00:17:36.802419000
2,2019-12-02 02:17:00.000000,2019-12-02 02:17:45.000000,2019-12-02 02:33:14.663475,2019-12-02 02:33:44.740406,,,,Onsite,3,46,49,0 days 00:00:45.000000000,0 days 00:15:59.740406000
3,2019-12-02 03:18:00.000000,2019-12-02 03:18:25.000000,2019-12-02 03:38:03.068300,2019-12-02 03:38:28.068300,2019-12-02 04:24:02.010069,2019-12-02 04:24:27.010069,2019-12-02 04:41:11.175915,Replace,3,46,49,0 days 00:00:25.000000000,0 days 00:20:03.068300000
4,2019-12-02 04:37:00.000000,2019-12-02 04:37:45.000000,2019-12-02 04:48:41.816365,2019-12-02 04:48:49.039884,,,,Onsite,3,46,49,0 days 00:00:45.000000000,0 days 00:11:04.039884000
5,2019-12-02 05:49:00.000000,2019-12-02 05:49:25.000000,2019-12-02 06:05:04.011456,2019-12-02 06:05:18.212559,,,,Onsite,3,46,49,0 days 00:00:25.000000000,0 days 00:15:53.212559000
6,2019-12-02 06:55:00.000000,2019-12-02 06:55:45.000000,2019-12-02 07:01:56.669131,2019-12-02 07:02:41.669131,2019-12-02 07:34:15.348931,2019-12-02 07:35:00.348931,2019-12-02 07:51:42.981283,Replace,3,46,49,0 days 00:00:45.000000000,0 days 00:06:56.669131000
7,2019-12-02 08:01:00.000000,2019-12-02 08:01:35.000000,2019-12-02 08:17:33.734619,2019-12-02 08:18:08.734619,2019-12-02 09:00:00.020147,2019-12-02 09:00:35.020147,2019-12-02 09:21:48.680968,Replace,3,46,49,0 days 00:00:35.000000000,0 days 00:16:33.734619000
8,2019-12-02 09:01:00.000000,2019-12-02 09:01:25.000000,2019-12-02 09:17:19.787150,2019-12-02 09:17:42.096780,,,,Onsite,3,46,49,0 days 00:00:25.000000000,0 days 00:16:17.096780000
9,2019-12-02 10:00:00.000000,2019-12-02 10:00:45.000000,2019-12-02 10:15:39.013647,2019-12-02 10:15:50.418322,,,,Onsite,3,46,49,0 days 00:00:45.000000000,0 days 00:15:05.418322000
10,2019-12-02 11:03:00.000000,2019-12-02 11:03:45.000000,2019-12-02 11:16:06.714318,2019-12-02 11:16:31.995660,,,,Onsite,3,46,49,0 days 00:00:45.000000000,0 days 00:12:46.995660000
11,2019-12-02 12:18:00.000000,2019-12-02 12:18:55.000000,2019-12-02 12:33:38.692089,2019-12-02 12:34:33.692089,2019-12-02 13:16:47.337279,2019-12-02 13:17:42.337279,2019-12-02 13:32:05.299435,Replace,3,46,49,0 days 00:00:55.000000000,0 days 00:15:38.692089000
12,2019-12-02 13:38:00.000000,2019-12-02 13:38:30.000000,2019-12-02 13:55:24.480612,2019-12-02 13:56:03.372852,,,,Onsite,3,46,49,0 days 00:00:30.000000000,0 days 00:17:33.372852000
13,2019-12-02 14:49:00.000000,2019-12-02 14:49:25.000000,2019-12-02 15:03:27.501562,2019-12-02 15:03:52.501562,2019-12-02 15:43:53.591786,2019-12-02 15:44:18.591786,2019-12-02 15:59:19.724114,Replace,3,46,49,0 days 00:00:25.000000000,0 days 00:14:27.501562000
14,2019-12-02 16:05:00.000000,2019-12-02 16:05:45.000000,2019-12-02 16:24:09.395125,2019-12-02 16:24:30.369275,,,,Onsite,3,46,49,0 days 00:00:45.000000000,0 days 00:18:45.369275000
15,2019-12-02 17:15:00.000000,2019-12-02 17:15:45.000000,2019-12-02 17:31:58.431251,2019-12-02 17:32:43.431251,2019-12-02 18:10:10.592732,2019-12-02 18:10:55.592732,2019-12-02 18:26:32.312024,Replace,3,46,49,0 days 00:00:45.000000000,0 days 00:16:58.431251000
16,2019-12-02 18:24:00.000000,2019-12-02 18:24:35.000000,2019-12-02 18:40:48.309099,2019-12-02 18:41:23.309099,2019-12-02 19:12:32.430359,2019-12-02 19:13:07.430359,2019-12-02 19:28:39.678764,Replace,3,46,49,0 days 00:00:35.000000000,0 days 00:16:48.309099000
17,2019-12-02 19:35:00.000000,2019-12-02 19:35:35.000000,2019-12-02 19:53:07.640170,2019-12-02 19:53:52.695385,,,,Onsite,3,46,49,0 days 00:00:35.000000000,0 days 00:18:17.695385000
18,2019-12-02 20:51:00.000000,2019-12-02 20:51:50.000000,2019-12-02 21:03:56.516607,2019-12-02 21:04:46.516607,2019-12-02 21:42:43.133293,2019-12-02 21:43:33.133293,2019-12-02 22:02:08.888810,Replace,3,46,49,0 days 00:00:50.000000000,0 days 00:12:56.516607000
0,2019-12-02 01:14:00.000000,2019-12-02 00:00:35.000000,2019-12-02 00:16:18.187224,2019-12-02 00:16:53.187224,2019-12-02 00:56:15.189148,2019-12-02 00:56:50.189148,2019-12-02 01:12:16.524701,Replace,4,46,49,-1 days +22:46:35.000000000,0 days 00:16:18.187224000
1,2019-12-02 01:14:00.000000,2019-12-02 01:14:30.000000,2019-12-02 01:29:52.539159,2019-12-02 01:30:22.539159,2019-12-02 02:04:02.498797,2019-12-02 02:04:32.498797,2019-12-02 02:16:41.584316,Replace,4,46,49,0 days 00:00:30.000000000,0 days 00:15:52.539159000
2,2019-12-02 02:10:00.000000,2019-12-02 02:10:50.000000,2019-12-02 02:27:41.469655,2019-12-02 02:28:31.469655,2019-12-02 03:23:37.406105,2019-12-02 03:24:27.406105,2019-12-02 03:37:07.069721,Replace,4,46,49,0 days 00:00:50.000000000,0 days 00:17:41.469655000
3,2019-12-02 03:25:00.000000,2019-12-02 03:25:25.000000,2019-12-02 03:43:38.781341,2019-12-02 03:44:09.354650,,,,Onsite,4,46,49,0 days 00:00:25.000000000,0 days 00:18:44.354650000
4,2019-12-02 04:47:00.000000,2019-12-02 04:47:35.000000,2019-12-02 05:08:05.800604,2019-12-02 05:08:23.291919,,,,Onsite,4,46,49,0 days 00:00:35.000000000,0 days 00:20:48.291919000
5,2019-12-02 05:56:00.000000,2019-12-02 05:56:50.000000,2019-12-02 06:12:19.376511,2019-12-02 06:13:09.376511,2019-12-02 07:05:46.787959,2019-12-02 07:06:36.787959,2019-12-02 07:26:13.466393,Replace,4,46,49,0 days 00:00:50.000000000,0 days 00:16:19.376511000
6,2019-12-02 06:49:00.000000,2019-12-02 06:49:30.000000,2019-12-02 07:07:25.930900,2019-12-02 07:07:34.802155,,,,Onsite,4,46,49,0 days 00:00:30.000000000,0 days 00:18:04.802155000
7,2019-12-02 07:59:00.000000,2019-12-02 07:59:55.000000,2019-12-02 08:11:07.500740,2019-12-02 08:11:24.538443,,,,Onsite,4,46,49,0 days 00:00:55.000000000,0 days 00:11:29.538443000
8,2019-12-02 09:10:00.000000,2019-12-02 09:10:35.000000,2019-12-02 09:20:42.832985,2019-12-02 09:21:17.832985,2019-12-02 10:11:05.552065,2019-12-02 10:11:40.552065,2019-12-02 10:27:16.011968,Replace,4,46,49,0 days 00:00:35.000000000,0 days 00:10:42.832985000
9,2019-12-02 10:19:00.000000,2019-12-02 10:19:45.000000,2019-12-02 10:34:08.332498,2019-12-02 10:34:53.332498,2019-12-02 11:13:13.636617,2019-12-02 11:13:58.636617,2019-12-02 11:33:41.105418,Replace,4,46,49,0 days 00:00:45.000000000,0 days 00:15:08.332498000
10,2019-12-02 11:30:00.000000,2019-12-02 11:30:55.000000,2019-12-02 11:46:26.688765,2019-12-02 11:46:47.154404,,,,Onsite,4,46,49,0 days 00:00:55.000000000,0 days 00:15:52.154404000
11,2019-12-02 12:38:00.000000,2019-12-02 12:38:50.000000,2019-12-02 12:51:45.246520,2019-12-02 12:52:35.246520,2019-12-02 13:17:42.787656,2019-12-02 13:18:32.787656,2019-12-02 13:30:45.443469,Replace,4,46,49,0 days 00:00:50.000000000,0 days 00:13:45.246520000
12,2019-12-02 13:40:00.000000,2019-12-02 13:40:25.000000,2019-12-02 13:54:40.749505,2019-12-02 13:55:05.749505,2019-12-02 14:47:28.931601,2019-12-02 14:47:53.931601,2019-12-02 15:03:33.023406,Replace,4,46,49,0 days 00:00:25.000000000,0 days 00:14:40.749505000
13,2019-12-02 14:48:00.000000,2019-12-02 14:48:35.000000,2019-12-02 15:04:11.414624,2019-12-02 15:04:46.414624,2019-12-02 15:34:12.011434,2019-12-02 15:34:47.011434,2019-12-02 15:46:16.887456,Replace,4,46,49,0 days 00:00:35.000000000,0 days 00:16:11.414624000
14,2019-12-02 15:52:00.000000,2019-12-02 15:52:30.000000,2019-12-02 16:11:15.197767,2019-12-02 16:11:45.197767,2019-12-02 16:41:13.378387,2019-12-02 16:41:43.378387,2019-12-02 16:57:10.556687,Replace,4,46,49,0 days 00:00:30.000000000,0 days 00:19:15.197767000
15,2019-12-02 17:06:00.000000,2019-12-02 17:06:30.000000,2019-12-02 17:21:02.023624,2019-12-02 17:21:32.023624,2019-12-02 18:09:38.717242,2019-12-02 18:10:08.717242,2019-12-02 18:23:28.822894,Replace,4,46,49,0 days 00:00:30.000000000,0 days 00:15:02.023624000
16,2019-12-02 18:09:00.000000,2019-12-02 18:09:25.000000,2019-12-02 18:24:57.450943,2019-12-02 18:25:30.578151,,,,Onsite,4,46,49,0 days 00:00:25.000000000,0 days 00:16:05.578151000
17,2019-12-02 19:25:00.000000,2019-12-02 19:25:50.000000,2019-12-02 19:45:17.045394,2019-12-02 19:45:23.281545,,,,Onsite,4,46,49,0 days 00:00:50.000000000,0 days 00:19:33.281545000
18,2019-12-02 20:39:00.000000,2019-12-02 20:39:45.000000,2019-12-02 20:58:03.026417,2019-12-02 20:58:48.026417,2019-12-02 21:49:35.016755,2019-12-02 21:50:20.016755,2019-12-02 22:03:31.583966,Replace,4,46,49,0 days 00:00:45.000000000,0 days 00:19:03.026417000
0,2019-12-02 01:23:00.000000,2019-12-02 00:00:35.000000,2019-12-02 00:15:02.976260,2019-12-02 00:15:37.976260,2019-12-02 01:01:55.177216,2019-12-02 01:02:30.177216,2019-12-02 01:23:53.809855,Replace,5,46,49,-1 days +22:37:35.000000000,0 days 00:15:02.976260000
1,2019-12-02 01:15:00.000000,2019-12-02 01:15:35.000000,2019-12-02 01:35:44.277243,2019-12-02 01:36:03.355433,,,,Onsite,5,46,49,0 days 00:00:35.000000000,0 days 00:20:28.355433000
2,2019-12-02 02:23:00.000000,2019-12-02 02:23:50.000000,2019-12-02 02:42:27.069424,2019-12-02 02:42:51.284314,,,,Onsite,5,46,49,0 days 00:00:50.000000000,0 days 00:19:01.284314000
3,2019-12-02 03:33:00.000000,2019-12-02 03:33:30.000000,2019-12-02 03:46:35.200729,2019-12-02 03:46:38.383992,,,,Onsite,5,46,49,0 days 00:00:30.000000000,0 days 00:13:08.383992000
4,2019-12-02 04:45:00.000000,2019-12-02 04:45:45.000000,2019-12-02 05:00:20.757709,2019-12-02 05:01:05.757709,2019-12-02 05:37:14.840975,2019-12-02 05:37:59.840975,2019-12-02 05:52:20.705347,Replace,5,46,49,0 days 00:00:45.000000000,0 days 00:15:20.757709000
5,2019-12-02 06:03:00.000000,2019-12-02 06:03:50.000000,2019-12-02 06:16:19.163252,2019-12-02 06:16:32.280496,,,,Onsite,5,46,49,0 days 00:00:50.000000000,0 days 00:12:42.280496000
6,2019-12-02 07:11:00.000000,2019-12-02 07:11:55.000000,2019-12-02 07:31:20.990619,2019-12-02 07:32:15.990619,2019-12-02 08:08:03.085034,2019-12-02 08:08:58.085034,2019-12-02 08:26:11.741134,Replace,5,46,49,0 days 00:00:55.000000000,0 days 00:20:20.990619000
7,2019-12-02 08:37:00.000000,2019-12-02 08:37:35.000000,2019-12-02 08:53:22.712158,2019-12-02 08:53:57.712158,2019-12-02 09:26:13.820696,2019-12-02 09:26:48.820696,2019-12-02 09:46:17.787566,Replace,5,46,49,0 days 00:00:35.000000000,0 days 00:16:22.712158000
8,2019-12-02 09:37:00.000000,2019-12-02 09:37:45.000000,2019-12-02 09:53:58.298043,2019-12-02 09:54:43.298043,2019-12-02 10:33:26.752263,2019-12-02 10:34:11.752263,2019-12-02 10:51:09.735384,Replace,5,46,49,0 days 00:00:45.000000000,0 days 00:16:58.298043000
9,2019-12-02 10:47:00.000000,2019-12-02 10:47:50.000000,2019-12-02 11:01:54.141922,2019-12-02 11:02:14.717658,,,,Onsite,5,46,49,0 days 00:00:50.000000000,0 days 00:14:24.717658000
10,2019-12-02 12:00:00.000000,2019-12-02 12:00:55.000000,2019-12-02 12:19:17.416083,2019-12-02 12:20:12.416083,2019-12-02 13:09:49.366478,2019-12-02 13:10:44.366478,2019-12-02 13:27:39.656693,Replace,5,46,49,0 days 00:00:55.000000000,0 days 00:19:17.416083000
11,2019-12-02 13:03:00.000000,2019-12-02 13:03:50.000000,2019-12-02 13:15:18.000229,2019-12-02 13:16:08.000229,2019-12-02 13:47:14.096837,2019-12-02 13:48:04.096837,2019-12-02 14:05:01.700824,Replace,5,46,49,0 days 00:00:50.000000000,0 days 00:12:18.000229000
12,2019-12-02 14:20:00.000000,2019-12-02 14:20:30.000000,2019-12-02 14:33:31.519287,2019-12-02 14:33:35.945094,,,,Onsite,5,46,49,0 days 00:00:30.000000000,0 days 00:13:05.945094000
13,2019-12-02 15:33:00.000000,2019-12-02 15:33:30.000000,2019-12-02 15:47:29.040897,2019-12-02 15:47:53.496955,,,,Onsite,5,46,49,0 days 00:00:30.000000000,0 days 00:14:23.496955000
14,2019-12-02 16:38:00.000000,2019-12-02 16:38:50.000000,2019-12-02 16:52:27.342194,2019-12-02 16:53:17.342194,2019-12-02 17:36:43.518066,2019-12-02 17:37:33.518066,2019-12-02 17:55:17.297011,Replace,5,46,49,0 days 00:00:50.000000000,0 days 00:14:27.342194000
15,2019-12-02 19:07:00.000000,2019-12-02 19:07:45.000000,2019-12-02 19:19:48.464190,2019-12-02 19:20:06.001060,,,,Onsite,5,46,49,0 days 00:00:45.000000000,0 days 00:12:21.001060000
16,2019-12-02 17:51:00.000000,2019-12-02 17:51:45.000000,2019-12-02 18:06:05.181708,2019-12-02 18:06:50.181708,2019-12-02 18:48:54.187383,2019-12-02 18:49:39.187383,2019-12-02 19:07:04.997136,Replace,5,46,49,0 days 00:00:45.000000000,0 days 00:15:05.181708000
17,2019-12-02 20:17:00.000000,2019-12-02 20:17:45.000000,2019-12-02 20:35:00.153203,2019-12-02 20:35:45.153203,2019-12-02 21:08:14.891174,2019-12-02 21:08:59.891174,2019-12-02 21:24:54.671226,Replace,5,46,49,0 days 00:00:45.000000000,0 days 00:18:00.153203000
18,2019-12-02 21:36:00.000000,2019-12-02 21:36:50.000000,2019-12-02 21:52:53.195119,2019-12-02 21:53:04.807584,,,,Onsite,5,46,49,0 days 00:00:50.000000000,0 days 00:16:14.807584000
0,2019-12-02 01:01:00.000000,2019-12-02 00:00:30.000000,2019-12-02 00:13:04.673762,2019-12-02 00:13:34.673762,2019-12-02 00:36:28.073421,2019-12-02 00:36:58.073421,2019-12-02 00:57:08.436572,Replace,6,46,49,-1 days +22:59:30.000000000,0 days 00:13:04.673762000
1,2019-12-02 00:51:00.000000,2019-12-02 00:51:30.000000,2019-12-02 01:05:04.878860,2019-12-02 01:05:34.878860,2019-12-02 01:35:48.904306,2019-12-02 01:36:18.904306,2019-12-02 01:53:11.287871,Replace,6,46,49,0 days 00:00:30.000000000,0 days 00:14:04.878860000
2,2019-12-02 01:52:00.000000,2019-12-02 01:52:50.000000,2019-12-02 02:07:57.242320,2019-12-02 02:08:47.242320,2019-12-02 02:36:14.307597,2019-12-02 02:37:04.307597,2019-12-02 02:53:02.639426,Replace,6,46,49,0 days 00:00:50.000000000,0 days 00:15:57.242320000
3,2019-12-02 02:55:00.000000,2019-12-02 02:55:30.000000,2019-12-02 03:10:13.664926,2019-12-02 03:10:43.664926,2019-12-02 03:44:07.822175,2019-12-02 03:44:37.822175,2019-12-02 04:03:40.688367,Replace,6,46,49,0 days 00:00:30.000000000,0 days 00:15:13.664926000
4,2019-12-02 04:02:00.000000,2019-12-02 04:02:55.000000,2019-12-02 04:17:29.901374,2019-12-02 04:17:42.570099,,,,Onsite,6,46,49,0 days 00:00:55.000000000,0 days 00:14:47.570099000
5,2019-12-02 05:17:00.000000,2019-12-02 05:17:35.000000,2019-12-02 05:36:12.877497,2019-12-02 05:36:17.516435,,,,Onsite,6,46,49,0 days 00:00:35.000000000,0 days 00:18:42.516435000
6,2019-12-02 06:29:00.000000,2019-12-02 06:29:30.000000,2019-12-02 06:43:34.345702,2019-12-02 06:43:57.991867,,,,Onsite,6,46,49,0 days 00:00:30.000000000,0 days 00:14:27.991867000
7,2019-12-02 07:43:00.000000,2019-12-02 07:43:30.000000,2019-12-02 08:04:48.400852,2019-12-02 08:05:00.171567,,,,Onsite,6,46,49,0 days 00:00:30.000000000,0 days 00:21:30.171567000
8,2019-12-02 08:55:00.000000,2019-12-02 08:55:55.000000,2019-12-02 09:07:52.555452,2019-12-02 09:08:08.856399,,,,Onsite,6,46,49,0 days 00:00:55.000000000,0 days 00:12:13.856399000
9,2019-12-02 10:06:00.000000,2019-12-02 10:06:30.000000,2019-12-02 10:19:14.532325,2019-12-02 10:19:28.614448,,,,Onsite,6,46,49,0 days 00:00:30.000000000,0 days 00:12:58.614448000
10,2019-12-02 11:25:00.000000,2019-12-02 11:25:35.000000,2019-12-02 11:40:33.848905,2019-12-02 11:40:42.991521,,,,Onsite,6,46,49,0 days 00:00:35.000000000,0 days 00:15:07.991521000
11,2019-12-02 12:29:00.000000,2019-12-02 12:29:25.000000,2019-12-02 12:47:44.272014,2019-12-02 12:48:09.272014,2019-12-02 13:26:56.643386,2019-12-02 13:27:21.643386,2019-12-02 13:39:32.511899,Replace,6,46,49,0 days 00:00:25.000000000,0 days 00:18:44.272014000
12,2019-12-02 13:39:00.000000,2019-12-02 13:39:30.000000,2019-12-02 13:57:09.710866,2019-12-02 13:57:39.710866,2019-12-02 14:36:13.326970,2019-12-02 14:36:43.326970,2019-12-02 14:50:44.487935,Replace,6,46,49,0 days 00:00:30.000000000,0 days 00:18:09.710866000
13,2019-12-02 14:37:00.000000,2019-12-02 14:37:30.000000,2019-12-02 14:56:44.090849,2019-12-02 14:56:50.180013,,,,Onsite,6,46,49,0 days 00:00:30.000000000,0 days 00:19:20.180013000
14,2019-12-02 15:40:00.000000,2019-12-02 15:40:55.000000,2019-12-02 15:57:38.207011,2019-12-02 15:58:33.207011,2019-12-02 16:25:59.627006,2019-12-02 16:26:54.627006,2019-12-02 16:45:27.197135,Replace,6,46,49,0 days 00:00:55.000000000,0 days 00:17:38.207011000
15,2019-12-02 16:47:00.000000,2019-12-02 16:47:30.000000,2019-12-02 16:59:08.221938,2019-12-02 16:59:38.221938,2019-12-02 17:31:34.564920,2019-12-02 17:32:04.564920,2019-12-02 17:43:42.989874,Replace,6,46,49,0 days 00:00:30.000000000,0 days 00:12:08.221938000
16,2019-12-02 18:53:00.000000,2019-12-02 18:53:45.000000,2019-12-02 19:12:59.137778,2019-12-02 19:13:44.137778,2019-12-02 19:41:50.266854,2019-12-02 19:42:35.266854,2019-12-02 19:56:49.175776,Replace,6,46,49,0 days 00:00:45.000000000,0 days 00:19:59.137778000
17,2019-12-02 18:00:00.000000,2019-12-02 18:00:45.000000,2019-12-02 18:14:27.480769,2019-12-02 18:15:12.480769,2019-12-02 18:53:35.146725,2019-12-02 18:54:20.146725,2019-12-02 19:11:53.962887,Replace,6,46,49,0 days 00:00:45.000000000,0 days 00:14:27.480769000
18,2019-12-02 20:02:00.000000,2019-12-02 20:02:50.000000,2019-12-02 20:17:03.610514,2019-12-02 20:17:53.610514,2019-12-02 20:48:49.687453,2019-12-02 20:49:39.687453,2019-12-02 21:08:25.166947,Replace,6,46,49,0 days 00:00:50.000000000,0 days 00:15:03.610514000
19,2019-12-02 20:57:00.000000,2019-12-02 20:57:25.000000,2019-12-02 21:12:19.759092,2019-12-02 21:12:44.759092,2019-12-02 21:54:12.019463,2019-12-02 21:54:37.019463,2019-12-02 22:10:38.604200,Replace,6,46,49,0 days 00:00:25.000000000,0 days 00:15:19.759092000
0,2019-12-02 01:04:00.000000,2019-12-02 00:00:50.000000,2019-12-02 00:13:16.919400,2019-12-02 00:14:06.919400,2019-12-02 00:46:04.574228,2019-12-02 00:46:54.574228,2019-12-02 00:59:31.802583,Replace,7,46,49,-1 days +22:56:50.000000000,0 days 00:13:16.919400000
1,2019-12-02 00:57:00.000000,2019-12-02 00:57:30.000000,2019-12-02 01:14:49.459080,2019-12-02 01:15:19.466559,,,,Onsite,7,46,49,0 days 00:00:30.000000000,0 days 00:17:49.466559000
2,2019-12-02 02:00:00.000000,2019-12-02 02:00:45.000000,2019-12-02 02:20:50.081341,2019-12-02 02:21:01.227457,,,,Onsite,7,46,49,0 days 00:00:45.000000000,0 days 00:20:16.227457000
3,2019-12-02 03:14:00.000000,2019-12-02 03:14:50.000000,2019-12-02 03:35:08.320491,2019-12-02 03:35:58.320491,2019-12-02 04:08:47.199148,2019-12-02 04:09:37.199148,2019-12-02 04:23:11.869072,Replace,7,46,49,0 days 00:00:50.000000000,0 days 00:21:08.320491000
4,2019-12-02 04:27:00.000000,2019-12-02 04:27:25.000000,2019-12-02 04:45:47.908420,2019-12-02 04:46:12.908420,2019-12-02 05:36:53.842044,2019-12-02 05:37:18.842044,2019-12-02 05:55:47.814524,Replace,7,46,49,0 days 00:00:25.000000000,0 days 00:18:47.908420000
5,2019-12-02 05:28:00.000000,2019-12-02 05:28:30.000000,2019-12-02 05:38:56.173758,2019-12-02 05:39:03.269570,,,,Onsite,7,46,49,0 days 00:00:30.000000000,0 days 00:10:33.269570000
6,2019-12-02 06:41:00.000000,2019-12-02 06:41:25.000000,2019-12-02 07:00:59.734940,2019-12-02 07:01:24.734940,2019-12-02 07:39:11.309507,2019-12-02 07:39:36.309507,2019-12-02 07:59:54.273618,Replace,7,46,49,0 days 00:00:25.000000000,0 days 00:19:59.734940000
7,2019-12-02 07:50:00.000000,2019-12-02 07:50:35.000000,2019-12-02 08:06:41.765338,2019-12-02 08:07:10.528042,,,,Onsite,7,46,49,0 days 00:00:35.000000000,0 days 00:16:35.528042000
8,2019-12-02 08:44:00.000000,2019-12-02 08:44:50.000000,2019-12-02 08:56:30.741492,2019-12-02 08:57:20.741492,2019-12-02 09:27:10.240939,2019-12-02 09:28:00.240939,2019-12-02 09:39:10.787816,Replace,7,46,49,0 days 00:00:50.000000000,0 days 00:12:30.741492000
9,2019-12-02 10:02:00.000000,2019-12-02 10:02:25.000000,2019-12-02 10:18:06.280697,2019-12-02 10:18:31.280697,2019-12-02 10:59:55.408453,2019-12-02 11:00:20.408453,2019-12-02 11:16:18.258569,Replace,7,46,49,0 days 00:00:25.000000000,0 days 00:16:06.280697000
10,2019-12-02 11:20:00.000000,2019-12-02 11:20:45.000000,2019-12-02 11:44:15.278448,2019-12-02 11:45:00.278448,2019-12-02 12:15:16.643912,2019-12-02 12:16:01.643912,2019-12-02 12:28:51.084619,Replace,7,46,49,0 days 00:00:45.000000000,0 days 00:24:15.278448000
11,2019-12-02 12:36:00.000000,2019-12-02 12:36:25.000000,2019-12-02 12:55:08.484660,2019-12-02 12:55:20.028725,,,,Onsite,7,46,49,0 days 00:00:25.000000000,0 days 00:18:55.028725000
12,2019-12-02 13:49:00.000000,2019-12-02 13:49:25.000000,2019-12-02 14:06:10.526263,2019-12-02 14:06:35.526263,2019-12-02 14:38:00.511804,2019-12-02 14:38:25.511804,2019-12-02 14:55:50.010704,Replace,7,46,49,0 days 00:00:25.000000000,0 days 00:17:10.526263000
13,2019-12-02 15:50:00.000000,2019-12-02 15:50:55.000000,2019-12-02 16:08:38.075453,2019-12-02 16:08:59.682910,,,,Onsite,7,46,49,0 days 00:00:55.000000000,0 days 00:18:04.682910000
14,2019-12-02 14:42:00.000000,2019-12-02 14:42:55.000000,2019-12-02 14:55:37.016858,2019-12-02 14:56:32.016858,2019-12-02 15:34:41.178593,2019-12-02 15:35:36.178593,2019-12-02 15:50:14.452847,Replace,7,46,49,0 days 00:00:55.000000000,0 days 00:13:37.016858000
15,2019-12-02 16:41:00.000000,2019-12-02 16:41:30.000000,2019-12-02 16:53:56.901000,2019-12-02 16:54:26.901000,2019-12-02 17:32:38.664278,2019-12-02 17:33:08.664278,2019-12-02 17:49:33.254918,Replace,7,46,49,0 days 00:00:30.000000000,0 days 00:12:56.901000000
16,2019-12-02 17:41:00.000000,2019-12-02 17:41:45.000000,2019-12-02 18:00:36.262452,2019-12-02 18:01:21.262452,2019-12-02 18:38:37.309167,2019-12-02 18:39:22.309167,2019-12-02 19:00:24.668565,Replace,7,46,49,0 days 00:00:45.000000000,0 days 00:19:36.262452000
17,2019-12-02 19:10:00.000000,2019-12-02 19:10:30.000000,2019-12-02 19:22:59.729073,2019-12-02 19:23:05.149063,,,,Onsite,7,46,49,0 days 00:00:30.000000000,0 days 00:12:35.149063000
18,2019-12-02 20:26:00.000000,2019-12-02 20:26:35.000000,2019-12-02 20:43:58.737642,2019-12-02 20:44:04.391467,,,,Onsite,7,46,49,0 days 00:00:35.000000000,0 days 00:17:29.391467000
19,2019-12-02 21:24:00.000000,2019-12-02 21:24:50.000000,2019-12-02 21:39:16.720297,2019-12-02 21:39:23.830268,,,,Onsite,7,46,49,0 days 00:00:50.000000000,0 days 00:14:33.830268000
20,2019-12-02 22:34:00.000000,2019-12-02 22:34:55.000000,2019-12-02 22:52:18.562747,2019-12-02 22:52:48.370829,,,,Onsite,7,46,49,0 days 00:00:55.000000000,0 days 00:17:53.370829000
0,2019-12-02 01:11:00.000000,2019-12-02 00:00:45.000000,2019-12-02 00:16:52.696776,2019-12-02 00:17:00.206077,,,,Onsite,8,46,49,-1 days +22:49:45.000000000,0 days 00:16:15.206077000
1,2019-12-02 01:14:00.000000,2019-12-02 01:14:50.000000,2019-12-02 01:34:37.563942,2019-12-02 01:35:27.563942,2019-12-02 02:31:50.009908,2019-12-02 02:32:40.009908,2019-12-02 02:44:48.708089,Replace,8,46,49,0 days 00:00:50.000000000,0 days 00:20:37.563942000
2,2019-12-02 02:43:00.000000,2019-12-02 02:43:30.000000,2019-12-02 03:01:48.191157,2019-12-02 03:02:18.191157,2019-12-02 03:45:06.932920,2019-12-02 03:45:36.932920,2019-12-02 03:59:23.530962,Replace,8,46,49,0 days 00:00:30.000000000,0 days 00:18:48.191157000
3,2019-12-02 03:50:00.000000,2019-12-02 03:50:55.000000,2019-12-02 04:03:34.031718,2019-12-02 04:04:29.031718,2019-12-02 04:44:35.456280,2019-12-02 04:45:30.456280,2019-12-02 04:59:41.277777,Replace,8,46,49,0 days 00:00:55.000000000,0 days 00:13:34.031718000
4,2019-12-02 04:50:00.000000,2019-12-02 04:50:45.000000,2019-12-02 05:12:59.549044,2019-12-02 05:13:44.549044,2019-12-02 05:47:31.556113,2019-12-02 05:48:16.556113,2019-12-02 06:01:26.855796,Replace,8,46,49,0 days 00:00:45.000000000,0 days 00:22:59.549044000
5,2019-12-02 05:57:00.000000,2019-12-02 05:57:45.000000,2019-12-02 06:14:14.410344,2019-12-02 06:14:44.368898,,,,Onsite,8,46,49,0 days 00:00:45.000000000,0 days 00:16:59.368898000
6,2019-12-02 07:08:00.000000,2019-12-02 07:08:50.000000,2019-12-02 07:25:32.007216,2019-12-02 07:25:53.263268,,,,Onsite,8,46,49,0 days 00:00:50.000000000,0 days 00:17:03.263268000
7,2019-12-02 08:21:00.000000,2019-12-02 08:21:35.000000,2019-12-02 08:36:11.898892,2019-12-02 08:36:34.706972,,,,Onsite,8,46,49,0 days 00:00:35.000000000,0 days 00:14:59.706972000
8,2019-12-02 09:43:00.000000,2019-12-02 09:43:35.000000,2019-12-02 09:59:44.714363,2019-12-02 09:59:52.100738,,,,Onsite,8,46,49,0 days 00:00:35.000000000,0 days 00:16:17.100738000
9,2019-12-02 10:56:00.000000,2019-12-02 10:56:55.000000,2019-12-02 11:16:43.576157,2019-12-02 11:16:56.893440,,,,Onsite,8,46,49,0 days 00:00:55.000000000,0 days 00:20:01.893440000
10,2019-12-02 12:15:00.000000,2019-12-02 12:15:30.000000,2019-12-02 12:36:42.968559,2019-12-02 12:37:12.968559,2019-12-02 13:05:11.707218,2019-12-02 13:05:41.707218,2019-12-02 13:22:55.793096,Replace,8,46,49,0 days 00:00:30.000000000,0 days 00:21:42.968559000
11,2019-12-02 13:21:00.000000,2019-12-02 13:21:55.000000,2019-12-02 13:37:22.768951,2019-12-02 13:38:17.768951,2019-12-02 14:12:35.661028,2019-12-02 14:13:30.661028,2019-12-02 14:29:29.964502,Replace,8,46,49,0 days 00:00:55.000000000,0 days 00:16:22.768951000
12,2019-12-02 14:21:00.000000,2019-12-02 14:21:50.000000,2019-12-02 14:36:37.043866,2019-12-02 14:37:27.043866,2019-12-02 15:06:58.784939,2019-12-02 15:07:48.784939,2019-12-02 15:20:54.791054,Replace,8,46,49,0 days 00:00:50.000000000,0 days 00:15:37.043866000
13,2019-12-02 15:22:00.000000,2019-12-02 15:22:45.000000,2019-12-02 15:41:15.304122,2019-12-02 15:41:21.089958,,,,Onsite,8,46,49,0 days 00:00:45.000000000,0 days 00:18:36.089958000
14,2019-12-02 16:42:00.000000,2019-12-02 16:42:45.000000,2019-12-02 16:57:36.235285,2019-12-02 16:57:49.217723,,,,Onsite,8,46,49,0 days 00:00:45.000000000,0 days 00:15:04.217723000
15,2019-12-02 18:09:00.000000,2019-12-02 18:09:30.000000,2019-12-02 18:26:07.298129,2019-12-02 18:26:35.947882,,,,Onsite,8,46,49,0 days 00:00:30.000000000,0 days 00:17:05.947882000
16,2019-12-02 19:22:00.000000,2019-12-02 19:22:45.000000,2019-12-02 19:38:23.176562,2019-12-02 19:39:08.176562,2019-12-02 20:07:06.939311,2019-12-02 20:07:51.939311,2019-12-02 20:27:14.148953,Replace,8,46,49,0 days 00:00:45.000000000,0 days 00:16:23.176562000
17,2019-12-02 20:49:00.000000,2019-12-02 20:49:30.000000,2019-12-02 21:11:11.575032,2019-12-02 21:11:27.220227,,,,Onsite,8,46,49,0 days 00:00:30.000000000,0 days 00:21:57.220227000
0,2019-12-02 01:14:00.000000,2019-12-02 00:00:35.000000,2019-12-02 00:11:59.714690,2019-12-02 00:12:13.484677,,,,Onsite,9,46,49,-1 days +22:46:35.000000000,0 days 00:11:38.484677000
1,2019-12-02 01:08:00.000000,2019-12-02 01:08:55.000000,2019-12-02 01:28:55.743651,2019-12-02 01:29:01.379167,,,,Onsite,9,46,49,0 days 00:00:55.000000000,0 days 00:20:06.379167000
2,2019-12-02 02:18:00.000000,2019-12-02 02:18:35.000000,2019-12-02 02:31:55.923465,2019-12-02 02:32:30.923465,2019-12-02 02:58:14.798617,2019-12-02 02:58:49.798617,2019-12-02 03:13:13.223129,Replace,9,46,49,0 days 00:00:35.000000000,0 days 00:13:55.923465000
3,2019-12-02 03:28:00.000000,2019-12-02 03:28:25.000000,2019-12-02 03:42:48.143749,2019-12-02 03:43:14.409808,,,,Onsite,9,46,49,0 days 00:00:25.000000000,0 days 00:14:49.409808000
4,2019-12-02 04:40:00.000000,2019-12-02 04:40:30.000000,2019-12-02 04:54:17.143511,2019-12-02 04:54:47.143511,2019-12-02 05:42:35.883912,2019-12-02 05:43:05.883912,2019-12-02 05:57:49.895686,Replace,9,46,49,0 days 00:00:30.000000000,0 days 00:14:17.143511000
5,2019-12-02 05:46:00.000000,2019-12-02 05:46:25.000000,2019-12-02 06:00:21.276193,2019-12-02 06:00:46.276193,2019-12-02 06:29:55.796942,2019-12-02 06:30:20.796942,2019-12-02 06:41:56.602360,Replace,9,46,49,0 days 00:00:25.000000000,0 days 00:14:21.276193000
6,2019-12-02 06:53:00.000000,2019-12-02 06:53:45.000000,2019-12-02 07:07:42.327391,2019-12-02 07:08:27.327391,2019-12-02 07:36:35.288936,2019-12-02 07:37:20.288936,2019-12-02 07:51:32.281896,Replace,9,46,49,0 days 00:00:45.000000000,0 days 00:14:42.327391000
7,2019-12-02 07:55:00.000000,2019-12-02 07:55:55.000000,2019-12-02 08:07:17.714063,2019-12-02 08:08:12.714063,2019-12-02 08:54:47.597831,2019-12-02 08:55:42.597831,2019-12-02 09:16:07.746739,Replace,9,46,49,0 days 00:00:55.000000000,0 days 00:12:17.714063000
8,2019-12-02 08:55:00.000000,2019-12-02 08:55:35.000000,2019-12-02 09:09:46.605377,2019-12-02 09:10:07.057986,,,,Onsite,9,46,49,0 days 00:00:35.000000000,0 days 00:14:32.057986000
9,2019-12-02 10:19:00.000000,2019-12-02 10:19:25.000000,2019-12-02 10:37:32.792644,2019-12-02 10:37:57.792644,2019-12-02 11:08:08.319670,2019-12-02 11:08:33.319670,2019-12-02 11:21:03.709359,Replace,9,46,49,0 days 00:00:25.000000000,0 days 00:18:32.792644000
10,2019-12-02 11:29:00.000000,2019-12-02 11:29:45.000000,2019-12-02 11:43:43.711871,2019-12-02 11:44:28.711871,2019-12-02 12:22:48.056591,2019-12-02 12:23:33.056591,2019-12-02 12:45:18.959776,Replace,9,46,49,0 days 00:00:45.000000000,0 days 00:14:43.711871000
11,2019-12-02 12:30:00.000000,2019-12-02 12:30:45.000000,2019-12-02 12:50:08.106444,2019-12-02 12:50:22.245754,,,,Onsite,9,46,49,0 days 00:00:45.000000000,0 days 00:19:37.245754000
12,2019-12-02 13:53:00.000000,2019-12-02 13:53:45.000000,2019-12-02 14:12:36.461113,2019-12-02 14:13:21.461113,2019-12-02 14:46:49.454154,2019-12-02 14:47:34.454154,2019-12-02 14:58:04.878281,Replace,9,46,49,0 days 00:00:45.000000000,0 days 00:19:36.461113000
13,2019-12-02 14:56:00.000000,2019-12-02 14:56:55.000000,2019-12-02 15:10:28.478041,2019-12-02 15:11:23.478041,2019-12-02 15:55:06.894196,2019-12-02 15:56:01.894196,2019-12-02 16:13:15.341382,Replace,9,46,49,0 days 00:00:55.000000000,0 days 00:14:28.478041000
14,2019-12-02 16:05:00.000000,2019-12-02 16:05:50.000000,2019-12-02 16:22:42.786296,2019-12-02 16:23:32.786296,2019-12-02 16:53:07.356462,2019-12-02 16:53:57.356462,2019-12-02 17:11:17.666822,Replace,9,46,49,0 days 00:00:50.000000000,0 days 00:17:42.786296000
15,2019-12-02 17:22:00.000000,2019-12-02 17:22:45.000000,2019-12-02 17:39:30.774835,2019-12-02 17:40:15.774835,2019-12-02 18:31:00.294312,2019-12-02 18:31:45.294312,2019-12-02 18:49:35.897559,Replace,9,46,49,0 days 00:00:45.000000000,0 days 00:17:30.774835000
16,2019-12-02 18:30:00.000000,2019-12-02 18:30:50.000000,2019-12-02 18:41:05.187234,2019-12-02 18:41:55.187234,2019-12-02 19:25:10.137629,2019-12-02 19:26:00.137629,2019-12-02 19:48:19.543945,Replace,9,46,49,0 days 00:00:50.000000000,0 days 00:11:05.187234000
17,2019-12-02 19:33:00.000000,2019-12-02 19:33:50.000000,2019-12-02 19:49:43.491166,2019-12-02 19:50:33.491166,2019-12-02 20:48:00.755948,2019-12-02 20:48:50.755948,2019-12-02 21:05:59.216687,Replace,9,46,49,0 days 00:00:50.000000000,0 days 00:16:43.491166000
18,2019-12-02 20:37:00.000000,2019-12-02 20:37:50.000000,2019-12-02 20:53:24.073491,2019-12-02 20:54:14.073491,2019-12-02 21:32:01.321978,2019-12-02 21:32:51.321978,2019-12-02 21:50:20.411077,Replace,9,46,49,0 days 00:00:50.000000000,0 days 00:16:24.073491000
19,2019-12-02 21:33:00.000000,2019-12-02 21:33:55.000000,2019-12-02 21:50:59.491965,2019-12-02 21:51:54.491965,2019-12-02 22:24:14.850465,2019-12-02 22:25:09.850465,2019-12-02 22:38:49.032815,Replace,9,46,49,0 days 00:00:55.000000000,0 days 00:17:59.491965000
0,2019-12-02 01:08:00.000000,2019-12-02 00:00:45.000000,2019-12-02 00:15:05.386616,2019-12-02 00:15:12.157480,,,,Onsite,1,46,50,-1 days +22:52:45.000000000,0 days 00:14:27.157480000
1,2019-12-02 01:22:00.000000,2019-12-02 01:22:55.000000,2019-12-02 01:36:49.027903,2019-12-02 01:37:44.027903,2019-12-02 02:05:34.078190,2019-12-02 02:06:29.078190,2019-12-02 02:27:53.259535,Replace,1,46,50,0 days 00:00:55.000000000,0 days 00:14:49.027903000
2,2019-12-02 02:28:00.000000,2019-12-02 02:28:25.000000,2019-12-02 02:43:30.892105,2019-12-02 02:43:55.892105,2019-12-02 03:07:13.447759,2019-12-02 03:07:38.447759,2019-12-02 03:23:44.933553,Replace,1,46,50,0 days 00:00:25.000000000,0 days 00:15:30.892105000
3,2019-12-02 03:36:00.000000,2019-12-02 03:36:25.000000,2019-12-02 03:55:57.309133,2019-12-02 03:56:12.661242,,,,Onsite,1,46,50,0 days 00:00:25.000000000,0 days 00:19:47.661242000
4,2019-12-02 04:48:00.000000,2019-12-02 04:48:25.000000,2019-12-02 05:04:07.574367,2019-12-02 05:04:32.574367,2019-12-02 05:52:19.511204,2019-12-02 05:52:44.511204,2019-12-02 06:16:32.226036,Replace,1,46,50,0 days 00:00:25.000000000,0 days 00:16:07.574367000
5,2019-12-02 05:48:00.000000,2019-12-02 05:48:45.000000,2019-12-02 06:05:35.309259,2019-12-02 06:06:20.309259,2019-12-02 06:35:13.840028,2019-12-02 06:35:58.840028,2019-12-02 06:53:00.655072,Replace,1,46,50,0 days 00:00:45.000000000,0 days 00:17:35.309259000
6,2019-12-02 06:47:00.000000,2019-12-02 06:47:45.000000,2019-12-02 07:00:27.797869,2019-12-02 07:00:37.326734,,,,Onsite,1,46,50,0 days 00:00:45.000000000,0 days 00:12:52.326734000
7,2019-12-02 07:52:00.000000,2019-12-02 07:52:35.000000,2019-12-02 08:06:23.147675,2019-12-02 08:06:41.541582,,,,Onsite,1,46,50,0 days 00:00:35.000000000,0 days 00:14:06.541582000
8,2019-12-02 08:51:00.000000,2019-12-02 08:51:35.000000,2019-12-02 09:07:42.807309,2019-12-02 09:07:53.937874,,,,Onsite,1,46,50,0 days 00:00:35.000000000,0 days 00:16:18.937874000
9,2019-12-02 10:01:00.000000,2019-12-02 10:01:25.000000,2019-12-02 10:18:58.713217,2019-12-02 10:19:23.713217,2019-12-02 10:46:06.626858,2019-12-02 10:46:31.626858,2019-12-02 11:06:34.248200,Replace,1,46,50,0 days 00:00:25.000000000,0 days 00:17:58.713217000
10,2019-12-02 11:12:00.000000,2019-12-02 11:12:55.000000,2019-12-02 11:27:40.036452,2019-12-02 11:28:35.036452,2019-12-02 11:54:32.877593,2019-12-02 11:55:27.877593,2019-12-02 12:09:55.304876,Replace,1,46,50,0 days 00:00:55.000000000,0 days 00:15:40.036452000
11,2019-12-02 12:27:00.000000,2019-12-02 12:27:50.000000,2019-12-02 12:43:03.438415,2019-12-02 12:43:23.503871,,,,Onsite,1,46,50,0 days 00:00:50.000000000,0 days 00:15:33.503871000
12,2019-12-02 13:42:00.000000,2019-12-02 13:42:45.000000,2019-12-02 13:59:05.333574,2019-12-02 13:59:50.333574,2019-12-02 14:31:55.306463,2019-12-02 14:32:40.306463,2019-12-02 14:52:53.881333,Replace,1,46,50,0 days 00:00:45.000000000,0 days 00:17:05.333574000
13,2019-12-02 15:03:00.000000,2019-12-02 15:03:55.000000,2019-12-02 15:20:55.465002,2019-12-02 15:21:14.779974,,,,Onsite,1,46,50,0 days 00:00:55.000000000,0 days 00:17:19.779974000
14,2019-12-02 16:11:00.000000,2019-12-02 16:11:35.000000,2019-12-02 16:30:17.669785,2019-12-02 16:30:52.669785,2019-12-02 17:17:31.253762,2019-12-02 17:18:06.253762,2019-12-02 17:40:24.923794,Replace,1,46,50,0 days 00:00:35.000000000,0 days 00:19:17.669785000
15,2019-12-02 17:13:00.000000,2019-12-02 17:13:45.000000,2019-12-02 17:30:20.995071,2019-12-02 17:31:05.995071,2019-12-02 18:13:28.634434,2019-12-02 18:14:13.634434,2019-12-02 18:33:04.631530,Replace,1,46,50,0 days 00:00:45.000000000,0 days 00:17:20.995071000
16,2019-12-02 18:19:00.000000,2019-12-02 18:19:25.000000,2019-12-02 18:34:53.659611,2019-12-02 18:35:01.548531,,,,Onsite,1,46,50,0 days 00:00:25.000000000,0 days 00:15:36.548531000
17,2019-12-02 19:32:00.000000,2019-12-02 19:32:35.000000,2019-12-02 19:51:19.551345,2019-12-02 19:51:22.714429,,,,Onsite,1,46,50,0 days 00:00:35.000000000,0 days 00:18:47.714429000
18,2019-12-02 20:38:00.000000,2019-12-02 20:38:25.000000,2019-12-02 20:56:05.404278,2019-12-02 20:56:30.404278,2019-12-02 21:44:23.030309,2019-12-02 21:44:48.030309,2019-12-02 22:02:23.001194,Replace,1,46,50,0 days 00:00:25.000000000,0 days 00:18:05.404278000
19,2019-12-02 21:59:00.000000,2019-12-02 21:59:50.000000,2019-12-02 22:17:02.497252,2019-12-02 22:17:52.497252,2019-12-02 22:42:26.535164,2019-12-02 22:43:16.535164,2019-12-02 22:57:34.445547,Replace,1,46,50,0 days 00:00:50.000000000,0 days 00:18:02.497252000
0,2019-12-02 01:04:00.000000,2019-12-02 00:00:35.000000,2019-12-02 00:17:25.624993,2019-12-02 00:18:00.624993,2019-12-02 00:54:40.383162,2019-12-02 00:55:15.383162,2019-12-02 01:09:50.983750,Replace,2,46,50,-1 days +22:56:35.000000000,0 days 00:17:25.624993000
1,2019-12-02 01:01:00.000000,2019-12-02 01:01:55.000000,2019-12-02 01:23:51.383131,2019-12-02 01:23:59.064308,,,,Onsite,2,46,50,0 days 00:00:55.000000000,0 days 00:22:04.064308000
2,2019-12-02 03:25:00.000000,2019-12-02 03:25:50.000000,2019-12-02 03:41:26.594368,2019-12-02 03:41:38.585500,,,,Onsite,2,46,50,0 days 00:00:50.000000000,0 days 00:15:48.585500000
3,2019-12-02 02:15:00.000000,2019-12-02 02:15:45.000000,2019-12-02 02:30:35.144903,2019-12-02 02:31:20.144903,2019-12-02 03:06:10.537280,2019-12-02 03:06:55.537280,2019-12-02 03:25:00.421748,Replace,2,46,50,0 days 00:00:45.000000000,0 days 00:15:35.144903000
4,2019-12-02 04:25:00.000000,2019-12-02 04:25:45.000000,2019-12-02 04:44:09.962780,2019-12-02 04:44:54.962780,2019-12-02 05:21:25.460869,2019-12-02 05:22:10.460869,2019-12-02 05:33:57.278270,Replace,2,46,50,0 days 00:00:45.000000000,0 days 00:19:09.962780000
5,2019-12-02 05:25:00.000000,2019-12-02 05:25:55.000000,2019-12-02 05:40:45.194091,2019-12-02 05:40:59.692683,,,,Onsite,2,46,50,0 days 00:00:55.000000000,0 days 00:15:04.692683000
6,2019-12-02 06:34:00.000000,2019-12-02 06:34:35.000000,2019-12-02 06:49:47.270764,2019-12-02 06:50:11.433670,,,,Onsite,2,46,50,0 days 00:00:35.000000000,0 days 00:15:36.433670000
7,2019-12-02 07:37:00.000000,2019-12-02 07:37:50.000000,2019-12-02 07:50:39.694032,2019-12-02 07:50:50.516151,,,,Onsite,2,46,50,0 days 00:00:50.000000000,0 days 00:13:00.516151000
8,2019-12-02 08:56:00.000000,2019-12-02 08:56:35.000000,2019-12-02 09:17:06.738797,2019-12-02 09:17:26.970491,,,,Onsite,2,46,50,0 days 00:00:35.000000000,0 days 00:20:51.970491000
9,2019-12-02 09:57:00.000000,2019-12-02 09:57:45.000000,2019-12-02 10:16:15.403119,2019-12-02 10:17:00.403119,2019-12-02 11:00:34.388515,2019-12-02 11:01:19.388515,2019-12-02 11:11:33.908774,Replace,2,46,50,0 days 00:00:45.000000000,0 days 00:19:15.403119000
10,2019-12-02 11:23:00.000000,2019-12-02 11:23:45.000000,2019-12-02 11:42:40.041822,2019-12-02 11:42:58.217639,,,,Onsite,2,46,50,0 days 00:00:45.000000000,0 days 00:19:13.217639000
11,2019-12-02 12:26:00.000000,2019-12-02 12:26:30.000000,2019-12-02 12:38:30.325797,2019-12-02 12:39:00.325797,2019-12-02 13:33:40.299639,2019-12-02 13:34:10.299639,2019-12-02 13:56:35.343779,Replace,2,46,50,0 days 00:00:30.000000000,0 days 00:12:30.325797000
12,2019-12-02 13:29:00.000000,2019-12-02 13:29:25.000000,2019-12-02 13:45:30.071841,2019-12-02 13:45:46.853468,,,,Onsite,2,46,50,0 days 00:00:25.000000000,0 days 00:16:21.853468000
13,2019-12-02 14:38:00.000000,2019-12-02 14:38:45.000000,2019-12-02 14:53:25.748185,2019-12-02 14:53:30.450948,,,,Onsite,2,46,50,0 days 00:00:45.000000000,0 days 00:14:45.450948000
14,2019-12-02 15:43:00.000000,2019-12-02 15:43:25.000000,2019-12-02 15:58:08.763268,2019-12-02 15:58:33.763268,2019-12-02 16:26:26.838108,2019-12-02 16:26:51.838108,2019-12-02 16:44:48.175343,Replace,2,46,50,0 days 00:00:25.000000000,0 days 00:15:08.763268000
15,2019-12-02 16:57:00.000000,2019-12-02 16:57:25.000000,2019-12-02 17:14:02.704165,2019-12-02 17:14:26.848304,,,,Onsite,2,46,50,0 days 00:00:25.000000000,0 days 00:17:01.848304000
16,2019-12-02 17:54:00.000000,2019-12-02 17:54:45.000000,2019-12-02 18:12:28.212984,2019-12-02 18:13:13.212984,2019-12-02 18:50:23.945842,2019-12-02 18:51:08.945842,2019-12-02 19:07:19.547502,Replace,2,46,50,0 days 00:00:45.000000000,0 days 00:18:28.212984000
17,2019-12-02 18:49:00.000000,2019-12-02 18:49:25.000000,2019-12-02 19:04:44.138456,2019-12-02 19:05:06.913837,,,,Onsite,2,46,50,0 days 00:00:25.000000000,0 days 00:15:41.913837000
18,2019-12-02 20:18:00.000000,2019-12-02 20:18:55.000000,2019-12-02 20:32:36.050572,2019-12-02 20:32:42.536595,,,,Onsite,2,46,50,0 days 00:00:55.000000000,0 days 00:13:47.536595000
19,2019-12-02 21:15:00.000000,2019-12-02 21:15:35.000000,2019-12-02 21:31:38.170879,2019-12-02 21:32:13.170879,2019-12-02 22:07:16.792245,2019-12-02 22:07:51.792245,2019-12-02 22:24:11.330821,Replace,2,46,50,0 days 00:00:35.000000000,0 days 00:16:38.170879000
0,2019-12-02 01:12:00.000000,2019-12-02 00:00:45.000000,2019-12-02 00:19:49.674008,2019-12-02 00:20:34.674008,2019-12-02 00:49:21.828879,2019-12-02 00:50:06.828879,2019-12-02 01:08:58.087327,Replace,3,46,50,-1 days +22:48:45.000000000,0 days 00:19:49.674008000
1,2019-12-02 00:46:00.000000,2019-12-02 00:46:50.000000,2019-12-02 01:03:54.310798,2019-12-02 01:04:16.219847,,,,Onsite,3,46,50,0 days 00:00:50.000000000,0 days 00:17:26.219847000
2,2019-12-02 01:56:00.000000,2019-12-02 01:56:45.000000,2019-12-02 02:11:27.463988,2019-12-02 02:11:34.883223,,,,Onsite,3,46,50,0 days 00:00:45.000000000,0 days 00:14:49.883223000
3,2019-12-02 03:06:00.000000,2019-12-02 03:06:45.000000,2019-12-02 03:22:35.896105,2019-12-02 03:23:20.896105,2019-12-02 03:56:54.653816,2019-12-02 03:57:39.653816,2019-12-02 04:20:52.629306,Replace,3,46,50,0 days 00:00:45.000000000,0 days 00:16:35.896105000
4,2019-12-02 04:27:00.000000,2019-12-02 04:27:55.000000,2019-12-02 04:48:37.571585,2019-12-02 04:49:32.571585,2019-12-02 05:19:16.651984,2019-12-02 05:20:11.651984,2019-12-02 05:35:53.023850,Replace,3,46,50,0 days 00:00:55.000000000,0 days 00:21:37.571585000
5,2019-12-02 05:39:00.000000,2019-12-02 05:39:45.000000,2019-12-02 05:55:33.966173,2019-12-02 05:56:18.966173,2019-12-02 06:48:31.871842,2019-12-02 06:49:16.871842,2019-12-02 07:09:54.542921,Replace,3,46,50,0 days 00:00:45.000000000,0 days 00:16:33.966173000
6,2019-12-02 07:03:00.000000,2019-12-02 07:03:35.000000,2019-12-02 07:18:37.250091,2019-12-02 07:18:54.490973,,,,Onsite,3,46,50,0 days 00:00:35.000000000,0 days 00:15:19.490973000
7,2019-12-02 08:11:00.000000,2019-12-02 08:11:45.000000,2019-12-02 08:27:58.178852,2019-12-02 08:28:43.178852,2019-12-02 08:51:18.562341,2019-12-02 08:52:03.562341,2019-12-02 09:05:42.790630,Replace,3,46,50,0 days 00:00:45.000000000,0 days 00:16:58.178852000
8,2019-12-02 09:28:00.000000,2019-12-02 09:28:45.000000,2019-12-02 09:42:07.791894,2019-12-02 09:42:16.583314,,,,Onsite,3,46,50,0 days 00:00:45.000000000,0 days 00:13:31.583314000
9,2019-12-02 10:42:00.000000,2019-12-02 10:42:30.000000,2019-12-02 10:58:46.628778,2019-12-02 10:59:16.628778,2019-12-02 11:30:43.757743,2019-12-02 11:31:13.757743,2019-12-02 11:47:41.185417,Replace,3,46,50,0 days 00:00:30.000000000,0 days 00:16:46.628778000
10,2019-12-02 12:00:00.000000,2019-12-02 12:00:45.000000,2019-12-02 12:20:26.222830,2019-12-02 12:20:41.427042,,,,Onsite,3,46,50,0 days 00:00:45.000000000,0 days 00:19:56.427042000
11,2019-12-02 13:07:00.000000,2019-12-02 13:07:45.000000,2019-12-02 13:25:31.818779,2019-12-02 13:26:16.818779,2019-12-02 14:01:29.658553,2019-12-02 14:02:14.658553,2019-12-02 14:22:57.506492,Replace,3,46,50,0 days 00:00:45.000000000,0 days 00:18:31.818779000
12,2019-12-02 14:16:00.000000,2019-12-02 14:16:35.000000,2019-12-02 14:30:12.514410,2019-12-02 14:30:29.940815,,,,Onsite,3,46,50,0 days 00:00:35.000000000,0 days 00:13:54.940815000
13,2019-12-02 15:28:00.000000,2019-12-02 15:28:55.000000,2019-12-02 15:44:57.268219,2019-12-02 15:45:09.840518,,,,Onsite,3,46,50,0 days 00:00:55.000000000,0 days 00:16:14.840518000
14,2019-12-02 16:31:00.000000,2019-12-02 16:31:30.000000,2019-12-02 16:49:34.819487,2019-12-02 16:50:04.819487,2019-12-02 17:32:52.979129,2019-12-02 17:33:22.979129,2019-12-02 17:51:15.963991,Replace,3,46,50,0 days 00:00:30.000000000,0 days 00:18:34.819487000
15,2019-12-02 17:48:00.000000,2019-12-02 17:48:45.000000,2019-12-02 18:11:15.787116,2019-12-02 18:12:00.787116,2019-12-02 18:44:49.147002,2019-12-02 18:45:34.147002,2019-12-02 19:06:38.827743,Replace,3,46,50,0 days 00:00:45.000000000,0 days 00:23:15.787116000
16,2019-12-02 18:47:00.000000,2019-12-02 18:47:35.000000,2019-12-02 19:02:29.646186,2019-12-02 19:03:04.646186,2019-12-02 19:44:31.527919,2019-12-02 19:45:06.527919,2019-12-02 20:01:30.760279,Replace,3,46,50,0 days 00:00:35.000000000,0 days 00:15:29.646186000
17,2019-12-02 19:46:00.000000,2019-12-02 19:46:55.000000,2019-12-02 20:04:07.604413,2019-12-02 20:04:16.823052,,,,Onsite,3,46,50,0 days 00:00:55.000000000,0 days 00:17:21.823052000
18,2019-12-02 20:53:00.000000,2019-12-02 20:53:50.000000,2019-12-02 21:13:01.677433,2019-12-02 21:13:51.677433,2019-12-02 21:43:48.846288,2019-12-02 21:44:38.846288,2019-12-02 22:02:44.367106,Replace,3,46,50,0 days 00:00:50.000000000,0 days 00:20:01.677433000
19,2019-12-02 22:10:00.000000,2019-12-02 22:10:45.000000,2019-12-02 22:25:19.452881,2019-12-02 22:25:29.536207,,,,Onsite,3,46,50,0 days 00:00:45.000000000,0 days 00:14:44.536207000
0,2019-12-02 01:21:00.000000,2019-12-02 00:00:55.000000,2019-12-02 00:11:58.908865,2019-12-02 00:12:06.002615,,,,Onsite,4,46,50,-1 days +22:39:55.000000000,0 days 00:11:11.002615000
1,2019-12-02 01:26:00.000000,2019-12-02 01:26:50.000000,2019-12-02 01:39:18.550801,2019-12-02 01:39:39.277600,,,,Onsite,4,46,50,0 days 00:00:50.000000000,0 days 00:12:49.277600000
2,2019-12-02 02:36:00.000000,2019-12-02 02:36:55.000000,2019-12-02 02:51:45.859644,2019-12-02 02:52:40.859644,2019-12-02 03:48:27.822692,2019-12-02 03:49:22.822692,2019-12-02 04:07:56.570558,Replace,4,46,50,0 days 00:00:55.000000000,0 days 00:15:45.859644000
3,2019-12-02 03:43:00.000000,2019-12-02 03:43:45.000000,2019-12-02 03:53:59.844088,2019-12-02 03:54:44.844088,2019-12-02 04:31:57.303576,2019-12-02 04:32:42.303576,2019-12-02 04:47:00.178906,Replace,4,46,50,0 days 00:00:45.000000000,0 days 00:10:59.844088000
4,2019-12-02 05:04:00.000000,2019-12-02 05:04:50.000000,2019-12-02 05:20:32.147238,2019-12-02 05:21:22.147238,2019-12-02 05:54:59.815635,2019-12-02 05:55:49.815635,2019-12-02 06:12:45.362153,Replace,4,46,50,0 days 00:00:50.000000000,0 days 00:16:32.147238000
5,2019-12-02 06:20:00.000000,2019-12-02 06:20:35.000000,2019-12-02 06:32:28.609621,2019-12-02 06:32:45.998823,,,,Onsite,4,46,50,0 days 00:00:35.000000000,0 days 00:12:10.998823000
6,2019-12-02 07:16:00.000000,2019-12-02 07:16:25.000000,2019-12-02 07:34:30.857935,2019-12-02 07:34:55.857935,2019-12-02 08:11:30.783349,2019-12-02 08:11:55.783349,2019-12-02 08:24:07.078752,Replace,4,46,50,0 days 00:00:25.000000000,0 days 00:18:30.857935000
7,2019-12-02 08:27:00.000000,2019-12-02 08:27:45.000000,2019-12-02 08:42:53.388462,2019-12-02 08:43:38.388462,2019-12-02 09:24:31.624467,2019-12-02 09:25:16.624467,2019-12-02 09:37:56.397568,Replace,4,46,50,0 days 00:00:45.000000000,0 days 00:15:53.388462000
8,2019-12-02 09:45:00.000000,2019-12-02 09:45:30.000000,2019-12-02 09:59:10.081672,2019-12-02 09:59:40.081672,2019-12-02 10:35:10.446064,2019-12-02 10:35:40.446064,2019-12-02 10:53:54.794577,Replace,4,46,50,0 days 00:00:30.000000000,0 days 00:14:10.081672000
9,2019-12-02 10:58:00.000000,2019-12-02 10:58:35.000000,2019-12-02 11:12:38.683104,2019-12-02 11:13:13.683104,2019-12-02 11:49:18.277080,2019-12-02 11:49:53.277080,2019-12-02 12:13:23.480243,Replace,4,46,50,0 days 00:00:35.000000000,0 days 00:14:38.683104000
10,2019-12-02 12:03:00.000000,2019-12-02 12:03:35.000000,2019-12-02 12:17:47.104309,2019-12-02 12:18:22.104309,2019-12-02 12:56:43.383175,2019-12-02 12:57:18.383175,2019-12-02 13:16:27.488421,Replace,4,46,50,0 days 00:00:35.000000000,0 days 00:14:47.104309000
11,2019-12-02 13:10:00.000000,2019-12-02 13:10:45.000000,2019-12-02 13:26:41.461532,2019-12-02 13:26:49.031118,,,,Onsite,4,46,50,0 days 00:00:45.000000000,0 days 00:16:04.031118000
12,2019-12-02 14:08:00.000000,2019-12-02 14:08:45.000000,2019-12-02 14:26:38.059341,2019-12-02 14:26:43.606750,,,,Onsite,4,46,50,0 days 00:00:45.000000000,0 days 00:17:58.606750000
13,2019-12-02 14:53:00.000000,2019-12-02 14:53:30.000000,2019-12-02 15:04:13.397644,2019-12-02 15:04:43.397644,2019-12-02 15:42:17.380053,2019-12-02 15:42:47.380053,2019-12-02 15:56:37.487118,Replace,4,46,50,0 days 00:00:30.000000000,0 days 00:11:13.397644000
14,2019-12-02 15:56:00.000000,2019-12-02 15:56:30.000000,2019-12-02 16:13:34.367612,2019-12-02 16:14:04.367612,2019-12-02 16:37:36.936319,2019-12-02 16:38:06.936319,2019-12-02 16:58:34.159672,Replace,4,46,50,0 days 00:00:30.000000000,0 days 00:17:34.367612000
15,2019-12-02 17:21:00.000000,2019-12-02 17:21:55.000000,2019-12-02 17:40:14.902026,2019-12-02 17:41:09.902026,2019-12-02 18:24:12.029583,2019-12-02 18:25:07.029583,2019-12-02 18:39:56.203657,Replace,4,46,50,0 days 00:00:55.000000000,0 days 00:19:14.902026000
16,2019-12-02 18:18:00.000000,2019-12-02 18:18:45.000000,2019-12-02 18:35:04.561194,2019-12-02 18:35:29.858175,,,,Onsite,4,46,50,0 days 00:00:45.000000000,0 days 00:16:44.858175000
17,2019-12-02 19:21:00.000000,2019-12-02 19:21:45.000000,2019-12-02 19:32:33.929941,2019-12-02 19:32:40.613294,,,,Onsite,4,46,50,0 days 00:00:45.000000000,0 days 00:10:55.613294000
18,2019-12-02 20:43:00.000000,2019-12-02 20:43:25.000000,2019-12-02 21:03:00.862839,2019-12-02 21:03:25.862839,2019-12-02 21:38:11.834385,2019-12-02 21:38:36.834385,2019-12-02 21:53:25.377784,Replace,4,46,50,0 days 00:00:25.000000000,0 days 00:20:00.862839000
19,2019-12-02 21:30:00.000000,2019-12-02 21:30:45.000000,2019-12-02 21:42:58.020874,2019-12-02 21:43:10.855699,,,,Onsite,4,46,50,0 days 00:00:45.000000000,0 days 00:12:25.855699000
20,2019-12-02 22:31:00.000000,2019-12-02 22:31:45.000000,2019-12-02 22:47:21.912997,2019-12-02 22:47:29.321500,,,,Onsite,4,46,50,0 days 00:00:45.000000000,0 days 00:15:44.321500000
0,2019-12-02 01:06:00.000000,2019-12-02 00:00:45.000000,2019-12-02 00:19:20.625601,2019-12-02 00:20:05.625601,2019-12-02 00:53:19.150917,2019-12-02 00:54:04.150917,2019-12-02 01:15:15.047804,Replace,5,46,50,-1 days +22:54:45.000000000,0 days 00:19:20.625601000
1,2019-12-02 01:13:00.000000,2019-12-02 01:13:45.000000,2019-12-02 01:31:20.460919,2019-12-02 01:31:38.121797,,,,Onsite,5,46,50,0 days 00:00:45.000000000,0 days 00:17:53.121797000
2,2019-12-02 02:03:00.000000,2019-12-02 02:03:35.000000,2019-12-02 02:21:22.920165,2019-12-02 02:21:39.487862,,,,Onsite,5,46,50,0 days 00:00:35.000000000,0 days 00:18:04.487862000
3,2019-12-02 03:10:00.000000,2019-12-02 03:10:45.000000,2019-12-02 03:27:35.732023,2019-12-02 03:28:10.008567,,,,Onsite,5,46,50,0 days 00:00:45.000000000,0 days 00:17:25.008567000
4,2019-12-02 04:19:00.000000,2019-12-02 04:19:45.000000,2019-12-02 04:36:49.351812,2019-12-02 04:37:34.351812,2019-12-02 05:04:58.845033,2019-12-02 05:05:43.845033,2019-12-02 05:24:18.479643,Replace,5,46,50,0 days 00:00:45.000000000,0 days 00:17:49.351812000
5,2019-12-02 05:30:00.000000,2019-12-02 05:30:45.000000,2019-12-02 05:48:19.558915,2019-12-02 05:48:33.076109,,,,Onsite,5,46,50,0 days 00:00:45.000000000,0 days 00:17:48.076109000
6,2019-12-02 06:34:00.000000,2019-12-02 06:34:50.000000,2019-12-02 06:49:59.458373,2019-12-02 06:50:11.196533,,,,Onsite,5,46,50,0 days 00:00:50.000000000,0 days 00:15:21.196533000
7,2019-12-02 07:56:00.000000,2019-12-02 07:56:30.000000,2019-12-02 08:11:14.996383,2019-12-02 08:11:31.171884,,,,Onsite,5,46,50,0 days 00:00:30.000000000,0 days 00:15:01.171884000
8,2019-12-02 09:03:00.000000,2019-12-02 09:03:25.000000,2019-12-02 09:19:35.707379,2019-12-02 09:19:40.129956,,,,Onsite,5,46,50,0 days 00:00:25.000000000,0 days 00:16:15.129956000
9,2019-12-02 10:11:00.000000,2019-12-02 10:11:45.000000,2019-12-02 10:27:36.013528,2019-12-02 10:28:21.013528,2019-12-02 10:58:23.331647,2019-12-02 10:59:08.331647,2019-12-02 11:22:14.670342,Replace,5,46,50,0 days 00:00:45.000000000,0 days 00:16:36.013528000
10,2019-12-02 11:34:00.000000,2019-12-02 11:34:30.000000,2019-12-02 11:49:41.951417,2019-12-02 11:49:52.864033,,,,Onsite,5,46,50,0 days 00:00:30.000000000,0 days 00:15:22.864033000
11,2019-12-02 12:35:00.000000,2019-12-02 12:35:45.000000,2019-12-02 12:51:05.501879,2019-12-02 12:51:50.501879,2019-12-02 13:44:27.236687,2019-12-02 13:45:12.236687,2019-12-02 13:59:13.960681,Replace,5,46,50,0 days 00:00:45.000000000,0 days 00:16:05.501879000
12,2019-12-02 13:37:00.000000,2019-12-02 13:37:35.000000,2019-12-02 13:54:50.868692,2019-12-02 13:55:25.868692,2019-12-02 14:34:07.603801,2019-12-02 14:34:42.603801,2019-12-02 14:49:11.198086,Replace,5,46,50,0 days 00:00:35.000000000,0 days 00:17:50.868692000
13,2019-12-02 14:47:00.000000,2019-12-02 14:47:45.000000,2019-12-02 15:05:50.860555,2019-12-02 15:06:09.088929,,,,Onsite,5,46,50,0 days 00:00:45.000000000,0 days 00:18:24.088929000
14,2019-12-02 16:06:00.000000,2019-12-02 16:06:30.000000,2019-12-02 16:21:46.111020,2019-12-02 16:21:57.558615,,,,Onsite,5,46,50,0 days 00:00:30.000000000,0 days 00:15:27.558615000
15,2019-12-02 17:04:00.000000,2019-12-02 17:04:45.000000,2019-12-02 17:20:19.151665,2019-12-02 17:20:44.848510,,,,Onsite,5,46,50,0 days 00:00:45.000000000,0 days 00:15:59.848510000
16,2019-12-02 17:58:00.000000,2019-12-02 17:58:45.000000,2019-12-02 18:13:33.734219,2019-12-02 18:14:18.734219,2019-12-02 18:53:31.509952,2019-12-02 18:54:16.509952,2019-12-02 19:12:12.382818,Replace,5,46,50,0 days 00:00:45.000000000,0 days 00:15:33.734219000
17,2019-12-02 18:56:00.000000,2019-12-02 18:56:25.000000,2019-12-02 19:08:18.807837,2019-12-02 19:08:33.596860,,,,Onsite,5,46,50,0 days 00:00:25.000000000,0 days 00:12:08.596860000
18,2019-12-02 20:02:00.000000,2019-12-02 20:02:45.000000,2019-12-02 20:17:38.194563,2019-12-02 20:18:23.194563,2019-12-02 20:47:27.688085,2019-12-02 20:48:12.688085,2019-12-02 21:05:25.710814,Replace,5,46,50,0 days 00:00:45.000000000,0 days 00:15:38.194563000
19,2019-12-02 21:32:00.000000,2019-12-02 21:32:45.000000,2019-12-02 21:52:00.970925,2019-12-02 21:52:45.970925,2019-12-02 22:28:50.525773,2019-12-02 22:29:35.525773,2019-12-02 22:45:15.921201,Replace,5,46,50,0 days 00:00:45.000000000,0 days 00:20:00.970925000
0,2019-12-02 01:13:00.000000,2019-12-02 00:00:35.000000,2019-12-02 00:13:47.163439,2019-12-02 00:14:22.163439,2019-12-02 00:50:36.390901,2019-12-02 00:51:11.390901,2019-12-02 01:11:32.935482,Replace,6,46,50,-1 days +22:47:35.000000000,0 days 00:13:47.163439000
1,2019-12-02 01:05:00.000000,2019-12-02 01:05:55.000000,2019-12-02 01:30:28.529389,2019-12-02 01:31:23.529389,2019-12-02 02:12:30.820517,2019-12-02 02:13:25.820517,2019-12-02 02:34:43.266594,Replace,6,46,50,0 days 00:00:55.000000000,0 days 00:25:28.529389000
2,2019-12-02 02:13:00.000000,2019-12-02 02:13:25.000000,2019-12-02 02:32:22.355423,2019-12-02 02:32:47.355423,2019-12-02 03:18:15.454872,2019-12-02 03:18:40.454872,2019-12-02 03:41:57.043780,Replace,6,46,50,0 days 00:00:25.000000000,0 days 00:19:22.355423000
3,2019-12-02 03:29:00.000000,2019-12-02 03:29:45.000000,2019-12-02 03:52:21.192042,2019-12-02 03:53:06.192042,2019-12-02 04:22:44.372162,2019-12-02 04:23:29.372162,2019-12-02 04:39:08.056907,Replace,6,46,50,0 days 00:00:45.000000000,0 days 00:23:21.192042000
4,2019-12-02 04:29:00.000000,2019-12-02 04:29:45.000000,2019-12-02 04:52:55.451546,2019-12-02 04:53:40.451546,2019-12-02 05:22:59.265256,2019-12-02 05:23:44.265256,2019-12-02 05:40:05.892688,Replace,6,46,50,0 days 00:00:45.000000000,0 days 00:23:55.451546000
5,2019-12-02 05:45:00.000000,2019-12-02 05:45:45.000000,2019-12-02 05:57:58.675207,2019-12-02 05:58:10.184175,,,,Onsite,6,46,50,0 days 00:00:45.000000000,0 days 00:12:25.184175000
6,2019-12-02 07:04:00.000000,2019-12-02 07:04:45.000000,2019-12-02 07:24:07.022352,2019-12-02 07:24:52.022352,2019-12-02 08:02:34.428975,2019-12-02 08:03:19.428975,2019-12-02 08:27:10.303849,Replace,6,46,50,0 days 00:00:45.000000000,0 days 00:20:07.022352000
7,2019-12-02 07:57:00.000000,2019-12-02 07:57:45.000000,2019-12-02 08:09:33.485064,2019-12-02 08:09:54.715849,,,,Onsite,6,46,50,0 days 00:00:45.000000000,0 days 00:12:09.715849000
8,2019-12-02 08:56:00.000000,2019-12-02 08:56:25.000000,2019-12-02 09:21:44.853203,2019-12-02 09:22:09.853203,2019-12-02 10:07:11.984043,2019-12-02 10:07:36.984043,2019-12-02 10:20:48.366916,Replace,6,46,50,0 days 00:00:25.000000000,0 days 00:25:44.853203000
9,2019-12-02 09:51:00.000000,2019-12-02 09:51:55.000000,2019-12-02 10:16:01.648478,2019-12-02 10:16:56.648478,2019-12-02 10:48:50.644326,2019-12-02 10:49:45.644326,2019-12-02 11:04:42.235053,Replace,6,46,50,0 days 00:00:55.000000000,0 days 00:25:01.648478000
10,2019-12-02 10:57:00.000000,2019-12-02 10:57:50.000000,2019-12-02 11:15:27.565648,2019-12-02 11:15:59.386404,,,,Onsite,6,46,50,0 days 00:00:50.000000000,0 days 00:18:09.386404000
11,2019-12-02 11:58:00.000000,2019-12-02 11:58:45.000000,2019-12-02 12:12:33.001449,2019-12-02 12:12:48.937202,,,,Onsite,6,46,50,0 days 00:00:45.000000000,0 days 00:14:03.937202000
12,2019-12-02 13:21:00.000000,2019-12-02 13:21:55.000000,2019-12-02 13:39:07.639337,2019-12-02 13:39:27.506433,,,,Onsite,6,46,50,0 days 00:00:55.000000000,0 days 00:17:32.506433000
13,2019-12-02 14:19:00.000000,2019-12-02 14:19:45.000000,2019-12-02 14:37:06.960690,2019-12-02 14:37:51.960690,2019-12-02 15:10:56.772146,2019-12-02 15:11:41.772146,2019-12-02 15:28:52.986781,Replace,6,46,50,0 days 00:00:45.000000000,0 days 00:18:06.960690000
14,2019-12-02 15:35:00.000000,2019-12-02 15:35:45.000000,2019-12-02 15:54:17.014305,2019-12-02 15:55:02.014305,2019-12-02 16:19:04.360319,2019-12-02 16:19:49.360319,2019-12-02 16:34:38.218009,Replace,6,46,50,0 days 00:00:45.000000000,0 days 00:19:17.014305000
15,2019-12-02 16:46:00.000000,2019-12-02 16:46:35.000000,2019-12-02 17:02:41.595858,2019-12-02 17:03:16.595858,2019-12-02 17:46:49.488925,2019-12-02 17:47:24.488925,2019-12-02 18:01:52.460915,Replace,6,46,50,0 days 00:00:35.000000000,0 days 00:16:41.595858000
16,2019-12-02 17:57:00.000000,2019-12-02 17:57:35.000000,2019-12-02 18:11:01.127290,2019-12-02 18:11:36.127290,2019-12-02 18:40:45.749399,2019-12-02 18:41:20.749399,2019-12-02 18:57:31.165343,Replace,6,46,50,0 days 00:00:35.000000000,0 days 00:14:01.127290000
17,2019-12-02 19:01:00.000000,2019-12-02 19:01:45.000000,2019-12-02 19:15:25.348041,2019-12-02 19:15:32.858418,,,,Onsite,6,46,50,0 days 00:00:45.000000000,0 days 00:13:47.858418000
18,2019-12-02 20:18:00.000000,2019-12-02 20:18:25.000000,2019-12-02 20:40:47.476479,2019-12-02 20:41:12.476479,2019-12-02 21:26:07.134049,2019-12-02 21:26:32.134049,2019-12-02 21:43:11.531640,Replace,6,46,50,0 days 00:00:25.000000000,0 days 00:22:47.476479000
19,2019-12-02 21:30:00.000000,2019-12-02 21:30:35.000000,2019-12-02 21:44:24.599142,2019-12-02 21:44:44.342963,,,,Onsite,6,46,50,0 days 00:00:35.000000000,0 days 00:14:09.342963000
0,2019-12-02 01:00:00.000000,2019-12-02 00:00:50.000000,2019-12-02 00:15:13.557792,2019-12-02 00:15:30.692665,,,,Onsite,7,46,50,-1 days +23:00:50.000000000,0 days 00:14:40.692665000
1,2019-12-02 01:16:00.000000,2019-12-02 01:16:35.000000,2019-12-02 01:32:07.035711,2019-12-02 01:32:13.781859,,,,Onsite,7,46,50,0 days 00:00:35.000000000,0 days 00:15:38.781859000
2,2019-12-02 02:18:00.000000,2019-12-02 02:18:50.000000,2019-12-02 02:37:43.257450,2019-12-02 02:38:33.257450,2019-12-02 03:12:45.109096,2019-12-02 03:13:35.109096,2019-12-02 03:31:26.874573,Replace,7,46,50,0 days 00:00:50.000000000,0 days 00:19:43.257450000
3,2019-12-02 03:28:00.000000,2019-12-02 03:28:50.000000,2019-12-02 03:43:03.505906,2019-12-02 03:43:53.505906,2019-12-02 04:34:38.545096,2019-12-02 04:35:28.545096,2019-12-02 04:57:57.097891,Replace,7,46,50,0 days 00:00:50.000000000,0 days 00:15:03.505906000
4,2019-12-02 04:44:00.000000,2019-12-02 04:44:50.000000,2019-12-02 04:53:44.549473,2019-12-02 04:54:34.549473,2019-12-02 05:22:05.672972,2019-12-02 05:22:55.672972,2019-12-02 05:38:58.745597,Replace,7,46,50,0 days 00:00:50.000000000,0 days 00:09:44.549473000
5,2019-12-02 05:53:00.000000,2019-12-02 05:53:45.000000,2019-12-02 06:09:12.495063,2019-12-02 06:09:19.632544,,,,Onsite,7,46,50,0 days 00:00:45.000000000,0 days 00:15:34.632544000
6,2019-12-02 08:02:00.000000,2019-12-02 08:02:25.000000,2019-12-02 08:20:40.174764,2019-12-02 08:20:48.376993,,,,Onsite,7,46,50,0 days 00:00:25.000000000,0 days 00:18:23.376993000
7,2019-12-02 07:05:00.000000,2019-12-02 07:05:55.000000,2019-12-02 07:23:58.748566,2019-12-02 07:24:53.748566,2019-12-02 08:01:13.332051,2019-12-02 08:02:08.332051,2019-12-02 08:21:52.041641,Replace,7,46,50,0 days 00:00:55.000000000,0 days 00:18:58.748566000
8,2019-12-02 09:02:00.000000,2019-12-02 09:02:55.000000,2019-12-02 09:12:22.525183,2019-12-02 09:13:17.525183,2019-12-02 09:42:25.191228,2019-12-02 09:43:20.191228,2019-12-02 09:56:10.415913,Replace,7,46,50,0 days 00:00:55.000000000,0 days 00:10:22.525183000
9,2019-12-02 10:13:00.000000,2019-12-02 10:13:45.000000,2019-12-02 10:28:02.428553,2019-12-02 10:28:47.428553,2019-12-02 10:50:28.883048,2019-12-02 10:51:13.883048,2019-12-02 11:09:38.468160,Replace,7,46,50,0 days 00:00:45.000000000,0 days 00:15:02.428553000
10,2019-12-02 11:02:00.000000,2019-12-02 11:02:45.000000,2019-12-02 11:14:50.953024,2019-12-02 11:15:35.953024,2019-12-02 11:42:41.465929,2019-12-02 11:43:26.465929,2019-12-02 11:55:08.523271,Replace,7,46,50,0 days 00:00:45.000000000,0 days 00:12:50.953024000
11,2019-12-02 12:15:00.000000,2019-12-02 12:15:25.000000,2019-12-02 12:30:20.364312,2019-12-02 12:30:22.477367,,,,Onsite,7,46,50,0 days 00:00:25.000000000,0 days 00:14:57.477367000
12,2019-12-02 13:19:00.000000,2019-12-02 13:19:30.000000,2019-12-02 13:39:56.213419,2019-12-02 13:40:26.213419,2019-12-02 14:10:34.932085,2019-12-02 14:11:04.932085,2019-12-02 14:27:13.377982,Replace,7,46,50,0 days 00:00:30.000000000,0 days 00:20:56.213419000
13,2019-12-02 14:17:00.000000,2019-12-02 14:17:55.000000,2019-12-02 14:31:52.480356,2019-12-02 14:32:47.480356,2019-12-02 15:13:14.546238,2019-12-02 15:14:09.546238,2019-12-02 15:36:37.701621,Replace,7,46,50,0 days 00:00:55.000000000,0 days 00:14:52.480356000
14,2019-12-02 15:32:00.000000,2019-12-02 15:32:45.000000,2019-12-02 15:52:20.108056,2019-12-02 15:53:05.108056,2019-12-02 16:21:19.820606,2019-12-02 16:22:04.820606,2019-12-02 16:33:33.176692,Replace,7,46,50,0 days 00:00:45.000000000,0 days 00:20:20.108056000
15,2019-12-02 16:48:00.000000,2019-12-02 16:48:55.000000,2019-12-02 17:04:28.661107,2019-12-02 17:04:41.285714,,,,Onsite,7,46,50,0 days 00:00:55.000000000,0 days 00:15:46.285714000
16,2019-12-02 17:59:00.000000,2019-12-02 17:59:25.000000,2019-12-02 18:17:30.182533,2019-12-02 18:17:55.182533,2019-12-02 19:06:20.124505,2019-12-02 19:06:45.124505,2019-12-02 19:20:51.295684,Replace,7,46,50,0 days 00:00:25.000000000,0 days 00:18:30.182533000
17,2019-12-02 19:15:00.000000,2019-12-02 19:15:45.000000,2019-12-02 19:30:19.293257,2019-12-02 19:31:04.293257,2019-12-02 20:05:56.387108,2019-12-02 20:06:41.387108,2019-12-02 20:20:12.950014,Replace,7,46,50,0 days 00:00:45.000000000,0 days 00:15:19.293257000
18,2019-12-02 20:16:00.000000,2019-12-02 20:16:45.000000,2019-12-02 20:35:21.986902,2019-12-02 20:35:48.468276,,,,Onsite,7,46,50,0 days 00:00:45.000000000,0 days 00:19:03.468276000
19,2019-12-02 21:26:00.000000,2019-12-02 21:26:30.000000,2019-12-02 21:43:23.369292,2019-12-02 21:43:53.369292,2019-12-02 22:15:11.174091,2019-12-02 22:15:41.174091,2019-12-02 22:30:38.565560,Replace,7,46,50,0 days 00:00:30.000000000,0 days 00:17:23.369292000
0,2019-12-02 01:12:00.000000,2019-12-02 00:00:35.000000,2019-12-02 00:15:05.471320,2019-12-02 00:15:40.471320,2019-12-02 00:54:36.812820,2019-12-02 00:55:11.812820,2019-12-02 01:14:32.075992,Replace,8,46,50,-1 days +22:48:35.000000000,0 days 00:15:05.471320000
1,2019-12-02 00:53:00.000000,2019-12-02 00:53:30.000000,2019-12-02 01:08:35.335957,2019-12-02 01:09:05.335957,2019-12-02 02:02:38.793512,2019-12-02 02:03:08.793512,2019-12-02 02:21:17.379068,Replace,8,46,50,0 days 00:00:30.000000000,0 days 00:15:35.335957000
2,2019-12-02 01:56:00.000000,2019-12-02 01:56:50.000000,2019-12-02 02:17:21.616839,2019-12-02 02:18:11.616839,2019-12-02 03:13:21.551764,2019-12-02 03:14:11.551764,2019-12-02 03:34:06.705768,Replace,8,46,50,0 days 00:00:50.000000000,0 days 00:21:21.616839000
3,2019-12-02 02:53:00.000000,2019-12-02 02:53:50.000000,2019-12-02 03:09:50.879458,2019-12-02 03:10:40.879458,2019-12-02 03:53:54.243716,2019-12-02 03:54:44.243716,2019-12-02 04:13:00.808541,Replace,8,46,50,0 days 00:00:50.000000000,0 days 00:16:50.879458000
4,2019-12-02 03:51:00.000000,2019-12-02 03:51:25.000000,2019-12-02 04:11:30.307537,2019-12-02 04:11:52.496461,,,,Onsite,8,46,50,0 days 00:00:25.000000000,0 days 00:20:27.496461000
5,2019-12-02 04:44:00.000000,2019-12-02 04:44:45.000000,2019-12-02 05:05:05.012252,2019-12-02 05:05:50.012252,2019-12-02 05:41:12.397208,2019-12-02 05:41:57.397208,2019-12-02 05:57:25.998597,Replace,8,46,50,0 days 00:00:45.000000000,0 days 00:21:05.012252000
6,2019-12-02 05:53:00.000000,2019-12-02 05:53:45.000000,2019-12-02 06:08:22.686968,2019-12-02 06:08:42.859307,,,,Onsite,8,46,50,0 days 00:00:45.000000000,0 days 00:14:57.859307000
7,2019-12-02 07:05:00.000000,2019-12-02 07:05:45.000000,2019-12-02 07:25:16.994425,2019-12-02 07:26:01.994425,2019-12-02 07:57:14.222511,2019-12-02 07:57:59.222511,2019-12-02 08:12:32.208869,Replace,8,46,50,0 days 00:00:45.000000000,0 days 00:20:16.994425000
8,2019-12-02 08:20:00.000000,2019-12-02 08:20:30.000000,2019-12-02 08:35:07.562583,2019-12-02 08:35:37.562583,2019-12-02 09:13:14.299747,2019-12-02 09:13:44.299747,2019-12-02 09:36:10.588278,Replace,8,46,50,0 days 00:00:30.000000000,0 days 00:15:07.562583000
9,2019-12-02 09:26:00.000000,2019-12-02 09:26:55.000000,2019-12-02 09:39:36.806135,2019-12-02 09:40:31.806135,2019-12-02 10:28:01.931802,2019-12-02 10:28:56.931802,2019-12-02 10:45:47.305638,Replace,8,46,50,0 days 00:00:55.000000000,0 days 00:13:36.806135000
10,2019-12-02 10:37:00.000000,2019-12-02 10:37:55.000000,2019-12-02 10:59:00.609071,2019-12-02 10:59:12.450870,,,,Onsite,8,46,50,0 days 00:00:55.000000000,0 days 00:21:17.450870000
11,2019-12-02 11:57:00.000000,2019-12-02 11:57:45.000000,2019-12-02 12:17:47.633074,2019-12-02 12:17:54.593858,,,,Onsite,8,46,50,0 days 00:00:45.000000000,0 days 00:20:09.593858000
12,2019-12-02 13:04:00.000000,2019-12-02 13:04:35.000000,2019-12-02 13:17:33.975367,2019-12-02 13:18:08.975367,2019-12-02 14:14:12.919198,2019-12-02 14:14:47.919198,2019-12-02 14:32:17.382751,Replace,8,46,50,0 days 00:00:35.000000000,0 days 00:13:33.975367000
13,2019-12-02 14:07:00.000000,2019-12-02 14:07:25.000000,2019-12-02 14:25:04.210507,2019-12-02 14:25:19.912432,,,,Onsite,8,46,50,0 days 00:00:25.000000000,0 days 00:17:54.912432000
14,2019-12-02 15:05:00.000000,2019-12-02 15:05:25.000000,2019-12-02 15:21:05.525518,2019-12-02 15:21:30.525518,2019-12-02 15:47:20.830830,2019-12-02 15:47:45.830830,2019-12-02 16:08:17.491905,Replace,8,46,50,0 days 00:00:25.000000000,0 days 00:16:05.525518000
15,2019-12-02 16:07:00.000000,2019-12-02 16:07:55.000000,2019-12-02 16:25:17.453491,2019-12-02 16:26:12.453491,2019-12-02 16:58:55.608911,2019-12-02 16:59:50.608911,2019-12-02 17:15:36.155018,Replace,8,46,50,0 days 00:00:55.000000000,0 days 00:18:17.453491000
16,2019-12-02 17:33:00.000000,2019-12-02 17:33:45.000000,2019-12-02 17:46:24.694853,2019-12-02 17:47:09.694853,2019-12-02 18:15:23.889856,2019-12-02 18:16:08.889856,2019-12-02 18:33:55.857566,Replace,8,46,50,0 days 00:00:45.000000000,0 days 00:13:24.694853000
17,2019-12-02 18:40:00.000000,2019-12-02 18:40:45.000000,2019-12-02 19:02:08.632389,2019-12-02 19:02:32.676016,,,,Onsite,8,46,50,0 days 00:00:45.000000000,0 days 00:21:47.676016000
18,2019-12-02 19:46:00.000000,2019-12-02 19:46:45.000000,2019-12-02 20:01:59.490535,2019-12-02 20:02:44.490535,2019-12-02 20:51:47.354926,2019-12-02 20:52:32.354926,2019-12-02 21:13:21.968238,Replace,8,46,50,0 days 00:00:45.000000000,0 days 00:15:59.490535000
19,2019-12-02 20:48:00.000000,2019-12-02 20:48:45.000000,2019-12-02 21:03:00.841506,2019-12-02 21:03:45.841506,2019-12-02 21:42:37.423087,2019-12-02 21:43:22.423087,2019-12-02 22:07:15.145354,Replace,8,46,50,0 days 00:00:45.000000000,0 days 00:15:00.841506000
20,2019-12-02 21:44:00.000000,2019-12-02 21:44:30.000000,2019-12-02 22:00:09.540439,2019-12-02 22:00:39.540439,2019-12-02 22:26:12.653842,2019-12-02 22:26:42.653842,2019-12-02 22:37:47.302569,Replace,8,46,50,0 days 00:00:30.000000000,0 days 00:16:09.540439000
0,2019-12-02 01:21:00.000000,2019-12-02 00:00:30.000000,2019-12-02 00:18:26.393114,2019-12-02 00:18:40.344047,,,,Onsite,9,46,50,-1 days +22:39:30.000000000,0 days 00:18:10.344047000
1,2019-12-02 01:04:00.000000,2019-12-02 01:04:45.000000,2019-12-02 01:15:06.741250,2019-12-02 01:15:30.385687,,,,Onsite,9,46,50,0 days 00:00:45.000000000,0 days 00:10:45.385687000
2,2019-12-02 02:08:00.000000,2019-12-02 02:08:35.000000,2019-12-02 02:25:21.402372,2019-12-02 02:25:56.402372,2019-12-02 03:06:52.844966,2019-12-02 03:07:27.844966,2019-12-02 03:25:28.676502,Replace,9,46,50,0 days 00:00:35.000000000,0 days 00:17:21.402372000
3,2019-12-02 03:20:00.000000,2019-12-02 03:20:45.000000,2019-12-02 03:36:53.833106,2019-12-02 03:37:09.828486,,,,Onsite,9,46,50,0 days 00:00:45.000000000,0 days 00:16:24.828486000
4,2019-12-02 04:21:00.000000,2019-12-02 04:21:45.000000,2019-12-02 04:41:44.815199,2019-12-02 04:42:29.815199,2019-12-02 05:24:09.899916,2019-12-02 05:24:54.899916,2019-12-02 05:42:20.644306,Replace,9,46,50,0 days 00:00:45.000000000,0 days 00:20:44.815199000
5,2019-12-02 05:17:00.000000,2019-12-02 05:17:55.000000,2019-12-02 05:35:07.492681,2019-12-02 05:35:18.055205,,,,Onsite,9,46,50,0 days 00:00:55.000000000,0 days 00:17:23.055205000
6,2019-12-02 06:21:00.000000,2019-12-02 06:21:35.000000,2019-12-02 06:37:12.598135,2019-12-02 06:37:24.119679,,,,Onsite,9,46,50,0 days 00:00:35.000000000,0 days 00:15:49.119679000
7,2019-12-02 07:26:00.000000,2019-12-02 07:26:45.000000,2019-12-02 07:42:42.730145,2019-12-02 07:43:27.730145,2019-12-02 08:26:31.964214,2019-12-02 08:27:16.964214,2019-12-02 08:42:15.251654,Replace,9,46,50,0 days 00:00:45.000000000,0 days 00:16:42.730145000
8,2019-12-02 08:31:00.000000,2019-12-02 08:31:35.000000,2019-12-02 08:49:38.601950,2019-12-02 08:50:13.601950,2019-12-02 09:24:10.370930,2019-12-02 09:24:45.370930,2019-12-02 09:46:24.560268,Replace,9,46,50,0 days 00:00:35.000000000,0 days 00:18:38.601950000
9,2019-12-02 09:45:00.000000,2019-12-02 09:45:35.000000,2019-12-02 09:57:31.078394,2019-12-02 09:58:06.078394,2019-12-02 10:41:40.464914,2019-12-02 10:42:15.464914,2019-12-02 10:55:19.745813,Replace,9,46,50,0 days 00:00:35.000000000,0 days 00:12:31.078394000
10,2019-12-02 11:11:00.000000,2019-12-02 11:11:45.000000,2019-12-02 11:26:17.101789,2019-12-02 11:27:02.101789,2019-12-02 11:54:40.230749,2019-12-02 11:55:25.230749,2019-12-02 12:16:48.436125,Replace,9,46,50,0 days 00:00:45.000000000,0 days 00:15:17.101789000
11,2019-12-02 12:16:00.000000,2019-12-02 12:16:35.000000,2019-12-02 12:33:28.665712,2019-12-02 12:33:47.962787,,,,Onsite,9,46,50,0 days 00:00:35.000000000,0 days 00:17:12.962787000
12,2019-12-02 13:24:00.000000,2019-12-02 13:24:25.000000,2019-12-02 13:37:08.784096,2019-12-02 13:37:33.784096,2019-12-02 14:03:07.308724,2019-12-02 14:03:32.308724,2019-12-02 14:26:34.969815,Replace,9,46,50,0 days 00:00:25.000000000,0 days 00:13:08.784096000
13,2019-12-02 14:30:00.000000,2019-12-02 14:30:35.000000,2019-12-02 14:41:15.901095,2019-12-02 14:41:50.901095,2019-12-02 15:12:54.565039,2019-12-02 15:13:29.565039,2019-12-02 15:35:57.847532,Replace,9,46,50,0 days 00:00:35.000000000,0 days 00:11:15.901095000
14,2019-12-02 15:42:00.000000,2019-12-02 15:42:45.000000,2019-12-02 15:56:59.743575,2019-12-02 15:57:44.743575,2019-12-02 16:39:15.708173,2019-12-02 16:40:00.708173,2019-12-02 16:53:52.820476,Replace,9,46,50,0 days 00:00:45.000000000,0 days 00:14:59.743575000
15,2019-12-02 17:01:00.000000,2019-12-02 17:01:55.000000,2019-12-02 17:17:05.664960,2019-12-02 17:18:00.664960,2019-12-02 17:55:53.140264,2019-12-02 17:56:48.140264,2019-12-02 18:10:40.017004,Replace,9,46,50,0 days 00:00:55.000000000,0 days 00:16:05.664960000
16,2019-12-02 18:18:00.000000,2019-12-02 18:18:35.000000,2019-12-02 18:33:26.739885,2019-12-02 18:33:29.996703,,,,Onsite,9,46,50,0 days 00:00:35.000000000,0 days 00:14:54.996703000
17,2019-12-02 19:33:00.000000,2019-12-02 19:33:45.000000,2019-12-02 19:50:15.473759,2019-12-02 19:50:32.020012,,,,Onsite,9,46,50,0 days 00:00:45.000000000,0 days 00:16:47.020012000
18,2019-12-02 20:36:00.000000,2019-12-02 20:36:30.000000,2019-12-02 20:53:52.982332,2019-12-02 20:54:22.982332,2019-12-02 21:24:27.536581,2019-12-02 21:24:57.536581,2019-12-02 21:43:40.289757,Replace,9,46,50,0 days 00:00:30.000000000,0 days 00:17:52.982332000
19,2019-12-02 21:41:00.000000,2019-12-02 21:41:30.000000,2019-12-02 21:58:48.266562,2019-12-02 21:59:15.435275,,,,Onsite,9,46,50,0 days 00:00:30.000000000,0 days 00:17:45.435275000
